-3.241984822542566401e-13
-2.520549417478457262e-13
-1.019438469301953400e-13
1.158690454739144155e-13
3.877200027839495456e-13
6.956001252410001176e-13
1.016763391846858290e-12
1.324550260139814197e-12
1.590784307898084745e-12
1.789583080585017162e-12
1.901787456124794888e-12
1.918725648976594372e-12
1.844000176388668549e-12
1.692550505849784919e-12
1.487201352090724581e-12
1.253799723915895001e-12
1.016436677216214526e-12
7.940015442599206302e-13
5.986395357646533272e-13
4.359628689112618819e-13
3.064077910536977028e-13
2.070274340474376746e-13
1.331697642618554169e-13
7.974797744701023361e-14
4.203755856613000551e-14
1.607259960779207789e-14
-1.233762849803852137e-15
-1.212391056321316232e-14
-1.809329837693258800e-14
-1.999149984060463661e-14
-1.809329837692467730e-14
-1.212391056318563423e-14
-1.233762849766996555e-15
1.607259960785781840e-14
4.203755856614414190e-14
7.974797744702212332e-14
1.331697642618434263e-13
2.070274340474168739e-13
3.064077910536984097e-13
4.359628689112933859e-13
5.986395357646553467e-13
7.940015442599646549e-13
1.016436677216213112e-12
1.253799723915755455e-12
1.487201352090608259e-12
1.692550505849808144e-12
1.844000176388746905e-12
1.918725648976679594e-12
1.901787456124799735e-12
1.789583080585072900e-12
1.590784307898190566e-12
1.324550260139881850e-12
1.016763391846916249e-12
6.956001252410508067e-13
3.877200027840118971e-13
1.158690454739473835e-13
-1.019438469302066491e-13
-2.520549417478804108e-13
-3.241984822541082081e-13
-3.254938036290286361e-13
-2.531281463400588480e-13
-1.025337443619089873e-13
1.161098544165548436e-13
3.892461462948088637e-13
6.989656302500144729e-13
1.022574419647082706e-12
1.333372440769500029e-12
1.603012550662736370e-12
1.805301943517766926e-12
1.920667349694821870e-12
1.940001627226000324e-12
1.866558322472446158e-12
1.715107836033583977e-12
1.508527589441546233e-12
1.272913655984796693e-12
1.032723996099202986e-12
8.072354152681693901e-13
6.089203444377869377e-13
4.436139165669702025e-13
3.118649423105129464e-13
2.107488858495652571e-13
1.355767077414067765e-13
8.119493147716722682e-14
4.280496722062166337e-14
1.637299578567509452e-14
-1.243215453518786392e-15
-1.232724114699046814e-14
-1.840235721340271288e-14
-2.033407426495283038e-14
-1.840235721342223561e-14
-1.232724114700554958e-14
-1.243215453538580490e-15
1.637299578567831938e-14
4.280496722063141370e-14
8.119493147715594296e-14
1.355767077414867481e-13
2.107488858496415684e-13
3.118649423105090085e-13
4.436139165669846923e-13
6.089203444378832671e-13
8.072354152682424955e-13
1.032723996099201572e-12
1.272913655984864749e-12
1.508527589441653871e-12
1.715107836033631233e-12
1.866558322472469988e-12
1.940001627226079083e-12
1.920667349694911131e-12
1.805301943517899000e-12
1.603012550662789078e-12
1.333372440769566470e-12
1.022574419647157831e-12
6.989656302499272312e-13
3.892461462948693473e-13
1.161098544165391421e-13
-1.025337443619772206e-13
-2.531281463400415814e-13
-3.254938036289332660e-13
-3.280890976002884120e-13
-2.552791304428163698e-13
-1.037179628913997338e-13
1.165885188806188204e-13
3.923005421989537701e-13
7.057111215092880934e-13
1.034235844913892465e-12
1.351099498471818435e-12
1.627618244914046970e-12
1.836979381906052737e-12
1.958775643664252682e-12
1.983016217916552731e-12
1.912238751231976090e-12
1.760857506575081986e-12
1.551842922751958417e-12
1.311786146991226454e-12
1.065885434641982544e-12
8.342055210010015672e-13
6.298882453284154536e-13
4.592275641315047663e-13
3.230062436529146804e-13
2.183487771059813148e-13
1.404929481517752372e-13
8.415058956257417407e-14
4.437262674744674751e-14
1.698688602102863768e-14
-1.261934634627886749e-15
-1.274171128857661161e-14
-1.903266498308309424e-14
-2.103281871924573883e-14
-1.903266498304185575e-14
-1.274171128856572376e-14
-1.261934634628142340e-15
1.698688602094616069e-14
4.437262674735961941e-14
8.415058956253787385e-14
1.404929481517405778e-13
2.183487771060220579e-13
3.230062436529647131e-13
4.592275641315271826e-13
6.298882453284944154e-13
8.342055210010820436e-13
1.065885434642075036e-12
1.311786146991383570e-12
1.551842922752085443e-12
1.760857506575027258e-12
1.912238751231901370e-12
1.983016217916546269e-12
1.958775643664341943e-12
1.836979381906156538e-12
1.627618244914125730e-12
1.351099498471942027e-12
1.034235844913962340e-12
7.057111215091958029e-13
3.923005421989758330e-13
1.165885188806282615e-13
-1.037179628914518617e-13
-2.552791304428181368e-13
-3.280890976002800816e-13
-3.319935487216161544e-13
-2.585169461235083801e-13
-1.055053006489266083e-13
1.172990849451632083e-13
3.968871976786670400e-13
7.158651239163960946e-13
1.051825749694578445e-12
1.377896149633809015e-12
1.664899658890462608e-12
1.885096192603822656e-12
2.016813616083311104e-12
2.048703279222425647e-12
1.982183640982842779e-12
1.831088826196789138e-12
1.618496685092356053e-12
1.371732411856443620e-12
1.117120495932367889e-12
8.759401875844677510e-13
6.623754878488247210e-13
4.834419570297305421e-13
3.402962734860678748e-13
2.301480572718166777e-13
1.481276705115035440e-13
8.874137973275268123e-14
4.680811804151259601e-14
1.794143273265886163e-14
-1.289500494856398186e-15
-1.338354149899259807e-14
-2.000942786151813461e-14
-2.211576154020378248e-14
-2.000942786152177600e-14
-1.338354149902960511e-14
-1.289500494967719081e-15
1.794143273258730248e-14
4.680811804151796026e-14
8.874137973274435086e-14
1.481276705115380771e-13
2.301480572718566130e-13
3.402962734860413186e-13
4.834419570296879310e-13
6.623754878486357983e-13
8.759401875844741124e-13
1.117120495932499761e-12
1.371732411856446245e-12
1.618496685092263157e-12
1.831088826196831951e-12
1.982183640982966371e-12
2.048703279222469268e-12
2.016813616083500532e-12
1.885096192604012891e-12
1.664899658890417372e-12
1.377896149633880101e-12
1.051825749694708904e-12
7.158651239162872445e-13
3.968871976787072277e-13
1.172990849451661870e-13
-1.055053006489349387e-13
-2.585169461235079762e-13
-3.319935487216376619e-13
-3.372206392479646737e-13
-2.628549268042834716e-13
-1.079088306134810082e-13
1.182325063571368276e-13
4.030115993534523092e-13
7.294693290346551610e-13
1.075459599120399356e-12
1.414007737081177066e-12
1.715303745328655329e-12
1.950376894590192188e-12
2.095843751842665809e-12
2.138485077198136848e-12
2.078141236553248346e-12
1.927784508248295560e-12
1.710572825637364135e-12
1.454791507329065354e-12
1.188295028631529736e-12
9.340434520394958910e-13
7.076831694660367816e-13
5.172564539410662126e-13
3.644634760304939539e-13
2.466503713469282572e-13
1.588092762287576071e-13
9.516578436913028400e-14
5.021748102512041596e-14
1.927923371994805511e-14
-1.325177770032868261e-15
-1.427800466065357405e-14
-2.137201599684185341e-14
-2.362672738213630645e-14
-2.137201599681499427e-14
-1.427800466050148167e-14
-1.325177769802255819e-15
1.927923372010471026e-14
5.021748102521146944e-14
9.516578436916379481e-14
1.588092762287394823e-13
2.466503713469488054e-13
3.644634760305662010e-13
5.172564539411569884e-13
7.076831694660497063e-13
9.340434520394888228e-13
1.188295028631489952e-12
1.454791507328940550e-12
1.710572825637261747e-12
1.927784508248351298e-12
2.078141236553352955e-12
2.138485077198318602e-12
2.095843751842828580e-12
1.950376894590276602e-12
1.715303745328686429e-12
1.414007737081213013e-12
1.075459599120527795e-12
7.294693290346834338e-13
4.030115993535910478e-13
1.182325063571714113e-13
-1.079088306134946902e-13
-2.628549268043220438e-13
-3.372206392480626186e-13
-3.437877961127034698e-13
-2.683103929897744880e-13
-1.109457482039947145e-13
1.193765126037257411e-13
4.106800909012438164e-13
7.465772755168574016e-13
1.105288211421166253e-12
1.459758039198434351e-12
1.779425386621561841e-12
2.033793416776270030e-12
2.197302153874616141e-12
2.254298059518093752e-12
2.202508410477724313e-12
2.053680635840916569e-12
1.830964311154952798e-12
1.563809149147740519e-12
1.282025007240322890e-12
1.010772867031335361e-12
7.676481056588130296e-13
5.620851580114826410e-13
3.965402618181829957e-13
2.685702322077290577e-13
1.730039092521199369e-13
1.037056296985157505e-13
5.475138671343505835e-14
2.106098922074855566e-14
-1.367628681852613744e-15
-1.546067096850278801e-14
-2.317602676921169073e-14
-2.562764618444651046e-14
-2.317602676920095591e-14
-1.546067096857419885e-14
-1.367628681931626053e-15
2.106098922069596073e-14
5.475138671343722930e-14
1.037056296985734067e-13
1.730039092522037455e-13
2.685702322077314306e-13
3.965402618180690968e-13
5.620851580114968784e-13
7.676481056588124238e-13
1.010772867031369491e-12
1.282025007240515751e-12
1.563809149147958623e-12
1.830964311155105875e-12
2.053680635841048644e-12
2.202508410477937166e-12
2.254298059518138988e-12
2.197302153874708634e-12
2.033793416776490962e-12
1.779425386621598394e-12
1.459758039198338426e-12
1.105288211421139596e-12
7.465772755167924752e-13
4.106800909012795108e-13
1.193765126037605772e-13
-1.109457482040309138e-13
-2.683103929898197245e-13
-3.437877961126889800e-13
-3.517159211605079111e-13
-2.749042589580387762e-13
-1.146371626186228516e-13
1.207154438862078387e-13
4.198990547011090675e-13
7.672525832995145146e-13
1.141494986205533293e-12
1.515546162840503109e-12
1.858006027276524440e-12
2.136569501090856314e-12
2.323014612605335929e-12
2.398627178885536569e-12
2.358388358666920040e-12
2.212349062338983541e-12
1.983476509278104001e-12
1.702553865991035055e-12
1.401794950978754046e-12
1.109150168708118399e-12
8.447384114342882321e-13
6.198337033443789739e-13
4.379206593597498601e-13
2.968735740128380122e-13
1.913421342460452898e-13
1.147422986198268717e-13
6.061386513971363863e-14
2.336908472725048352e-14
-1.414719624333165138e-15
-1.697929826186817797e-14
-2.549628187492436074e-14
-2.820189368201944501e-14
-2.549628187490371467e-14
-1.697929826187682388e-14
-1.414719624434726246e-15
2.336908472710385636e-14
6.061386513961968214e-14
1.147422986197907735e-13
1.913421342460840639e-13
2.968735740128662345e-13
4.379206593596789762e-13
6.198337033443363628e-13
8.447384114343314490e-13
1.109150168708221392e-12
1.401794950978717695e-12
1.702553865991023746e-12
1.983476509278231228e-12
2.212349062339009795e-12
2.358388358666937811e-12
2.398627178885674297e-12
2.323014612605455482e-12
2.136569501090943960e-12
1.858006027276705790e-12
1.515546162840578032e-12
1.141494986205566817e-12
7.672525832996106420e-13
4.198990547010614077e-13
1.207154438862228334e-13
-1.146371626186606664e-13
-2.749042589580016682e-13
-3.517159211607021855e-13
-3.610288057397948518e-13
-2.826605399094380693e-13
-1.190078275228620148e-13
1.222300623375734244e-13
4.306739082571613848e-13
7.915667388236761494e-13
1.184292340022389466e-12
1.581842365075944030e-12
1.951931380257563336e-12
2.260185354930471864e-12
2.475215865719409626e-12
2.574548647395653546e-12
2.549664171018331638e-12
2.408304348971031175e-12
2.172963285277586567e-12
1.875871730288681785e-12
1.552117226077198243e-12
1.233111337368019807e-12
9.421839013720262256e-13
6.930044687055054483e-13
4.904395183535930818e-13
3.328335294308912210e-13
2.146556275576534248e-13
1.287790045017722430e-13
6.807427936917577128e-14
2.631251398585636664e-14
-1.463222965000640948e-15
-1.889638257906634045e-14
-2.843091167298032285e-14
-3.145885953624379093e-14
-2.843091167295006214e-14
-1.889638257900677830e-14
-1.463222964847999519e-15
2.631251398605203570e-14
6.807427936933480563e-14
1.287790045018555719e-13
2.146556275576679904e-13
3.328335294309322165e-13
4.904395183535251261e-13
6.930044687053544919e-13
9.421839013718755721e-13
1.233111337368006075e-12
1.552117226077242065e-12
1.875871730288707230e-12
2.172963285277749741e-12
2.408304348971281591e-12
2.549664171018369605e-12
2.574548647395657989e-12
2.475215865719538469e-12
2.260185354930721473e-12
1.951931380257661887e-12
1.581842365076114475e-12
1.184292340022476708e-12
7.915667388236925072e-13
4.306739082572057124e-13
1.222300623376214882e-13
-1.190078275228654479e-13
-2.826605399094051517e-13
-3.610288057399057719e-13
-3.717524313914447507e-13
-2.916057593156131698e-13
-1.240858059265933143e-13
1.238973511516912229e-13
4.430079299372519125e-13
8.195964311853277654e-13
1.233917291627190511e-12
1.659182616231908029e-12
2.062227811867332179e-12
2.406381940143801311e-12
2.656571390483407271e-12
2.785780863829097858e-12
2.781089101775103041e-12
2.647137859496147269e-12
2.405500656243639003e-12
2.089886636918572174e-12
1.738740684813454608e-12
1.387705002806116214e-12
1.064149754030467344e-12
7.848374069523669474e-13
5.564788323395074330e-13
3.781053854474828333e-13
2.440264816318495823e-13
1.464707299485575228e-13
7.748347576922765997e-14
3.003361531809819989e-14
-1.508279289079894981e-15
-2.129248402534088582e-14
-3.210678402022160357e-14
-3.554004159561026483e-14
-3.210678402021407468e-14
-2.129248402530205493e-14
-1.508279289021191108e-15
3.003361531803332397e-14
7.748347576921014095e-14
1.464707299485127913e-13
2.440264816317891998e-13
3.781053854475192345e-13
5.564788323394437183e-13
7.848374069522676898e-13
1.064149754030496626e-12
1.387705002806103895e-12
1.738740684813436635e-12
2.089886636918716365e-12
2.405500656243825200e-12
2.647137859496184427e-12
2.781089101775149085e-12
2.785780863829106340e-12
2.656571390483401617e-12
2.406381940144090097e-12
2.062227811867504643e-12
1.659182616232055654e-12
1.233917291627339548e-12
8.195964311853829983e-13
4.430079299371823413e-13
1.238973511517831599e-13
-1.240858059266692469e-13
-2.916057593155928740e-13
-3.717524313915970703e-13
-3.839141592522647591e-13
-3.017682566940397199e-13
-1.299020635719272817e-13
1.256903155668243462e-13
4.569009329670227155e-13
8.514204439470217343e-13
1.290626137122627640e-12
1.748161689308714884e-12
2.190056927678817853e-12
2.577164120708167187e-12
2.870200831425865851e-12
3.036743034622548417e-12
3.058394363408209124e-12
2.935682123722862096e-12
2.688604067679441889e-12
2.352255128721995625e-12
1.968919786801835666e-12
1.579351178444488721e-12
1.215964866625752915e-12
8.994962738536823883e-13
6.391087721574897400e-13
4.348261004876117089e-13
2.808526418611255196e-13
1.686639539947389089e-13
8.929524955271207274e-14
3.471708038384204411e-14
-1.542604414361803101e-15
-2.427057242424748411e-14
-3.668666157086692594e-14
-4.062709743061230742e-14
-3.668666157093065959e-14
-2.427057242425756891e-14
-1.542604414323906223e-15
3.471708038400155810e-14
8.929524955286273886e-14
1.686639539947906077e-13
2.808526418610977012e-13
4.348261004875657151e-13
6.391087721574786329e-13
8.994962738537728612e-13
1.215964866625799161e-12
1.579351178444529515e-12
1.968919786801924524e-12
2.352255128722150318e-12
2.688604067679552153e-12
2.935682123722939644e-12
3.058394363408341602e-12
3.036743034622596885e-12
2.870200831425850907e-12
2.577164120708077926e-12
2.190056927678893381e-12
1.748161689308716702e-12
1.290626137122691657e-12
8.514204439470201187e-13
4.569009329669419361e-13
1.256903155668472673e-13
-1.299020635718756334e-13
-3.017682566941217110e-13
-3.839141592522323464e-13
-3.975418119105017157e-13
-3.131773967959607783e-13
-1.364899849123044445e-13
1.275778018185625240e-13
4.723478116811013426e-13
8.871161146485959239e-13
1.354688158262336057e-12
1.849424540612371466e-12
2.336707801814485286e-12
2.774801707139239582e-12
3.119701866774012327e-12
3.332620681158718701e-12
3.388415144982740278e-12
3.282209017320154137e-12
3.031496694498072649e-12
2.672487165691546372e-12
2.251758673808525221e-12
1.816176161236140774e-12
1.404420180143038158e-12
1.042313426056904569e-12
7.422736620340487374e-13
5.057456121573916579e-13
3.269341661645066763e-13
1.964489700654032153e-13
1.040946238117402779e-13
4.060185586648240669e-14
-1.555407752012822950e-15
-2.796173296156566677e-14
-4.237862612180810668e-14
-4.695245089330439021e-14
-4.237862612178000430e-14
-2.796173296152727133e-14
-1.555407752126589314e-15
4.060185586629928999e-14
1.040946238115343284e-13
1.964489700652373652e-13
3.269341661644768384e-13
5.057456121574201327e-13
7.422736620342059542e-13
1.042313426057056434e-12
1.404420180143070874e-12
1.816176161236289610e-12
2.251758673808772810e-12
2.672487165691751956e-12
3.031496694498136868e-12
3.282209017320002676e-12
3.388415144982594875e-12
3.332620681158860873e-12
3.119701866774180348e-12
2.774801707139307436e-12
2.336707801814532138e-12
1.849424540612424376e-12
1.354688158262360089e-12
8.871161146485561401e-13
4.723478116812063558e-13
1.275778018185696426e-13
-1.364899849122399220e-13
-3.131773967960419110e-13
-3.975418119105449831e-13
-4.126626528676405010e-13
-3.258626822608584503e-13
-1.438848058754479199e-13
1.295243521670007292e-13
4.893369897249442833e-13
9.267553841297155457e-13
1.426378316802877893e-12
1.963655735939665238e-12
2.503586217144279536e-12
3.001827233402580591e-12
3.409172948130967018e-12
3.679436762086473176e-12
3.779235263072115403e-12
3.696665637204268941e-12
3.445437614399735936e-12
3.062347079526078362e-12
2.598648810739781225e-12
2.108444378421765841e-12
1.638157292429549749e-12
1.220110821024495669e-12
8.710366060888199924e-13
5.943995725799813650e-13
3.845865114211613852e-13
2.312284882971303895e-13
1.226349383174876716e-13
4.799680115860394244e-14
-1.530925516201027149e-15
-3.253263859302999688e-14
-4.944846453939315970e-14
-5.481324223207466673e-14
-4.944846453935377346e-14
-3.253263859307549838e-14
-1.530925516261662153e-15
4.799680115861392626e-14
1.226349383174832288e-13
2.312284882971356906e-13
3.845865114211687563e-13
5.943995725799861108e-13
8.710366060888849188e-13
1.220110821024598461e-12
1.638157292429477452e-12
2.108444378421638614e-12
2.598648810739640265e-12
3.062347079526224976e-12
3.445437614400032800e-12
3.696665637204672030e-12
3.779235263072598463e-12
3.679436762086768829e-12
3.409172948131107574e-12
3.001827233402772845e-12
2.503586217144479061e-12
1.963655735939729861e-12
1.426378316802864362e-12
9.267553841296731365e-13
4.893369897249857837e-13
1.295243521670498532e-13
-1.438848058755568205e-13
-3.258626822608472422e-13
-4.126626528677234008e-13
-4.293022704514621488e-13
-3.398527731804756334e-13
-1.521229580954879620e-13
1.314901158161593436e-13
5.078488061205995682e-13
9.704004707642040302e-13
1.505968904904776394e-12
2.091566678819901734e-12
2.692200219790180129e-12
3.261029085348545402e-12
3.743232901695702538e-12
4.084126506620359708e-12
4.240350327321068786e-12
4.190951907877328938e-12
3.944120227512881087e-12
3.536352323776281705e-12
3.023823982850822293e-12
2.469114346335839752e-12
1.928174307287677999e-12
1.441620774423075363e-12
1.031901073172545062e-12
7.053362940309266542e-13
4.567889939686305811e-13
2.748073470583195114e-13
1.458863844623680041e-13
5.730129553594810401e-14
-1.446372045303656523e-15
-3.819528116110626843e-14
-5.823592300029415846e-14
-6.458966780283791352e-14
-5.823592300027775015e-14
-3.819528116095912378e-14
-1.446372045076022820e-15
5.730129553617140844e-14
1.458863844624709220e-13
2.748073470583155734e-13
4.567889939686716776e-13
7.053362940309326117e-13
1.031901073172514366e-12
1.441620774423063650e-12
1.928174307287771299e-12
2.469114346336008984e-12
3.023823982850966484e-12
3.536352323776339059e-12
3.944120227513046684e-12
4.190951907877442029e-12
4.240350327321029204e-12
4.084126506620400905e-12
3.743232901695853595e-12
3.261029085348643953e-12
2.692200219790153472e-12
2.091566678819955856e-12
1.505968904904828900e-12
9.704004707642563348e-13
5.078488061206166328e-13
1.314901158162390122e-13
-1.521229580955250195e-13
-3.398527731804366574e-13
-4.293022704514990548e-13
-4.474833750144831905e-13
-3.551744187444441134e-13
-1.612413202411297040e-13
1.334308368638006151e-13
5.278538816986931135e-13
1.018099220612688790e-12
1.593720147219079652e-12
2.233880415608451447e-12
2.904141244636969750e-12
3.555438375789848751e-12
4.127034851497035762e-12
4.554613217107495324e-12
4.782848463089350316e-12
4.779243829346272628e-12
4.544152838625749800e-12
4.112391590935914916e-12
3.545062917666834565e-12
2.914554182070778976e-12
2.288484639161690952e-12
1.718037928503823612e-12
1.233233854011842922e-12
8.444147897256748113e-13
5.473790347879607161e-13
3.295095501489789636e-13
1.750993873647128851e-13
6.903235574207303082e-14
-1.269045870572675484e-15
-4.521962023966674187e-14
-6.917605377233550526e-14
-7.676912458457539376e-14
-6.917605377236154399e-14
-4.521962023968989021e-14
-1.269045870600657958e-15
6.903235574201297642e-14
1.750993873647362859e-13
3.295095501489229229e-13
5.473790347879787904e-13
8.444147897256647139e-13
1.233233854011883716e-12
1.718037928503758181e-12
2.288484639161670353e-12
2.914554182070884797e-12
3.545062917666902419e-12
4.112391590935847869e-12
4.544152838625858852e-12
4.779243829346305748e-12
4.782848463089324467e-12
4.554613217107781282e-12
4.127034851497216708e-12
3.555438375790005463e-12
2.904141244636996811e-12
2.233880415608633200e-12
1.593720147219119032e-12
1.018099220612588422e-12
5.278538816986829151e-13
1.334308368638661473e-13
-1.612413202411323798e-13
-3.551744187444228078e-13
-4.474833750144810701e-13
-4.672245205039636721e-13
-3.718513081976036413e-13
-1.712763734967733978e-13
1.352979412045604426e-13
5.493115150853839770e-13
1.069880203168838449e-12
1.689869785216357314e-12
2.391313830371754138e-12
3.141060048269094251e-12
3.888307742368265599e-12
4.566271316959336377e-12
5.099881219207211130e-12
5.419606379528981566e-12
5.478365722624487699e-12
5.265634762022144842e-12
4.812488468908061320e-12
4.184577893978607320e-12
3.465462861290456053e-12
2.736976142570335344e-12
2.063744458324229094e-12
1.485821923349703112e-12
1.019196122180920130e-12
6.613058791838934506e-13
3.983305182173868921e-13
2.118871331124233053e-13
8.386024147054478520e-14
-9.522871487787723794e-16
-5.395006931132132464e-14
-8.282733287798714203e-14
-9.197809470035580348e-14
-8.282733287804234967e-14
-5.395006931134857505e-14
-9.522871488727793557e-16
8.386024147032905383e-14
2.118871331122387497e-13
3.983305182173498851e-13
6.613058791838437713e-13
1.019196122180815117e-12
1.485821923349631824e-12
2.063744458324265849e-12
2.736976142570488825e-12
3.465462861290616400e-12
4.184577893978801190e-12
4.812488468908166333e-12
5.265634762022125455e-12
5.478365722624599174e-12
5.419606379529124546e-12
5.099881219207344416e-12
4.566271316959222478e-12
3.888307742368589524e-12
3.141060048269283275e-12
2.391313830372081294e-12
1.689869785216613586e-12
1.069880203168911151e-12
5.493115150855132240e-13
1.352979412045255056e-13
-1.712763734966765131e-13
-3.718513081977808510e-13
-4.672245205039440831e-13
-4.885387639823706140e-13
-3.899028507229044736e-13
-1.822632601933905425e-13
1.370387444095386800e-13
5.721681638908658540e-13
1.125747643377711954e-12
1.794621718983199767e-12
2.564557104332896925e-12
3.404636702835541247e-12
4.263080048298285184e-12
5.067166658716513640e-12
5.730040780746289754e-12
6.165496780472647621e-12
6.308213637807024075e-12
6.132842461677378328e-12
5.663742052984992544e-12
4.970137774256112186e-12
4.148057403486967464e-12
3.296533459038988540e-12
2.497264747185529799e-12
1.803606545738853042e-12
1.239457148604633369e-12
8.049612563463073234e-13
4.851343969450152928e-13
2.583325940378956115e-13
1.026550547606264583e-13
-4.299070989188429052e-16
-6.482706787580479124e-14
-9.990883713910028670e-14
-1.110244146614209344e-13
-9.990883713910682478e-14
-6.482706787586139990e-14
-4.299070991150862549e-16
1.026550547603648847e-13
2.583325940377331440e-13
4.851343969449221946e-13
8.049612563463377166e-13
1.239457148604776348e-12
1.803606545738880507e-12
2.497264747185564131e-12
3.296533459038958651e-12
4.148057403486994929e-12
4.970137774256126726e-12
5.663742052985107250e-12
6.132842461677484149e-12
6.308213637807032961e-12
6.165496780472596730e-12
5.730040780746164546e-12
5.067166658716618654e-12
4.263080048298190672e-12
3.404636702835680187e-12
2.564557104332971646e-12
1.794621718983270046e-12
1.125747643377850087e-12
5.721681638907706354e-13
1.370387444096068375e-13
-1.822632601934938391e-13
-3.899028507227912311e-13
-4.885387639823101305e-13
-5.114322793628621301e-13
-4.093428965215241327e-13
-1.942347470790964008e-13
1.385968018583430409e-13
5.963560725301139687e-13
1.185676303294694042e-12
1.908133836065530345e-12
2.754250403789372276e-12
3.696543971672881860e-12
4.683344818080838218e-12
5.636452320875855189e-12
6.456378158808926792e-12
7.037600644211769124e-12
7.292229983070862936e-12
7.175040797674658526e-12
6.699481736657636340e-12
5.936486358766301193e-12
4.995604370506393365e-12
3.996507225165548321e-12
3.042524913917842756e-12
2.204652357729551717e-12
1.517864552636501643e-12
9.866089329520922956e-13
5.949084202576405007e-13
3.171265931550560347e-13
1.265475210403227948e-13
3.914517308817076296e-16
-7.841537691664880643e-14
-1.213495777629468392e-13
-1.349535377622115265e-13
-1.213495777629311377e-13
-7.841537691661253145e-14
3.914517309766738609e-16
1.265475210405213353e-13
3.171265931552042648e-13
5.949084202577332960e-13
9.866089329521752963e-13
1.517864552636649065e-12
2.204652357729467707e-12
3.042524913917648481e-12
3.996507225165544282e-12
4.995604370506596929e-12
5.936486358766632389e-12
6.699481736657823748e-12
7.175040797674716687e-12
7.292229983071039035e-12
7.037600644211831324e-12
6.456378158809234561e-12
5.636452320876052291e-12
4.683344818081039358e-12
3.696543971672750190e-12
2.754250403789504350e-12
1.908133836065614355e-12
1.185676303294786130e-12
5.963560725301433522e-13
1.385968018583884793e-13
-1.942347470791027117e-13
-4.093428965214545110e-13
-5.114322793627849858e-13
-5.359029444349157976e-13
-4.301784142695226318e-13
-2.072200977456443543e-13
1.399124206466432943e-13
6.217921127262760308e-13
1.249606450134370739e-12
2.030505220290372935e-12
2.960957879781099823e-12
4.018403519337956318e-12
5.152780173538497350e-12
6.281319585542815043e-12
7.291381959109272668e-12
8.055414586613056120e-12
8.457926041921003527e-12
8.427433950759263375e-12
7.960679555567313774e-12
7.127132238993879931e-12
6.050397748215301749e-12
4.874641611277904904e-12
3.730518497908259841e-12
2.712428349587998060e-12
1.870858176631978602e-12
1.216940183182203000e-12
7.340884238197581182e-13
3.917446119404841000e-13
1.570079245705764533e-13
1.642790037896697255e-15
-9.544124106673568148e-14
-1.483541957096287279e-13
-1.651237349650942782e-13
-1.483541957095904839e-13
-9.544124106663203147e-14
1.642790038074336109e-15
1.570079245706283540e-13
3.917446119405564985e-13
7.340884238199425981e-13
1.216940183182210876e-12
1.870858176632060189e-12
2.712428349588083686e-12
3.730518497908460173e-12
4.874641611278228022e-12
6.050397748215527123e-12
7.127132238994033412e-12
7.960679555567362241e-12
8.427433950759316690e-12
8.457926041921557673e-12
8.055414586613613497e-12
7.291381959109288824e-12
6.281319585543037994e-12
5.152780173538831777e-12
4.018403519338267319e-12
2.960957879781269460e-12
2.030505220290543379e-12
1.249606450134412340e-12
6.217921127263647872e-13
1.399124206465639286e-13
-2.072200977455841232e-13
-4.301784142695455025e-13
-5.359029444349398294e-13
-5.619389231125607576e-13
-4.524081431885096353e-13
-2.212438622838220545e-13
1.409233498829685689e-13
6.483769056065103735e-13
1.317439070250099873e-12
2.161763004230730338e-12
3.185139214040318794e-12
4.371734619848305248e-12
5.675078091870868597e-12
7.009343880621709592e-12
8.248734722656614726e-12
9.241039204469919962e-12
9.837443896760980001e-12
9.932268357575703653e-12
9.497669503633935267e-12
8.596604826935397758e-12
7.366316058061006538e-12
5.979609095221798148e-12
4.601514859008834777e-12
3.357503287796423546e-12
2.319806504770950366e-12
1.509787420398978792e-12
9.109710696064630443e-13
4.866708174343570717e-13
1.959478938000507218e-13
3.507015021322282387e-15
-1.168413081208049996e-13
-1.824907986111195705e-13
-2.033070745709907036e-13
-1.824907986111266892e-13
-1.168413081210340595e-13
3.507015020958068462e-15
1.959478937998309514e-13
4.866708174341740055e-13
9.109710696064531488e-13
1.509787420399039578e-12
2.319806504770955616e-12
3.357503287796268046e-12
4.601514859008652215e-12
5.979609095221565503e-12
7.366316058060937068e-12
8.596604826935685333e-12
9.497669503634344011e-12
9.932268357575810282e-12
9.837443896761102786e-12
9.241039204470099292e-12
8.248734722656710045e-12
7.009343880621846917e-12
5.675078091871252299e-12
4.371734619848513658e-12
3.185139214040447637e-12
2.161763004230772747e-12
1.317439070250090381e-12
6.483769056064809900e-13
1.409233498830600516e-13
-2.212438622838274567e-13
-4.524081431885007495e-13
-5.619389231126069028e-13
-5.895172676439450514e-13
-4.760212411139950433e-13
-2.363245962693753270e-13
1.415656618106046270e-13
6.759942948132547333e-13
1.389031509145745512e-12
2.301849204494024077e-12
3.427119128566953800e-12
4.757895331333648319e-12
6.253851036849793071e-12
7.828374158473352707e-12
9.343256160945993111e-12
1.061932882268616810e-11
1.146814178050534202e-11
1.174009502532662202e-11
1.137222836279528264e-11
1.041329323640012060e-11
9.012131450557378288e-12
7.374351910155058346e-12
5.707995044311892399e-12
4.179792391083506023e-12
2.892513978963219854e-12
1.883032662458527703e-12
1.136228088671346315e-12
6.076775113528245569e-13
2.458501359182967630e-13
6.237990906508316305e-15
-1.438273206869684822e-13
-2.258089700829959374e-13
-2.518257177782364061e-13
-2.258089700830073980e-13
-1.438273206869143348e-13
6.237990906339891346e-15
2.458501359179955065e-13
6.076775113527913364e-13
1.136228088671327938e-12
1.883032662458403303e-12
2.892513978963156038e-12
4.179792391083672429e-12
5.707995044312131506e-12
7.374351910154998569e-12
9.012131450557396059e-12
1.041329323640021753e-11
1.137222836279548621e-11
1.174009502532684982e-11
1.146814178050530487e-11
1.061932882268636035e-11
9.343256160946141745e-12
7.828374158473903622e-12
6.253851036850381145e-12
4.757895331333854307e-12
3.427119128567034175e-12
2.301849204494255510e-12
1.389031509145810943e-12
6.759942948130349125e-13
1.415656618106722797e-13
-2.363245962693807291e-13
-4.760212411140549210e-13
-5.895172676440529929e-13
-6.186025681651698552e-13
-5.009959530624347446e-13
-2.524735256075519913e-13
1.417748306479279000e-13
7.045112375839125875e-13
1.464193734071947034e-12
2.450607955489361814e-12
3.687055487400267447e-12
5.178016513986406593e-12
6.892518473107313547e-12
8.746380619955638655e-12
1.059078188301273108e-11
1.221797634178201627e-11
1.339317633341543908e-11
1.391118952519402186e-11
1.366007540656404274e-11
1.266301018023642151e-11
1.107579508317926419e-11
9.140498056343265388e-12
7.118566181144575312e-12
5.231538079352716715e-12
3.625179686732697014e-12
2.359749251603131248e-12
1.423533910618328422e-12
7.621657679725484254e-13
3.099309430094295119e-13
1.018522435904019005e-14
-1.779721810591444264e-13
-2.809991390548246202e-13
-3.137368650607582555e-13
-2.809991390548154820e-13
-1.779721810587869525e-13
1.018522435994471690e-14
3.099309430103984602e-13
7.621657679730109881e-13
1.423533910618530169e-12
2.359749251603113477e-12
3.625179686732697418e-12
5.231538079352957437e-12
7.118566181144892775e-12
9.140498056343496417e-12
1.107579508317944352e-11
1.266301018023663800e-11
1.366007540656441271e-11
1.391118952519448231e-11
1.339317633341562649e-11
1.221797634178257203e-11
1.059078188301325130e-11
8.746380619955889071e-12
6.892518473107764296e-12
5.178016513987154610e-12
3.687055487400855520e-12
2.450607955490002798e-12
1.464193734071879381e-12
7.045112375838800738e-13
1.417748306479113403e-13
-2.524735256075529001e-13
-5.009959530623995046e-13
-6.186025681652132741e-13
-6.491456793386630276e-13
-5.272983277527696624e-13
-2.696931784726626906e-13
1.414870091406799134e-13
7.337781747468117337e-13
1.542685425943875428e-12
2.607773629711047616e-12
3.964906852075614781e-12
5.632929586577181551e-12
7.594172520452277704e-12
9.771254263306768101e-12
1.200795903732493893e-11
1.406749891264961121e-11
1.566204086551367006e-11
1.651711290185626331e-11
1.645384661897105400e-11
1.545345141891669746e-11
1.366998929207783601e-11
1.138421278605208618e-11
8.923197343144815667e-12
6.581269712622619552e-12
4.564929375446909832e-12
2.969610835762368975e-12
1.790306934782419389e-12
9.595664404445506148e-13
3.923386679145506724e-13
1.582460893029284171e-14
-2.213251063247657418e-13
-3.516088374947621541e-13
-3.930849767537407571e-13
-3.516088374947321647e-13
-2.213251063251688560e-13
1.582460892942042466e-14
3.923386679138041702e-13
9.595664404444003652e-13
1.790306934782513497e-12
2.969610835762710671e-12
4.564929375446868635e-12
6.581269712622636515e-12
8.923197343145035387e-12
1.138421278605204418e-11
1.366998929207796364e-11
1.545345141891720475e-11
1.645384661897147405e-11
1.651711290185675768e-11
1.566204086551408365e-11
1.406749891264994079e-11
1.200795903732488238e-11
9.771254263307260855e-12
7.594172520452684832e-12
5.632929586576677488e-12
3.964906852075541272e-12
2.607773629711123549e-12
1.542685425943641168e-12
7.337781747468026460e-13
1.414870091406322535e-13
-2.696931784726021060e-13
-5.272983277528613470e-13
-6.491456793388003525e-13
-6.810825557610313693e-13
-5.548810122106802858e-13
-2.879760104248349439e-13
1.406404945942258412e-13
7.636299305436093747e-13
1.624214109031342859e-12
2.772960394597794652e-12
4.260400595717321093e-12
6.123089541308576274e-12
8.361423094754248254e-12
1.091055259567929647e-11
1.361193840369136592e-11
1.620108115980782087e-11
1.833099972382782447e-11
1.964237318342857326e-11
1.986658932737248938e-11
1.891975085270243230e-11
1.693932133624528790e-11
1.424397320955172935e-11
1.124024819493188788e-11
8.319071747712487566e-12
5.773066420851741849e-12
3.750584921682792460e-12
2.258540380610769732e-12
1.211786406864484704e-12
4.983869483259725520e-13
2.379454034785969754e-14
-2.765664754250544991e-13
-4.423373359705581826e-13
-4.952472321402405652e-13
-4.423373359704741721e-13
-2.765664754249284328e-13
2.379454034833154995e-14
4.983869483262345800e-13
1.211786406864589717e-12
2.258540380610676835e-12
3.750584921682620400e-12
5.773066420851645722e-12
8.319071747712634584e-12
1.124024819493209467e-11
1.424397320955239982e-11
1.693932133624566595e-11
1.891975085270225782e-11
1.986658932737288682e-11
1.964237318342899978e-11
1.833099972382822191e-11
1.620108115980846711e-11
1.361193840369123183e-11
1.091055259567967128e-11
8.361423094754388810e-12
6.123089541308833152e-12
4.260400595717562623e-12
2.772960394597948536e-12
1.624214109031326703e-12
7.636299305434484218e-13
1.406404945941993859e-13
-2.879760104248595816e-13
-5.548810122106585763e-13
-6.810825557612704762e-13
-7.143332292060344788e-13
-5.836821568003701798e-13
-3.073030535680451443e-13
1.391773667652725261e-13
7.938871788428819521e-13
1.708434517915641137e-12
2.945653800424697313e-12
4.573002918782692487e-12
6.648495451285209251e-12
9.196224354325782467e-12
1.217118759167149221e-11
1.541994165574942262e-11
1.865422315398189707e-11
2.146333458922970959e-11
2.338611195206972455e-11
2.403580009833569715e-11
2.323135847955509946e-11
2.106963928782224690e-11
1.790092661921889469e-11
1.422594255039277440e-11
1.056360611335057173e-11
7.329209797664516846e-12
4.750889151225451193e-12
2.855651232923735708e-12
1.533656881842511701e-12
6.348114156072834790e-13
3.493373089466339030e-14
-3.472172822500104236e-13
-5.594384312007845614e-13
-6.274083762170668430e-13
-5.594384312007114560e-13
-3.472172822502097971e-13
3.493373089423091781e-14
6.348114156067290297e-13
1.533656881842044393e-12
2.855651232923540222e-12
4.750889151225736344e-12
7.329209797664722025e-12
1.056360611335046671e-11
1.422594255039325584e-11
1.790092661922027117e-11
2.106963928782338104e-11
2.323135847955575539e-11
2.403580009833623029e-11
2.338611195207062605e-11
2.146333458923047861e-11
1.865422315398224604e-11
1.541994165574971989e-11
1.217118759167174424e-11
9.196224354326015111e-12
6.648495451285346576e-12
4.573002918782896051e-12
2.945653800424849179e-12
1.708434517915416570e-12
7.938871788427943065e-13
1.391773667653424002e-13
-3.073030535682110449e-13
-5.836821568002009471e-13
-7.143332292064619025e-13
-7.488009614742971010e-13
-6.136244646531936605e-13
-3.276426251315516119e-13
1.370452696928964370e-13
8.243584935223428431e-13
1.794949379668637652e-12
3.125205012507849045e-12
4.901892321089852577e-12
7.208611476791425174e-12
1.009968613828257702e-11
1.355905486225557423e-11
1.744868350143600607e-11
2.146413129323747829e-11
2.512928874198142053e-11
2.786368970701275829e-11
2.912798462120846528e-11
2.860048631743480538e-11
2.630008069151073620e-11
2.259272908610774868e-11
1.808719587744180481e-11
1.347149735598690526e-11
9.336504215757679246e-12
6.031110786052662722e-12
3.615190119184607010e-12
1.943289846817324251e-12
8.100185164291397825e-13
5.031009205461040274e-14
-4.379249540186054247e-13
-7.112726544160850220e-13
-7.992150309676587412e-13
-7.112726544162661697e-13
-4.379249540188186318e-13
5.031009205412875583e-14
8.100185164288970406e-13
1.943289846817022540e-12
3.615190119184464030e-12
6.031110786052593252e-12
9.336504215757121868e-12
1.347149735598684548e-11
1.808719587744209562e-11
2.259272908610832706e-11
2.630008069151206421e-11
2.860048631743615601e-11
2.912798462121014550e-11
2.786368970701424140e-11
2.512928874198226064e-11
2.146413129323792742e-11
1.744868350143672985e-11
1.355905486225565986e-11
1.009968613828313440e-11
7.208611476792153804e-12
4.901892321089972131e-12
3.125205012508258596e-12
1.794949379668554248e-12
8.243584935224424036e-13
1.370452696928796753e-13
-3.276426251314823436e-13
-6.136244646531349945e-13
-7.488009614745720538e-13
-7.843716064944895649e-13
-6.446144203171248139e-13
-3.489491348414923511e-13
1.341992986888617529e-13
8.548429778185126428e-13
1.883311753668888703e-12
3.310828286326369409e-12
5.245938244549652781e-12
7.802292154060682838e-12
1.107187631401257141e-11
1.507860722693384257e-11
1.971363211240097409e-11
2.466878334355206022e-11
2.940556065053342137e-11
3.320797327144771303e-11
3.534364202583970040e-11
3.529236396000005576e-11
3.293861929087599030e-11
2.863208191947141035e-11
2.309907354342379748e-11
1.724992097182607793e-11
1.192809364826096343e-11
7.666249635589349874e-12
4.577109688371683064e-12
2.462163880426710227e-12
1.034259715848965224e-12
7.121668128681890377e-14
-5.548577438574283964e-13
-9.090654743947617765e-13
-1.023677758837584992e-12
-9.090654743947039183e-13
-5.548577438570090506e-13
7.121668128828201987e-14
1.034259715850430966e-12
2.462163880427489748e-12
4.577109688371909246e-12
7.666249635589362799e-12
1.192809364826152243e-11
1.724992097182653675e-11
2.309907354342426277e-11
2.863208191947264143e-11
3.293861929087697257e-11
3.529236396000114144e-11
3.534364202584016569e-11
3.320797327144866300e-11
2.940556065053462983e-11
2.466878334355237364e-11
1.971363211240186266e-11
1.507860722693386842e-11
1.107187631401250678e-11
7.802292154061556870e-12
5.245938244548963734e-12
3.310828286327201437e-12
1.883311753668303860e-12
8.548429778188462616e-13
1.341992986888312587e-13
-3.489491348414515576e-13
-6.446144203170988636e-13
-7.843716064945701424e-13
-8.209132142752767335e-13
-6.765417323975520994e-13
-3.711620336468287959e-13
1.306039427727155135e-13
8.851334407796986808e-13
1.973029021236878691e-12
3.501602228707831053e-12
5.603686680279671732e-12
8.427716460435825648e-12
1.211162244999438285e-11
1.673238159830862401e-11
2.222809872912663347e-11
2.830559662472625223e-11
3.437416078529096234e-11
3.957003424001536536e-11
4.292245242267983121e-11
4.363750040217878932e-11
4.138204936773124871e-11
3.643161767243156672e-11
2.962868628735104460e-11
2.217357216365662108e-11
1.527503695225410974e-11
9.747206878695596840e-12
5.787056894973391447e-12
3.114631667690879621e-12
1.319610862282280208e-12
9.908989995344592543e-14
-7.062539130390326515e-13
-1.167946589163062308e-12
-1.318410959264265317e-12
-1.167946589163163484e-12
-7.062539130400452208e-13
9.908989995239438015e-14
1.319610862281848846e-12
3.114631667690598509e-12
5.787056894973225850e-12
9.747206878695829485e-12
1.527503695225397080e-11
2.217357216365698297e-11
2.962868628735212382e-11
3.643161767243194154e-11
4.138204936773166231e-11
4.363750040217961650e-11
4.292245242268040636e-11
3.957003424001566909e-11
3.437416078529158919e-11
2.830559662472525703e-11
2.222809872912674979e-11
1.673238159830785822e-11
1.211162244999494346e-11
8.427716460436268319e-12
5.603686680279811480e-12
3.501602228707977668e-12
1.973029021237232101e-12
8.851334407795383338e-13
1.306039427729089801e-13
-3.711620336468297047e-13
-6.765417323975689621e-13
-8.209132142750936673e-13
-8.582759072248050018e-13
-7.092790238597464955e-13
-3.942049484816109364e-13
1.262350223888202509e-13
9.150200595707394951e-13
2.063568552729703526e-12
3.696475286459072891e-12
5.973354502958108498e-12
9.082335700178205918e-12
1.321632382381667023e-11
1.852049527134377465e-11
2.500215965337174526e-11
3.240963421838662549e-11
4.012040993115679845e-11
4.711884697569136666e-11
5.214825546780254396e-11
5.404602921493332306e-11
5.214152508011820857e-11
4.653736808343730863e-11
3.816809534564383086e-11
2.860769021751846698e-11
1.959580296327599463e-11
1.238085606640988521e-11
7.293804112613084467e-12
3.926367463940821106e-12
1.679571673660353168e-12
1.352811523485479797e-13
-9.031864611492334359e-13
-1.508364043802931440e-12
-1.707322859342120958e-12
-1.508364043803211542e-12
-9.031864611495083886e-13
1.352811523475329871e-13
1.679571673659750151e-12
3.926367463940313004e-12
7.293804112612771043e-12
1.238085606640978989e-11
1.959580296327650193e-11
2.860769021751931355e-11
3.816809534564457403e-11
4.653736808343923441e-11
5.214152508012087752e-11
5.404602921493595323e-11
5.214825546780446974e-11
4.711884697569353801e-11
4.012040993115850451e-11
3.240963421838742682e-11
2.500215965337175172e-11
1.852049527134438211e-11
1.321632382381643112e-11
9.082335700178800454e-12
5.973354502957740952e-12
3.696475286458192396e-12
2.063568552730233842e-12
9.150200595703622555e-13
1.262350223890415864e-13
-3.942049484816660683e-13
-7.092790238598132395e-13
-8.582759072245017763e-13
-8.962920561875660253e-13
-7.426818013995831856e-13
-4.179850485203787499e-13
1.210815529381715984e-13
9.442944355589612644e-13
2.154365002415519031e-12
3.894275752999651153e-12
6.352834127114833912e-12
9.762840537931120171e-12
1.438178719888440543e-11
2.044013609215307426e-11
2.804143188902204371e-11
3.701130262914916534e-11
4.672983173539313221e-11
5.603942952685039069e-11
6.335312509721058287e-11
6.702396843423336876e-11
6.587491714694261540e-11
5.967381035267191935e-11
4.937990889015970831e-11
3.703955927867448545e-11
2.516739485439350745e-11
1.568721913211501603e-11
9.143432364626502527e-12
4.921080154823416122e-12
2.128057291242971038e-12
1.806048200659829751e-13
-1.160609426154868041e-12
-1.957978369699542123e-12
-2.222883397258291946e-12
-1.957978369699647137e-12
-1.160609426154459298e-12
1.806048200663682927e-13
2.128057291243374935e-12
4.921080154823648767e-12
9.143432364626337737e-12
1.568721913211509034e-11
2.516739485439353653e-11
3.703955927867557113e-11
4.937990889016115588e-11
5.967381035267296625e-11
6.587491714694416636e-11
6.702396843423600540e-11
6.335312509721355555e-11
5.603942952685275591e-11
4.672983173539493521e-11
3.701130262915014762e-11
2.804143188902243791e-11
2.044013609215253788e-11
1.438178719888537155e-11
9.762840537932020053e-12
6.352834127114884803e-12
3.894275752999958922e-12
2.154365002415711690e-12
9.442944355587108483e-13
1.210815529383206363e-13
-4.179850485204038925e-13
-7.426818013996478091e-13
-8.962920561873234852e-13
-9.347767792464574254e-13
-7.765887317908924135e-13
-4.423926875524026113e-13
1.151474572105852107e-13
9.727539215586793606e-13
2.244829094406382275e-12
4.093726384677887649e-12
6.739709753718303296e-12
1.046515240831456129e-11
1.560210170248586646e-11
2.248507995624825388e-11
3.134574779227507794e-11
4.213353072290734545e-11
5.428369004232872834e-11
6.652871087320111003e-11
7.691944499261344567e-11
8.319077639986543594e-11
8.342728815915629785e-11
7.680446870197125566e-11
6.416085688399699060e-11
4.812202961064472199e-11
3.233797932390419644e-11
1.979128997350504165e-11
1.136819065167091718e-11
6.114692335469413168e-12
2.677627942686844707e-12
2.346488869221575732e-13
-1.498721598505263645e-12
-2.554132695961361024e-12
-2.909095917777659752e-12
-2.554132695961414743e-12
-1.498721598504894685e-12
2.346488869223187280e-13
2.677627942686393555e-12
6.114692335468567408e-12
1.136819065167100119e-11
1.979128997350546170e-11
3.233797932390521103e-11
4.812202961064511620e-11
6.416085688399811505e-11
7.680446870197349163e-11
8.342728815915826241e-11
8.319077639986798211e-11
7.691944499261609523e-11
6.652871087320370789e-11
5.428369004233075106e-11
4.213353072290899981e-11
3.134574779227620238e-11
2.248507995624816987e-11
1.560210170248623482e-11
1.046515240831481171e-11
6.739709753718420426e-12
4.093726384677848067e-12
2.244829094406347136e-12
9.727539215584638817e-13
1.151474572106688174e-13
-4.423926875524183633e-13
-7.765887317909816747e-13
-9.347767792461185560e-13
-9.735287809279477460e-13
-8.108222483404750138e-13
-4.673013644601302924e-13
1.084530449270193936e-13
1.000206069319802021e-12
2.334357670535608523e-12
4.293463477414901848e-12
7.131285981126770589e-12
1.118444394512201436e-11
1.686956908583125789e-11
2.464527763604315887e-11
3.490780355310920954e-11
4.778847896592221842e-11
6.285296198423809801e-11
7.878825771263230735e-11
9.327834974107307221e-11
1.032968162874383144e-10
1.058805837273038084e-10
9.921326071805657494e-11
8.373095190986487991e-11
6.273429640527609209e-11
4.154053014923009860e-11
2.480541854812527219e-11
1.396701492705140579e-11
7.506327169935533759e-12
3.337222188194066170e-12
2.951163697716078228e-13
-1.944552436223215243e-12
-3.346945456755820938e-12
-3.825273045825257880e-12
-3.346945456756140420e-12
-1.944552436224617977e-12
2.951163697702943505e-13
3.337222188193436899e-12
7.506327169935217104e-12
1.396701492705100513e-11
2.480541854812480690e-11
4.154053014923044111e-11
6.273429640527755258e-11
8.373095190986684447e-11
9.921326071805959932e-11
1.058805837273076212e-10
1.032968162874404987e-10
9.327834974107588979e-11
7.878825771263291481e-11
6.285296198423958435e-11
4.778847896592271602e-11
3.490780355311098022e-11
2.464527763604300700e-11
1.686956908583094769e-11
1.118444394512216138e-11
7.131285981127315849e-12
4.293463477415039173e-12
2.334357670535824608e-12
1.000206069319559279e-12
1.084530449268327933e-13
-4.673013644601702782e-13
-8.108222483405305496e-13
-9.735287809277482210e-13
-1.012331542967860010e-12
-8.451895045402324909e-13
-4.925680391769153955e-13
1.010361759952666563e-13
1.026473022502359944e-12
2.422344679172046805e-12
4.492059982362131747e-12
7.524628898056297003e-12
1.191519192397164985e-11
1.817470518537317108e-11
2.690655961614412459e-11
3.871188892098948461e-11
5.397391310095639765e-11
7.249064578173301298e-11
9.301290196152181202e-11
1.129022179879681087e-10
1.282380983609363718e-10
1.346129436607502838e-10
1.286131911353319918e-10
1.097591994753842140e-10
8.206772105024133823e-11
5.330617096746851265e-11
3.079527074938124137e-11
1.687333323426991889e-11
9.066251817286556449e-12
4.110917616855523000e-12
3.583146609532734110e-13
-2.533289920807928587e-12
-4.402973200380876685e-12
-5.050706439500907045e-12
-4.402973200380505907e-12
-2.533289920806248780e-12
3.583146609555958175e-13
4.110917616856540820e-12
9.066251817286884413e-12
1.687333323427016769e-11
3.079527074938075669e-11
5.330617096746971464e-11
8.206772105024247560e-11
1.097591994753857004e-10
1.286131911353355331e-10
1.346129436607556605e-10
1.282380983609405336e-10
1.129022179879726840e-10
9.301290196152495272e-11
7.249064578173632170e-11
5.397391310095841390e-11
3.871188892099036995e-11
2.690655961614255747e-11
1.817470518537411135e-11
1.191519192397250450e-11
7.524628898056497336e-12
4.492059982362375701e-12
2.422344679172328321e-12
1.026473022502171324e-12
1.010361759952141497e-13
-4.925680391769014610e-13
-8.451895045401303050e-13
-1.012331542967724502e-12
-1.050954870354945124e-12
-8.794836847651450179e-13
-5.180338348553585412e-13
9.295302634312023394e-14
1.051395663256071417e-12
2.508192699380528137e-12
4.688051953224491711e-12
7.916618983006246475e-12
1.265126446837316865e-11
1.950632611288112258e-11
2.925051062239059645e-11
4.273283708916541087e-11
6.066948613170874698e-11
8.322250528149195647e-11
1.093743587400370847e-10
1.362881385745105911e-10
1.590637538740821212e-10
1.713664260429493534e-10
1.672904714990167817e-10
1.445417112949446227e-10
1.077483383320906560e-10
6.827398883546435022e-11
3.771682897293484905e-11
1.990356638893235018e-11
1.072317070071433290e-11
5.002360753137948156e-12
4.241132056212647120e-13
-3.307895474893527036e-12
-5.809316077131759837e-12
-6.690552240080140394e-12
-5.809316077133141972e-12
-3.307895474896357949e-12
4.241132056176312565e-13
5.002360753134946396e-12
1.072317070071340555e-11
1.990356638892927734e-11
3.771682897293161788e-11
6.827398883546325162e-11
1.077483383320919872e-10
1.445417112949464838e-10
1.672904714990213571e-10
1.713664260429533084e-10
1.590637538740893849e-10
1.362881385745182425e-10
1.093743587400408328e-10
8.322250528149560123e-11
6.066948613171128022e-11
4.273283708916874544e-11
2.925051062239125561e-11
1.950632611288227934e-11
1.265126446837435772e-11
7.916618983006420958e-12
4.688051953223748541e-12
2.508192699381172756e-12
1.051395663256251959e-12
9.295302634299845906e-14
-5.180338348555534214e-13
-8.794836847648555249e-13
-1.050954870355228255e-12
-1.089156788133066545e-12
-9.134856735450966437e-13
-5.435251482997560343e-13
8.427838173425406289e-14
1.074837312331058817e-12
2.591324525065656750e-12
4.879967339741968374e-12
8.304014251934583505e-12
1.338604197003075176e-11
2.085172828756674220e-11
3.165456291267028333e-11
4.693535768807849240e-11
6.783329800882819234e-11
9.503667335482899914e-11
1.279992371412443883e-10
1.639285788480296897e-10
1.969689102354606807e-10
2.183186760456319227e-10
2.182933067034944785e-10
1.912553528992056576e-10
1.420137330690560739e-10
8.718971872769310930e-11
4.530058879252084480e-11
2.267555302048283491e-11
1.235850404099408786e-11
6.036606676732758562e-12
5.140174674489428594e-13
-4.313264468503585900e-12
-7.678395329590092877e-12
-8.884592371920926767e-12
-7.678395329590063796e-12
-4.313264468501905689e-12
5.140174674500285339e-13
6.036606676733198002e-12
1.235850404099415248e-11
2.267555302048249887e-11
4.530058879252004993e-11
8.718971872769065360e-11
1.420137330690556086e-10
1.912553528992072602e-10
2.182933067034991572e-10
2.183186760456397810e-10
1.969689102354680219e-10
1.639285788480370309e-10
1.279992371412523240e-10
9.503667335482897329e-11
6.783329800883210852e-11
4.693535768807657955e-11
3.165456291267127853e-11
2.085172828756658064e-11
1.338604197003197153e-11
8.304014251934114985e-12
4.879967339742246255e-12
2.591324525065765802e-12
1.074837312331358508e-12
8.427838173402121640e-14
-5.435251482997401813e-13
-9.134856735453628117e-13
-1.089156788133040494e-12
-1.126685775550710339e-12
-9.469660757628383494e-13
-5.688551801138197755e-13
7.510539603606653475e-14
1.096686785215940676e-12
2.671194286357806253e-12
5.066355896802887043e-12
8.683521193687099359e-12
1.411256844292356178e-11
2.219696483009171018e-11
3.409234740022613044e-11
5.127392423272674631e-11
7.539922444635561271e-11
1.078729749181366520e-10
1.489415784940656462e-10
1.962652168724314914e-10
2.432619080324608273e-10
2.781479589010918250e-10
2.856745110403120595e-10
2.543213318841947404e-10
1.879722902148645991e-10
1.108761946544050677e-10
5.283502354840334109e-11
2.447730491121774598e-11
1.382685520369018476e-11
7.326635112175347337e-12
7.235175784191631228e-13
-5.575958615583770126e-12
-1.015587038328174061e-11
-1.182573730324225812e-11
-1.015587038328260333e-11
-5.575958615586789658e-12
7.235175784155942908e-13
7.326635112171608869e-12
1.382685520368663693e-11
2.447730491121345498e-11
5.283502354839722771e-11
1.108761946544002339e-10
1.879722902148651419e-10
2.543213318841979457e-10
2.856745110403169192e-10
2.781479589011024750e-10
2.432619080324683753e-10
1.962652168724381605e-10
1.489415784940699372e-10
1.078729749181399478e-10
7.539922444635861124e-11
5.127392423272751533e-11
3.409234740022677021e-11
2.219696483009278293e-11
1.411256844292431464e-11
8.683521193687761750e-12
5.066355896802853116e-12
2.671194286358279216e-12
1.096686785215983893e-12
7.510539603608814323e-14
-5.688551801138917701e-13
-9.469660757627894779e-13
-1.126685775550896132e-12
-1.163283314803165630e-12
-9.796875704092195469e-13
-5.938258836553158623e-13
6.554476593465389698e-14
1.116860621358841928e-12
2.747297567887500862e-12
5.245818792937761819e-12
9.051870199899520977e-12
1.482372708261412384e-11
2.352721233647994293e-11
3.653432325224151247e-11
5.569337124675094090e-11
8.327559395488493454e-11
1.216133482034503460e-10
1.721513556679686445e-10
2.336226887249518592e-10
2.992904827032744514e-10
3.540701826993922328e-10
3.747935319255373069e-10
3.399315396377337366e-10
2.499933741470263683e-10
1.401395993177766848e-10
5.874850375863891405e-11
2.404631567105351201e-11
1.504699605710560278e-11
9.244585784863641176e-12
1.358680361796739192e-12
-7.048522406515474808e-12
-1.344265240758693173e-11
-1.581225972522364871e-11
-1.344265240758830821e-11
-7.048522406517361814e-12
1.358680361793033035e-12
9.244585784859566665e-12
1.504699605710054599e-11
2.404631567104965398e-11
5.874850375863440333e-11
1.401395993177700932e-10
2.499933741470279193e-10
3.399315396377395269e-10
3.747935319255510588e-10
3.540701826994034514e-10
2.992904827032857734e-10
2.336226887249615786e-10
1.721513556679789584e-10
1.216133482034528792e-10
8.327559395488750655e-11
5.569337124675262111e-11
3.653432325224206823e-11
2.352721233648140019e-11
1.482372708261456005e-11
9.051870199899992728e-12
5.245818792937681040e-12
2.747297567887659594e-12
1.116860621358963501e-12
6.554476593462198913e-14
-5.938258836553781633e-13
-9.796875704091904663e-13
-1.163283314803451589e-12
-1.198686722386061344e-12
-1.011407570220097493e-12
-6.182303186025310889e-13
5.572329446804100898e-14
1.135304329716751764e-12
2.819180002245253848e-12
5.417036400634101037e-12
9.405891530413824905e-12
1.551243094802231709e-11
2.482721228533301146e-11
3.894867997691456444e-11
6.013030810130561109e-11
9.134580515704248985e-11
1.360752402778611368e-10
1.974422735711583440e-10
2.761217811193813808e-10
3.663080367839904916e-10
4.498087578968309216e-10
4.926708543910563088e-10
4.568215156794692722e-10
3.343254490892375632e-10
1.755447961809849449e-10
5.977036909588712934e-11
1.917037158475135651e-11
1.626238350936350361e-11
1.282241272006707615e-11
3.270451059230953413e-12
-8.470279344859094062e-12
-1.786899434945631117e-11
-2.140888472190025562e-11
-1.786899434945897366e-11
-8.470279344864701765e-12
3.270451059225318245e-12
1.282241272005819365e-11
1.626238350935345466e-11
1.917037158473933654e-11
5.977036909587081837e-11
1.755447961809764405e-10
3.343254490892428881e-10
4.568215156794794568e-10
4.926708543910707844e-10
4.498087578968452938e-10
3.663080367840104990e-10
2.761217811193944089e-10
1.974422735711685545e-10
1.360752402778634632e-10
9.134580515704354968e-11
6.013030810130636072e-11
3.894867997691644498e-11
2.482721228533288544e-11
1.551243094802296979e-11
9.405891530415170689e-12
5.417036400634361147e-12
2.819180002245066440e-12
1.135304329717128196e-12
5.572329446797436601e-14
-6.182303186026165131e-13
-1.011407570220122939e-12
-1.198686722386339629e-12
-1.232632223036050720e-12
-1.041881148362580485e-12
-6.418553814292570796e-13
4.578183987165453169e-14
1.151992533301886000e-12
2.886443870519605073e-12
5.578792765042555173e-12
9.742587437121380415e-12
1.617181732044221435e-11
2.608176133235216232e-11
4.130247309998455335e-11
6.451537321253940398e-11
9.947137187794315178e-11
1.510101630667791707e-10
2.244645147100967910e-10
3.235773681214861698e-10
4.452618493120307219e-10
5.694319916063835509e-10
6.483532846402338114e-10
6.174235857957864915e-10
4.501658982151644683e-10
2.169707827458283304e-10
4.918528301751150195e-11
5.893188354013498619e-12
1.869248634291453684e-11
2.061517972876673903e-11
8.626267689309883736e-12
-9.040632919744375189e-12
-2.413745396799320969e-11
-2.993411317079767751e-11
-2.413745396799769779e-11
-9.040632919752454741e-12
8.626267689297954241e-12
2.061517972875196611e-11
1.869248634289847144e-11
5.893188353999255603e-12
4.918528301749477740e-11
2.169707827458182232e-10
4.501658982151711891e-10
6.174235857957972449e-10
6.483532846402541807e-10
5.694319916064064018e-10
4.452618493120431296e-10
3.235773681215001284e-10
2.244645147101061484e-10
1.510101630667904927e-10
9.947137187793919682e-11
6.451537321254450924e-11
4.130247309998606554e-11
2.608176133235367128e-11
1.617181732044327417e-11
9.742587437121815008e-12
5.578792765042401692e-12
2.886443870519874069e-12
1.151992533301914273e-12
4.578183987148247166e-14
-6.418553814294244948e-13
-1.041881148362717810e-12
-1.232632223036418065e-12
-1.264858213939505607e-12
-1.070864187292619335e-12
-6.644848660892735906e-13
3.587266680260403831e-14
1.166927953545628699e-12
2.948752324547552057e-12
5.729995392141126425e-12
1.005919599964701189e-11
1.679543275015662595e-11
2.727621608617093445e-11
4.356291873847917304e-11
6.877623856621463564e-11
1.074976287540840620e-10
1.661095040716944386e-10
2.526901747720566686e-10
3.753955054035957419e-10
5.364960373945350267e-10
7.169622679103321376e-10
8.531659001037058023e-10
8.395911150913806034e-10
6.117379795247003617e-10
2.629822923248823824e-10
1.311775328809490098e-11
-2.324012724768221678e-11
2.608946807828125868e-11
3.835725178589883944e-11
2.254727998870633107e-11
-6.716122626006756922e-12
-3.406861930040759273e-11
-4.485985886823609002e-11
-3.406861930041144429e-11
-6.716122626018967530e-12
2.254727998869014934e-11
3.835725178588034419e-11
2.608946807825814933e-11
-2.324012724770966883e-11
1.311775328806636325e-11
2.629822923248679584e-10
6.117379795247018093e-10
8.395911150914001456e-10
8.531659001037366147e-10
7.169622679103677063e-10
5.364960373945583946e-10
3.753955054036164731e-10
2.526901747720617351e-10
1.661095040716990139e-10
1.074976287540891027e-10
6.877623856621406696e-11
4.356291873848178383e-11
2.727621608617283438e-11
1.679543275015734973e-11
1.005919599964784553e-11
5.729995392141163583e-12
2.948752324547997151e-12
1.166927953545311640e-12
3.587266680245580819e-14
-6.644848660891934171e-13
-1.070864187292656090e-12
-1.264858213939762688e-12
-1.295108662994974859e-12
-1.098116691723200987e-12
-6.859027999994659841e-13
2.615625502426052539e-14
1.180139215872039943e-12
3.005831008226714380e-12
5.869689189710759073e-12
1.035324269597258963e-11
1.737739523451623506e-11
2.839697242583719049e-11
4.569873918792626857e-11
7.284114339501755341e-11
1.152619266013653442e-10
1.810189724210231315e-10
2.814200350644502395e-10
4.304950940589736719e-10
6.393905036248293721e-10
8.956454029441389614e-10
1.120555472129242708e-09
1.149053954737291591e-09
8.426984381565672843e-10
3.109270967950901503e-10
-7.724435575618979759e-11
-8.341307365132897694e-11
4.849606012031744054e-11
7.737179385161884420e-11
5.602335412414143897e-11
3.010276593165028438e-12
-5.275853423250152990e-11
-7.557824761503687249e-11
-5.275853423251340124e-11
3.010276593143586366e-12
5.602335412411910509e-11
7.737179385159635523e-11
4.849606012029585629e-11
-8.341307365137038767e-11
-7.724435575621290695e-11
3.109270967950783630e-10
8.426984381565702829e-10
1.149053954737319715e-09
1.120555472129285308e-09
8.956454029441765981e-10
6.393905036248670089e-10
4.304950940589980737e-10
2.814200350644559781e-10
1.810189724210340917e-10
1.152619266013680972e-10
7.284114339501916900e-11
4.569873918792750288e-11
2.839697242583966557e-11
1.737739523451653879e-11
1.035324269597368662e-11
5.869689189710827735e-12
3.005831008227139280e-12
1.180139215871949066e-12
2.615625502415995509e-14
-6.859027999993783385e-13
-1.098116691723223403e-12
-1.295108662994690920e-12
-1.323136585405095834e-12
-1.123406193754001991e-12
-7.058969913115837693e-13
1.679764840746279673e-14
1.191677531833179312e-12
3.057466981572002642e-12
5.997063843477784364e-12
1.062257632658410869e-11
1.791252146921629998e-11
2.943187686324985478e-11
4.768143074440535499e-11
7.664260462341443698e-11
1.226036482581349266e-10
1.953616106642304748e-10
3.098187845044649292e-10
4.872882429563982034e-10
7.520051720790907202e-10
1.106810691173391887e-09
1.464951626514295449e-09
1.582309346042930375e-09
1.185448174174264382e-09
3.621577712421901653e-10
-2.797533286218235633e-10
-2.073648639086883191e-10
1.115760332104029741e-10
1.545246875731222441e-10
1.287457117522693338e-10
2.772704152003189007e-11
-9.453947048581416787e-11
-1.467019252065487190e-10
-9.453947048582541236e-11
2.772704152001355638e-11
1.287457117522500501e-10
1.545246875731047440e-10
1.115760332103617055e-10
-2.073648639087216648e-10
-2.797533286218798116e-10
3.621577712421633853e-10
1.185448174174277824e-09
1.582309346042987450e-09
1.464951626514365759e-09
1.106810691173412360e-09
7.520051720791399375e-10
4.872882429564277752e-10
3.098187845044598110e-10
1.953616106642454416e-10
1.226036482581376667e-10
7.664260462342157141e-11
4.768143074440750049e-11
2.943187686325273052e-11
1.791252146921557943e-11
1.062257632658523152e-11
5.997063843477795674e-12
3.057466981572512360e-12
1.191677531832814997e-12
1.679764840773623486e-14
-7.058969913118644776e-13
-1.123406193753920808e-12
-1.323136585405061503e-12
-1.348707507394020059e-12
-1.146511201471891982e-12
-7.242626800156313688e-13
7.962415875680133461e-15
1.201612425187937568e-12
3.103504971060830918e-12
6.111454431367822052e-12
1.086538705554893104e-11
1.839640961139629443e-11
3.037053167166397897e-11
4.948631650548065793e-11
8.012086460311130274e-11
1.293748466614582410e-10
2.087673105182632448e-10
3.369807240652642275e-10
5.437534295445193923e-10
8.708538109322964099e-10
1.348410004539068515e-09
1.898798119829166523e-09
2.188074071382240319e-09
1.718117402208172559e-09
4.454531969349135013e-10
-6.931075365797050504e-10
-4.479393205259095700e-10
2.768304620755427191e-10
2.711853707983878760e-10
2.617230908122371962e-10
7.010506551850032304e-11
-1.986265039386885084e-10
-3.179559331499522881e-10
-1.986265039387001148e-10
7.010506551849176689e-11
2.617230908122467605e-10
2.711853707984102616e-10
2.768304620755057028e-10
-4.479393205258911135e-10
-6.931075365798406046e-10
4.454531969348426739e-10
1.718117402208211229e-09
2.188074071382291190e-09
1.898798119829258340e-09
1.348410004539108013e-09
8.708538109323409743e-10
5.437534295445463791e-10
3.369807240652748257e-10
2.087673105182767382e-10
1.293748466614604124e-10
8.012086460311007489e-11
4.948631650548423161e-11
3.037053167166494186e-11
1.839640961139724116e-11
1.086538705554876625e-11
6.111454431368343079e-12
3.103504971060796183e-12
1.201612425187803071e-12
7.962415875545231936e-15
-7.242626800155093920e-13
-1.146511201472164411e-12
-1.348707507393684017e-12
-1.371602868839216934e-12
-1.167224591133567920e-12
-7.408062333440093325e-13
-1.876003172904585001e-16
1.210026606899539239e-12
3.143841356885873928e-12
6.212335247408159855e-12
1.108020641765279202e-11
1.882547093442833375e-11
3.120446664988264163e-11
5.109325815726618399e-11
8.322661390823779474e-11
1.354499182232068811e-10
2.209045735838705836e-10
3.620197000249876937e-10
5.976193400538081057e-10
9.909618173305410281e-10
1.613609385625892233e-09
2.427052367393381236e-09
3.022117029862741896e-09
2.575567528892176845e-09
6.797490140585347813e-10
-1.417712485148257922e-09
-6.329638117114339666e-10
6.657228121168840819e-10
3.161426250374490672e-10
4.344679517217779629e-10
8.679875540568596095e-11
-4.637448315228459724e-10
-7.147455706272322941e-10
-4.637448315228702192e-10
8.679875540566688410e-11
4.344679517218350900e-10
3.161426250375895845e-10
6.657228121168779814e-10
-6.329638117114829771e-10
-1.417712485148460168e-09
6.797490140584799806e-10
2.575567528892274453e-09
3.022117029862855220e-09
2.427052367393501178e-09
1.613609385625950549e-09
9.909618173305987239e-10
5.976193400538451220e-10
3.620197000249988089e-10
2.209045735838805098e-10
1.354499182232147910e-10
8.322661390823464112e-11
5.109325815726951210e-11
3.120446664988733976e-11
1.882547093442655015e-11
1.108020641765428806e-11
6.212335247408452276e-12
3.143841356886177659e-12
1.210026606899442304e-12
-1.876003172815727708e-16
-7.408062333441371658e-13
-1.167224591133571757e-12
-1.371602868839067896e-12
-1.391623306959581593e-12
-1.185356853300408143e-12
-7.553487919591086545e-13
-7.498616627178210790e-15
1.217010289586771552e-12
3.178416209338522500e-12
6.299307890092918937e-12
1.126588965936512642e-11
1.919691110073759577e-11
3.192716003123292007e-11
5.248694728447417198e-11
8.592256621202486725e-11
1.407326656668259852e-10
2.315084948920756008e-10
3.841674411272481333e-10
6.466427178187572649e-10
1.106323109150111997e-09
1.890093363222304111e-09
3.039683265337598008e-09
4.127011296126786132e-09
3.947507686360036793e-09
1.376443160721065612e-09
-2.398472356360419013e-09
2.219035786875766830e-10
1.590845200987523021e-09
9.076372657738995286e-11
5.769318367117915457e-10
-6.193659144592722435e-11
-1.075025007778974209e-09
-1.532890826513417633e-09
-1.075025007779091669e-09
-6.193659144602017877e-11
5.769318367118554454e-10
9.076372657770614265e-11
1.590845200987493243e-09
2.219035786875760626e-10
-2.398472356360685779e-09
1.376443160721053618e-09
3.947507686360150944e-09
4.127011296126994582e-09
3.039683265337741110e-09
1.890093363222333062e-09
1.106323109150170727e-09
6.466427178187903521e-10
3.841674411272597655e-10
2.315084948920842345e-10
1.407326656668317497e-10
8.592256621202786578e-11
5.248694728447636272e-11
3.192716003123407037e-11
1.919691110073940199e-11
1.126588965936490347e-11
6.299307890093432694e-12
3.178416209338676789e-12
1.217010289587028430e-12
-7.498616627259797940e-15
-7.553487919590908830e-13
-1.185356853300567884e-12
-1.391623306959253023e-12
-1.408591634524346281e-12
-1.200739223364044299e-12
-7.677296573384624563e-13
-1.382927881554317883e-14
1.222655349046772596e-12
3.207203841831110922e-12
6.372084934470916365e-12
1.142158319892151210e-11
1.950866517672734856e-11
3.253391425568067486e-11
5.365673969548195288e-11
8.818364624482620098e-11
1.451593166966610620e-10
2.403987643402951785e-10
4.028565119352971520e-10
6.889201874330472702e-10
1.210734681495531565e-09
2.160765163780167963e-09
3.704989467625333578e-09
5.493362322722966221e-09
5.989687689617891434e-09
3.047957790553140812e-09
-2.965966713051739634e-09
2.507245828252955913e-09
3.213448417384382417e-09
-2.292612469177472741e-10
7.956761370546315816e-10
-4.369661213067911766e-10
-2.168022530739138429e-09
-2.924470545036950760e-09
-2.168022530739358460e-09
-4.369661213070492570e-10
7.956761370544995429e-10
-2.292612469174858851e-10
3.213448417384341885e-09
2.507245828252657714e-09
-2.965966713051417861e-09
3.047957790553221875e-09
5.989687689618139588e-09
5.493362322723259870e-09
3.704989467625491570e-09
2.160765163780257299e-09
1.210734681495608493e-09
6.889201874330746705e-10
4.028565119353154017e-10
2.403987643403014341e-10
1.451593166966690236e-10
8.818364624482532210e-11
5.365673969548690950e-11
3.253391425567971197e-11
1.950866517672862811e-11
1.142158319892186914e-11
6.372084934470560936e-12
3.207203841831595598e-12
1.222655349046768557e-12
-1.382927881563122833e-14
-7.677296573385832214e-13
-1.200739223363962106e-12
-1.408591634524305892e-12
-1.422355701253005509e-12
-1.213226372635814007e-12
-7.778095892920210214e-13
-1.905458791354853049e-14
1.227049229117975765e-12
3.230203145132260916e-12
6.430470029709887019e-12
1.154668247766863334e-11
1.975929484835840503e-11
3.302161114089397632e-11
5.459606784578472072e-11
8.999576312731916443e-11
1.486968110139205597e-10
2.474828245217017619e-10
4.177635670610434068e-10
7.231382881336271930e-10
1.298792148857248621e-09
2.406057348912550984e-09
4.368154988280094384e-09
7.019413662011570930e-09
8.627472203152107450e-09
5.878154774623870104e-09
-2.342558229970085012e-09
5.383689267375133717e-09
5.134735391172976366e-09
-4.764765169978470214e-10
1.238082556500180587e-09
-9.203260349387796214e-10
-3.674401950990037430e-09
-4.845730922600284379e-09
-3.674401950990413798e-09
-9.203260349392430494e-10
1.238082556500098283e-09
-4.764765169980099760e-10
5.134735391172968094e-09
5.383689267375300807e-09
-2.342558229970343092e-09
5.878154774624422660e-09
8.627472203152537583e-09
7.019413662011944816e-09
4.368154988280261474e-09
2.406057348912670511e-09
1.298792148857285017e-09
7.231382881336710336e-10
4.177635670610569519e-10
2.474828245217095167e-10
1.486968110139271513e-10
8.999576312732061200e-11
5.459606784579024602e-11
3.302161114089497152e-11
1.975929484835993983e-11
1.154668247766944759e-11
6.430470029710224677e-12
3.230203145132718935e-12
1.227049229118155095e-12
-1.905458791351823823e-14
-7.778095892919951720e-13
-1.213226372635762712e-12
-1.422355701253054381e-12
-1.432790674901097777e-12
-1.222698978194236538e-12
-7.854734902625698654e-13
-2.306975489687699406e-14
1.230269641456621318e-12
3.247427375640005681e-12
6.474338015172259597e-12
1.164078268121249630e-11
1.994786666793560615e-11
3.338837852025959018e-11
5.530154816294329178e-11
9.135338438724125802e-11
1.513366760150376635e-10
2.527426758482390000e-10
4.287969253328287442e-10
7.486666325758008693e-10
1.366672605660635365e-09
2.607227301040431361e-09
4.958143741947763136e-09
8.503602584644813315e-09
1.143512975683114568e-08
9.191309202067936983e-09
-1.102323711474101363e-09
8.079882768426108304e-09
6.977059962513298257e-09
-5.565019439165453621e-10
1.821170314327646387e-09
-1.398887718557306531e-09
-5.356874248513292611e-09
-7.016369742279494203e-09
-5.356874248513874119e-09
-1.398887718558063815e-09
1.821170314327208395e-09
-5.565019439168820246e-10
6.977059962513301565e-09
8.079882768426541747e-09
-1.102323711474273416e-09
9.191309202068593764e-09
1.143512975683177268e-08
8.503602584645276537e-09
4.958143741947999709e-09
2.607227301040521938e-09
1.366672605660719530e-09
7.486666325758294070e-10
4.287969253328326216e-10
2.527426758482579734e-10
1.513366760150461938e-10
9.135338438724357154e-11
5.530154816294824194e-11
3.338837852026002962e-11
1.994786666793891810e-11
1.164078268121262232e-11
6.474338015172532631e-12
3.247427375639848969e-12
1.230269641456733198e-12
-2.306975489682125630e-14
-7.854734902626401434e-13
-1.222698978194386384e-12
-1.432790674901165228e-12
-1.439801161052828382e-12
-1.229065644627488625e-12
-7.906329079919768338e-13
-2.579318259679064671e-14
1.232379458142624718e-12
3.258895524854842747e-12
6.503614864994392997e-12
1.170363171906864252e-11
2.007382205709508289e-11
3.363323108893753720e-11
5.577192198389732313e-11
9.225642273408068734e-11
1.530857653386976477e-10
2.562084169835955064e-10
4.360292207597060241e-10
7.654481360619652246e-10
1.412358072483460438e-09
2.749317751526438033e-09
5.401826193320721877e-09
9.690228301803461587e-09
1.378247788450348168e-08
1.198141699726424782e-08
-7.737673743118393911e-12
1.009560290833363690e-08
8.426393799756115998e-09
-4.350451687315287184e-10
2.342574678859535763e-09
-1.813554864737645470e-09
-6.860653257139053087e-09
-8.959134495317619285e-09
-6.860653257139773562e-09
-1.813554864738485886e-09
2.342574678858983207e-09
-4.350451687323244661e-10
8.426393799756291360e-09
1.009560290833412659e-08
-7.737673743121702634e-12
1.198141699726492446e-08
1.378247788450422117e-08
9.690228301803994291e-09
5.401826193321042823e-09
2.749317751526588994e-09
1.412358072483520615e-09
7.654481360620113399e-10
4.360292207597201896e-10
2.562084169836088447e-10
1.530857653387100296e-10
9.225642273408199274e-11
5.577192198390048322e-11
3.363323108893751781e-11
2.007382205709729302e-11
1.170363171906868452e-11
6.503614864994598177e-12
3.258895524855177173e-12
1.232379458142758408e-12
-2.579318259696189894e-14
-7.906329079920703359e-13
-1.229065644627554056e-12
-1.439801161053063450e-12
-1.443322657221810671e-12
-1.232264569987810410e-12
-7.932277860403214459e-13
-2.716907227404047369e-14
1.233422952274257460e-12
3.264624636700696070e-12
6.518261492774247964e-12
1.173508758592888963e-11
2.013686266924811905e-11
3.375573145615271603e-11
5.600703634097136798e-11
9.270703833365752210e-11
1.539560780597627153e-10
2.579256098539987901e-10
4.395964951889179306e-10
7.737289302057408753e-10
1.435232096238390646e-09
2.822717113164642991e-09
5.640172829083068189e-09
1.034829516043247637e-08
1.509353145407819867e-08
1.346690799108932213e-08
5.838423901817646874e-10
1.116958577157799185e-08
9.209445600794979837e-09
-3.267847257236405948e-10
2.605456015901098659e-09
-2.062062650364654951e-09
-7.733709754271445795e-09
-1.008427201286870375e-08
-7.733709754271918943e-09
-2.062062650365388660e-09
2.605456015900510533e-09
-3.267847257242345105e-10
9.209445600795178361e-09
1.116958577157876609e-08
5.838423901816075231e-10
1.346690799109010133e-08
1.509353145407897622e-08
1.034829516043304050e-08
5.640172829083342813e-09
2.822717113164757556e-09
1.435232096238470469e-09
7.737289302057884382e-10
4.395964951889356116e-10
2.579256098540118699e-10
1.539560780597708579e-10
9.270703833366216206e-11
5.600703634097335838e-11
3.375573145615515234e-11
2.013686266924934366e-11
1.173508758592984283e-11
6.518261492774052478e-12
3.264624636700553898e-12
1.233422952274411749e-12
-2.716907227426261692e-14
-7.932277860403717311e-13
-1.232264569987731246e-12
-1.443322657222116622e-12
