9.259949224670342982e-01
3.726934322768476471e-01
1.133289895613796144e-02
1.759077314593664523e-02
3.279304688433629794e-02
3.370654835732192489e-01
5.852338308149682700e-01
7.355850420002876255e-01
8.396258643296696800e-01
9.128882185601139287e-01
9.620729494189135256e-01
9.904621248688438850e-01
9.999887852376233566e-01
9.922359262507978173e-01
9.688972626913620045e-01
9.318851990949723607e-01
8.831920202240599593e-01
8.245848759393916705e-01
7.571771874872272878e-01
6.808348533617200049e-01
5.931753050494342761e-01
4.872554529104481946e-01
3.434369643572778297e-01
1.055263476572462222e-01
3.574235917402179830e-02
1.703727559371328790e-02
4.644633154237384591e-03
6.751085406259925425e-03
6.989897457120329838e-01
1.000000000000000000e+00
6.989897457123801505e-01
6.751085407561247323e-03
4.644633153916226560e-03
1.703727559333493777e-02
3.574235917347669961e-02
1.055263476576817488e-01
3.434369643571908437e-01
4.872554529103276244e-01
5.931753050493639989e-01
6.808348533618203691e-01
7.571771874871420227e-01
8.245848759393277216e-01
8.831920202240260975e-01
9.318851990949768016e-01
9.688972626913350261e-01
9.922359262507831623e-01
9.999887852376223574e-01
9.904621248688575408e-01
9.620729494189127484e-01
9.128882185601479016e-01
8.396258643296441448e-01
7.355850420002679746e-01
5.852338308150172308e-01
3.370654835732809773e-01
3.279304688429503234e-02
1.759077314605916875e-02
1.133289895605807396e-02
3.726934322768795105e-01
9.259949224669654644e-01
9.259936122964361749e-01
3.727511588721109104e-01
1.136662095099787335e-02
1.767355777981673148e-02
3.292670645313135191e-02
3.347754678326955724e-01
5.833861444005388197e-01
7.338767767469212000e-01
8.381021769676898492e-01
9.116375225613886357e-01
9.611812592368670360e-01
9.899921206633267579e-01
9.999668712718990937e-01
9.926469273321325559e-01
9.696874969899523800e-01
9.329727524062617627e-01
8.844810797414561776e-01
8.259803324983793216e-01
7.585966340835269550e-01
6.822170438714609819e-01
5.944866055275934702e-01
4.885005235218117803e-01
3.447029372632069433e-01
1.060253683020153104e-01
3.558715754936197379e-02
1.691568958453320073e-02
4.546723388524546647e-03
6.855711142144073865e-03
6.988986912087679082e-01
1.000000000000000000e+00
6.988986912092680637e-01
6.855711141259056111e-03
4.546723389071988079e-03
1.691568958449035306e-02
3.558715754937602505e-02
1.060253683014649312e-01
3.447029372639900946e-01
4.885005235222276698e-01
5.944866055276004646e-01
6.822170438713525131e-01
7.585966340836344246e-01
8.259803324984308359e-01
8.844810797413906744e-01
9.329727524062656485e-01
9.696874969899715868e-01
9.926469273321428810e-01
9.999668712718990937e-01
9.899921206633455206e-01
9.611812592368873531e-01
9.116375225614087308e-01
8.381021769676344491e-01
7.338767767469249748e-01
5.833861444005975505e-01
3.347754678323671129e-01
3.292670645324147216e-02
1.767355777982484305e-02
1.136662095110432466e-02
3.727511588722772218e-01
9.259936122964785854e-01
9.259910053618825021e-01
3.728659821365237215e-01
1.143327920820724937e-02
1.783686629128085691e-02
3.318840548012713665e-02
3.301909638507734557e-01
5.796991915118205885e-01
7.304663843468069961e-01
8.350548479831999549e-01
9.091278322715258264e-01
9.593802437721994369e-01
9.890254940269468387e-01
9.998890209941772023e-01
9.934299101167460844e-01
9.712266338795864096e-01
9.351066707812836221e-01
8.870200713463985975e-01
8.287354818933270195e-01
7.614038911260957443e-01
6.849542145443738850e-01
5.970861708488037767e-01
4.909706465755765414e-01
3.472152858154993749e-01
1.070742930827621592e-01
3.528414781521246879e-02
1.667928725052916783e-02
4.357980747713135344e-03
7.055674219464026439e-03
6.987143579667283166e-01
1.000000000000000000e+00
6.987143579650960667e-01
7.055674221350604139e-03
4.357980747364697920e-03
1.667928725031707013e-02
3.528414781557615704e-02
1.070742930827142531e-01
3.472152858151929533e-01
4.909706465758980620e-01
5.970861708489269004e-01
6.849542145444286190e-01
7.614038911261037379e-01
8.287354818932998191e-01
8.870200713465286046e-01
9.351066707813024959e-01
9.712266338795838561e-01
9.934299101167404222e-01
9.998890209941793117e-01
9.890254940269216366e-01
9.593802437722505072e-01
9.091278322716064286e-01
8.350548479831076953e-01
7.304663843468199858e-01
5.796991915119404926e-01
3.301909638505307054e-01
3.318840548021355363e-02
1.783686629128153345e-02
1.143327920811684946e-02
3.728659821364535554e-01
9.259910053619002657e-01
9.259871280835652030e-01
3.730366613972597722e-01
1.153134289726780864e-02
1.807631143891586314e-02
3.356744054060392668e-02
3.233019182679178760e-01
5.741894667808871144e-01
7.253661518742721137e-01
8.304844310293784115e-01
9.053435458362937283e-01
9.566361766058817384e-01
9.875110472928673166e-01
9.996896167021719348e-01
9.945095196611525301e-01
9.734348146972222615e-01
9.382073556281901316e-01
8.907332793234931101e-01
8.327807223137925208e-01
7.655363689282103090e-01
6.889905540875342904e-01
6.009237828294182737e-01
4.946189177579712881e-01
3.509260531477856881e-01
1.087706177951179021e-01
3.484435381182898056e-02
1.633556851370667265e-02
4.084151306246727904e-03
7.343682372933496398e-03
6.984419645505893781e-01
1.000000000000000000e+00
6.984419645497186302e-01
7.343682372177655696e-03
4.084151307768706628e-03
1.633556851367045509e-02
3.484435381213749766e-02
1.087706177948052771e-01
3.509260531481241396e-01
4.946189177583003582e-01
6.009237828292410821e-01
6.889905540874547984e-01
7.655363689278648076e-01
8.327807223138018466e-01
8.907332793235764878e-01
9.382073556281769200e-01
9.734348146971895099e-01
9.945095196611533073e-01
9.996896167021706026e-01
9.875110472928730898e-01
9.566361766059303662e-01
9.053435458363058297e-01
8.304844310293405529e-01
7.253661518743218517e-01
5.741894667809538388e-01
3.233019182677309145e-01
3.356744054064335347e-02
1.807631143895891898e-02
1.153134289722705999e-02
3.730366613972537770e-01
9.259871280835524354e-01
9.259820191336539663e-01
3.732613824214450760e-01
1.165861379764842297e-02
1.838563451089062634e-02
3.404900285707229690e-02
3.140906019648320169e-01
5.668808444427136939e-01
7.185944980763028234e-01
8.243928200510119986e-01
9.002635913035129667e-01
9.529021046241223925e-01
9.853767962459675234e-01
9.992759647706070947e-01
9.957790676852119605e-01
9.761989066227337863e-01
9.421621193040312647e-01
8.955136921219351009e-01
8.380179124843852856e-01
7.709060447372264591e-01
6.942477712563177583e-01
6.059291379906306396e-01
4.993796938932724139e-01
3.557673363659503707e-01
1.112645402298015618e-01
3.428270108129433807e-02
1.589491713152184002e-02
3.732588994745026159e-03
7.713326553919892976e-03
6.980856152057647313e-01
1.000000000000000000e+00
6.980856152060075370e-01
7.713326555100923944e-03
3.732588993808099841e-03
1.589491713205507667e-02
3.428270108179909403e-02
1.112645402300262570e-01
3.557673363659727417e-01
4.993796938935720076e-01
6.059291379907912889e-01
6.942477712564025794e-01
7.709060447372200198e-01
8.380179124844113758e-01
8.955136921219086776e-01
9.421621193039768638e-01
9.761989066227180212e-01
9.957790676852037448e-01
9.992759647706073167e-01
9.853767962459564211e-01
9.529021046241107351e-01
9.002635913035285098e-01
8.243928200509577087e-01
7.185944980762678513e-01
5.668808444427044790e-01
3.140906019645118841e-01
3.404900285697168988e-02
1.838563451086848433e-02
1.165861379762693321e-02
3.732613824214681131e-01
9.259820191336405326e-01
9.259757283502340064e-01
3.735378103652848281e-01
1.181233441699890835e-02
1.875705606457348310e-02
3.461543416577061993e-02
3.025289195401347775e-01
5.578035271447986387e-01
7.101758599083363155e-01
8.167842878952081831e-01
8.938638186809630959e-01
9.481216318652619934e-01
9.825350035230683288e-01
9.985343025194424182e-01
9.971071810720490980e-01
9.793794750608389998e-01
9.468322138571593216e-01
9.012298732107647536e-01
8.443269106433637372e-01
7.774055243849742336e-01
7.006305638141121506e-01
6.120166638341456578e-01
5.051728083809740033e-01
3.616549276505533483e-01
1.147612350622560506e-01
3.361650691262849794e-02
1.536920152799581794e-02
3.311835010782383185e-03
8.155861333995477469e-03
6.976484837379286486e-01
1.000000000000000000e+00
6.976484837374704595e-01
8.155861335072470131e-03
3.311835009546124694e-03
1.536920152656095530e-02
3.361650691253424000e-02
1.147612350616160209e-01
3.616549276509012367e-01
5.051728083811848347e-01
6.120166638338322418e-01
7.006305638141844261e-01
7.774055243849651298e-01
8.443269106434116988e-01
9.012298732108653398e-01
9.468322138571909630e-01
9.793794750608798561e-01
9.971071810720509854e-01
9.985343025194480804e-01
9.825350035230621115e-01
9.481216318652958552e-01
8.938638186809735320e-01
8.167842878952308316e-01
7.101758599083618506e-01
5.578035271448924526e-01
3.025289195399361586e-01
3.461543416574874160e-02
1.875705606442999371e-02
1.181233441706879515e-02
3.735378103653615445e-01
9.259757283502505487e-01
9.259683153897022567e-01
3.738631553962006304e-01
1.198931760707202393e-02
1.918168954511072569e-02
3.524757344157169320e-02
2.885762308754761252e-01
5.469926354768345211e-01
7.001404030453278748e-01
8.076665298116022518e-01
8.861196017758038446e-01
9.422331194329530701e-01
9.788878067905799618e-01
9.973365302218888395e-01
9.983452525660055921e-01
9.828185915855073285e-01
9.520607005235152132e-01
9.077336613705860868e-01
8.515729178732639459e-01
7.849148650435797681e-01
7.080327844131538706e-01
6.190909602104927023e-01
5.119083875318036769e-01
3.684928292286307472e-01
1.195149879963269823e-01
3.286449682694642105e-02
1.477191990135926121e-02
2.832503102565428910e-03
8.659500925718975964e-03
6.971342858941839138e-01
9.999999999999998890e-01
6.971342858933894382e-01
8.659500925279055294e-03
2.832503102675931229e-03
1.477191990182378893e-02
3.286449682681973766e-02
1.195149879961297651e-01
3.684928292287537599e-01
5.119083875319859755e-01
6.190909602103182863e-01
7.080327844131856230e-01
7.849148650435998631e-01
8.515729178733406624e-01
9.077336613705794255e-01
9.520607005234545950e-01
9.828185915855295329e-01
9.983452525660063692e-01
9.973365302218890616e-01
9.788878067905348868e-01
9.422331194329912618e-01
8.861196017758086185e-01
8.076665298115967007e-01
7.001404030452937910e-01
5.469926354767590260e-01
2.885762308755290273e-01
3.524757344157457978e-02
1.918168954502393053e-02
1.198931760703225713e-02
3.738631553961156428e-01
9.259683153897398933e-01
9.259598481917270529e-01
3.742342473153214000e-01
1.218608758903916116e-02
1.964998162993459446e-02
3.592602620141038122e-02
2.721807356003265177e-01
5.344864430495892549e-01
6.885234841143682560e-01
7.970515134424616122e-01
8.770082977233530919e-01
9.351737885231740099e-01
9.743327801605992100e-01
9.955468847487540796e-01
9.993348225861118372e-01
9.863475557357437307e-01
9.576802239143410445e-01
9.148677831508569280e-01
8.596137547316397010e-01
7.933083533445494107e-01
7.163435709748574576e-01
6.270522001456361183e-01
5.194916332555749028e-01
3.761779933514846075e-01
1.258017524519397801e-01
3.204509713346478245e-02
1.411660503362036946e-02
2.305444480615397983e-03
9.212019754370581737e-03
6.965477949076066544e-01
1.000000000000000000e+00
6.965477949064441399e-01
9.212019754241461064e-03
2.305444481000807136e-03
1.411660503400590828e-02
3.204509713396162113e-02
1.258017524520329000e-01
3.761779933514786678e-01
5.194916332556751559e-01
6.270522001455975936e-01
7.163435709747331126e-01
7.933083533443431312e-01
8.596137547316923255e-01
9.148677831508837954e-01
9.576802239143277218e-01
9.863475557357410661e-01
9.993348225861138356e-01
9.955468847487484174e-01
9.743327801606289640e-01
9.351737885231724556e-01
8.770082977234467947e-01
7.970515134423998838e-01
6.885234841144123319e-01
5.344864430496444330e-01
2.721807356002797218e-01
3.592602620140328967e-02
1.964998162997685233e-02
1.218608758903226910e-02
3.742342473152564519e-01
9.259598481917576951e-01
9.259504013358371699e-01
3.746476152563497641e-01
1.239902226342009042e-02
2.015214439906537133e-02
3.663223503502141543e-02
2.532927453384453687e-01
5.203242736367049703e-01
6.753648165638754808e-01
7.849559760441194856e-01
8.665112686588509749e-01
9.268832886423314932e-01
9.687678597824415094e-01
9.930278780517356463e-01
9.999141369884100294e-01
9.897937280793062120e-01
9.635198712314526626e-01
9.224725687031503085e-01
8.683062961014396119e-01
8.024605115630499830e-01
7.254527639866814592e-01
6.358008492519970911e-01
5.278269398569450654e-01
3.846046238853980115e-01
1.338547874527337700e-01
3.117483240461534424e-02
1.341534752356861489e-02
1.740115597989900847e-03
9.803154013082980567e-03
6.958942989469980578e-01
1.000000000000000000e+00
6.958942989471992302e-01
9.803154015044401176e-03
1.740115596638085269e-03
1.341534752275129992e-02
3.117483240385182999e-02
1.338547874521749670e-01
3.846046238850160948e-01
5.278269398570568649e-01
6.358008492519395816e-01
7.254527639866644728e-01
8.024605115630277785e-01
8.683062961014235137e-01
9.224725687031394283e-01
9.635198712314301250e-01
9.897937280792816761e-01
9.999141369884108066e-01
9.930278780517333148e-01
9.687678597824281868e-01
9.268832886423713502e-01
8.665112686589381275e-01
7.849559760440455447e-01
6.753648165638227452e-01
5.203242736367461596e-01
2.532927453384614669e-01
3.663223503490881106e-02
2.015214439905126456e-02
1.239902226345934375e-02
3.746476152562202566e-01
9.259504013358482721e-01
9.259400543692458685e-01
3.750995685837626437e-01
1.262448766042626423e-02
2.067854949879457602e-02
3.734928642447228608e-02
2.319122223813873396e-01
5.045440907594024305e-01
6.607073259559264056e-01
7.714014730097479289e-01
8.546152682402776701e-01
9.173064283912879535e-01
9.620952348574304258e-01
9.896450231188221869e-01
9.999233453842285568e-01
9.929859018935331960e-01
9.694105270161132992e-01
9.303911842505971919e-01
8.775114967306785196e-01
8.122507928993992765e-01
7.352550989390881364e-01
6.452412060310864783e-01
5.368208354636115898e-01
3.936673684870991008e-01
1.437658520242038884e-01
3.026740283346470925e-02
1.267816988806407322e-02
1.144084630990139986e-03
1.042511737601829400e-02
6.951786970390060327e-01
1.000000000000000000e+00
6.951786970404700838e-01
1.042511737360537344e-02
1.144084631972671967e-03
1.267816988867937616e-02
3.026740283382482744e-02
1.437658520250569283e-01
3.936673684871433987e-01
5.368208354636233581e-01
6.452412060310415143e-01
7.352550989391640757e-01
8.122507928993843995e-01
8.775114967306496538e-01
9.303911842506381591e-01
9.694105270161074150e-01
9.929859018935273118e-01
9.999233453842277797e-01
9.896450231188201885e-01
9.620952348574337565e-01
9.173064283913295869e-01
8.546152682402420320e-01
7.714014730097518147e-01
6.607073259558911005e-01
5.045440907594710422e-01
2.319122223813617767e-01
3.734928642435193097e-02
2.067854949896344094e-02
1.262448766036378470e-02
3.750995685838395266e-01
9.259400543692444252e-01
9.259288901774079816e-01
3.755862754434338702e-01
1.285895714518146132e-02
2.122006211104288109e-02
3.806243958562667562e-02
2.082267602743063106e-01
4.871798269228058698e-01
6.445957154964164770e-01
7.564139533802750615e-01
8.413131109325404644e-01
9.063949275455128740e-01
9.542240102765644494e-01
9.852701114200885790e-01
9.992080719680579426e-01
9.957579221068725284e-01
9.751884176277900718e-01
9.384730710456762326e-01
8.870977025663442372e-01
8.225666709700178991e-01
7.456528850639315698e-01
6.552834673458903803e-01
5.463834185229510254e-01
4.032628607943828936e-01
1.554012683408918238e-01
2.933335285915752294e-02
1.191305627751328665e-02
5.233279845506304479e-04
1.107190499229005615e-02
6.944052797325427351e-01
1.000000000000000000e+00
6.944052797311318637e-01
1.107190499214908558e-02
5.233279851581881803e-04
1.191305627792296762e-02
2.933335285960038744e-02
1.554012683395397387e-01
4.032628607942960186e-01
5.463834185229525797e-01
6.552834673460258275e-01
7.456528850640092854e-01
8.225666709699793744e-01
8.870977025664330551e-01
9.384730710457285241e-01
9.751884176277706429e-01
9.957579221068788566e-01
9.992080719680604961e-01
9.852701114201047883e-01
9.542240102765903176e-01
9.063949275454977750e-01
8.413131109326378310e-01
7.564139533803361237e-01
6.445957154964550018e-01
4.871798269228093115e-01
2.082267602742944590e-01
3.806243958551193407e-02
2.122006211103245887e-02
1.285895714526290312e-02
3.755862754435547179e-01
9.259288901773879976e-01
9.259169934599091878e-01
3.761038359700443201e-01
1.309911020700571353e-02
2.176830130785702144e-02
3.875939982326288141e-02
1.829462690542153214e-01
4.682585267060827561e-01
6.270747910787350943e-01
7.400229025806306371e-01
8.266036497192985610e-01
8.941082024539593887e-01
9.450716432179641080e-01
9.797830377718392825e-01
9.976213483042450925e-01
9.979505316365258061e-01
9.806968141826257757e-01
9.465755497045833522e-01
8.969422010291673297e-01
8.333050725562446415e-01
7.565571096825510766e-01
6.658442358012792717e-01
5.564281645779666219e-01
4.132893517516917914e-01
1.684077477641631460e-01
2.837996513949867308e-02
1.112611764208961719e-02
1.174759509329038816e-04
1.173879502996779886e-02
6.935780716164995363e-01
9.999999999999998890e-01
6.935780716155884873e-01
1.173879503005959522e-02
1.174759512058730018e-04
1.112611764147603162e-02
2.837996513917441857e-02
1.684077477638350473e-01
4.132893517517928217e-01
5.564281645780303487e-01
6.658442358013051399e-01
7.565571096825819408e-01
8.333050725561460537e-01
8.969422010291600023e-01
9.465755497045430511e-01
9.806968141826263308e-01
9.979505316365299139e-01
9.976213483042394303e-01
9.797830377718069750e-01
9.450716432179782078e-01
8.941082024539956929e-01
8.266036497192682519e-01
7.400229025805911132e-01
6.270747910787175528e-01
4.682585267060229706e-01
1.829462690540881176e-01
3.875939982311349397e-02
2.176830130790239140e-02
1.309911020701852793e-02
3.761038359700338840e-01
9.259169934599190688e-01
9.259044493596528813e-01
3.766483478345949432e-01
1.334190800729558209e-02
2.231582195004883432e-02
3.943038008555945634e-02
1.578305876091311843e-01
4.477974370035966434e-01
6.081876121576913485e-01
7.222601389168412656e-01
8.104911698852553803e-01
8.804133161013673048e-01
9.345643102623698573e-01
9.730723518062045496e-01
9.950241015094551944e-01
9.994116405039552564e-01
9.857860803998080845e-01
9.545637627696115235e-01
9.069311706202762835e-01
8.443723023452198717e-01
7.678870989944177605e-01
6.768455688936815262e-01
5.668701633589673383e-01
4.236444504592123961e-01
1.823164729646845061e-01
2.741110581985556002e-02
1.032160553150618908e-02
7.749953258012081715e-04
1.242250436578051613e-02
6.927011459251963821e-01
1.000000000000000000e+00
6.927011459258881620e-01
1.242250436628312103e-02
7.749953263274869534e-04
1.032160553108256440e-02
2.741110581965362086e-02
1.823164729645237181e-01
4.236444504593682159e-01
5.668701633590510491e-01
6.768455688936436676e-01
7.678870989943534786e-01
8.443723023452641696e-01
9.069311706202959344e-01
9.545637627695984229e-01
9.857860803998088617e-01
9.994116405039548123e-01
9.950241015094459796e-01
9.730723518062052158e-01
9.345643102624050513e-01
8.804133161013738551e-01
8.104911698852763635e-01
7.222601389168565866e-01
6.081876121576839100e-01
4.477974370035695539e-01
1.578305876091136983e-01
3.943038008529832494e-02
2.231582195003194158e-02
1.334190800731958892e-02
3.766483478344840874e-01
9.259044493596787495e-01
9.258913422777168556e-01
3.772159625668607963e-01
1.358464505474473068e-02
2.285622063269105927e-02
4.006800247564062945e-02
1.356170018744241867e-01
4.258013239460148869e-01
5.879735396403793501e-01
7.031583731830493011e-01
7.929843534450773390e-01
8.652842961326612237e-01
9.226364567693063901e-01
9.650348297889266291e-01
9.912845197517378137e-01
9.999953490937488754e-01
9.903123893204781591e-01
9.623092639343133747e-01
9.169583238550709225e-01
8.556827418247260342e-01
7.795689997871908528e-01
6.882128016792509184e-01
5.776229780121333590e-01
4.342211715318469722e-01
1.966630935033305827e-01
2.642694681648710686e-02
9.501837320025839986e-03
1.447441949973435902e-03
1.312158787011460243e-02
6.917787056317237226e-01
1.000000000000000000e+00
6.917787056321982320e-01
1.312158786990689531e-02
1.447441948859670355e-03
9.501837321239256506e-03
2.642694681768420831e-02
1.966630935031330463e-01
4.342211715319726495e-01
5.776229780121054924e-01
6.882128016793437331e-01
7.795689997871509958e-01
8.556827418247076045e-01
9.169583238550413906e-01
9.623092639343208132e-01
9.903123893204665018e-01
9.999953490937492084e-01
9.912845197517535789e-01
9.650348297889246307e-01
9.226364567692965091e-01
8.652842961326029370e-01
7.929843534451426201e-01
7.031583731829981199e-01
5.879735396404898173e-01
4.258013239461366783e-01
1.356170018744969896e-01
4.006800247556323996e-02
2.285622063271712523e-02
1.358464505471341198e-02
3.772159625668513039e-01
9.258913422777097502e-01
9.258777548934629120e-01
3.778029318208854237e-01
1.382497820807250186e-02
2.338417371039668707e-02
4.066709042979200356e-02
1.182840082202284426e-01
4.022606615673707253e-01
5.664662486074898418e-01
6.827496407322228844e-01
7.740949803746525193e-01
8.487010478343101072e-01
9.092298152166257141e-01
9.555744052849710624e-01
9.862766693049941358e-01
9.995601135482626853e-01
9.941354904897830025e-01
9.696876199149006004e-01
9.269225976214866547e-01
8.671566715134715331e-01
7.915334217516931670e-01
6.998714531680534368e-01
5.885943915011560001e-01
4.449025542346564110e-01
2.110505652152118716e-01
2.542354091838400915e-02
8.667154915046123773e-03
2.134673657388634974e-03
1.383664761255735606e-02
6.908152002427340177e-01
1.000000000000000000e+00
6.908152002427967453e-01
1.383664761132411512e-02
2.134673656646947446e-03
8.667154915226663384e-03
2.542354091828300661e-02
2.110505652152592226e-01
4.449025542346407014e-01
5.885943915010939387e-01
6.998714531679873785e-01
7.915334217517037141e-01
8.671566715134990666e-01
9.269225976214644502e-01
9.696876199149309095e-01
9.941354904897872213e-01
9.995601135482593547e-01
9.862766693049878075e-01
9.555744052849424186e-01
9.092298152166713443e-01
8.487010478342460473e-01
7.740949803746934865e-01
6.827496407321608229e-01
5.664662486075446868e-01
4.022606615673200992e-01
1.182840082202154391e-01
4.066709042962448478e-02
2.338417371045041840e-02
1.382497820804578018e-02
3.778029318209429888e-01
9.258777548934120638e-01
9.258637673935553591e-01
3.784056434181068962e-01
1.406093556350518706e-02
2.389541892288389244e-02
4.122439595216981917e-02
1.057355547729263295e-01
3.771522409269763565e-01
5.436917715181137645e-01
6.610636978006174669e-01
7.538365154650907840e-01
8.306480728446932194e-01
8.942921644345144250e-01
9.446007847091301146e-01
9.798787279873280021e-01
9.979664344225480654e-01
9.971159034752713479e-01
9.765753868210644839e-01
9.367252471401339431e-01
8.787175807039321329e-01
8.037126098828695220e-01
7.117435631133921525e-01
5.996813326208437767e-01
4.555551190423647867e-01
2.251516219615370407e-01
2.439214506915939051e-02
7.815911222114727691e-03
2.838161831651567560e-03
1.457027588379179554e-02
6.898157288224865402e-01
1.000000000000000000e+00
6.898157288220546635e-01
1.457027588560430749e-02
2.838161833002283974e-03
7.815911220863948697e-03
2.439214506834555193e-02
2.251516219608923619e-01
4.555551190423718366e-01
5.996813326209704531e-01
7.117435631133512963e-01
8.037126098828764054e-01
8.787175807039235842e-01
9.367252471401432690e-01
9.765753868210540478e-01
9.971159034752660189e-01
9.979664344225473993e-01
9.798787279873324430e-01
9.446007847091456577e-01
8.942921644345063203e-01
8.306480728447596107e-01
7.538365154650257249e-01
6.610636978006868558e-01
5.436917715180771271e-01
3.771522409269109644e-01
1.057355547728907746e-01
4.122439595220739328e-02
2.389541892283386648e-02
1.406093556357496284e-02
3.784056434179203787e-01
9.258637673935291579e-01
9.258494569041063604e-01
3.790206475592983182e-01
1.429090863118877286e-02
2.438669373045184233e-02
4.173829768393416684e-02
9.677837234325842308e-02
3.504459652604389186e-01
5.196666542692065516e-01
6.381264467126530615e-01
7.322226932714270831e-01
8.111131612642590305e-01
8.777760533544409771e-01
9.320280231087898493e-01
9.719711498924977766e-01
9.950744020937992707e-01
9.991118678259685026e-01
9.828467797458924071e-01
9.462666649405112596e-01
8.902893112370302564e-01
8.160375183691355172e-01
7.237438158834068602e-01
6.107642704421766267e-01
4.660213831628539638e-01
2.386814535918716229e-01
2.331808274418566140e-02
6.944341432049099330e-03
3.560966169297406867e-03
1.532692377937589293e-02
6.887866380849413384e-01
1.000000000000000000e+00
6.887866380852082360e-01
1.532692377900259778e-02
3.560966169001885881e-03
6.944341432236780798e-03
2.331808274432944916e-02
2.386814535921362446e-01
4.660213831628628456e-01
6.107642704422715507e-01
7.237438158833737756e-01
8.160375183690660172e-01
8.902893112370005024e-01
9.462666649405060415e-01
9.828467797458899646e-01
9.991118678259670594e-01
9.950744020937972723e-01
9.719711498925063253e-01
9.320280231087550993e-01
8.777760533544595178e-01
8.111131612642674682e-01
7.322226932714833714e-01
6.381264467125391526e-01
5.196666542692823798e-01
3.504459652604525188e-01
9.677837234320574300e-02
4.173829768385226707e-02
2.438669373043179239e-02
1.429090863123102378e-02
3.790206475591910706e-01
9.258494569041004763e-01
9.258348971091454604e-01
3.796446740211079640e-01
1.451363158676705935e-02
2.485564348362077902e-02
4.220849662273302300e-02
9.026556235588871491e-02
3.221269755509951760e-01
4.943963766849169272e-01
6.139584274044950218e-01
7.092661687476843335e-01
7.900861683260235191e-01
8.596376475692093511e-01
9.177732656288842827e-01
9.624350067386321372e-01
9.907413660115204079e-01
9.999763159840594495e-01
9.883702934101529225e-01
9.554431938246148448e-01
9.017933482535597234e-01
8.284351458208385477e-01
7.357758037173603993e-01
6.217013402133310107e-01
4.761115681195331462e-01
2.513641095167163386e-01
2.217886963658482688e-02
6.046092607564515498e-03
4.307959697028242510e-03
1.611302346591547002e-02
6.877360770856596472e-01
1.000000000000000000e+00
6.877360770858194083e-01
1.611302346457655840e-02
4.307959695605439662e-03
6.046092608451866454e-03
2.217886963713541423e-02
2.513641095170532913e-01
4.761115681194837967e-01
6.217013402133724220e-01
7.357758037173558474e-01
8.284351458208804031e-01
9.017933482535702705e-01
9.554431938246240597e-01
9.883702934101528115e-01
9.999763159840587834e-01
9.907413660115093057e-01
9.624350067386221452e-01
9.177732656288875024e-01
8.596376475691936969e-01
7.900861683260670398e-01
7.092661687476908838e-01
6.139584274045098988e-01
4.943963766849392982e-01
3.221269755510114963e-01
9.026556235590406374e-02
4.220849662275275721e-02
2.485564348364578680e-02
1.451363158677329221e-02
3.796446740211024684e-01
9.258348971091239221e-01
9.258201580342045878e-01
3.802746414410274611e-01
1.472815136525829072e-02
2.530071143105635731e-02
4.263572811724931910e-02
8.539465650381247719e-02
2.922547318476360623e-01
4.678743800325830815e-01
5.885733968838900987e-01
6.849772569911082298e-01
7.675579280128163040e-01
8.398357879580212737e-01
9.017557859915596996e-01
9.511506779940732681e-01
9.848199264301880085e-01
9.995540710018283592e-01
9.930054685695631767e-01
9.641441455396966287e-01
9.131465311217709102e-01
8.408264737574029368e-01
7.477287677118182874e-01
6.323224180844096987e-01
4.855944982603312976e-01
2.629014513185637947e-01
2.094134134965549426e-02
5.111176959471898026e-03
5.086549907252295097e-03
1.693769809093581200e-02
6.866745038411299351e-01
9.999999999999998890e-01
6.866745038409961532e-01
1.693769809212448962e-02
5.086549908071770661e-03
5.111176958816960117e-03
2.094134134918522808e-02
2.629014513186560542e-01
4.855944982603418447e-01
6.323224180843771691e-01
7.477287677117691045e-01
8.408264737573752923e-01
9.131465311217378256e-01
9.641441455396810856e-01
9.930054685695670624e-01
9.995540710018280262e-01
9.848199264301845668e-01
9.511506779940882561e-01
9.017557859915683593e-01
8.398357879580059526e-01
7.675579280128106419e-01
6.849772569911943831e-01
5.885733968838938734e-01
4.678743800326541913e-01
2.922547318477652367e-01
8.539465650373265215e-02
4.263572811727737999e-02
2.530071143099440339e-02
1.472815136526778139e-02
3.802746414410754228e-01
9.258201580342507730e-01
9.258053059695250386e-01
3.809076599564955035e-01
1.493379207141725187e-02
2.572102074944960723e-02
4.302150185840211694e-02
8.164737473404387602e-02
2.611051018368360510e-01
4.400825094006101112e-01
5.619770300795459139e-01
6.593627497012977123e-01
7.435193026063067201e-01
8.183312865142672310e-01
8.838963843633869111e-01
9.379969949707537280e-01
9.771563868296659905e-01
9.976794152149589534e-01
9.965999422880463809e-01
9.722491804398371018e-01
9.242594135535311395e-01
8.531253248408274814e-01
7.594751288011870605e-01
6.424232936281722983e-01
4.941875100717385005e-01
2.729449736928820092e-01
1.955766215610288059e-02
4.124195758499617052e-03
5.908000585851998047e-03
1.781416075312411765e-02
6.856154493468321620e-01
1.000000000000000000e+00
6.856154493465489441e-01
1.781416075227089391e-02
5.908000585522887177e-03
4.124195758404886406e-03
1.955766215600572913e-02
2.729449736928429293e-01
4.941875100716564551e-01
6.424232936281101258e-01
7.594751288011715173e-01
8.531253248408288137e-01
9.242594135535032729e-01
9.722491804398258886e-01
9.965999422880469361e-01
9.976794152149586203e-01
9.771563868296674338e-01
9.379969949707608334e-01
8.838963843634033424e-01
8.183312865142468029e-01
7.435193026063529054e-01
6.593627497013586636e-01
5.619770300796091966e-01
4.400825094006072802e-01
2.611051018368504284e-01
8.164737473412025937e-02
4.302150185834799356e-02
2.572102074942338862e-02
1.493379207146038404e-02
3.809076599565562327e-01
9.258053059695292575e-01
9.257904035050515956e-01
3.815410285173315152e-01
1.513011669354411871e-02
2.611625664837039992e-02
4.336787612311638479e-02
7.869039085114079568e-02
2.294607679138936651e-01
4.109947653507751708e-01
5.341658444044243836e-01
6.324247758941046182e-01
7.179603236206804073e-01
7.950864294800952248e-01
8.641171472709899826e-01
9.228508872175610334e-01
9.675897567511384523e-01
9.941741333968308059e-01
9.989868731897169063e-01
9.796261473406052689e-01
9.350354481039286902e-01
8.652384165546297412e-01
7.708690754889507835e-01
6.517599914146408047e-01
5.015449545297225864e-01
2.810674657373283258e-01
1.796035341266086563e-02
3.061757159284251174e-03
6.789282681041254423e-03
1.876156810503915029e-02
6.845768365418288814e-01
1.000000000000000000e+00
6.845768365423600121e-01
1.876156810560965574e-02
6.789282681226371970e-03
3.061757159443946347e-03
1.796035341251271678e-02
2.810674657375992203e-01
5.015449545296979394e-01
6.517599914145862927e-01
7.708690754889564456e-01
8.652384165546435080e-01
9.350354481039343524e-01
9.796261473406077114e-01
9.989868731897136866e-01
9.941741333968311389e-01
9.675897567511441144e-01
9.228508872175495981e-01
8.641171472710136303e-01
7.950864294800910059e-01
7.179603236207235950e-01
6.324247758941572428e-01
5.341658444044367071e-01
4.109947653507652898e-01
2.294607679140566459e-01
7.869039085103739228e-02
4.336787612317189594e-02
2.611625664830214896e-02
1.513011669355627913e-02
3.815410285172224913e-01
9.257904035050551483e-01
9.257755096517271687e-01
3.821722281537509036e-01
1.531688853369433077e-02
2.648655445000894920e-02
4.367726843715296486e-02
7.630491751344618823e-02
1.989864063074035239e-01
3.805887597924060839e-01
5.051266378253213007e-01
6.041596808516872530e-01
6.908693486619463808e-01
7.700646127750881975e-01
8.423415218068786015e-01
9.055875322887741996e-01
9.559513576510887400e-01
9.888461042601697226e-01
9.999827948986614867e-01
9.861294229578690951e-01
9.453710973115025951e-01
8.770668185221973667e-01
7.817464031196482699e-01
6.600431614734827424e-01
5.072445390095491335e-01
2.867298754457170418e-01
1.605679653527902762e-02
1.888884205883812348e-03
7.755462311742580828e-03
1.980712304931813925e-02
6.835828252222432289e-01
9.999999999999998890e-01
6.835828252220624845e-01
1.980712304853057132e-02
7.755462311279801707e-03
1.888884206043071673e-03
1.605679653538428370e-02
2.867298754456931165e-01
5.072445390096609330e-01
6.600431614734197927e-01
7.817464031196341701e-01
8.770668185222048052e-01
9.453710973114761718e-01
9.861294229578612125e-01
9.999827948986618198e-01
9.888461042601681683e-01
9.559513576510819677e-01
9.055875322887564360e-01
8.423415218068969201e-01
7.700646127750395697e-01
6.908693486619759128e-01
6.041596808517347705e-01
5.051266378252405875e-01
3.805887597924790811e-01
1.989864063073873424e-01
7.630491751329403216e-02
4.367726843715433876e-02
2.648655445002874240e-02
1.531688853361673659e-02
3.821722281537782151e-01
9.257755096517170657e-01
9.257606800230359090e-01
3.827989123854140807e-01
1.549403418174928777e-02
2.683239757270907896e-02
4.395230194089502773e-02
7.434344622726563045e-02
1.720804479155935152e-01
3.488749054615163936e-01
4.748371741952542302e-01
5.745569520520877882e-01
6.622321440941286719e-01
7.432299986397462588e-01
8.184946127857217757e-01
8.860809689674508105e-01
9.420650550462892348e-01
9.814884948415447674e-01
9.993859200549661814e-01
9.915987219022515120e-01
9.551568713650505638e-01
8.885089168425193140e-01
7.919257009923446056e-01
6.669323031743746855e-01
5.107702688417427028e-01
2.892364542443707220e-01
1.372401234040507116e-02
5.538009797085441258e-04
8.843110433789993022e-03
2.098886767607190118e-02
6.826659363235374478e-01
1.000000000000000000e+00
6.826659363235227929e-01
2.098886767675968087e-02
8.843110434270285911e-03
5.538009794463199641e-04
1.372401234021223063e-02
2.892364542442911191e-01
5.107702688417047332e-01
6.669323031743481511e-01
7.919257009923560409e-01
8.885089168425098771e-01
9.551568713650506748e-01
9.915987219022601717e-01
9.993859200549682908e-01
9.814884948415413257e-01
9.420650550463022244e-01
8.860809689674588041e-01
8.184946127857298803e-01
7.432299986396675440e-01
6.622321440941912885e-01
5.745569520520884543e-01
4.748371741952669423e-01
3.488749054615333800e-01
1.720804479154719180e-01
7.434344622723858265e-02
4.395230194090025966e-02
2.683239757272222123e-02
1.549403418172056249e-02
3.827989123854088627e-01
9.257606800230605559e-01
9.257459670556104081e-01
3.834188958163758376e-01
1.566160930291856865e-02
2.715452767310846602e-02
4.419568485808103575e-02
7.270382385670334791e-02
1.505255685727233117e-01
3.159651607936527773e-01
4.432698660839701210e-01
5.435983736925481535e-01
6.320308140328643187e-01
7.145470547878495227e-01
7.925035712058059456e-01
8.642050944564121373e-01
9.257481134566716285e-01
9.718795993482960416e-01
9.969748917950352896e-01
9.958582684814842878e-01
9.642791533810483040e-01
8.994648418564652470e-01
8.012108725635954665e-01
6.720294462591388518e-01
5.114900590515374379e-01
2.876661246113844661e-01
1.080487777084215145e-02
1.019992871522456147e-03
1.010580383543654634e-02
2.236042021593777698e-02
6.818694730399397219e-01
1.000000000000000000e+00
6.818694730397916182e-01
2.236042021589033924e-02
1.010580383568032876e-02
1.019992871597410946e-03
1.080487777087641224e-02
2.876661246112764969e-01
5.114900590515947254e-01
6.720294462591281937e-01
8.012108725635422868e-01
8.994648418564636927e-01
9.642791533810597393e-01
9.958582684814875075e-01
9.969748917950351785e-01
9.718795993482877149e-01
9.257481134566701853e-01
8.642050944564041437e-01
7.925035712057618698e-01
7.145470547878309819e-01
6.320308140328803059e-01
5.435983736925663612e-01
4.432698660839406446e-01
3.159651607936369011e-01
1.505255685726386572e-01
7.270382385667206737e-02
4.419568485803106184e-02
2.715452767314447194e-02
1.566160930295784626e-02
3.834188958162009775e-01
9.257459670556431597e-01
9.257314202491568889e-01
3.840301418033730818e-01
1.581976802934734541e-02
2.745386786926774791e-02
4.441011936920102182e-02
7.131354021755978434e-02
1.343488000494892087e-01
2.822219887873449462e-01
4.104025175590940711e-01
5.112579590906065619e-01
6.002425559525235155e-01
6.839798207260222584e-01
7.642979019261842977e-01
8.398349224797486690e-01
9.068126403233919275e-01
9.597833528316391805e-01
9.925079589253560375e-01
9.987161326365067149e-01
9.726224988744276434e-01
9.098421325184717912e-01
8.093948837949401787e-01
6.748718638045952956e-01
5.086251116878617307e-01
2.807557698090599740e-01
7.106916902809596627e-03
2.945697344856112142e-03
1.162302866633254522e-02
2.399912289695477208e-02
6.812508145248407088e-01
9.999999999999998890e-01
6.812508145250111280e-01
2.399912289707099508e-02
1.162302866624427382e-02
2.945697344799945699e-03
7.106916902760378185e-03
2.807557698089367948e-01
5.086251116878497402e-01
6.748718638045150264e-01
8.093948837949191955e-01
9.098421325184560260e-01
9.726224988744331945e-01
9.987161326365088243e-01
9.925079589253531509e-01
9.597833528316254137e-01
9.068126403234006983e-01
8.398349224797551082e-01
7.642979019261665341e-01
6.839798207260612273e-01
6.002425559524796617e-01
5.112579590906239924e-01
4.104025175591348717e-01
2.822219887871846855e-01
1.343488000496892432e-01
7.131354021744888694e-02
4.441011936928823678e-02
2.745386786919538913e-02
1.581976802953458106e-02
3.840301418032681102e-01
9.257314202491546684e-01
9.257170864103362318e-01
3.846307499175077305e-01
1.596873634594971406e-02
2.773145897250275591e-02
4.459823568184395626e-02
7.011998139111419448e-02
1.224331365027597485e-01
2.485269377132794666e-01
3.762453797711134973e-01
4.775040691581541874e-01
5.668383921618402876e-01
6.514907516439618629e-01
7.338094761665986399e-01
8.128479262008342365e-01
8.850675445649797135e-01
9.449505353795265572e-01
9.857225361397923269e-01
9.999634427124572955e-01
9.800718979992788515e-01
9.195622113683111776e-01
8.162646200037834143e-01
6.749235559800516038e-01
5.012066646050201690e-01
2.666790969202658124e-01
2.403201134384702793e-03
5.390663641148999742e-03
1.351372354213105885e-02
2.601861467044231518e-02
6.808863227171801924e-01
1.000000000000000000e+00
6.808863227173774790e-01
2.601861467048752555e-02
1.351372354211029247e-02
5.390663641163173300e-03
2.403201134436335970e-03
2.666790969203757800e-01
5.012066646049984087e-01
6.749235559800532691e-01
8.162646200037720901e-01
9.195622113682814236e-01
9.800718979992825153e-01
9.999634427124577396e-01
9.857225361397928820e-01
9.449505353795382145e-01
8.850675445649990314e-01
8.128479262008480033e-01
7.338094761665794330e-01
6.514907516439832902e-01
5.668383921617995425e-01
4.775040691581254881e-01
3.762453797712412840e-01
2.485269377130028268e-01
1.224331365029709268e-01
7.011998139097831706e-02
4.459823568177335995e-02
2.773145897256123690e-02
1.596873634586895574e-02
3.846307499174243527e-01
9.257170864103346775e-01
9.257030098883874958e-01
3.852189437564643715e-01
1.610878955347447641e-02
2.798840797066569006e-02
4.476254699975579232e-02
6.908422377461148622e-02
1.135557217119035761e-01
2.165538594935751127e-01
3.409047450594600015e-01
4.423071328130207536e-01
5.317824537453810230e-01
6.170390521554592889e-01
7.009719933684315230e-01
7.831252223156650594e-01
8.603208777221463821e-01
9.271206584896972691e-01
9.763351031078958409e-01
9.993731120940235746e-01
9.865142926226337927e-01
9.285670639236028867e-01
8.216068629615360663e-01
6.715657895715020365e-01
4.880131049437545498e-01
2.425691824605421820e-01
3.569578593134440769e-03
8.601300014469305186e-03
1.595610688883485756e-02
2.858681637431115946e-02
6.808778117176367273e-01
1.000000000000000000e+00
6.808778117176335076e-01
2.858681637474776160e-02
1.595610688918187858e-02
8.601300014630317015e-03
3.569578593287996322e-03
2.425691824604379321e-01
4.880131049437692048e-01
6.715657895714992609e-01
8.216068629615277397e-01
9.285670639235795720e-01
9.865142926226453390e-01
9.993731120940275714e-01
9.763351031078782993e-01
9.271206584897122571e-01
8.603208777221268422e-01
7.831252223156701664e-01
7.009719933683257187e-01
6.170390521554708352e-01
5.317824537453639255e-01
4.423071328130503410e-01
3.409047450594808737e-01
2.165538594934826311e-01
1.135557217120382878e-01
6.908422377442378914e-02
4.476254699978568508e-02
2.798840797061439428e-02
1.610878955342836746e-02
3.852189437565378682e-01
9.257030098884020397e-01
9.256892327930483777e-01
3.857930595230891213e-01
1.624023366948475905e-02
2.822584757479239259e-02
4.490542129129368454e-02
6.817698011825146232e-02
1.067891988693025207e-01
1.884972202015067211e-01
3.047218806188520812e-01
4.056610771872874444e-01
4.950334519703319391e-01
5.805786211997722157e-01
6.657196132602162253e-01
7.505522671305080440e-01
8.323823432728875149e-01
9.060244851428157498e-01
9.640413968252936616e-01
9.966976727518361834e-01
9.918384797764617788e-01
9.368253986007587519e-01
8.252157466458873714e-01
6.640881362204336114e-01
4.674754124533674893e-01
2.033231717417565698e-01
1.112697169409532921e-02
1.293917029694823494e-02
1.921737390746549451e-02
3.195220496607877048e-02
6.813588909209600253e-01
1.000000000000000000e+00
6.813588909210648303e-01
3.195220496559695450e-02
1.921737390723102581e-02
1.293917029683955798e-02
1.112697169406699250e-02
2.033231717416173201e-01
4.674754124533159194e-01
6.640881362204116289e-01
8.252157466458766022e-01
9.368253986007487599e-01
9.918384797764634442e-01
9.966976727518362944e-01
9.640413968252958821e-01
9.060244851428064239e-01
8.323823432728694183e-01
7.505522671305098203e-01
6.657196132602083427e-01
5.805786211997188140e-01
4.950334519703360470e-01
4.056610771872287691e-01
3.047218806188725648e-01
1.884972202015544052e-01
1.067891988692908634e-01
6.817698011817281689e-02
4.490542129132259891e-02
2.822584757483667314e-02
1.624023366951103664e-02
3.857930595231462423e-01
9.256892327930172915e-01
9.256757951883541891e-01
3.863515356492721597e-01
1.636339046910154776e-02
2.844490541942067824e-02
4.502906611755588123e-02
6.737588740110465879e-02
1.015039807367595498e-01
1.658684562435474297e-01
2.685321155918465319e-01
3.676372203811868467e-01
4.565526029644926820e-01
5.420563280061867495e-01
6.279845250348038421e-01
7.150186337435621153e-01
8.010656446706946321e-01
8.813870714964923136e-01
9.485168588131988043e-01
9.916658111155106647e-01
9.959324424226272399e-01
9.443375455775808724e-01
8.269026446614048398e-01
6.516835670768341693e-01
4.375302486195337126e-01
1.395677354299762474e-01
2.068013029618085211e-02
1.893508523584973291e-02
2.370066971165835437e-02
3.648556605769730232e-02
6.824976348416426086e-01
1.000000000000000000e+00
6.824976348416954552e-01
3.648556605776738515e-02
2.370066971159394062e-02
1.893508523578872269e-02
2.068013029618000209e-02
1.395677354299329487e-01
4.375302486195188356e-01
6.516835670768088562e-01
8.269026446614025083e-01
9.443375455775760985e-01
9.959324424226262407e-01
9.916658111155129962e-01
9.485168588131974721e-01
8.813870714965027497e-01
8.010656446706836409e-01
7.150186337435430195e-01
6.279845250347927399e-01
5.420563280062078437e-01
4.565526029644044193e-01
3.676372203812854345e-01
2.685321155919054847e-01
1.658684562435202570e-01
1.015039807367706937e-01
6.737588740102433416e-02
4.502906611746974874e-02
2.844490541941269851e-02
1.636339046913090969e-02
3.863515356493011366e-01
9.256757951883336499e-01
9.256627352583640667e-01
3.868929036434189395e-01
1.647858578504158775e-02
2.864668143001910042e-02
4.513552324993312659e-02
6.666365244430944026e-02
9.728224380660731307e-02
1.486256882201204554e-01
2.339669518491468148e-01
3.285106138012343080e-01
4.163288367677645541e-01
5.014129823917489182e-01
5.876934924809967820e-01
6.764163420436005714e-01
7.661901868750402578e-01
8.529311237499984655e-01
9.294173093994807511e-01
9.839772542747680095e-01
9.986771435613900350e-01
9.511384462367561410e-01
8.265102299396246410e-01
6.334549324699617623e-01
3.954012345662699657e-01
8.347096985715508899e-02
3.281386977601400551e-02
2.737138772540334553e-02
3.002148674878626911e-02
4.274979599086117105e-02
6.844903572956229088e-01
1.000000000000000000e+00
6.844903572956146931e-01
4.274979599083288812e-02
3.002148674881411836e-02
2.737138772545859647e-02
3.281386977597352400e-02
8.347096985699155314e-02
3.954012345662646366e-01
6.334549324699709771e-01
8.265102299396061003e-01
9.511384462367542536e-01
9.986771435613891468e-01
9.839772542747698969e-01
9.294173093994864132e-01
8.529311237500005749e-01
7.661901868750512490e-01
6.764163420435904683e-01
5.876934924809821270e-01
5.014129823917460316e-01
4.163288367676838408e-01
3.285106138012698906e-01
2.339669518491554745e-01
1.486256882201574536e-01
9.728224380658914705e-02
6.666365244424710124e-02
4.513552324990131870e-02
2.864668143002809322e-02
1.647858578500051643e-02
3.868929036434635149e-01
9.256627352583504109e-01
9.256500894425980785e-01
3.874157802433608744e-01
1.658614063667359501e-02
2.883223191030490767e-02
4.522667029762451885e-02
6.602675859469830932e-02
9.384396910828676774e-02
1.357196676373098876e-01
2.033010389259142792e-01
2.890224399621836304e-01
3.744481271370229125e-01
4.585938565669819278e-01
5.447643737811143083e-01
6.346362030299571577e-01
7.275814454480531435e-01
8.203803319330587041e-01
9.063798351963691102e-01
9.732957457548289115e-01
9.999358749581690464e-01
9.572982542540310336e-01
8.239332432484065549e-01
6.084476397436938688e-01
3.374993531553340254e-01
8.048959899657803785e-02
4.839491763358589466e-02
3.940496067681289322e-02
3.912919366348443367e-02
5.161321483655063186e-02
6.875393699145616599e-01
1.000000000000000000e+00
6.875393699145850857e-01
5.161321483639542962e-02
3.912919366335511351e-02
3.940496067673726621e-02
4.839491763356318366e-02
8.048959899652889660e-02
3.374993531552942794e-01
6.084476397436801021e-01
8.239332432483938984e-01
9.572982542540293682e-01
9.999358749581689354e-01
9.732957457548366831e-01
9.063798351963634481e-01
8.203803319330643662e-01
7.275814454480187266e-01
6.346362030299578239e-01
5.447643737810798914e-01
4.585938565670276135e-01
3.744481271369728415e-01
2.890224399621711404e-01
2.033010389259389261e-01
1.357196676372833810e-01
9.384396910826205140e-02
6.602675859466909658e-02
4.522667029761590074e-02
2.883223191023203194e-02
1.658614063672227829e-02
3.874157802433815245e-01
9.256500894425828685e-01
9.256378925407713343e-01
3.879188608892580326e-01
1.668636475596145877e-02
2.900255900042321075e-02
4.530422705544331907e-02
6.545454715831502956e-02
9.099754458729532314e-02
1.259788103049151176e-01
1.783051130459285538e-01
2.507713547820416000e-01
3.312682576176334548e-01
4.135879369156159613e-01
4.991066572935512480e-01
5.895620077627858890e-01
6.850690915817879700e-01
7.834621667482944973e-01
8.790239068639712494e-01
9.592399613662493385e-01
9.995382760258509913e-01
9.629202296075070056e-01
8.191490360168659501e-01
5.757418456408242013e-01
2.624896853549855136e-01
9.203492064763053870e-02
6.869953073607555638e-02
5.674436322951072892e-02
5.248906963462039721e-02
6.441455563578453447e-02
6.918044347371301583e-01
1.000000000000000000e+00
6.918044347371129499e-01
6.441455563538406315e-02
5.248906963436371365e-02
5.674436322938587740e-02
6.869953073600078286e-02
9.203492064762187896e-02
2.624896853549149034e-01
5.757418456408323060e-01
8.191490360168748319e-01
9.629202296074945711e-01
9.995382760258512134e-01
9.592399613662506708e-01
8.790239068639579267e-01
7.834621667483064877e-01
6.850690915817556625e-01
5.895620077627840017e-01
4.991066572935164425e-01
4.135879369155704421e-01
3.312682576175654536e-01
2.507713547820220601e-01
1.783051130460091283e-01
1.259788103049032659e-01
9.099754458726719286e-02
6.545454715833291803e-02
4.530422705541754802e-02
2.900255900044958202e-02
1.668636475590730764e-02
3.879188608892086831e-01
9.256378925407464653e-01
9.256261777878154184e-01
3.884009144762564647e-01
1.677955208922243466e-02
2.915860431065269917e-02
4.536976473255492637e-02
6.493855386304338284e-02
8.860876916358477462e-02
1.184846508742320448e-01
1.591583353325546346e-01
2.162886088536524476e-01
2.878009645123442706e-01
3.665479056837593896e-01
4.506394972584997216e-01
5.410641392287256490e-01
6.384818397892814135e-01
7.419093997881448521e-01
8.469528366228376015e-01
9.413723594970067055e-01
9.972579598158081149e-01
9.681356312844483503e-01
8.122611064895567390e-01
5.346936246418317884e-01
1.962891912834465458e-01
1.111339669697979093e-01
9.555299946316289650e-02
8.189503891176019845e-02
7.233179111233810354e-02
8.314956635854277300e-02
6.973119204503800406e-01
1.000000000000000000e+00
6.973119204504547586e-01
8.314956635851487865e-02
7.233179111235564507e-02
8.189503891166809157e-02
9.555299946312777182e-02
1.111339669698075266e-01
1.962891912833235053e-01
5.346936246417864913e-01
8.122611064895401967e-01
9.681356312844541234e-01
9.972579598158124448e-01
9.413723594970049291e-01
8.469528366228534777e-01
7.419093997881607283e-01
6.384818397892670916e-01
5.410641392286953399e-01
4.506394972584530367e-01
3.665479056838364391e-01
2.878009645123437155e-01
2.162886088535644624e-01
1.591583353326903594e-01
1.184846508741168314e-01
8.860876916360378719e-02
6.493855386299411669e-02
4.536976473261275511e-02
2.915860431072620634e-02
1.677955208918907939e-02
3.884009144761479404e-01
9.256261777878367347e-01
9.256149769009952566e-01
3.888607793019367431e-01
1.686597788727402236e-02
2.930124570072672324e-02
4.542471662520051329e-02
6.447202179781930109e-02
8.658153277304071749e-02
1.125956201178587857e-01
1.448306927819328349e-01
1.879222371618758936e-01
2.462653700805201296e-01
3.181167266746020017e-01
3.993699475424391521e-01
4.890007902507444437e-01
5.876385444389216062e-01
6.954593434383198325e-01
8.097559242632302867e-01
9.191862729807114274e-01
9.927820706287139307e-01
9.730950150167769763e-01
8.035593315501209366e-01
4.855973125768367482e-01
1.771118503854978987e-01
1.375549437538927111e-01
1.314766313034508582e-01
1.184841893215820147e-01
1.019472203292168672e-01
1.105228804416358845e-01
7.037945960207561136e-01
1.000000000000000000e+00
7.037945960207220297e-01
1.105228804413294769e-01
1.019472203289871898e-01
1.184841893214495234e-01
1.314766313033524925e-01
1.375549437539451414e-01
1.771118503854319792e-01
4.855973125767834020e-01
8.035593315501050604e-01
9.730950150167785306e-01
9.927820706287212582e-01
9.191862729807120935e-01
8.097559242632409449e-01
6.954593434383312678e-01
5.876385444389562451e-01
4.890007902506951498e-01
3.993699475424881684e-01
3.181167266744258648e-01
2.462653700805284007e-01
1.879222371618385345e-01
1.448306927820000034e-01
1.125956201177418237e-01
8.658153277301548767e-02
6.447202179779029652e-02
4.542471662520927017e-02
2.930124570071525325e-02
1.686597788726991454e-02
3.888607793019937531e-01
9.256149769009968109e-01
9.256043201011574517e-01
3.892973601070374157e-01
1.694589702375260201e-02
2.943129634907844239e-02
4.547038916002743569e-02
6.404953828739587407e-02
8.484561048650192394e-02
1.078768018703938764e-01
1.340540029682625311e-01
1.662553533936423356e-01
2.099766802538412525e-01
2.701410208494612886e-01
3.456599193074331722e-01
4.332588416543180498e-01
5.323386832771265231e-01
6.438496733360299373e-01
7.670121294577274540e-01
8.920924550613275050e-01
9.856699038539968871e-01
9.779542764249773423e-01
7.936039720956238330e-01
4.315244795070571904e-01
1.859620149198805139e-01
1.724464412000457081e-01
1.798211845797932917e-01
1.716509289314226139e-01
1.459008173340544390e-01
1.494027336735066491e-01
7.104092311201041232e-01
9.999999999999998890e-01
7.104092311201604115e-01
1.494027336734652933e-01
1.459008173340061165e-01
1.716509289314017139e-01
1.798211845797438035e-01
1.724464412000812630e-01
1.859620149198626116e-01
4.315244795070054540e-01
7.936039720955976318e-01
9.779542764249715692e-01
9.856699038539978863e-01
8.920924550613464898e-01
7.670121294577277871e-01
6.438496733360307145e-01
5.323386832771161981e-01
4.332588416542996201e-01
3.456599193074663678e-01
2.701410208494186005e-01
2.099766802538098054e-01
1.662553533936315941e-01
1.340540029682662782e-01
1.078768018703780279e-01
8.484561048644603809e-02
6.404953828740057864e-02
4.547038916001557712e-02
2.943129634909386408e-02
1.694589702380104937e-02
3.892973601070082723e-01
9.256043201011696642e-01
9.255942361097752036e-01
3.897096261310060150e-01
1.701954325072050841e-02
2.954950537497039870e-02
4.550797261101225538e-02
6.366675989607457897e-02
8.334878868533596163e-02
1.040323508534613250e-01
1.258038134999506785e-01
1.502198707032874336e-01
1.813913084748013937e-01
2.263798235244896262e-01
2.909936832150157859e-01
3.739513424643695072e-01
4.723717274123030996e-01
5.868107472518347967e-01
7.182968713833185470e-01
8.594086862433203411e-01
9.752963665622305101e-01
9.828506124572192748e-01
7.833517747316249835e-01
3.819748392273731863e-01
2.087169969664194602e-01
2.175463645754250053e-01
2.448021381414840492e-01
2.483853183040921897e-01
2.097893767526752551e-01
2.009217359576817852e-01
7.152239172889309771e-01
1.000000000000000000e+00
7.152239172890950680e-01
2.009217359576455642e-01
2.097893767526705922e-01
2.483853183040665435e-01
2.448021381415083353e-01
2.175463645754253106e-01
2.087169969664321445e-01
3.819748392273270010e-01
7.833517747316189883e-01
9.828506124572152780e-01
9.752963665622333966e-01
8.594086862433210072e-01
7.182968713833172147e-01
5.868107472518325762e-01
4.723717274123213627e-01
3.739513424643131079e-01
2.909936832149982444e-01
2.263798235244429136e-01
1.813913084748244586e-01
1.502198707033546576e-01
1.258038134999544533e-01
1.040323508534542057e-01
8.334878868528099172e-02
6.366675989606106201e-02
4.550797261097792867e-02
2.954950537500083269e-02
1.701954325067502397e-02
3.897096261309508924e-01
9.255942361097894144e-01
9.255847521277158485e-01
3.900966100280047200e-01
1.708712927675673163e-02
2.965655932576808165e-02
4.553855107007734326e-02
6.332020094667147048e-02
8.205166740691786920e-02
1.008578386524934256e-01
1.193586659494144248e-01
1.383182587821013276e-01
1.603638783963656222e-01
1.910521228791579873e-01
2.393822009469440959e-01
3.121551081882585899e-01
4.076343211219157769e-01
5.240619487429930556e-01
6.631944551264165044e-01
8.203612169070838567e-01
9.607768224127761769e-01
9.878547274673267209e-01
7.743649995121009155e-01
3.520246064898970295e-01
2.417501900432154349e-01
2.750883932517723118e-01
3.312034841620982717e-01
3.574711345217582714e-01
2.987969248686864754e-01
2.612971608597286499e-01
7.143101819113211182e-01
1.000000000000000000e+00
7.143101819115325046e-01
2.612971608598586570e-01
2.987969248687226687e-01
3.574711345217567726e-01
3.312034841621226966e-01
2.750883932517977915e-01
2.417501900432333650e-01
3.520246064898570060e-01
7.743649995121032470e-01
9.878547274673249445e-01
9.607768224127825052e-01
8.203612169070761961e-01
6.631944551264264964e-01
5.240619487429912793e-01
4.076343211219300433e-01
3.121551081882243395e-01
2.393822009469142031e-01
1.910521228791187687e-01
1.603638783963547976e-01
1.383182587821231990e-01
1.193586659493912211e-01
1.008578386524863202e-01
8.205166740685787552e-02
6.332020094671517163e-02
4.553855107005961439e-02
2.965655932576394260e-02
1.708712927677600094e-02
3.900966100280274240e-01
9.255847521277554835e-01
9.255758938084954757e-01
3.904574071452752149e-01
1.714884723323297291e-02
2.975308444713419334e-02
4.556311081866275953e-02
6.300706917986211020e-02
8.092414865545902170e-02
9.820929211453918728e-02
1.142299987156327190e-01
1.293222120477319215e-01
1.451494302018972449e-01
1.653077719502271115e-01
1.969240251405286191e-01
2.518945836647190628e-01
3.387237696989016111e-01
4.553595501579544846e-01
6.013201401189358641e-01
7.741152641122206468e-01
9.408793245814101036e-01
9.928639924020585816e-01
7.691581381393375327e-01
3.490084890477646029e-01
2.853145544349527385e-01
3.481159674830240913e-01
4.432780240484300860e-01
5.082600756982658119e-01
4.149915860228669540e-01
3.190723617367915432e-01
7.004861083885399742e-01
1.000000000000000000e+00
7.004861083887943263e-01
3.190723617370321286e-01
4.149915860229501652e-01
5.082600756982784684e-01
4.432780240484814338e-01
3.481159674830579531e-01
2.853145544349662277e-01
3.490084890477446189e-01
7.691581381393427508e-01
9.928639924020535856e-01
9.408793245814062178e-01
7.741152641122250877e-01
6.013201401189115503e-01
4.553595501579700833e-01
3.387237696989011115e-01
2.518945836646928060e-01
1.969240251405649511e-01
1.653077719501470644e-01
1.451494302019304683e-01
1.293222120477448278e-01
1.142299987156703139e-01
9.820929211447708418e-02
8.092414865543946789e-02
6.300706917980652966e-02
4.556311081868669177e-02
2.975308444714583681e-02
1.714884723325011198e-02
3.904574071453079109e-01
9.255758938084969190e-01
9.255676851843422925e-01
3.907911760935577350e-01
1.720486874288916848e-02
2.983964975887787308e-02
4.558254700017225908e-02
6.272513574058463659e-02
7.994301251943899955e-02
9.598341127229660652e-02
1.100872524291501009e-01
1.223767561096293227e-01
1.339781735104353388e-01
1.471990268164143634e-01
1.664830433184216751e-01
2.013352028329654098e-01
2.691496007909863208e-01
3.808364308077784588e-01
5.323650369170169760e-01
7.198598957916455543e-01
9.139610149533066163e-01
9.973614409893394317e-01
7.716349262183227475e-01
3.707055801079256474e-01
3.428799684297728634e-01
4.414287616832014427e-01
5.821645371778719769e-01
7.045420707066654131e-01
5.575020776769221698e-01
3.528425836738783294e-01
6.632376744895054355e-01
1.000000000000000000e+00
6.632376744898975662e-01
3.528425836742711263e-01
5.575020776771193454e-01
7.045420707067349131e-01
5.821645371779611278e-01
4.414287616832277550e-01
3.428799684297894057e-01
3.707055801079102153e-01
7.716349262183012092e-01
9.973614409893376553e-01
9.139610149533091699e-01
7.198598957916553243e-01
5.323650369170147556e-01
3.808364308077945015e-01
2.691496007909748300e-01
2.013352028329357113e-01
1.664830433184269487e-01
1.471990268163583804e-01
1.339781735104200178e-01
1.223767561096718443e-01
1.100872524291632154e-01
9.598341127228374181e-02
7.994301251935896635e-02
6.272513574058660724e-02
4.558254700017549260e-02
2.983964975887565263e-02
1.720486874286702300e-02
3.907911760935741663e-01
9.255676851843512853e-01
9.255601486197697625e-01
3.910971396780466569e-01
1.725534760237316598e-02
2.991676758183063958e-02
4.559767187714591080e-02
6.247262759597332904e-02
7.909021285279749236e-02
9.410483652210008265e-02
1.067037985864165983e-01
1.169136737629810074e-01
1.255767287221654371e-01
1.342870831735502313e-01
1.457884252845450257e-01
1.657899563940796739e-01
2.087532618765324810e-01
3.026683525535905361e-01
4.562367422249228310e-01
6.569693997164456345e-01
8.780271586159739128e-01
9.999377434507609186e-01
7.870855893187082009e-01
4.161084076341196036e-01
4.227636302931602752e-01
5.629756535934311579e-01
7.402763783163948119e-01
9.127093357458502254e-01
7.259047996884381293e-01
3.290443022504290216e-01
5.953208891989261176e-01
1.000000000000000000e+00
5.953208891994125063e-01
3.290443022509106918e-01
7.259047996885662490e-01
9.127093357458423428e-01
7.402763783164556521e-01
5.629756535934877792e-01
4.227636302931612744e-01
4.161084076341058924e-01
7.870855893186804453e-01
9.999377434507604745e-01
8.780271586159777986e-01
6.569693997164444133e-01
4.562367422249266058e-01
3.026683525536149055e-01
2.087532618765181591e-01
1.657899563940247178e-01
1.457884252846034789e-01
1.342870831734847836e-01
1.255767287221717377e-01
1.169136737630321055e-01
1.067037985864234262e-01
9.410483652210088756e-02
7.909021285276444935e-02
6.247262759592495107e-02
4.559767187716457643e-02
2.991676758179628512e-02
1.725534760234844964e-02
3.910971396781128262e-01
9.255601486197778671e-01
9.255533047868561569e-01
3.913745839109908364e-01
1.730041908163037698e-02
2.998489813224394090e-02
4.560921604643108224e-02
6.224814761050165290e-02
7.835164399988181483e-02
9.251783174187888648e-02
1.039215785256727143e-01
1.125561190450756061e-01
1.191158125621895880e-01
1.248095948239304476e-01
1.314767677131972456e-01
1.425341587316778513e-01
1.665963108153933614e-01
2.298875102776896384e-01
3.736854778105338504e-01
5.852373408097469865e-01
8.310750455874987841e-01
9.976077435095224155e-01
8.203157787696194747e-01
4.875455121869566866e-01
5.372983528156741739e-01
7.206450705480722529e-01
8.853690079671048263e-01
9.990973339888288285e-01
8.784398952182499443e-01
2.050513603151319642e-01
5.120087591731913301e-01
1.000000000000000000e+00
5.120087591736216526e-01
2.050513603157416986e-01
8.784398952182620457e-01
9.990973339888300497e-01
8.853690079671447943e-01
7.206450705480856866e-01
5.372983528156705102e-01
4.875455121869383124e-01
8.203157787696049308e-01
9.976077435095223045e-01
8.310750455875131060e-01
5.852373408097220064e-01
3.736854778105582198e-01
2.298875102777687973e-01
1.665963108153143135e-01
1.425341587317283387e-01
1.314767677131821189e-01
1.248095948239297398e-01
1.191158125621739616e-01
1.125561190451030424e-01
1.039215785256686758e-01
9.251783174188134284e-02
7.835164399984941019e-02
6.224814761048842043e-02
4.560921604639126686e-02
2.998489813229894899e-02
1.730041908163262518e-02
3.913745839109091795e-01
9.255533047868438334e-01
9.255471724796496824e-01
3.916228622880100207e-01
1.734020008871500068e-02
3.004445194020462923e-02
4.561783231315142545e-02
6.205060292948739314e-02
7.771625077167822193e-02
9.118072009571816239e-02
1.016285417790744328e-01
1.090508111087898635e-01
1.140645099341718732e-01
1.176630591799865816e-01
1.212022559729531435e-01
1.269259853842072405e-01
1.399749947084193979e-01
1.764810421075191371e-01
2.889841199538442096e-01
5.051518802399286301e-01
7.718424455551293750e-01
9.854939557938295902e-01
8.708623915210488287e-01
5.844189700402073750e-01
6.847268806921942286e-01
8.950957257022765790e-01
9.321341034930442637e-01
9.762412267288310685e-01
9.433745066678700386e-01
3.721445443069747866e-02
4.726380952672408209e-01
9.999999999999998890e-01
4.726380952674313352e-01
3.721445443006813486e-02
9.433745066678416169e-01
9.762412267288194112e-01
9.321341034930923364e-01
8.950957257022669200e-01
6.847268806922054418e-01
5.844189700401917209e-01
8.708623915210442767e-01
9.854939557938342531e-01
7.718424455551414765e-01
5.051518802399062036e-01
2.889841199538717986e-01
1.764810421075110602e-01
1.399749947084253099e-01
1.269259853842158725e-01
1.212022559729688115e-01
1.176630591799859571e-01
1.140645099341830171e-01
1.090508111087650639e-01
1.016285417791186890e-01
9.118072009568818637e-02
7.771625077164662221e-02
6.205060292945570322e-02
4.561783231311661996e-02
3.004445194021595350e-02
1.734020008874680510e-02
3.916228622880967292e-01
9.255471724796111577e-01
9.255417686652351872e-01
3.918413962278512463e-01
1.737479672961645197e-02
3.009578506658402638e-02
4.562410520610896830e-02
6.187913974093727648e-02
7.717537437883351115e-02
9.006209750545461634e-02
9.974416797641835752e-02
1.062246554782343283e-01
1.100792503311282949e-01
1.121726015280735816e-01
1.135830459628572459e-01
1.159281685036592652e-01
1.225898594902546657e-01
1.431657678338455753e-01
2.151484472294808159e-01
4.182960552903755014e-01
7.007897262645960135e-01
9.581427191859095416e-01
9.284190832677400307e-01
6.942963098507275443e-01
8.263300973805273175e-01
9.967759400163045402e-01
7.435852913216842719e-01
9.890925036355887601e-01
9.216528792340206167e-01
2.436113614268411998e-01
5.317867776086389053e-01
9.999999999999998890e-01
5.317867776086636633e-01
2.436113614264170113e-01
9.216528792339466758e-01
9.890925036355802114e-01
7.435852913217683158e-01
9.967759400163038741e-01
8.263300973805253191e-01
6.942963098507193287e-01
9.284190832677264860e-01
9.581427191859158699e-01
7.007897262646081149e-01
4.182960552903539631e-01
2.151484472294886707e-01
1.431657678338291440e-01
1.225898594902645466e-01
1.159281685036305382e-01
1.135830459628675154e-01
1.121726015280686967e-01
1.100792503310907555e-01
1.062246554782236563e-01
9.974416797638994969e-02
9.006209750546903536e-02
7.717537437881227813e-02
6.187913974087615177e-02
4.562410520616811543e-02
3.009578506660553002e-02
1.737479672967022493e-02
3.918413962278584073e-01
9.255417686652204212e-01
9.255371084403111182e-01
3.920296698724164974e-01
1.740429146834773094e-02
3.013921549074730435e-02
4.562853437651386013e-02
6.173311837466878560e-02
7.672222884413520960e-02
8.913825023054582075e-02
9.821000032305851613e-02
1.039576446439504781e-01
1.069337378481865775e-01
1.079202048038153949e-01
1.078209213419711737e-01
1.078833632347038357e-01
1.105304998316029158e-01
1.219940927396894748e-01
1.645136451872594996e-01
3.286168792644876269e-01
6.207037468353172605e-01
9.130811977818792391e-01
9.752927342817744316e-01
7.945867684423687516e-01
9.235704476008859132e-01
9.797833306287423438e-01
6.619144957264544438e-01
8.388097774082495794e-01
8.204098648759646784e-01
2.978967824941410325e-01
6.278408755708276834e-01
1.000000000000000000e+00
6.278408755708919653e-01
2.978967824938766884e-01
8.204098648758397783e-01
8.388097774082007296e-01
6.619144957265009621e-01
9.797833306287461186e-01
9.235704476008824715e-01
7.945867684423509880e-01
9.752927342817711009e-01
9.130811977818821257e-01
6.207037468353202581e-01
3.286168792644593717e-01
1.645136451872601102e-01
1.219940927396786501e-01
1.105304998316033460e-01
1.078833632346843374e-01
1.078209213419633467e-01
1.079202048038372802e-01
1.069337378481567541e-01
1.039576446439584856e-01
9.821000032303259242e-02
8.913825023053086050e-02
7.672222884410505317e-02
6.173311837466562840e-02
4.562853437649218996e-02
3.013921549075251199e-02
1.740429146838656099e-02
3.920296698724465290e-01
9.255371084403082316e-01
9.255332046383895062e-01
3.921872499677964141e-01
1.742876426736114648e-02
3.017500170368069001e-02
4.563156382495176661e-02
6.161203690951323059e-02
7.635157678490932243e-02
8.839125235140145309e-02
9.698349167719498565e-02
1.021656695252573244e-01
1.044767217642521145e-01
1.046416297249586208e-01
1.034461107919330408e-01
1.018957111854604664e-01
1.018280512901784673e-01
1.076194349383531590e-01
1.329453418999622105e-01
2.457520951195818482e-01
5.364066206062125808e-01
8.541930332168408135e-01
9.979096782137435451e-01
8.652868217637199599e-01
9.730687644842053174e-01
9.816145145106821568e-01
6.183187037785926599e-01
6.552998675470770307e-01
7.006676236823098369e-01
2.528471936570462208e-01
6.897328517376255519e-01
1.000000000000000000e+00
6.897328517377102619e-01
2.528471936568558176e-01
7.006676236821586246e-01
6.552998675470079748e-01
6.183187037785858875e-01
9.816145145106757175e-01
9.730687644841982120e-01
8.652868217637001980e-01
9.979096782137434340e-01
8.541930332168471418e-01
5.364066206062152453e-01
2.457520951195535652e-01
1.329453418999702874e-01
1.076194349383335913e-01
1.018280512901853646e-01
1.018957111854456726e-01
1.034461107919188855e-01
1.046416297249840727e-01
1.044767217642113138e-01
1.021656695252924352e-01
9.698349167715547559e-02
8.839125235139198844e-02
7.635157678486186039e-02
6.161203690952277157e-02
4.563156382495164864e-02
3.017500170371627266e-02
1.742876426738710488e-02
3.921872499677978019e-01
9.255332046383750733e-01
9.255300684315751480e-01
3.923137567667766001e-01
1.744826883421713576e-02
3.020337144617242509e-02
4.563354640503260867e-02
6.151554707484759021e-02
7.605938315200939936e-02
8.780774847513070358e-02
9.603370331113833536e-02
1.007897730041212303e-01
1.026061162185990389e-01
1.021674637390950768e-01
1.001756234038671117e-01
9.746877698756847841e-02
9.549553085686503240e-02
9.750358261195350706e-02
1.125603510441679361e-01
1.831843514608759160e-01
4.539551160498940807e-01
7.910743839081864071e-01
9.977219952186334728e-01
8.976987081694584036e-01
9.884336307863508253e-01
9.991728069536580659e-01
5.406588879265958880e-01
5.146273469028340708e-01
6.297791580770356612e-01
1.872319658371855711e-01
7.187854541880128734e-01
9.999999999999998890e-01
7.187854541881113501e-01
1.872319658370575901e-01
6.297791580769322994e-01
5.146273469027488057e-01
5.406588879265893377e-01
9.991728069536598422e-01
9.884336307863484938e-01
8.976987081694642878e-01
9.977219952186345830e-01
7.910743839081877393e-01
4.539551160498704885e-01
1.831843514608826884e-01
1.125603510441615662e-01
9.750358261194190523e-02
9.549553085687483012e-02
9.746877698758056596e-02
1.001756234038484739e-01
1.021674637391112722e-01
1.026061162185880754e-01
1.007897730041206891e-01
9.603370331114853553e-02
8.780774847509560666e-02
7.605938315200412581e-02
6.151554707484283707e-02
4.563354640501956355e-02
3.020337144615334660e-02
1.744826883419954913e-02
3.923137567666999947e-01
9.255300684315831417e-01
9.255277084150799194e-01
3.924089020090671953e-01
1.746285845855429300e-02
3.022449339371100982e-02
4.563478167190776480e-02
6.144337696330415266e-02
7.584267492459843829e-02
8.737793181583816682e-02
9.533859950220580082e-02
9.978894063470221398e-02
1.012534603553703477e-01
1.003884944759732417e-01
9.783715867168168989e-02
9.432100558308091631e-02
9.102547108265594822e-02
9.047664931402213395e-02
9.912241649622596795e-02
1.436423731576405571e-01
3.802408554406162544e-01
7.348083031212579996e-01
9.872581284233197252e-01
9.024435916049818873e-01
9.920511406275026589e-01
9.976994466039511567e-01
4.956955381531027438e-01
4.099541776517358072e-01
6.120343577215932029e-01
1.372595836554630910e-01
7.324743036429056664e-01
1.000000000000000000e+00
7.324743036430129139e-01
1.372595836554174054e-01
6.120343577214608644e-01
4.099541776517042768e-01
4.956955381530686044e-01
9.976994466039489362e-01
9.920511406275023258e-01
9.024435916049867723e-01
9.872581284233206134e-01
7.348083031212535587e-01
3.802408554406134233e-01
1.436423731576509100e-01
9.912241649622656470e-02
9.047664931401844246e-02
9.102547108263779607e-02
9.432100558309537697e-02
9.783715867167490365e-02
1.003884944760030096e-01
1.012534603553764678e-01
9.978894063469780085e-02
9.533859950217858648e-02
8.737793181583558555e-02
7.584267492454391246e-02
6.144337696330355592e-02
4.563478167192375201e-02
3.022449339373279795e-02
1.746285845851158064e-02
3.924089020090196778e-01
9.255277084150848044e-01
9.255261314052776189e-01
3.924724550647047394e-01
1.747256436318132822e-02
3.023850328540645185e-02
4.563548202625476030e-02
6.139535693891788604e-02
7.569932322141714742e-02
8.709497946983676964e-02
9.488302138103435479e-02
9.913569669378234639e-02
1.003739417374067827e-01
9.923583346605538424e-02
9.632657104457750807e-02
9.229281783749025692e-02
8.815315629023535993e-02
8.599239445066597654e-02
9.077821505921027101e-02
1.210073753514339656e-01
3.232609423216736277e-01
6.939512007360215673e-01
9.773170459379364461e-01
8.938075273317936942e-01
9.927546227956873803e-01
9.923155474475909843e-01
4.855750672678488256e-01
3.399515114992015530e-01
6.151721631912233645e-01
1.068072074367646396e-01
7.403803907777591897e-01
1.000000000000000000e+00
7.403803907778458981e-01
1.068072074368114910e-01
6.151721631911425403e-01
3.399515114991794595e-01
4.855750672678320057e-01
9.923155474475910953e-01
9.927546227956849378e-01
8.938075273317974689e-01
9.773170459379373343e-01
6.939512007360213453e-01
3.232609423216938893e-01
1.210073753514085554e-01
9.077821505920030676e-02
8.599239445066154952e-02
8.815315629023727506e-02
9.229281783748487233e-02
9.632657104454685204e-02
9.923583346608884359e-02
1.003739417374097109e-01
9.913569669376645632e-02
9.488302138101624428e-02
8.709497946985243766e-02
7.569932322135315694e-02
6.139535693890671442e-02
4.563548202626373923e-02
3.023850328535575629e-02
1.747256436319205922e-02
3.924724550647571419e-01
9.255261314052977140e-01
9.255253417655607828e-01
3.925042697902081379e-01
1.747741181133533050e-02
3.024548616602014753e-02
4.563579600669648989e-02
6.137137306058881164e-02
7.562797783535889218e-02
8.695455361312970366e-02
9.465750887213003617e-02
9.881310792874099802e-02
9.994054193045713574e-02
9.866890826399345171e-02
9.558469079911376121e-02
9.129775788116235857e-02
8.674506175439813949e-02
8.380011758903706254e-02
8.675173691007302679e-02
1.106542988318163917e-01
2.918995127478543616e-01
6.733247177081608248e-01
9.724687380357288635e-01
8.846270340115607311e-01
9.932223371794216549e-01
9.891150920160360904e-01
4.855240605875851267e-01
3.030811361710065710e-01
6.203255642346682253e-01
9.530902129058675676e-02
7.441685247622195076e-01
1.000000000000000000e+00
7.441685247622681354e-01
9.530902129068803685e-02
6.203255642346336973e-01
3.030811361709837559e-01
4.855240605875539295e-01
9.891150920160316495e-01
9.932223371794210998e-01
8.846270340115619524e-01
9.724687380357273092e-01
6.733247177081663759e-01
2.918995127478480334e-01
1.106542988318187926e-01
8.675173691007000143e-02
8.380011758903287145e-02
8.674506175439813949e-02
9.129775788115794544e-02
9.558469079910779376e-02
9.866890826399747627e-02
9.994054193048275414e-02
9.881310792872595450e-02
9.465750887206758613e-02
8.695455361314315124e-02
7.562797783531893803e-02
6.137137306056535124e-02
4.563579600672411363e-02
3.024548616598872475e-02
1.747741181135509594e-02
3.925042697901431898e-01
9.255253417655431303e-01
