-14.992585
-14.912072
-14.831532
-14.750959
-14.670357
-14.5897255
-14.509065
-14.428374
-14.347655
-14.266905
-14.186129
-14.105324
-14.024487
-13.943622
-13.862732
-13.781811
-13.700863
-13.619889
-13.538883
-13.45785
-13.376793
-13.295708
-13.214594
-13.133453
-13.052285
-12.971092
-12.889872
-12.808626
-12.727353
-12.646055
-12.56473
-12.483379
-12.402004
-12.320602
-12.239177
-12.157723
-12.076247
-11.994746
-11.91322
-11.831671
-11.750095
-11.668495
-11.586872
-11.505225
-11.423554
-11.34186
-11.260142
-11.178402
-11.096637
-11.01485
-10.933041
-10.85121
-10.769356
-10.687478
-10.605578
-10.523658
-10.441716
-10.359751
-10.277766
-10.19576
-10.11373
-10.031681
-9.949613
-9.867522
-9.78541
-9.703281
-9.62113
-9.538959
-9.456768
-9.3745575
-9.292327
-9.210077
-9.12781
-9.045522
-8.963216
-8.880891
-8.798548
-8.716186
-8.633804
-8.551407
-8.468991
-8.386557
-8.304106
-8.221639
-8.139152
-8.056649
-7.9741316
-7.891596
-7.809043
-7.726475
-7.643889
-7.561289
-7.478673
-7.39604
-7.3133926
-7.23073
-7.1480513
-7.065357
-6.9826503
-6.8999276
-6.817191
-6.73444
-6.651674
-6.5688953
-6.486102
-6.4032946
-6.320474
-6.2376413
-6.154794
-6.071934
-5.9890633
-5.9061785
-5.823281
-5.740372
-5.65745
-5.574517
-5.491573
-5.408616
-5.325648
-5.2426686
-5.1596785
-5.0766773
-4.9936657
-4.9106436
-4.827611
-4.744568
-4.661515
-4.5784526
-4.495381
-4.4122987
-4.3292074
-4.2461076
-4.1629987
-4.0798807
-3.9967542
-3.9136193
-3.8304758
-3.7473254
-3.6641665
-3.5809996
-3.4978251
-3.4146433
-3.3314545
-3.2482586
-3.1650553
-3.0818458
-2.99863
-2.9154077
-2.8321793
-2.7489448
-2.6657043
-2.582458
-2.4992068
-2.41595
-2.3326886
-2.2494218
-2.1661503
-2.0828743
-1.9995937
-1.9163094
-1.8330207
-1.749728
-1.6664314
-1.5831316
-1.4998287
-1.4165223
-1.3332129
-1.2499007
-1.1665859
-1.0832686
-0.9999492
-0.91662747
-0.83330387
-0.74997854
-0.6666516
-0.58332324
-0.49999362
-0.41666296
-0.33333147
-0.24999921
-0.16666642
-0.08333328
0.0
0.0833333
0.16666642
0.24999921
0.33333147
0.41666296
0.49999362
0.5833232
0.66665167
0.74997854
0.8333038
0.9166274
0.9999492
1.0832686
1.1665859
1.2499007
1.3332129
1.4165223
1.4998287
1.5831318
1.6664317
1.749728
1.8330204
1.9163091
1.9995937
2.082874
2.16615
2.2494218
2.3326883
2.4159503
2.4992068
2.5824583
2.6657043
2.7489448
2.832179
2.9154077
2.99863
3.0818458
3.1650553
3.2482586
3.3314543
3.414643
3.4978251
3.5809996
3.6641665
3.7473254
3.8304763
3.9136195
3.9967542
4.0798807
4.1629987
4.2461076
4.329208
4.412299
4.495381
4.578453
4.661515
4.744568
4.8276105
4.910643
4.9936657
5.0766773
5.159679
5.2426686
5.325648
5.4086156
5.491573
5.5745173
5.6574497
5.740372
5.8232813
5.9061785
5.9890633
6.071935
6.1547947
6.2376413
6.320474
6.4032946
6.486102
6.5688953
6.6516743
6.73444
6.8171906
6.899927
6.9826503
7.0653586
7.148052
7.23073
7.313392
7.39604
7.478673
7.561289
7.643889
7.726475
7.809043
7.891596
7.9741316
8.056651
8.1391535
8.221639
8.304106
8.386558
8.468991
8.551407
8.633805
8.716186
8.798548
8.88089
8.963216
9.045522
9.127809
9.210077
9.292327
9.374556
9.456768
9.538959
9.621129
9.703281
9.78541
9.867521
9.949613
10.031683
10.113732
10.19576
10.277766
10.359752
10.441716
10.523659
10.605579
10.687478
10.769356
10.851209
10.933041
11.014852
11.096639
11.178402
11.260142
11.34186
11.423554
11.505224
11.586872
11.668495
11.750093
11.831668
11.91322
11.994746
12.076246
12.157723
12.239177
12.320603
12.402004
12.483379
12.56473
12.646055
12.727352
12.808625
12.889872
12.971092
13.052285
13.133453
13.214594
13.295707
13.376793
13.457851
13.538883
13.619889
13.700863
13.781811
13.862732
13.9436245
14.0244875
14.105324
14.186128
14.266904
14.347655
14.428375
14.509065
14.5897255
14.670356
14.750958
14.831532
14.912072
14.992583
