1.056689538270599008e-06
2.784839556731511125e-06
4.060191470775270914e-06
4.955754048029788683e-06
5.544536056122943818e-06
5.899546262682625874e-06
6.093793435336718474e-06
6.200286341713110325e-06
6.292033749439690133e-06
6.437965101566166517e-06
6.654059201209367991e-06
6.919310468414548341e-06
7.211956725901925956e-06
7.511037783637363607e-06
7.802969553066710267e-06
8.078140439879231684e-06
8.327016432563292536e-06
8.553125283836955612e-06
8.791917415746082517e-06
9.083629171273128092e-06
9.460052797963933703e-06
9.910529655046426640e-06
1.041109005073808191e-05
1.095339222529047649e-05
1.159452703927436588e-05
1.240780981810267549e-05
1.341193990846681997e-05
1.454034606401878863e-05
1.574442766638406397e-05
1.709697291262523986e-05
1.869419126219590131e-05
2.053537817364952970e-05
2.261601091319381221e-05
2.517317143209825788e-05
2.851624147021371034e-05
3.292581440623255023e-05
3.892037796176714258e-05
4.692991154112924416e-05
5.707085691243701201e-05
7.052157556124086376e-05
8.884927792408714854e-05
1.183174090459990978e-04
1.729717375016638593e-04
2.612340323617965646e-04
3.275856575696343520e-04
3.038078421711146518e-04
1.935422020858580281e-04
1.065061110955426501e-04
2.520868167861842592e-05
