1.116024733846601199e-06
2.925287381939324850e-06
4.239361592034497987e-06
5.140480149895860209e-06
5.710875841287124433e-06
6.032781451972008234e-06
6.188429767714226647e-06
6.260053574277498942e-06
6.329885657425544389e-06
6.474691698496580036e-06
6.700273013929136143e-06
6.962864507759403966e-06
7.217687093470788565e-06
7.426875162839897855e-06
7.616148305222615520e-06
7.845470735273937159e-06
8.175035021872169031e-06
8.630753976923572895e-06
9.154761427565552830e-06
9.676630860409617037e-06
1.014489599166279271e-05
1.060340904678910265e-05
1.112591066087686607e-05
1.176269079487651171e-05
1.246583912203715295e-05
1.316313785454891516e-05
1.386690416130596811e-05
1.472143756934469710e-05
1.584951058214325963e-05
1.721608620908165785e-05
1.876235277586351158e-05
2.060590065008866483e-05
2.291799603824384133e-05
2.570973574173920781e-05
2.907862287471059913e-05
3.349652165526709121e-05
3.935615714400161506e-05
4.704800956642638725e-05
5.728754797117444010e-05
7.129140134709866807e-05
9.142470314421106644e-05
1.244795484163810318e-04
1.797237832590446326e-04
2.545779438030790643e-04
3.069530527200828567e-04
2.787342386321739625e-04
1.852975034100192483e-04
1.040856706045882618e-04
2.481897231354920910e-05
