0.000000000000000000e+00
1.981927358529941040e-06
3.474552228828782011e-06
4.550883378524439148e-06
5.283929575244791418e-06
5.746699586617723713e-06
6.012202180271125588e-06
6.153446123832883208e-06
6.243440184930883585e-06
6.355152669980239771e-06
6.538507369362531902e-06
6.781900324946697528e-06
7.063569359452947412e-06
7.361778186653759338e-06
7.658500454936660660e-06
7.943248430542549328e-06
8.206448933591804399e-06
8.441000219557093782e-06
8.668421168275680858e-06
8.928643569120961725e-06
9.261087689831180582e-06
9.677532385493021607e-06
1.015604780925212268e-05
1.067452503481100694e-05
1.125696756148613881e-05
1.197534665453152458e-05
1.288971668064627255e-05
1.396523215258431582e-05
1.513064193537074611e-05
1.639532770332248384e-05
1.786234601691020902e-05
1.958708547046746908e-05
2.153649254884866353e-05
2.381463339669850682e-05
2.672949034990070952e-05
3.056561239544728275e-05
3.568140112196196642e-05
4.267881101530702934e-05
5.167568730948871703e-05
6.330856314353759109e-05
7.885167408717546353e-05
1.014412213724067270e-04
1.414741362770941771e-04
2.143298380913499280e-04
3.027217728343771595e-04
3.286046006341879753e-04
2.553056988681460214e-04
1.370915082997460361e-04
5.564181695997896001e-05
3.320048799018606844e-05
