0.000000000000000000e+00
2.087694161752888446e-06
3.639083492626362508e-06
4.736400778384170255e-06
5.461878804790020793e-06
5.897750357607630002e-06
6.126248222600716307e-06
6.229605185532998129e-06
6.290054032168192197e-06
6.389773322215878842e-06
6.580057391005853871e-06
6.829741181451844014e-06
7.094045607037242476e-06
7.328414773358201886e-06
7.520274033305893196e-06
7.722034899056487355e-06
7.993992734341386612e-06
8.389956780362268005e-06
8.888623297382520109e-06
9.420365053299105772e-06
9.916587936324560497e-06
1.037076339683289224e-05
1.085205183648567940e-05
1.143140477172898703e-05
1.211056888753789984e-05
1.281930157069826072e-05
1.350591043103962503e-05
1.426558966689272682e-05
1.525052846949406984e-05
1.650812043493778467e-05
1.796431580932888612e-05
1.963460664335705454e-05
2.169901373572004032e-05
2.425684275367068828e-05
2.729585511363180861e-05
3.112595000820033911e-05
3.622809838078216473e-05
4.293620902444207957e-05
5.178379836588292039e-05
6.372250523088976903e-05
8.027000968444924904e-05
1.058010364868630090e-04
1.487186108405693643e-04
2.162207670052522935e-04
2.880887253183256206e-04
3.037703893638552585e-04
2.368103227381222558e-04
1.388371430921198036e-04
5.756892688934858704e-05
-5.300267222339206832e-06
