3.426510537814253321e-13
4.161936602946546580e-13
5.475797596192375337e-13
7.285058385805097370e-13
9.456885198804119141e-13
1.181771987167424783e-12
1.416593023069625260e-12
1.629049958548727638e-12
1.799501759503046450e-12
1.912307761902016553e-12
1.957940307422101206e-12
1.934146383427718484e-12
1.845882991222661637e-12
1.704088798697105693e-12
1.523638294573308841e-12
1.320964396922233781e-12
1.111824499928444207e-12
9.095695724042626958e-13
7.241111572885380750e-13
5.616104935007928062e-13
4.247714969796842123e-13
3.135313336512281628e-13
2.259206417937982810e-13
1.589014701853169419e-13
1.090598257023889810e-13
7.310279373022445234e-14
4.816699186647320979e-14
3.197779301859210057e-14
2.290963980304739068e-14
1.999393524479831282e-14
2.290963980303119378e-14
3.197779301857411454e-14
4.816699186647720458e-14
7.310279373021926479e-14
1.090598257024179733e-13
1.589014701853304724e-13
2.259206417937814688e-13
3.135313336512211956e-13
4.247714969797033973e-13
5.616104935007838194e-13
7.241111572885937118e-13
9.095695724043588232e-13
1.111824499928468239e-12
1.320964396922085753e-12
1.523638294573224830e-12
1.704088798697146890e-12
1.845882991222741205e-12
1.934146383427784319e-12
1.957940307422108880e-12
1.912307761902026246e-12
1.799501759503193267e-12
1.629049958548834670e-12
1.416593023069643031e-12
1.181771987167470423e-12
9.456885198803981816e-13
7.285058385805534589e-13
5.475797596192732786e-13
4.161936602947009547e-13
3.426510537812863916e-13
3.440211923985751099e-13
4.180308546705484778e-13
5.504417323944872924e-13
7.330114524122940903e-13
9.525265808480146852e-13
1.191668279089954476e-12
1.430230095015768605e-12
1.646944863954479399e-12
1.821863503502013794e-12
1.938912904659765191e-12
1.988072398407272416e-12
1.966634320025269703e-12
1.879244562837043976e-12
1.736749112965932642e-12
1.554165502051821972e-12
1.348260551096911030e-12
1.135228875870363598e-12
9.288643234113525946e-13
7.394490939913961085e-13
5.734008531570583459e-13
4.335597193070456707e-13
3.198982516559842132e-13
2.304126595214120236e-13
1.619919498226968995e-13
1.111354075051178680e-13
7.446636464612981066e-14
4.904987694365292135e-14
3.255581005923417616e-14
2.331984469927923499e-14
2.035068751573063648e-14
2.331984469929488599e-14
3.255581005922009026e-14
4.904987694365667002e-14
7.446636464612081134e-14
1.111354075051171486e-13
1.619919498227204265e-13
2.304126595214126800e-13
3.198982516559840618e-13
4.335597193070379462e-13
5.734008531571256957e-13
7.394490939914458888e-13
9.288643234113968213e-13
1.135228875870407825e-12
1.348260551096972422e-12
1.554165502051917897e-12
1.736749112965964752e-12
1.879244562837069825e-12
1.966634320025321806e-12
1.988072398407337039e-12
1.938912904659881513e-12
1.821863503502151927e-12
1.646944863954548264e-12
1.430230095015803744e-12
1.191668279090061711e-12
9.525265808480530554e-13
7.330114524123809281e-13
5.504417323945411116e-13
4.180308546704698189e-13
3.440211923984629780e-13
3.467660869774665728e-13
4.216788402038711761e-13
5.560552808750867061e-13
7.417675438832134134e-13
9.657285899788134727e-13
1.210680623027877832e-12
1.456326197351800800e-12
1.681079593860203146e-12
1.864411535082769646e-12
1.989443721608801203e-12
2.045243975142374171e-12
2.028266922373693520e-12
1.942584015166271991e-12
1.798864373209609339e-12
1.612377912812327373e-12
1.400494296135029770e-12
1.180205964347265528e-12
9.661241031903163428e-13
7.692251176603773088e-13
5.964175039526679844e-13
4.508130199054336378e-13
3.324679112689659750e-13
2.393283704109399146e-13
1.681563745914291614e-13
1.152938479537455590e-13
7.720862957888163874e-14
5.083078704576477453e-14
3.372422316615645094e-14
2.414999309970869696e-14
2.107289661156771860e-14
2.414999309968886500e-14
3.372422316618002211e-14
5.083078704576065983e-14
7.720862957889870338e-14
1.152938479537540408e-13
1.681563745914197708e-13
2.393283704109401670e-13
3.324679112689389644e-13
4.508130199054550949e-13
5.964175039526736390e-13
7.692251176604627330e-13
9.661241031904205482e-13
1.180205964347237659e-12
1.400494296135170932e-12
1.612377912812464294e-12
1.798864373209554611e-12
1.942584015166196058e-12
2.028266922373732294e-12
2.045243975142389923e-12
1.989443721608791913e-12
1.864411535082992193e-12
1.681079593860332191e-12
1.456326197351747890e-12
1.210680623027916202e-12
9.657285899787401654e-13
7.417675438831352594e-13
5.560552808751517335e-13
4.216788402038955613e-13
3.467660869774528403e-13
3.508957844487970811e-13
4.271887698510772753e-13
5.645833690922657991e-13
7.551368266902221464e-13
9.859735480802879967e-13
1.239953204210102347e-12
1.496664405818457820e-12
1.734052000846586248e-12
1.930698615412839635e-12
2.068465757084821273e-12
2.134968275029829750e-12
2.125299825528476062e-12
2.042572583803251617e-12
1.897127026660792387e-12
1.704600642253817069e-12
1.483309778279642628e-12
1.251524067617067532e-12
1.025174993548723509e-12
8.163654221613917654e-13
6.328015186779528493e-13
4.780359146911794443e-13
3.522594984434386648e-13
2.533358669600835393e-13
1.778201491112181399e-13
1.217993952497511514e-13
8.149070840726706270e-14
5.360736773957279912e-14
3.554372484773742934e-14
2.544178522694132956e-14
2.219644524524930023e-14
2.544178522696292226e-14
3.554372484773073980e-14
5.360736773957870611e-14
8.149070840727816986e-14
1.217993952497575885e-13
1.778201491112627200e-13
2.533358669601079246e-13
3.522594984433988305e-13
4.780359146912048898e-13
6.328015186779414392e-13
8.163654221613891401e-13
1.025174993548711594e-12
1.251524067617115192e-12
1.483309778279664640e-12
1.704600642253755475e-12
1.897127026660819852e-12
2.042572583803380460e-12
2.125299825528526145e-12
2.134968275029952938e-12
2.068465757084986467e-12
1.930698615412841654e-12
1.734052000846598567e-12
1.496664405818540821e-12
1.239953204210068824e-12
9.859735480800965497e-13
7.551368266902576893e-13
5.645833690922742809e-13
4.271887698510774268e-13
3.508957844488229305e-13
3.564243982736819127e-13
4.345652337015947177e-13
5.760052820458045862e-13
7.730607825645184188e-13
1.013157356795761475e-12
1.279337361376786644e-12
1.551067106062303025e-12
1.805691174057244954e-12
2.020618113684813895e-12
2.176011102735650231e-12
2.257493987870196228e-12
2.258260129055842020e-12
2.180042166640084308e-12
2.032653168865633467e-12
1.832167799904083601e-12
1.598161538693589925e-12
1.350650702670416399e-12
1.107401329789816867e-12
8.821008967318084528e-13
6.835914677521397335e-13
5.160647061710004294e-13
3.799187719720272243e-13
2.729151278386158013e-13
1.913276890745641015e-13
1.308911820732208196e-13
8.747372629402771063e-14
5.748582602291068874e-14
3.808460059640457268e-14
2.724532370957316793e-14
2.376494026456442328e-14
2.724532370953424554e-14
3.808460059637451392e-14
5.748582602289621157e-14
8.747372629406630802e-14
1.308911820732566654e-13
1.913276890745509749e-13
2.729151278386025232e-13
3.799187719719802208e-13
5.160647061710454639e-13
6.835914677522013278e-13
8.821008967318154200e-13
1.107401329789775064e-12
1.350650702670378029e-12
1.598161538693521464e-12
1.832167799903992321e-12
2.032653168865680723e-12
2.180042166640185282e-12
2.258260129056062548e-12
2.257493987870381213e-12
2.176011102735696679e-12
2.020618113684930218e-12
1.805691174057352592e-12
1.551067106062478720e-12
1.279337361377125312e-12
1.013157356795773794e-12
7.730607825645768828e-13
5.760052820458652717e-13
4.345652337016506574e-13
3.564243982737887434e-13
3.633703390594604641e-13
4.438328846425220817e-13
5.903633997735878472e-13
7.956214553190233961e-13
1.047440379607882750e-12
1.329133359107893599e-12
1.620062692051022928e-12
1.896865933316903064e-12
2.135502907908358793e-12
2.313987418254011764e-12
2.415369392379431892e-12
2.430327543529398242e-12
2.358703735181003770e-12
2.209501187318000580e-12
1.999248548949955564e-12
1.749084954477971008e-12
1.481278897750471920e-12
1.216011075396869787e-12
9.690874173969380890e-13
7.508917535243252238e-13
5.665017348596358019e-13
4.166225768277629677e-13
2.989026219575608117e-13
2.092559302938901652e-13
1.429562707991967060e-13
9.541109358657361201e-14
6.262944620162745080e-14
4.145316058217823269e-14
2.963566179913593118e-14
2.584349827287141572e-14
2.963566179913523067e-14
4.145316058218007546e-14
6.262944620158049779e-14
9.541109358656186114e-14
1.429562707991979934e-13
2.092559302939314132e-13
2.989026219576160446e-13
4.166225768277091484e-13
5.665017348596262094e-13
7.508917535242935179e-13
9.690874173969354637e-13
1.216011075396853833e-12
1.481278897750544420e-12
1.749084954478143876e-12
1.999248548950069059e-12
2.209501187318114075e-12
2.358703735181192794e-12
2.430327543529458019e-12
2.415369392379473493e-12
2.313987418254201999e-12
2.135502907908361621e-12
1.896865933316763316e-12
1.620062692050857532e-12
1.329133359107944086e-12
1.047440379607978070e-12
7.956214553190101684e-13
5.903633997736168268e-13
4.438328846425719125e-13
3.633703390594401178e-13
3.717556877424055792e-13
4.550213292993294669e-13
6.077088861798080359e-13
8.229186662644014536e-13
1.089019309993068550e-12
1.389712346905007900e-12
1.704309220494711308e-12
2.008666418625378370e-12
2.277038086113142306e-12
2.484824923822484491e-12
2.611865652114345307e-12
2.645614462736430094e-12
2.583391445679447839e-12
2.432993633060220543e-12
2.211344585143815576e-12
1.941434471741082362e-12
1.648332054285630909e-12
1.355297782963429335e-12
1.080890728901829999e-12
8.375343459631221833e-13
6.315068333912145613e-13
4.639587859996554034e-13
3.324274965790978929e-13
2.323837325667140139e-13
1.585170893991899752e-13
1.056447238577118962e-13
6.925844582522400602e-14
4.579272136272856465e-14
3.271394537006688422e-14
2.851986327472934945e-14
3.271394537006157677e-14
4.579272136273948248e-14
6.925844582522056027e-14
1.056447238576866275e-13
1.585170893991556692e-13
2.323837325667539492e-13
3.324274965791229345e-13
4.639587859996484362e-13
6.315068333912181964e-13
8.375343459630459477e-13
1.080890728901860696e-12
1.355297782963478610e-12
1.648332054285576181e-12
1.941434471741137292e-12
2.211344585143946438e-12
2.432993633060248008e-12
2.583391445679431683e-12
2.645614462736641736e-12
2.611865652114408719e-12
2.484824923822561636e-12
2.277038086113360814e-12
2.008666418625531446e-12
1.704309220494857317e-12
1.389712346905108672e-12
1.089019309993182650e-12
8.229186662644262933e-13
6.077088861798843724e-13
4.550213292992971552e-13
3.717556877426000555e-13
3.816055766660022341e-13
4.681643230277707633e-13
6.281004741177628952e-13
8.550681545013115656e-13
1.138124550886640684e-12
1.461513304027322265e-12
1.804592267873071405e-12
2.142406011529317361e-12
2.447272609919599805e-12
2.691506146807096475e-12
2.851034629852196301e-12
2.909261089038655184e-12
2.860200380067898207e-12
2.709896215538044386e-12
2.475501482446180664e-12
2.182112451344299842e-12
1.858192974684384433e-12
1.530853953728895005e-12
1.222172703122379797e-12
9.472321319768094469e-13
7.139171355750190592e-13
5.240156486521505264e-13
3.749755231367850863e-13
2.617360109646933839e-13
1.782609283713517897e-13
1.186242282799996777e-13
7.766226609294201690e-14
5.129157221983048260e-14
3.661302552784107474e-14
3.190927377624507380e-14
3.661302552783465026e-14
5.129157221982718201e-14
7.766226609295938446e-14
1.186242282800169190e-13
1.782609283713910939e-13
2.617360109647153962e-13
3.749755231368028578e-13
5.240156486521795060e-13
7.139171355749525172e-13
9.472321319767020103e-13
1.222172703122371921e-12
1.530853953728840277e-12
1.858192974684386857e-12
2.182112451344337000e-12
2.475501482446400788e-12
2.709896215538292782e-12
2.860200380067913555e-12
2.909261089038609139e-12
2.851034629852342108e-12
2.691506146807180890e-12
2.447272609919823968e-12
2.142406011529464379e-12
1.804592267873097861e-12
1.461513304027393149e-12
1.138124550886789924e-12
8.550681545014112271e-13
6.281004741178114638e-13
4.681643230277380477e-13
3.816055766661107309e-13
3.929474502459376477e-13
4.832988062637952845e-13
6.516030018334736818e-13
8.921993111615982237e-13
1.195016961830649886e-12
1.545039110747435655e-12
1.921821838002911509e-12
2.299622794785726706e-12
2.648632246143936299e-12
2.937600807520658659e-12
3.137778704058210327e-12
3.227552752904253635e-12
3.196659361893650224e-12
3.048645678408193612e-12
2.800581149470256678e-12
2.479867355206315669e-12
2.119004958208954725e-12
1.749853558477801856e-12
1.398939337343062791e-12
1.084783900348134165e-12
8.174076300155369325e-13
5.995016814785089283e-13
4.284749366473239721e-13
2.986429654797017402e-13
2.030795153876177961e-13
1.349326628974937661e-13
8.821605240785391744e-14
5.819364342183240996e-14
4.150496014772115580e-14
3.616096187741149281e-14
4.150496014770605385e-14
5.819364342182944385e-14
8.821605240781024610e-14
1.349326628975147687e-13
2.030795153875575145e-13
2.986429654796754869e-13
4.284749366473378056e-13
5.995016814785038796e-13
8.174076300154835172e-13
1.084783900348043087e-12
1.398939337343113682e-12
1.749853558477820032e-12
2.119004958208959572e-12
2.479867355206510751e-12
2.800581149470526077e-12
3.048645678408203306e-12
3.196659361893715656e-12
3.227552752904267771e-12
3.137778704058133183e-12
2.937600807520775789e-12
2.648632246144297383e-12
2.299622794785993681e-12
1.921821838003067817e-12
1.545039110747516434e-12
1.195016961830713499e-12
8.921993111614864452e-13
6.516030018335876817e-13
4.832988062638065936e-13
3.929474502460955208e-13
4.058102079956706076e-13
5.004637848139777774e-13
6.782856999938931537e-13
9.344524931870950582e-13
1.259983921387307752e-12
1.640851609926739001e-12
2.057028035121302651e-12
2.482080060250186568e-12
2.883933099900206378e-12
3.227305236683525061e-12
3.477932603206180116e-12
3.608060979496330085e-12
3.601943029546998122e-12
3.459634276291781786e-12
3.197606971017947699e-12
2.845676191122210036e-12
2.441061967749547492e-12
2.021421161847821753e-12
1.618866807553305371e-12
1.256345031606083233e-12
9.467037586312295705e-13
6.939046411342094920e-13
4.954102941284816534e-13
3.448186174425833343e-13
2.341214563087831364e-13
1.553206257573703563e-13
1.014024720860472046e-13
6.681262823535194465e-14
4.761094157415931433e-14
4.146675185090288132e-14
4.761094157418866626e-14
6.681262823530548390e-14
1.014024720860454375e-13
1.553206257573884306e-13
2.341214563088212542e-13
3.448186174425808605e-13
4.954102941284336907e-13
6.939046411341341652e-13
9.467037586312309841e-13
1.256345031606153511e-12
1.618866807553396854e-12
2.021421161847912226e-12
2.441061967749605249e-12
2.845676191122427737e-12
3.197606971018053923e-12
3.459634276291845198e-12
3.601943029547177453e-12
3.608060979496297369e-12
3.477932603206079546e-12
3.227305236683525869e-12
2.883933099900237882e-12
2.482080060250280272e-12
2.057028035121294573e-12
1.640851609926763235e-12
1.259983921387340871e-12
9.344524931869827749e-13
6.782856999938544806e-13
5.004637848140823867e-13
4.058102079956371346e-13
4.202232338704870245e-13
5.196990581346701962e-13
7.082202302521451453e-13
9.819759033209583803e-13
1.333334649395530288e-12
1.749565506867932813e-12
2.211355171080211627e-12
2.691765272173132520e-12
3.156394901330512790e-12
3.565485472146180641e-12
3.878357069134268783e-12
4.059809929899357045e-12
4.087128067915250836e-12
3.955560330848328031e-12
3.680196272205648061e-12
3.293230491596397083e-12
2.837310193073511323e-12
2.357110823618382914e-12
1.891727427503800373e-12
1.469782824849593724e-12
1.107861296748354052e-12
8.117010895350390795e-13
5.789725984057264915e-13
4.024643037334435883e-13
2.728612791823403275e-13
1.807511126835933259e-13
1.178404076200140151e-13
7.755056649365747362e-14
5.521438009547390983e-14
4.807240284067790310e-14
5.521438009550068061e-14
7.755056649366358255e-14
1.178404076200375674e-13
1.807511126835570004e-13
2.728612791822975144e-13
4.024643037334191526e-13
5.789725984057151824e-13
8.117010895350832052e-13
1.107861296748439072e-12
1.469782824849734280e-12
1.891727427503927197e-12
2.357110823618418860e-12
2.837310193073736294e-12
3.293230491596707679e-12
3.680196272205644829e-12
3.955560330848188282e-12
4.087128067915079584e-12
4.059809929899382086e-12
3.878357069134465885e-12
3.565485472146025544e-12
3.156394901330400507e-12
2.691765272173149484e-12
2.211355171080240707e-12
1.749565506867952402e-12
1.333334649395412350e-12
9.819759033210934837e-13
7.082202302521172764e-13
5.196990581347556204e-13
4.202232338705394805e-13
4.362153173859043045e-13
5.410438015311842751e-13
7.414784788346213212e-13
1.034922025643201341e-12
1.415394733467822679e-12
1.871840943445515714e-12
2.386053931495351911e-12
2.930886783885747009e-12
3.469652986427399152e-12
3.957722865357019090e-12
4.347043837997152328e-12
4.593469790909172886e-12
4.665499176427061636e-12
4.551856295641294787e-12
4.265098382025960186e-12
3.839550495302448186e-12
3.323990106065218551e-12
2.771525375019796356e-12
2.229944616518474440e-12
1.735141800238368820e-12
1.308633944099256721e-12
9.586319802522586814e-13
6.832567196700145543e-13
4.744046733935149333e-13
3.211900642092666038e-13
2.124583456957604997e-13
1.383225824769471586e-13
9.092223768408884286e-14
6.467811078207515658e-14
5.629254352984835607e-14
6.467811078206512227e-14
9.092223768409108954e-14
1.383225824769513743e-13
2.124583456957612570e-13
3.211900642092969466e-13
4.744046733935400759e-13
6.832567196699883010e-13
9.586319802522300048e-13
1.308633944099329423e-12
1.735141800238476458e-12
2.229944616518545526e-12
2.771525375019697401e-12
3.323990106065258133e-12
3.839550495302653366e-12
4.265098382026213025e-12
4.551856295641771386e-12
4.665499176427651325e-12
4.593469790909432996e-12
4.347043837997149904e-12
3.957722865357345438e-12
3.469652986427691573e-12
2.930886783885889989e-12
2.386053931495441980e-12
1.871840943445574279e-12
1.415394733467820861e-12
1.034922025643209419e-12
7.414784788347519818e-13
5.410438015311720572e-13
4.362153173859889209e-13
4.538134737543306196e-13
5.645350105364523382e-13
7.781301120204834410e-13
1.093443610425040757e-12
1.506499807312417553e-12
2.008374575631756032e-12
2.582471186415577809e-12
3.201867491911747331e-12
3.827767668335414920e-12
4.410360625900368081e-12
4.893230954020143301e-12
5.221578452368537945e-12
5.352910934033638447e-12
5.267207900392614057e-12
4.972860900807068564e-12
4.505758906613326112e-12
3.921456769835122514e-12
3.283116354051117618e-12
2.649315547931654790e-12
2.065252812857265605e-12
1.558955946350735347e-12
1.142064877858730209e-12
8.135208191418340214e-13
5.642662151694031300e-13
3.815342718577676258e-13
2.520248419294958730e-13
1.638648588685948678e-13
1.075871618727593411e-13
7.646701169859493751e-14
6.653032486606999103e-14
7.646701169852843338e-14
1.075871618726876242e-13
1.638648588686544173e-13
2.520248419295580227e-13
3.815342718577769154e-13
5.642662151694401876e-13
8.135208191418150383e-13
1.142064877858678106e-12
1.558955946350770284e-12
2.065252812857348404e-12
2.649315547931644289e-12
3.283116354051299372e-12
3.921456769835413320e-12
4.505758906613439203e-12
4.972860900807247086e-12
5.267207900392803081e-12
5.352910934033601288e-12
5.221578452368465243e-12
4.893230954020241044e-12
4.410360625900427858e-12
3.827767668335296174e-12
3.201867491911859210e-12
2.582471186415697766e-12
2.008374575631908705e-12
1.506499807312544781e-12
1.093443610424987241e-12
7.781301120206052159e-13
5.645350105364357785e-13
4.538134737543612147e-13
4.730416723871171175e-13
5.902058185027388077e-13
8.182399046653416677e-13
1.157689208449105131e-12
1.606988335506539608e-12
2.159888983062357181e-12
2.802036998767180929e-12
3.507334495902491298e-12
4.235229418842229615e-12
4.930549232275827137e-12
5.527526768633907067e-12
5.958792325059176964e-12
6.168212130037550168e-12
6.124180247800323193e-12
5.828651905628113154e-12
5.318053964395692591e-12
4.655227301188266965e-12
3.915217580806095997e-12
3.169952837557255055e-12
2.476531133211554008e-12
1.871576243041501671e-12
1.371470300186344832e-12
9.765273229876373391e-13
6.767115970218692542e-13
4.570114986229083086e-13
3.014823540839225941e-13
1.957708341195237834e-13
1.283916081211641221e-13
9.117777021400734246e-14
7.930331755144240164e-14
9.117777021401316110e-14
1.283916081211560442e-13
1.957708341195240610e-13
3.014823540839702539e-13
4.570114986228767037e-13
6.767115970218565315e-13
9.765273229875779663e-13
1.371470300186368662e-12
1.871576243041489554e-12
2.476531133211562490e-12
3.169952837557241323e-12
3.915217580806335912e-12
4.655227301188384903e-12
5.318053964395696630e-12
5.828651905628313486e-12
6.124180247800284419e-12
6.168212130037550168e-12
5.958792325059550165e-12
5.527526768634306117e-12
4.930549232275733433e-12
4.235229418842462259e-12
3.507334495902457370e-12
2.802036998766966460e-12
2.159888983062429479e-12
1.606988335506600192e-12
1.157689208449132596e-12
8.182399046653694356e-13
5.902058185027073038e-13
4.730416723871182282e-13
4.939194854891387607e-13
6.180837016367551048e-13
8.618648581058712892e-13
1.227798263367122658e-12
1.717193470767868996e-12
2.327120246619498252e-12
3.046248361605277883e-12
3.850103720130093750e-12
4.696957972802025868e-12
5.526288027453478628e-12
6.262040081418905686e-12
6.822166324808701255e-12
7.133739246368218916e-12
7.149969131263393803e-12
6.863271864312413268e-12
6.308931955548011210e-12
5.557318730325009589e-12
4.697382053537577532e-12
3.817513515128561040e-12
2.990023778388505772e-12
2.262892888415007882e-12
1.659048812300689867e-12
1.180991383911527523e-12
8.177473511472785162e-13
5.516346361318903152e-13
3.634440766334731920e-13
2.357165189716682373e-13
1.544238119204931783e-13
1.095781515747654031e-13
9.527774141343271884e-14
1.095781515748324373e-13
1.544238119205021651e-13
2.357165189716102276e-13
3.634440766334476455e-13
5.516346361318842567e-13
8.177473511472037953e-13
1.180991383911452196e-12
1.659048812300626657e-12
2.262892888415067659e-12
2.990023778388576050e-12
3.817513515128699980e-12
4.697382053537883686e-12
5.557318730325151760e-12
6.308931955548155805e-12
6.863271864312528782e-12
7.149969131263480237e-12
7.133739246368584038e-12
6.822166324808699639e-12
6.262040081419030086e-12
5.526288027453654727e-12
4.696957972802534778e-12
3.850103720130322356e-12
3.046248361605831626e-12
2.327120246619793501e-12
1.717193470767903529e-12
1.227798263367268868e-12
8.618648581057875816e-13
6.180837016370167290e-13
4.939194854891377509e-13
5.164606711085727204e-13
6.481885893070667029e-13
9.090511298275741760e-13
1.303895781211334876e-12
1.837433965996347897e-12
2.510803546728747654e-12
3.316649186844810699e-12
4.233158349151437460e-12
5.218293136723174579e-12
6.206459589972132613e-12
7.110512700588144504e-12
7.831461765154431109e-12
8.275885434115677342e-12
8.377298199351053009e-12
8.114396050064841165e-12
7.518722229475666053e-12
6.667957991362888066e-12
5.667113862943077074e-12
4.624806053839949818e-12
3.632786651899699438e-12
2.754052879071937128e-12
2.020557654985618573e-12
1.438171190425531232e-12
9.951279847029518383e-13
6.705794624679308467e-13
4.412777955563180018e-13
2.858613967766785520e-13
1.870866709754229194e-13
1.326589563837304931e-13
1.153138726547304942e-13
1.326589563837765121e-13
1.870866709754403122e-13
2.858613967766265503e-13
4.412777955562313660e-13
6.705794624679038866e-13
9.951279847030404937e-13
1.438171190425566371e-12
2.020557654985664617e-12
2.754052879072085358e-12
3.632786651899749925e-12
4.624806053840039483e-12
5.667113862943186126e-12
6.667957991362971269e-12
7.518722229475956859e-12
8.114396050064960719e-12
8.377298199351077243e-12
8.275885434115703192e-12
7.831461765154348714e-12
7.110512700587948211e-12
6.206459589972239242e-12
5.218293136723109147e-12
4.233158349151620830e-12
3.316649186845154415e-12
2.510803546728832069e-12
1.837433965996390306e-12
1.303895781211192300e-12
9.090511298276909021e-13
6.481885893069670414e-13
5.164606711085190021e-13
5.406717078422703067e-13
6.805309013600703598e-13
9.598308041352055511e-13
1.386086608844524353e-12
1.968004144775768850e-12
2.711656662712686665e-12
3.614806078053830237e-12
4.659619845438812411e-12
5.804974737234513758e-12
6.980852622236346747e-12
8.088449187703138946e-12
9.009479019645257956e-12
9.625750291340594353e-12
9.845484691512252535e-12
9.628096275525213252e-12
8.997513739393346381e-12
8.037769603568415724e-12
6.872115899503015166e-12
5.633896380453426874e-12
4.439699289132571143e-12
3.372404489895006764e-12
2.476401872987221680e-12
1.762645575987790408e-12
1.218886797235406529e-12
8.205352546466246282e-13
5.393325943647697471e-13
3.489941431554485657e-13
2.281936130747484806e-13
1.617029780209756869e-13
1.405265031809935832e-13
1.617029780209172986e-13
2.281936130747025878e-13
3.489941431554941051e-13
5.393325943648712262e-13
8.205352546467147982e-13
1.218886797235390979e-12
1.762645575987913192e-12
2.476401872987294381e-12
3.372404489895020901e-12
4.439699289132537215e-12
5.633896380453620745e-12
6.872115899503394829e-12
8.037769603568800234e-12
8.997513739393713120e-12
9.628096275525253641e-12
9.845484691512446406e-12
9.625750291340940089e-12
9.009479019645535837e-12
8.088449187703319892e-12
6.980852622236302319e-12
5.804974737234781945e-12
4.659619845438834221e-12
3.614806078053906977e-12
2.711656662712800160e-12
1.968004144775940506e-12
1.386086608844641685e-12
9.598308041353240949e-13
6.805309013600120977e-13
5.406717078421903352e-13
5.665503013679755003e-13
7.151095383529896219e-13
1.014218540591127963e-12
1.474449367808552829e-12
2.109162960862131461e-12
2.930361293696376023e-12
3.942279453047283824e-12
5.132710261457397400e-12
6.463108801890106112e-12
7.860168132454663305e-12
9.213236653318860778e-12
1.038240916422073914e-11
1.121987370223647428e-11
1.160169795591139148e-11
1.146069971075339487e-11
1.080757173452155239e-11
9.730577265899532946e-12
8.373212580178037437e-12
6.898874224141622886e-12
5.455861706770799976e-12
4.153418750648278543e-12
3.053076501089330377e-12
2.173338981293558374e-12
1.502032972339110132e-12
1.010163778755650364e-12
6.632354346362102473e-13
4.287238423380773772e-13
2.800952313363927765e-13
1.983768150417741941e-13
1.723657536623616217e-13
1.983768150417120193e-13
2.800952313364156977e-13
4.287238423380682895e-13
6.632354346361993421e-13
1.010163778755663087e-12
1.502032972339149310e-12
2.173338981293661368e-12
3.053076501089390961e-12
4.153418750648450603e-12
5.455861706770904989e-12
6.898874224142055864e-12
8.373212580178357324e-12
9.730577265899768821e-12
1.080757173452162347e-11
1.146069971075365660e-11
1.160169795591206356e-11
1.121987370223718352e-11
1.038240916422095725e-11
9.213236653318770305e-12
7.860168132455075280e-12
6.463108801890510008e-12
5.132710261457642970e-12
3.942279453047443767e-12
2.930361293696723778e-12
2.109162960862290596e-12
1.474449367808671575e-12
1.014218540591022344e-12
7.151095383530358681e-13
5.665503013680088218e-13
5.940838859931551598e-13
7.519098548863753844e-13
1.072208145037482461e-12
1.569030106548602195e-12
2.261122209498838515e-12
3.167542175521704685e-12
4.300589643702479475e-12
5.655704546442034485e-12
7.199116747478346230e-12
8.856002623263317471e-12
1.050424514420052427e-11
1.198019519014369371e-11
1.310105351559774031e-11
1.370243529256377437e-11
1.368105214525795427e-11
1.302636703753384601e-11
1.182699495225367610e-11
1.024815771394548128e-11
8.489495537507982186e-12
6.739767479487393253e-12
5.143236559687260214e-12
3.785075299052894734e-12
2.694873070094289423e-12
1.861466402625212049e-12
1.250699166691078830e-12
8.202784866022662427e-13
5.297307733734795303e-13
3.458468100332510974e-13
2.448535389007731494e-13
2.127255619562538607e-13
2.448535389008119740e-13
3.458468100332539247e-13
5.297307733734548926e-13
8.202784866022185829e-13
1.250699166691096602e-12
1.861466402625082802e-12
2.694873070094344757e-12
3.785075299053018327e-12
5.143236559687293333e-12
6.739767479487383560e-12
8.489495537508080736e-12
1.024815771394560729e-11
1.182699495225408807e-11
1.302636703753414328e-11
1.368105214525828062e-11
1.370243529256396339e-11
1.310105351559794549e-11
1.198019519014400228e-11
1.050424514420071167e-11
8.856002623263445102e-12
7.199116747478745280e-12
5.655704546442017521e-12
4.300589643702211287e-12
3.167542175521754768e-12
2.261122209499056620e-12
1.569030106548508491e-12
1.072208145037482865e-12
7.519098548863383269e-13
5.940838859931820190e-13
6.232481473752057044e-13
7.909016504982892144e-13
1.133769116361871835e-12
1.669835752022219966e-12
2.424033991024232890e-12
3.423744036973846910e-12
4.691177696039170940e-12
6.231871595074815874e-12
8.019664091892675310e-12
9.980800874228835168e-12
1.198289638273615103e-11
1.383688856567174086e-11
1.531924137135729454e-11
1.621523803826798990e-11
1.637326273101640408e-11
1.575036886622984444e-11
1.442903344264175986e-11
1.259660502099875727e-11
1.049599005049786541e-11
8.367514567760103276e-12
6.402052076990879700e-12
4.717420582639748691e-12
3.359349797591140706e-12
2.319176842209281006e-12
1.556729838587415025e-12
1.019923499126057996e-12
6.580948382258977805e-13
4.294301898872721022e-13
3.039771894776389235e-13
2.640900239085781996e-13
3.039771894777012751e-13
4.294301898871890005e-13
6.580948382258596122e-13
1.019923499126106666e-12
1.556729838587417852e-12
2.319176842209299182e-12
3.359349797591153630e-12
4.717420582639871475e-12
6.402052076991181007e-12
8.367514567760439318e-12
1.049599005049813683e-11
1.259660502099900607e-11
1.442903344264201028e-11
1.575036886622997045e-11
1.637326273101680152e-11
1.621523803826810622e-11
1.531924137135746902e-11
1.383688856567220938e-11
1.198289638273653877e-11
9.980800874229302073e-12
8.019664091892623611e-12
6.231871595074993589e-12
4.691177696039485172e-12
3.423744036974089652e-12
2.424033991024512386e-12
1.669835752022105866e-12
1.133769116361830032e-12
7.909016504983530301e-13
6.232481473753171799e-13
6.540055953613510019e-13
8.320372166898871629e-13
1.198843230528820297e-12
1.776827460806852327e-12
2.597977569688537190e-12
3.699406522880037770e-12
5.115360728332717696e-12
6.864402909327609857e-12
8.931565046464632131e-12
1.124776977667847156e-11
1.367268539047469914e-11
1.599098068721191878e-11
1.793250282769614289e-11
1.922066605970134312e-11
1.964001595998803206e-11
1.909978566228838965e-11
1.766601227409133066e-11
1.554660807438078244e-11
1.303542221346275692e-11
1.043840748796528618e-11
8.008617233497084274e-12
5.909022050030825171e-12
4.208704872462688515e-12
2.903813175119080624e-12
1.947213732635730760e-12
1.274455596104015957e-12
8.217244750479424621e-13
5.360477267138521136e-13
3.794841367235483994e-13
3.297317445304304651e-13
3.794841367233780054e-13
5.360477267137634583e-13
8.217244750479831547e-13
1.274455596104240725e-12
1.947213732635895550e-12
2.903813175119054775e-12
4.208704872462748292e-12
5.909022050031071548e-12
8.008617233497371848e-12
1.043840748796561414e-11
1.303542221346309296e-11
1.554660807438116372e-11
1.766601227409168608e-11
1.909978566228882263e-11
1.964001595998868476e-11
1.922066605970183426e-11
1.793250282769655325e-11
1.599098068721271365e-11
1.367268539047474115e-11
1.124776977667871228e-11
8.931565046465780813e-12
6.864402909328521049e-12
5.115360728333161982e-12
3.699406522880384314e-12
2.597977569688229017e-12
1.776827460806880398e-12
1.198843230529008715e-12
8.320372166898988759e-13
6.540055953613948247e-13
6.863042183852270073e-13
8.752494823938591521e-13
1.267341231478079134e-12
1.889913989437663972e-12
2.782945817083527305e-12
3.994837311138053618e-12
5.574281883079180303e-12
7.556327965175682510e-12
9.941659338427998390e-12
1.267074363758722380e-11
1.559913590609188327e-11
1.848568088086766802e-11
2.100801623848822823e-11
2.281453930325901714e-11
2.360654261747064341e-11
2.322447663073150223e-11
2.170214795628510974e-11
1.926313457213073093e-11
1.626012843639365321e-11
1.308243106706409730e-11
1.006625507592219445e-11
7.437146671195835712e-12
5.297817134347681835e-12
3.652732971834687593e-12
2.446789274496870526e-12
1.599825091152422307e-12
1.030914250216268478e-12
6.725115396386963835e-13
4.763018397993451604e-13
4.139818450343401465e-13
4.763018397993975660e-13
6.725115396388011948e-13
1.030914250216294327e-12
1.599825091152407565e-12
2.446789274496820847e-12
3.652732971834888734e-12
5.297817134347786040e-12
7.437146671196160445e-12
1.006625507592235924e-11
1.308243106706438810e-11
1.626012843639397633e-11
1.926313457213113483e-11
2.170214795628571397e-11
2.322447663073206123e-11
2.360654261747151905e-11
2.281453930325983786e-11
2.100801623848847703e-11
1.848568088086830134e-11
1.559913590609246811e-11
1.267074363758727388e-11
9.941659338427799672e-12
7.556327965175306078e-12
5.574281883079183534e-12
3.994837311138171556e-12
2.782945817083379074e-12
1.889913989437785545e-12
1.267341231478047630e-12
8.752494823939956692e-13
6.863042183853776608e-13
7.200762529112216282e-13
9.204503034048930535e-13
1.339139705897840091e-12
2.008945223106674765e-12
2.978831478915332792e-12
4.310183764443406594e-12
6.068855133035623104e-12
8.310415711890316587e-12
1.105665781915995364e-11
1.426399054136417544e-11
1.778966662448164991e-11
2.136910293358331512e-11
2.462306857016998860e-11
2.711043849965561669e-11
2.842534185330434419e-11
2.831129847252082769e-11
2.674629030508485906e-11
2.395923600885837302e-11
2.036893696891512786e-11
1.647025169851176212e-11
1.271091447151165270e-11
9.403387272338233787e-12
6.698624811371903296e-12
4.614673913414547932e-12
3.087455788559295495e-12
2.016720836879934419e-12
1.299064572511478963e-12
8.477578585862400596e-13
6.009528876308107882e-13
5.225988165806292182e-13
6.009528876307253640e-13
8.477578585863007451e-13
1.299064572511431707e-12
2.016720836880056396e-12
3.087455788559364965e-12
4.614673913414632750e-12
6.698624811371821709e-12
9.403387272338308104e-12
1.271091447151183042e-11
1.647025169851223710e-11
2.036893696891592596e-11
2.395923600885870906e-11
2.674629030508487198e-11
2.831129847252159025e-11
2.842534185330489349e-11
2.711043849965625969e-11
2.462306857017084809e-11
2.136910293358434910e-11
1.778966662448161760e-11
1.426399054136422714e-11
1.105665781916007642e-11
8.310415711890794801e-12
6.068855133035970455e-12
4.310183764443468794e-12
2.978831478915488292e-12
2.008945223106653763e-12
1.339139705897805154e-12
9.204503034048670021e-13
7.200762529114616439e-13
7.552371028732563500e-13
9.675289437251169433e-13
1.414078225237373526e-12
2.133706020211470751e-12
3.185413554381201983e-12
4.645403583257999339e-12
6.599705472952518533e-12
9.129062100664628191e-12
1.228295390228282716e-11
1.604194891299763204e-11
2.027334137483369036e-11
2.469431061467694143e-11
2.886598440801263512e-11
3.224243049955568189e-11
3.428173686929570949e-11
3.459319422418582644e-11
3.306440304494493822e-11
2.991071971771830104e-11
2.562212755121864363e-11
2.082664791477860382e-11
1.612200603943491441e-11
1.194167205201529017e-11
8.505595369603805872e-12
5.853230655482030521e-12
3.910706733339996960e-12
2.551919521194767662e-12
1.643600491143283952e-12
1.073523735024013147e-12
7.621018949242334036e-13
6.632737539389036223e-13
7.621018949242181565e-13
1.073523735023934993e-12
1.643600491143158340e-12
2.551919521194718386e-12
3.910706733339837825e-12
5.853230655482058793e-12
8.505595369603899576e-12
1.194167205201567468e-11
1.612200603943540555e-11
2.082664791477941485e-11
2.562212755122005242e-11
2.991071971771932209e-11
3.306440304494590757e-11
3.459319422418715768e-11
3.428173686929700842e-11
3.224243049955703898e-11
2.886598440801401160e-11
2.469431061467786232e-11
2.027334137483401025e-11
1.604194891299764819e-11
1.228295390228332960e-11
9.129062100665146794e-12
6.599705472952715635e-12
4.645403583258294991e-12
3.185413554381228237e-12
2.133706020211281727e-12
1.414078225237475308e-12
9.675289437249717424e-13
7.552371028736905390e-13
7.916844447988204423e-13
1.016350798258533045e-12
1.491956843183517628e-12
2.263910546584542683e-12
3.402344127162657430e-12
5.000235060946132419e-12
7.167105344873843689e-12
1.001416415474678179e-11
1.362639871918325164e-11
1.801888357597322858e-11
2.308047279836273260e-11
2.851915947986806042e-11
3.383689565924541634e-11
3.836794307537008088e-11
4.140032028694212807e-11
4.236036847290763038e-11
4.099553452291651348e-11
3.747544063068731591e-11
3.236143190742187285e-11
2.644861946498826322e-11
2.053706139785815892e-11
1.522909070338435504e-11
1.084304265272670085e-11
7.451380955931744328e-12
4.970205214559358371e-12
3.239947594323422126e-12
2.087125147576985473e-12
1.365230540908888587e-12
9.712951060159984741e-13
8.463233610968350031e-13
9.712951060160778398e-13
1.365230540908792864e-12
2.087125147577074330e-12
3.239947594323195136e-12
4.970205214559523969e-12
7.451380955931993128e-12
1.084304265272673316e-11
1.522909070338447782e-11
2.053706139785838187e-11
2.644861946498917764e-11
3.236143190742275819e-11
3.747544063068867300e-11
4.099553452291831001e-11
4.236036847291063538e-11
4.140032028694390522e-11
3.836794307537135396e-11
3.383689565924646970e-11
2.851915947986841262e-11
2.308047279836372780e-11
1.801888357597356139e-11
1.362639871918420646e-11
1.001416415474768490e-11
7.167105344873741099e-12
5.000235060946778654e-12
3.402344127162728111e-12
2.263910546584590343e-12
1.491956843183541255e-12
1.016350798258516081e-12
7.916844447991138733e-13
8.292975541714570967e-13
1.066756406587415712e-12
1.572534039778563179e-12
2.399197286529364302e-12
3.629136033526886484e-12
5.374167680230900545e-12
7.770908500067110275e-12
1.096698186163773454e-11
1.509203914862990688e-11
2.020845159714617691e-11
2.624204643179077398e-11
3.290585797311661006e-11
3.964822298850798801e-11
4.567065443857359563e-11
5.005229209512630290e-11
5.197391511218028373e-11
5.097219892217178045e-11
4.711868292578471914e-11
4.103684899746801125e-11
3.372991894889496054e-11
2.627170554057936359e-11
1.950067524569290382e-11
1.387502154088326288e-11
9.517400068297121903e-12
6.335093059505509217e-12
4.125069792743093794e-12
2.658831937429015341e-12
1.743123008461165926e-12
1.243956882805125704e-12
1.085639658470640682e-12
1.243956882804863978e-12
1.743123008461364441e-12
2.658831937429172861e-12
4.125069792743299782e-12
6.335093059505896150e-12
9.517400068296953882e-12
1.387502154088363446e-11
1.950067524569363730e-11
2.627170554058011000e-11
3.372991894889632410e-11
4.103684899746968500e-11
4.711868292578625718e-11
5.097219892217351236e-11
5.197391511218167960e-11
5.005229209512693621e-11
4.567065443857546325e-11
3.964822298850880872e-11
3.290585797311743724e-11
2.624204643179185642e-11
2.020845159714669713e-11
1.509203914862965162e-11
1.096698186163896077e-11
7.770908500066859859e-12
5.374167680231640484e-12
3.629136033526766526e-12
2.399197286529558576e-12
1.572534039778559342e-12
1.066756406587435907e-12
8.292975541715452472e-13
8.679368874770030824e-13
1.118560806514665376e-12
1.655525203966813058e-12
2.539124926924857570e-12
3.865151793469067946e-12
5.766413925880965232e-12
8.410482884298022194e-12
1.198799008549901672e-11
1.668381963084167356e-11
2.262317034117772600e-11
2.978893110262609307e-11
3.792015652510725142e-11
4.642469544402121697e-11
5.436317839381514439e-11
6.056359893536174048e-11
6.388225243855701903e-11
6.354628166327050407e-11
5.944655788693316266e-11
5.224269994236136984e-11
4.319445985596709597e-11
3.374710375484671940e-11
2.506984816503766693e-11
1.781892505767447939e-11
1.219266710066045558e-11
8.094027441764641255e-12
5.263574174783396561e-12
3.396170910085219654e-12
2.233709682723038023e-12
1.600721568336399562e-12
1.399985366501111522e-12
1.600721568336558899e-12
2.233709682723657601e-12
3.396170910085453510e-12
5.263574174783146953e-12
8.094027441764544319e-12
1.219266710066079809e-11
1.781892505767478312e-11
2.506984816503758292e-11
3.374710375484750781e-11
4.319445985596905407e-11
5.224269994236189329e-11
5.944655788693417078e-11
6.354628166327290806e-11
6.388225243855819517e-11
6.056359893536338191e-11
5.436317839381629469e-11
4.642469544402356280e-11
3.792015652510669566e-11
2.978893110262615769e-11
2.262317034117778093e-11
1.668381963084187066e-11
1.198799008549932045e-11
8.410482884298461634e-12
5.766413925881366705e-12
3.865151793469613207e-12
2.539124926924896344e-12
1.655525203966971386e-12
1.118560806514626602e-12
8.679368874768019418e-13
9.074439521751071422e-13
1.171553273489235657e-12
1.740601744249271831e-12
2.683169314567035264e-12
4.109594262164555338e-12
6.175883314197579421e-12
9.084644529876217734e-12
1.307672374763124774e-11
1.840425095080137545e-11
2.527378370885182482e-11
3.375084315634488586e-11
4.363006078498230176e-11
5.430268278489727842e-11
6.468921076409768119e-11
7.332362856610634493e-11
7.864064636021303672e-11
7.942177791129264798e-11
7.524992614040722161e-11
6.676624420565400169e-11
5.554207795411082469e-11
4.352805938079578218e-11
3.235717123145007961e-11
2.296458045925851964e-11
1.566216837544584991e-11
1.036006245460010727e-11
6.726257866995866414e-12
4.346714062556922877e-12
2.871535267932454745e-12
2.069189680812586659e-12
1.814743398532672211e-12
2.069189680812747006e-12
2.871535267932302475e-12
4.346714062557131288e-12
6.726257866995775133e-12
1.036006245460010566e-11
1.566216837544621180e-11
2.296458045925917880e-11
3.235717123145129453e-11
4.352805938079739777e-11
5.554207795411229164e-11
6.676624420565630229e-11
7.524992614041087930e-11
7.942177791129606010e-11
7.864064636021655224e-11
7.332362856611045499e-11
6.468921076410018858e-11
5.430268278489917189e-11
4.363006078498379457e-11
3.375084315634591338e-11
2.527378370885275862e-11
1.840425095080104264e-11
1.307672374763146746e-11
9.084644529876099796e-12
6.175883314197110901e-12
4.109594262165217729e-12
2.683169314566819987e-12
1.740601744249350591e-12
1.171553273489293010e-12
9.074439521748093693e-13
9.476414934876095078e-13
1.225497487836440913e-12
1.827390911956320672e-12
2.830721684518516787e-12
4.361499478024843237e-12
6.601159746536508314e-12
9.791594826933943266e-12
1.423162067076172999e-11
2.025405197026413739e-11
2.816852776711421142e-11
3.815503740284383268e-11
5.010395703075505660e-11
6.342855836774057889e-11
7.692465093507992593e-11
8.879397122382122749e-11
9.693391863075307774e-11
9.949583363570728456e-11
9.556207986012726371e-11
8.565341334251271386e-11
7.171160287631745228e-11
5.637647629206293222e-11
4.193150641543590882e-11
2.970178663127380757e-11
2.016906153342456328e-11
1.327658744145714785e-11
8.600951337790085116e-12
5.570098645793053404e-12
3.701286897566457763e-12
2.686200343316668028e-12
2.364243600237938109e-12
2.686200343316662777e-12
3.701286897566282471e-12
5.570098645793107526e-12
8.600951337790319377e-12
1.327658744145738211e-11
2.016906153342473777e-11
2.970178663127418885e-11
4.193150641543669723e-11
5.637647629206466413e-11
7.171160287631961071e-11
8.565341334251443285e-11
9.556207986013006837e-11
9.949583363571085178e-11
9.693391863075726534e-11
8.879397122382597085e-11
7.692465093508344144e-11
6.342855836774227203e-11
5.010395703075580623e-11
3.815503740284476972e-11
2.816852776711427927e-11
2.025405197026459622e-11
1.423162067076250709e-11
9.791594826934738134e-12
6.601159746536531740e-12
4.361499478025095269e-12
2.830721684518558388e-12
1.827390911956369140e-12
1.225497487836522097e-12
9.476414934873683814e-13
9.883340223461963775e-13
1.280132165811600170e-12
1.915476413192515146e-12
2.981088347649483925e-12
4.619732187202154594e-12
7.040483372035472164e-12
1.052886390194770647e-11
1.544986767572837550e-11
2.223177355027612477e-11
3.131230407560594141e-11
4.302470802579582208e-11
5.740803795948298458e-11
7.395575479769383432e-11
9.137702139050778413e-11
1.075163969414617093e-10
1.196020696649009641e-10
1.249096121431592637e-10
1.217343020264462740e-10
1.102979183848387973e-10
9.296834578448910798e-11
7.332722930051738245e-11
5.457006158394073626e-11
3.856117155046502399e-11
2.603568122757078555e-11
1.702480349131503040e-11
1.099492804439710057e-11
7.139899872249834721e-12
4.780218704313377388e-12
3.500713599795760698e-12
3.094801046970395168e-12
3.500713599795872577e-12
4.780218704313421817e-12
7.139899872249778175e-12
1.099492804439706664e-11
1.702480349131493993e-11
2.603568122757064984e-11
3.856117155046568961e-11
5.457006158394176378e-11
7.332722930051868784e-11
9.296834578449089158e-11
1.102979183848417312e-10
1.217343020264498412e-10
1.249096121431627276e-10
1.196020696649050483e-10
1.075163969414656513e-10
9.137702139051140305e-11
7.395575479769711719e-11
5.740803795948562768e-11
4.302470802579801282e-11
3.131230407560605127e-11
2.223177355027655128e-11
1.544986767572871154e-11
1.052886390194767093e-11
7.040483372035463278e-12
4.619732187202498714e-12
2.981088347649378104e-12
1.915476413192546246e-12
1.280132165811703567e-12
9.883340223458488243e-13
1.029308703122444688e-12
1.335172182888176578e-12
2.004399873610284620e-12
3.133492008027993987e-12
4.882984509542611650e-12
7.491738183714581105e-12
1.129326312341378391e-11
1.672725668345968644e-11
2.433341751694865943e-11
3.470577801468822153e-11
4.837709922369897443e-11
6.560293027768520033e-11
8.604012994069041826e-11
1.083822819363157948e-10
1.301186765162698614e-10
1.476678828359427278e-10
1.571103194262588334e-10
1.555344321633587400e-10
1.425623278387156744e-10
1.210262526625945756e-10
9.579702094715393871e-11
7.134754569913167321e-11
5.027647745895974938e-11
3.369515561122387062e-11
2.183385075907187591e-11
1.403732906134541075e-11
9.145469511338777691e-12
6.180976847414915972e-12
4.577446970945404509e-12
4.068640101249757194e-12
4.577446970945739744e-12
6.180976847415092071e-12
9.145469511338746995e-12
1.403732906134543660e-11
2.183385075907176605e-11
3.369515561122403864e-11
5.027647745895982692e-11
7.134754569913301737e-11
9.579702094715640733e-11
1.210262526625972898e-10
1.425623278387198879e-10
1.555344321633632120e-10
1.571103194262631503e-10
1.476678828359475616e-10
1.301186765162751605e-10
1.083822819363189872e-10
8.604012994069339094e-11
6.560293027768686761e-11
4.837709922370094544e-11
3.470577801468812459e-11
2.433341751694858835e-11
1.672725668346061056e-11
1.129326312341483081e-11
7.491738183714374310e-12
4.882984509542614074e-12
3.133492008028002469e-12
2.004399873610346416e-12
1.335172182888244432e-12
1.029308703122244760e-12
1.070336612913058702e-12
1.390310208423067969e-12
2.093663204831886707e-12
3.287074854911586856e-12
5.149778175293624935e-12
7.952446562366170155e-12
1.208084994961661283e-11
1.805805861790723312e-11
2.655206728463615978e-11
3.834443014979523413e-11
5.422134893688465030e-11
7.473945734993460464e-11
9.983324293851468010e-11
1.282978906835139926e-10
1.573161578544140389e-10
1.823644560229633783e-10
1.979250408128169974e-10
1.992746102613514748e-10
1.849429402084517899e-10
1.582196399583903818e-10
1.257422261503598794e-10
9.377063629987672289e-11
6.588173006192336086e-11
4.374083598786960327e-11
2.799598916376284758e-11
1.788273701894350280e-11
1.169464874676032183e-11
7.995451914834900767e-12
6.001706262216324047e-12
5.369094852904218275e-12
6.001706262215851488e-12
7.995451914834803832e-12
1.169464874676056578e-11
1.788273701894373221e-11
2.799598916376289281e-11
4.374083598786952572e-11
6.588173006192445946e-11
9.377063629987770517e-11
1.257422261503607841e-10
1.582196399583938973e-10
1.849429402084572958e-10
1.992746102613588936e-10
1.979250408128242094e-10
1.823644560229710039e-10
1.573161578544235773e-10
1.282978906835199638e-10
9.983324293852111660e-11
7.473945734993762902e-11
5.422134893688686043e-11
3.834443014979556371e-11
2.655206728463706774e-11
1.805805861790851267e-11
1.208084994961727360e-11
7.952446562366389875e-12
5.149778175293729948e-12
3.287074854911844542e-12
2.093663204831960217e-12
1.390310208422955484e-12
1.070336612912934100e-12
1.111174376289017501e-12
1.445218860052864236e-12
2.182731902716103094e-12
3.440903539677955276e-12
5.418470703557439700e-12
8.419771915284046464e-12
1.288690839720605768e-11
1.943492371752013760e-11
2.887755038089378797e-11
4.221760066664565933e-11
6.055611995947517280e-11
8.485352620372177926e-11
1.154731702805851027e-10
1.514907387429221193e-10
1.899060823365202020e-10
2.251588028232149222e-10
2.496454266232453279e-10
2.559751586045751824e-10
2.407947142876344516e-10
2.077465367166548042e-10
1.658902795354553311e-10
1.239836971145754778e-10
8.686573556425123148e-11
5.700578683084348715e-11
3.589162302656574367e-11
2.271970812390734496e-11
1.492098437587952463e-11
1.034219318326021448e-11
7.887014465135632990e-12
7.108382599777637388e-12
7.887014465136797828e-12
1.034219318326087364e-11
1.492098437587986390e-11
2.271970812390751621e-11
3.589162302656450290e-11
5.700578683084286030e-11
8.686573556425086959e-11
1.239836971145782178e-10
1.658902795354593377e-10
2.077465367166575959e-10
2.407947142876401902e-10
2.559751586045824719e-10
2.496454266232531861e-10
2.251588028232257531e-10
1.899060823365291201e-10
1.514907387429329760e-10
1.154731702805923405e-10
8.485352620372247720e-11
6.055611995947833935e-11
4.221760066664732016e-11
2.887755038089384290e-11
1.943492371752085169e-11
1.288690839720654397e-11
8.419771915283763737e-12
5.418470703558282229e-12
3.440903539678495286e-12
2.182731902716252939e-12
1.445218860052513452e-12
1.111174376289296998e-12
1.151566170713000082e-12
1.499553374065191736e-12
2.271039286023394938e-12
3.593976105427148327e-12
5.687265811707822562e-12
8.890530425182402541e-12
1.370594830936030069e-11
2.084881732428717962e-11
3.129615625673732839e-11
4.630757937416412320e-11
6.736711038529131500e-11
9.596021286367311048e-11
1.330725975193844890e-10
1.783184488112888382e-10
2.287505242643746564e-10
2.777649071761346710e-10
3.151189498227060571e-10
3.295713870600695313e-10
3.146385252462286174e-10
2.740168614566490556e-10
2.200833511454013749e-10
1.650883797168159490e-10
1.154222345741932618e-10
7.469316650705593311e-11
4.603310987942694246e-11
2.879438223100282750e-11
1.900635180812934842e-11
1.338553547916673386e-11
1.039095735924983660e-11
9.442404389898260686e-12
1.039095735924976390e-11
1.338553547916600523e-11
1.900635180812887020e-11
2.879438223100161258e-11
4.603310987942563707e-11
7.469316650705486036e-11
1.154222345741935850e-10
1.650883797168183530e-10
2.200833511454030551e-10
2.740168614566521576e-10
3.146385252462351314e-10
3.295713870600801813e-10
3.151189498227181547e-10
2.777649071761428394e-10
2.287505242643829282e-10
1.783184488112970067e-10
1.330725975193868930e-10
9.596021286368027076e-11
6.736711038529229728e-11
4.630757937416566124e-11
3.129615625673759335e-11
2.084881732428818774e-11
1.370594830936026192e-11
8.890530425182775741e-12
5.687265811707757939e-12
3.593976105427311905e-12
2.271039286023370300e-12
1.499553374065560292e-12
1.151566170712969790e-12
1.191246088433269920e-12
1.552954774882646872e-12
2.357991659863547472e-12
3.745230886937429431e-12
5.954228240092102480e-12
9.361212724406776005e-12
1.453172631155648884e-11
2.228900020820135941e-11
3.379043499395793626e-11
5.058880552027615028e-11
7.462457770301074291e-11
1.080472349684249048e-10
1.527041309661200651e-10
2.091025859945879774e-10
2.747427068324079005e-10
3.421356478964998940e-10
3.978361851548426863e-10
4.251673149978208167e-10
4.125806262096455380e-10
3.631569055919606187e-10
2.937982616024332689e-10
2.216508842782313738e-10
1.548649467745284931e-10
9.859447788664712928e-11
5.914348349467741581e-11
3.647337729087648127e-11
2.424780624787496867e-11
1.738962383552662228e-11
1.375589865213830915e-11
1.260682185443350194e-11
1.375589865213834469e-11
1.738962383552637994e-11
2.424780624787384423e-11
3.647337729087588673e-11
5.914348349467617504e-11
9.859447788664542322e-11
1.548649467745293461e-10
2.216508842782346567e-10
2.937982616024387489e-10
3.631569055919671328e-10
4.125806262096561879e-10
4.251673149978318803e-10
3.978361851548584027e-10
3.421356478965102855e-10
2.747427068324188089e-10
2.091025859945970764e-10
1.527041309661252609e-10
1.080472349684293638e-10
7.462457770301370267e-11
5.058880552027653803e-11
3.379043499395790394e-11
2.228900020820268420e-11
1.453172631155810120e-11
9.361212724406851937e-12
5.954228240092524149e-12
3.745230886937563524e-12
2.357991659863596343e-12
1.552954774882603049e-12
1.191246088433454097e-12
1.229940830790365645e-12
1.605053513129153574e-12
2.442974362102892049e-12
3.893557342370161060e-12
6.217303050270092562e-12
9.828016039830339538e-12
1.535729084399996866e-11
2.374306188964646491e-11
3.633910338569091284e-11
5.502725119681353802e-11
8.228105428462882935e-11
1.210681428859256891e-10
1.743831082848491118e-10
2.440927232105770573e-10
3.287506234150747141e-10
4.204177964779503102e-10
5.019924525901842520e-10
5.493312424504930412e-10
5.428818911678810388e-10
4.837514766670602716e-10
3.949543013013717645e-10
3.005347996047413862e-10
2.103452376689855899e-10
1.314697123699518255e-10
7.630062117818858572e-11
4.640131663072840275e-11
3.123933758546173112e-11
2.286818963096801311e-11
1.842197418884488956e-11
1.701673499274594146e-11
1.842197418884395898e-11
2.286818963096648476e-11
3.123933758546098148e-11
4.640131663072715552e-11
7.630062117818722862e-11
1.314697123699504038e-10
2.103452376689854090e-10
3.005347996047472282e-10
3.949543013013752283e-10
4.837514766670712317e-10
5.428818911679019251e-10
5.493312424505123766e-10
5.019924525902047247e-10
4.204177964779698524e-10
3.287506234150873803e-10
2.440927232105947900e-10
1.743831082848588571e-10
1.210681428859294114e-10
8.228105428463140137e-11
5.502725119681473355e-11
3.633910338569248966e-11
2.374306188964635505e-11
1.535729084400073122e-11
9.828016039831245882e-12
6.217303050270532001e-12
3.893557342370206297e-12
2.442974362102993023e-12
1.605053513129172355e-12
1.229940830790653826e-12
1.267372701121031501e-12
1.655473527554518745e-12
2.525358624084592648e-12
4.037808716384962195e-12
6.474339312119057543e-12
1.028688701719652946e-11
1.617505294682962504e-11
2.519701416075755279e-11
3.891708391438247995e-11
5.958006771865014368e-11
9.026947106762338554e-11
1.349357202643470837e-10
1.980486550071444974e-10
2.834211855397457357e-10
3.915319603354493824e-10
5.148484232742875711e-10
6.324839653058866901e-10
7.104053767241429100e-10
7.167154379141331184e-10
6.479510089175863702e-10
5.352132400995052931e-10
4.123407155607561549e-10
2.901830685008914783e-10
1.777714847896420715e-10
9.921909124453015649e-11
5.988111818321568807e-11
4.133331740572987681e-11
3.097985983606967824e-11
2.533910485009734086e-11
2.354797230850569265e-11
2.533910485009687557e-11
3.097985983606879290e-11
4.133331740572709153e-11
5.988111818321404663e-11
9.921909124453035036e-11
1.777714847896448891e-10
2.901830685008984059e-10
4.123407155607624104e-10
5.352132400995112902e-10
6.479510089176059124e-10
7.167154379141530742e-10
7.104053767241719648e-10
6.324839653059164686e-10
5.148484232743125933e-10
3.915319603354678906e-10
2.834211855397573163e-10
1.980486550071546304e-10
1.349357202643558725e-10
9.026947106762683643e-11
5.958006771865331023e-11
3.891708391438477409e-11
2.519701416075844460e-11
1.617505294683025188e-11
1.028688701719713208e-11
6.474339312119168211e-12
4.037808716385468681e-12
2.525358624084897994e-12
1.655473527554530054e-12
1.267372701121287572e-12
1.303262853940178187e-12
1.703836671111010993e-12
2.604509150859981161e-12
4.176816369634512642e-12
6.723117937847044428e-12
1.073357504512557688e-11
1.697688354189809698e-11
2.663545006515952582e-11
4.149569896344439185e-11
6.419557431235647864e-11
9.850193406965983994e-11
1.495162435041273185e-10
2.235443175471845137e-10
3.270497846679973056e-10
4.636161062227644550e-10
6.275663916397986919e-10
7.947719639997668986e-10
9.187522228169254441e-10
9.491248240320977814e-10
8.731264555626580651e-10
7.321459327336429810e-10
5.740625545102107344e-10
4.086009280364217276e-10
2.452747615129514210e-10
1.309166925042448314e-10
7.980268436147917823e-11
5.775329609155411806e-11
4.451464390937326706e-11
3.679688133041717370e-11
3.431009456905899122e-11
3.679688133041736110e-11
4.451464390937203921e-11
5.775329609155316164e-11
7.980268436147955305e-11
1.309166925042468735e-10
2.452747615129508006e-10
4.086009280364304647e-10
5.740625545102280017e-10
7.321459327336574566e-10
8.731264555626803990e-10
9.491248240321327298e-10
9.187522228169587381e-10
7.947719639997985382e-10
6.275663916398314690e-10
4.636161062227908731e-10
3.270497846680076971e-10
2.235443175471948017e-10
1.495162435041276287e-10
9.850193406966374320e-11
6.419557431235821055e-11
4.149569896344639518e-11
2.663545006516011390e-11
1.697688354189911803e-11
1.073357504512574005e-11
6.723117937847226989e-12
4.176816369634630580e-12
2.604509150860117275e-12
1.703836671111187092e-12
1.303262853940565726e-12
1.337334745143413641e-12
1.749767432662458815e-12
2.679792294124157607e-12
4.309405553737044657e-12
6.961383243672476076e-12
1.116369548564597927e-11
1.775423682020542436e-11
2.804177097222429179e-11
4.404303703420499673e-11
6.881366082730732531e-11
1.068694081462209713e-10
1.646253783389410933e-10
2.506002470120989508e-10
3.747119650189048069e-10
5.451534303368015809e-10
7.603129531095743163e-10
9.945161902231654503e-10
1.186766146440656755e-09
1.260090370269326216e-09
1.184266855974055667e-09
1.012889095951618567e-09
8.142749372803999294e-10
5.920172116062532988e-10
3.496445563083885587e-10
1.778638889630152648e-10
1.131031394456527042e-10
8.818384269900262490e-11
7.020506423036559000e-11
5.851653424425159527e-11
5.467086605673843724e-11
5.851653424424753691e-11
7.020506423036551245e-11
8.818384269900345208e-11
1.131031394456567367e-10
1.778638889630239761e-10
3.496445563083973475e-10
5.920172116062656031e-10
8.142749372804115099e-10
1.012889095951640694e-09
1.184266855974092269e-09
1.260090370269379362e-09
1.186766146440704318e-09
9.945161902232053618e-10
7.603129531096080239e-10
5.451534303368314628e-10
3.747119650189175765e-10
2.506002470121131163e-10
1.646253783389497270e-10
1.068694081462248099e-10
6.881366082731255981e-11
4.404303703420721978e-11
2.804177097222562949e-11
1.775423682020670390e-11
1.116369548564624907e-11
6.961383243672837967e-12
4.309405553737179559e-12
2.679792294124100253e-12
1.749767432662493954e-12
1.337334745143677385e-12
1.369317723750410565e-12
1.792897869308047571e-12
2.750584673969814454e-12
4.434412335514528251e-12
7.186877682359815709e-12
1.157280170685120289e-11
1.849829821140227178e-11
2.939848088256507668e-11
4.652450021211979665e-11
7.336665924164083897e-11
1.152425472461147419e-10
1.800265582821069634e-10
2.788194995215508451e-10
4.258563888653102000e-10
6.357395553085844854e-10
9.140063283154862000e-10
1.236854794070807837e-09
1.528327997070726822e-09
1.675331170119607716e-09
1.617102763404528391e-09
1.420036375468253371e-09
1.183307562576074529e-09
8.946665716936108372e-10
5.296640543847852251e-10
2.587367177897502904e-10
1.782389638178753466e-10
1.506620884901230113e-10
1.237118157174538371e-10
1.045450382154676203e-10
9.820328337488899008e-11
1.045450382154698950e-10
1.237118157174590328e-10
1.506620884901247691e-10
1.782389638178808267e-10
2.587367177897525652e-10
5.296640543848097303e-10
8.946665716936287250e-10
1.183307562576099758e-09
1.420036375468299072e-09
1.617102763404581744e-09
1.675331170119678646e-09
1.528327997070798373e-09
1.236854794070856021e-09
9.140063283155350037e-10
6.357395553086259479e-10
4.258563888653305176e-10
2.788194995215674922e-10
1.800265582821159849e-10
1.152425472461200023e-10
7.336665924164338513e-11
4.652450021212293735e-11
2.939848088256660826e-11
1.849829821140352548e-11
1.157280170685131113e-11
7.186877682360292308e-12
4.434412335515034738e-12
2.750584673969954606e-12
1.792897869307992641e-12
1.369317723750103200e-12
1.398950706305352050e-12
1.832872646703116127e-12
2.816282090487110130e-12
4.550701315727685747e-12
7.397379023532725353e-12
1.195646439651910710e-11
1.920015397589421274e-11
3.068754366026461509e-11
4.890353120915202002e-11
7.778071562832018392e-11
1.234738574609257021e-10
1.954326738430361681e-10
3.076713829632070186e-10
4.796007215983072070e-10
7.342328676623787191e-10
1.088201682981593884e-09
1.525220931726928993e-09
1.957203259630951579e-09
2.225893892863153147e-09
2.221087312472561592e-09
2.019652873245850845e-09
1.771155987719966428e-09
1.436149372409742286e-09
8.957644460286725730e-10
4.372252106441782882e-10
3.298696834147684943e-10
2.864390149409996385e-10
2.390905379534484841e-10
2.074350480273719178e-10
1.975037029809208352e-10
2.074350480273731327e-10
2.390905379534479154e-10
2.864390149409959162e-10
3.298696834147660645e-10
4.372252106441901272e-10
8.957644460286706085e-10
1.436149372409768549e-09
1.771155987720012544e-09
2.019652873245925291e-09
2.221087312472650514e-09
2.225893892863237106e-09
1.957203259631046705e-09
1.525220931726974695e-09
1.088201682981635449e-09
7.342328676624094282e-10
4.796007215983142381e-10
3.076713829632248030e-10
1.954326738430432250e-10
1.234738574609321127e-10
7.778071562832049412e-11
4.890353120915540629e-11
3.068754366026488651e-11
1.920015397589518856e-11
1.195646439651952230e-11
7.397379023533607463e-12
4.550701315727619508e-12
2.816282090487506352e-12
1.832872646703096740e-12
1.398950706305330038e-12
1.425985837739548038e-12
1.869354111674551557e-12
2.876308505880316137e-12
4.657183797994185894e-12
7.590739034007916766e-12
1.231035632598035964e-11
1.985097797501653830e-11
3.189079508298661639e-11
5.114250639482193650e-11
8.197766068174095196e-11
1.314012991698943806e-10
2.105117403808611232e-10
3.364948339769629471e-10
5.347063362736901401e-10
8.385960763606650299e-10
1.280490909866443947e-09
1.859676660363290429e-09
2.483811404941893334e-09
2.944708024298551719e-09
3.059289603246343485e-09
2.907536020619510017e-09
2.729809552221763665e-09
2.474005362337485263e-09
1.717655020149293885e-09
8.890536560047919989e-10
7.254725598320689016e-10
5.830076584272150730e-10
4.833318416591372130e-10
4.354904475899966722e-10
4.233760063854054945e-10
4.354904475899903132e-10
4.833318416591149825e-10
5.830076584271838470e-10
7.254725598320331260e-10
8.890536560047925158e-10
1.717655020149232260e-09
2.474005362337603136e-09
2.729809552221872852e-09
2.907536020619563784e-09
3.059289603246456395e-09
2.944708024298665870e-09
2.483811404942021547e-09
1.859676660363355983e-09
1.280490909866484892e-09
8.385960763607017361e-10
5.347063362737085449e-10
3.364948339769786635e-10
2.105117403808717990e-10
1.314012991698932174e-10
8.197766068174426068e-11
5.114250639482388166e-11
3.189079508298798641e-11
1.985097797501715222e-11
1.231035632598057451e-11
7.590739034008175260e-12
4.657183797994672186e-12
2.876308505880215163e-12
1.869354111674869828e-12
1.425985837739234816e-12
1.450192087352223150e-12
1.902027261947067484e-12
2.930124939742689863e-12
4.752835908024669184e-12
7.764922800553084136e-12
1.263033997783422700e-11
2.044223065357409819e-11
3.299039628274149685e-11
5.320377112589077602e-11
8.587733277502232817e-11
1.388533295551165081e-10
2.248969047124933807e-10
3.645143390785736479e-10
5.895851893168116849e-10
9.458032525234972482e-10
1.485953805578727522e-09
2.234928319537607916e-09
3.110092214428627063e-09
3.857632646242293904e-09
4.198900026269269002e-09
4.201350246344720979e-09
4.273427413934449882e-09
4.477076626139352962e-09
3.332438513138988611e-09
1.995911454005443894e-09
1.750212644715577662e-09
1.192737144831921820e-09
9.713334237346823423e-10
9.119316435778841667e-10
9.055339253727064752e-10
9.119316435778572833e-10
9.713334237346287824e-10
1.192737144831826073e-09
1.750212644715438075e-09
1.995911454005434382e-09
3.332438513138996055e-09
4.477076626139541560e-09
4.273427413934602910e-09
4.201350246344860772e-09
4.198900026269450154e-09
3.857632646242453550e-09
3.110092214428800771e-09
2.234928319537694770e-09
1.485953805578794524e-09
9.458032525235603207e-10
5.895851893168403261e-10
3.645143390785854352e-10
2.248969047125076237e-10
1.388533295551222983e-10
8.587733277502434443e-11
5.320377112589516395e-11
3.299039628274167780e-11
2.044223065357516447e-11
1.263033997783480053e-11
7.764922800553673825e-12
4.752835908024580326e-12
2.930124939742680977e-12
1.902027261947066676e-12
1.450192087352081383e-12
1.471358719123174143e-12
1.930604488084554603e-12
2.977238081267012382e-12
4.836716220260947223e-12
7.918047563230294234e-12
1.291255558382318010e-11
2.096586325787405296e-11
3.396931365350905815e-11
5.505077644267567816e-11
8.940027608458763214e-11
1.456552245928775683e-10
2.382007852276935058e-10
3.908696750994278493e-10
6.423486782338633815e-10
1.051857256702578823e-09
1.696828402546614408e-09
2.638449787332312145e-09
3.823041882356138117e-09
4.967645645831527283e-09
5.683761372753210624e-09
5.997363306132788898e-09
6.589376870647141611e-09
8.031283798896073264e-09
5.455951252169359272e-09
4.013735273280078901e-09
3.898909417519073205e-09
2.240860576720695559e-09
1.843128049618118651e-09
1.803349510726823826e-09
1.818756927828039613e-09
1.803349510726817622e-09
1.843128049618062817e-09
2.240860576720561142e-09
3.898909417518780383e-09
4.013735273280124396e-09
5.455951252169370025e-09
8.031283798896385939e-09
6.589376870647351715e-09
5.997363306133042015e-09
5.683761372753472840e-09
4.967645645831770474e-09
3.823041882356310171e-09
2.638449787332390313e-09
1.696828402546688234e-09
1.051857256702623490e-09
6.423486782338939872e-10
3.908696750994453752e-10
2.382007852277022429e-10
1.456552245928827381e-10
8.940027608459030756e-11
5.505077644267747469e-11
3.396931365351166894e-11
2.096586325787460872e-11
1.291255558382380210e-11
7.918047563230555959e-12
4.836716220261230759e-12
2.977238081267133147e-12
1.930604488084773111e-12
1.471358719122829619e-12
1.489298439490224051e-12
1.954830107963626537e-12
3.017208262078578974e-12
4.907982619633096439e-12
8.048419694320175208e-12
1.315350706475526036e-11
2.141451961685328000e-11
3.481180651727100741e-11
5.664926802736236914e-11
9.247068685058541674e-11
1.516363962186157124e-10
2.500335590761591468e-10
4.146592423950958479e-10
6.909031953966678738e-10
1.151956826772573443e-09
1.902589123283396611e-09
3.049418112039949874e-09
4.588734419249223555e-09
6.235150283404114911e-09
7.487404403749193821e-09
8.278965534414923639e-09
9.611736739818344619e-09
1.319553482032123869e-08
8.047465784776771937e-09
6.641150111722167949e-09
6.881125738897967375e-09
3.543891510090915583e-09
3.103911269228256989e-09
3.194363772693193122e-09
3.267583853211613088e-09
3.194363772693207598e-09
3.103911269228223902e-09
3.543891510090858508e-09
6.881125738897729974e-09
6.641150111722439264e-09
8.047465784777317876e-09
1.319553482032117417e-08
9.611736739818799569e-09
8.278965534415373625e-09
7.487404403749501532e-09
6.235150283404430894e-09
4.588734419249452684e-09
3.049418112040071883e-09
1.902589123283493391e-09
1.151956826772634448e-09
6.909031953967052003e-10
4.146592423951122365e-10
2.500335590761717096e-10
1.516363962186171858e-10
9.247068685059195663e-11
5.664926802736417213e-11
3.481180651727259715e-11
2.141451961685483097e-11
1.315350706475548170e-11
8.048419694320737432e-12
4.907982619633522146e-12
3.017208262078709837e-12
1.954830107963495271e-12
1.489298439490197394e-12
1.503850420611025453e-12
1.974484294990447134e-12
3.049656954662697973e-12
4.965907440240463027e-12
8.154569463021142921e-12
1.335014175941352429e-11
2.178172976030466365e-11
3.550389815365376334e-11
5.796847535228387953e-11
9.501943869180465732e-11
1.566382889691848880e-10
2.600236685838851537e-10
4.349946433864613027e-10
7.330900559937167153e-10
1.240830346478894433e-09
2.090590694787617045e-09
3.439265485154540399e-09
5.349853322905480164e-09
7.563209485803392206e-09
9.468181745326085444e-09
1.082285469429983094e-08
1.285547861535331953e-08
1.879200730803308624e-08
1.130552900717923375e-08
9.624244232852651739e-09
1.007642013364348885e-08
4.778894028274282648e-09
4.565584473829885656e-09
4.975262076283847467e-09
5.168178615197355333e-09
4.975262076283897926e-09
4.565584473829955139e-09
4.778894028274136237e-09
1.007642013364371053e-08
9.624244232853005772e-09
1.130552900717973005e-08
1.879200730803429061e-08
1.285547861535379764e-08
1.082285469430037192e-08
9.468181745326608223e-09
7.563209485803820686e-09
5.349853322905711775e-09
3.439265485154729823e-09
2.090590694787708862e-09
1.240830346478953990e-09
7.330900559937453564e-10
4.349946433864825509e-10
2.600236685839035068e-10
1.566382889691897218e-10
9.501943869180812114e-11
5.796847535228533356e-11
3.550389815365615441e-11
2.178172976030590765e-11
1.335014175941412044e-11
8.154569463021517737e-12
4.965907440240832189e-12
3.049656954663009781e-12
1.974484294990480253e-12
1.503850420611067661e-12
1.514882711918369501e-12
1.989386761041278316e-12
3.074273031592436132e-12
5.009891279551342510e-12
8.235281211326245167e-12
1.349992327940229921e-11
2.206208379843476446e-11
3.603381531683901847e-11
5.898222552211854606e-11
9.698702843008583485e-11
1.605222666401261842e-10
2.678396527384984325e-10
4.510618097188377835e-10
7.668590302833290031e-10
1.313218096882197199e-09
2.247326468552993232e-09
3.774433288383321544e-09
6.029866966442500012e-09
8.799706961387359842e-09
1.136613290134958489e-08
1.322581086800239046e-08
1.572473236301078348e-08
2.374402469020669473e-08
1.453489234154452873e-08
1.247579607148328408e-08
1.294936163610118459e-08
5.797087509683669754e-09
5.987536880536925772e-09
6.874436175996412371e-09
7.241425613566531456e-09
6.874436175996555473e-09
5.987536880537132567e-09
5.797087509683869104e-09
1.294936163610174376e-08
1.247579607148396237e-08
1.453489234154522025e-08
2.374402469020821343e-08
1.572473236301167022e-08
1.322581086800319613e-08
1.136613290135019369e-08
8.799706961387816445e-09
6.029866966442892922e-09
3.774433288383544882e-09
2.247326468553122272e-09
1.313218096882272679e-09
7.668590302833571272e-10
4.510618097188592385e-10
2.678396527385095477e-10
1.605222666401309922e-10
9.698702843009131492e-11
5.898222552211974805e-11
3.603381531684265677e-11
2.206208379843592123e-11
1.349992327940291314e-11
8.235281211326453578e-12
5.009891279551497606e-12
3.074273031592873956e-12
1.989386761041595779e-12
1.514882711918435336e-12
1.522294697089322935e-12
1.999424048405643995e-12
3.090915734810741603e-12
5.039724807344901581e-12
8.290175043998149225e-12
1.360204893799463056e-11
2.225373230450825394e-11
3.639709903078614123e-11
5.967949957980972615e-11
9.834572016285884695e-11
1.632173001610404056e-10
2.732960322520393600e-10
4.623657934728596292e-10
7.908589884846641013e-10
1.365361241216968869e-09
2.362282088135810597e-09
4.026233159182521882e-09
6.556480780914700299e-09
9.788061415770396322e-09
1.290926653628291329e-08
1.513673332141342420e-08
1.788507889698096415e-08
2.746315229518876987e-08
1.713379065219245879e-08
1.476242126102126139e-08
1.510318501418757594e-08
6.604341020986930654e-09
7.186988099569778843e-09
8.543700286165639866e-09
9.080014905892042936e-09
8.543700286165952540e-09
7.186988099570108061e-09
6.604341020987243328e-09
1.510318501418868436e-08
1.476242126102208857e-08
1.713379065219321649e-08
2.746315229519010659e-08
1.788507889698190052e-08
1.513673332141423153e-08
1.290926653628360481e-08
9.788061415770929027e-09
6.556480780915064259e-09
4.026233159182704689e-09
2.362282088135902414e-09
1.365361241217042902e-09
7.908589884847050467e-10
4.623657934728799468e-10
2.732960322520554901e-10
1.632173001610462476e-10
9.834572016286381003e-11
5.967949957981083768e-11
3.639709903078799592e-11
2.225373230450895834e-11
1.360204893799513462e-11
8.290175043998929553e-12
5.039724807345453304e-12
3.090915734810908413e-12
1.999424048405671864e-12
1.522294697089548310e-12
1.526017621433964841e-12
2.004438301922573446e-12
3.099166749708561968e-12
5.054434644502067884e-12
8.317149733022506693e-12
1.365213181046387730e-11
2.234760905647074332e-11
3.657495454783194182e-11
6.002086899183327886e-11
9.901126364122623742e-11
1.645389780475120388e-10
2.759771422851700811e-10
4.679369386765195562e-10
8.027396808579658786e-10
1.391337341640546497e-09
2.420054667498212971e-09
4.154253142688959164e-09
6.827843845966907893e-09
1.030193531971734653e-08
1.370162987833956463e-08
1.607123411883602317e-08
1.892674667763606206e-08
2.929973125699434694e-08
1.841014592255171879e-08
1.588184438207112780e-08
1.614849484507981374e-08
6.994786979547356207e-09
7.803020628754447894e-09
9.459655306417413744e-09
1.010449416321656961e-08
9.459655306417625502e-09
7.803020628754818471e-09
6.994786979547788822e-09
1.614849484508077657e-08
1.588184438207195498e-08
1.841014592255247649e-08
2.929973125699617336e-08
1.892674667763706129e-08
1.607123411883686359e-08
1.370162987834026277e-08
1.030193531971789412e-08
6.827843845967213123e-09
4.154253142689142798e-09
2.420054667498335807e-09
1.391337341640620116e-09
8.027396808579999998e-10
4.679369386765385814e-10
2.759771422851846084e-10
1.645389780475213705e-10
9.901126364123236373e-11
6.002086899183651003e-11
3.657495454783231017e-11
2.234760905647178376e-11
1.365213181046435874e-11
8.317149733022537389e-12
5.054434644502602643e-12
3.099166749708598722e-12
2.004438301922542750e-12
1.526017621434308760e-12
