3.051854044317138412e-13
3.407814123020428107e-13
4.107342025025845661e-13
5.059518423633560366e-13
6.146216479482172683e-13
7.239441274015657320e-13
8.220204283419272169e-13
8.994743828714451600e-13
9.504717461301513100e-13
9.729580630176856332e-13
9.681500448672183823e-13
9.395196475032664120e-13
8.916283195227865677e-13
8.291540896139961614e-13
7.563205424104143833e-13
6.767531839569516221e-13
5.936367818180794555e-13
5.099770114343643871e-13
4.287845619702124513e-13
3.530718976475588369e-13
2.856463945856761148e-13
2.287680028709911829e-13
1.837922834107418915e-13
1.509275336926567079e-13
1.291981482169795620e-13
1.166409865250295258e-13
1.106927908921024852e-13
1.086789669863417005e-13
1.083001373163415633e-13
1.080293111359704125e-13
1.073635522533709531e-13
1.069031230959823757e-13
1.082513998620452858e-13
1.137449292524158935e-13
1.260438591842172768e-13
1.476423818449448354e-13
1.803889424760555721e-13
2.251198314257011416e-13
2.814922615773214651e-13
3.480520474977482419e-13
4.225008871555898158e-13
5.020642608335139148e-13
5.838283223751748592e-13
6.649271370537938557e-13
7.425187037945585894e-13
8.135745943981840211e-13
8.746002635475912064e-13
9.214708923032007477e-13
9.495769561932421407e-13
9.543993736844111352e-13
9.324819241536712281e-13
8.825890731882993185e-13
8.067096525491016553e-13
7.105562440463660363e-13
6.033284297004887826e-13
4.967085404744930907e-13
4.032666166593946293e-13
3.346057183036244097e-13
2.996578420875861582e-13
3.049530046353161275e-13
3.406543635259164209e-13
4.108174050074419667e-13
5.063406011067780441e-13
6.154052483595535083e-13
7.252006210445395792e-13
8.238027532256173102e-13
9.017895911140570101e-13
9.532585052668199754e-13
9.760709933514813730e-13
9.713603895238512881e-13
9.425383553625927233e-13
8.941501053709075865e-13
8.309124001071171758e-13
7.571379767619557792e-13
6.765728237233429822e-13
5.925266104319797698e-13
5.081085193621685792e-13
4.263935428007680294e-13
3.504122325515774220e-13
2.829468760984503489e-13
2.261997976656376414e-13
1.814517933857594181e-13
1.488364178536126859e-13
1.273189553472630069e-13
1.149034550892092231e-13
1.090231394563794299e-13
1.070234711880988667e-13
1.066359567809319156e-13
1.063599729791513269e-13
1.057022550732027686e-13
1.052517146047539221e-13
1.065845414738082575e-13
1.120069261795706595e-13
1.241607339020175228e-13
1.455460519782851707e-13
1.780461819442314487e-13
2.225573800053512335e-13
2.788107772711721409e-13
3.454244831805275373e-13
4.201542441249905552e-13
5.002468241965648821e-13
5.827672584545996897e-13
6.647839459347623942e-13
7.433522457341390521e-13
8.153219406418398835e-13
8.770827074631263872e-13
9.244256524580270104e-13
9.527065789695936433e-13
9.574246536549030216e-13
9.351836471924659460e-13
8.848292875862524305e-13
8.084314747601229364e-13
7.117682642715261406e-13
6.040828737468596720e-13
4.970813268671435380e-13
4.033441559698548202e-13
3.344800709287576290e-13
2.994303185006054489e-13
3.044965136794666787e-13
3.403321569806080915e-13
4.107514218521391437e-13
5.066351029466261048e-13
6.161523851300081126e-13
7.264740098269243777e-13
8.256388684121001096e-13
9.041594996830997268e-13
9.560378047026302043e-13
9.790208985076653190e-13
9.741339371410905139e-13
9.447199390736523500e-13
8.953247483892576902e-13
8.307481516495346703e-13
7.554572993199087514e-13
6.733912295030636381e-13
5.880480550976274380e-13
5.026812937455962875e-13
4.204410068384967472e-13
3.443564914134101085e-13
2.771415097847672530e-13
2.208831302546406079e-13
1.767271631512921947e-13
1.446809007784778902e-13
1.236166895422791082e-13
1.114944227956635611e-13
1.057542054039750614e-13
1.037873285439104751e-13
1.033868255153646586e-13
1.031024250188857176e-13
1.024590564783893408e-13
1.020242624839434270e-13
1.033221836061538281e-13
1.085981255443160716e-13
1.204510011184721879e-13
1.413781074947438917e-13
1.733106913188638420e-13
2.172399795136763849e-13
2.730227504049864001e-13
3.394087684906428916e-13
4.142637222296919282e-13
4.948968972944361745e-13
5.783694197639956542e-13
6.616717332385117353e-13
7.417152579628934239e-13
8.151652293327279422e-13
8.782248550004785001e-13
9.265383445831781377e-13
9.553848091016321191e-13
9.602662754459258558e-13
9.378552453478878570e-13
8.871029450944660759e-13
8.101895661338484092e-13
7.129845210960150198e-13
6.047932115808149590e-13
4.973567494558199229e-13
4.032731079616758781e-13
3.341625328800372067e-13
2.989833843189853617e-13
3.038480428453529885e-13
3.399370694816304351e-13
4.108530492602372471e-13
5.074508869818048000e-13
6.178835519803723887e-13
7.292935632000095220e-13
8.296577196168428897e-13
9.093749871339886771e-13
9.622778342863289820e-13
9.859058336538106933e-13
9.810806831867182825e-13
9.510035211920571895e-13
9.001929078517004413e-13
8.335620592887230141e-13
7.558179252286484109e-13
6.712140243915215446e-13
5.835668871401747442e-13
4.963861881331061772e-13
4.129719712821724521e-13
3.363821823613216701e-13
2.692486274191429175e-13
2.134954363871102403e-13
1.700655054626386194e-13
1.387680747269916974e-13
1.183226147449159417e-13
1.066083176554102333e-13
1.010632886889391399e-13
9.913904713797610998e-14
9.871623442202397798e-14
9.841817816828673619e-14
9.779669485972068239e-14
9.738789988586867856e-14
9.864008894542106124e-14
1.037123040953854216e-13
1.151479039611307586e-13
1.354524812334508462e-13
1.666434395257271519e-13
2.098672210721772464e-13
2.651765989383626494e-13
3.315179161334591412e-13
4.069106143463819652e-13
4.887361804610119808e-13
5.740193081592731221e-13
6.595968884006338442e-13
7.421262367871398863e-13
8.179619021044809324e-13
8.830044053690399177e-13
9.326709658225182047e-13
9.621375764310044777e-13
9.669387434555291539e-13
9.438882098110413191e-13
8.921354369879004445e-13
8.140607347531352233e-13
7.156956796075888698e-13
6.064536327501395813e-13
4.981342657150541976e-13
4.033619350805290882e-13
3.337721747759889928e-13
2.983483417661814703e-13
3.030442817857826509e-13
3.394735600952345012e-13
4.110580069793546180e-13
5.086203935308137305e-13
6.202948816665023678e-13
7.331895781730991469e-13
8.352018285145167056e-13
9.165820106419365307e-13
9.709381331210308795e-13
9.955321339475794804e-13
9.909104732989868152e-13
9.600780158603359641e-13
9.075073028752593052e-13
8.382517335295384931e-13
7.573269033062257550e-13
6.693960048029320054e-13
5.786934770204584371e-13
4.890683286503598547e-13
4.040238046692100433e-13
3.266647154893327258e-13
2.595264112979786405e-13
2.043303418566180810e-13
1.617623134020563932e-13
1.313773437607848247e-13
1.116957980894309574e-13
1.004886849677827310e-13
9.518661236418678809e-14
9.331427304181152386e-14
9.286197276764560166e-14
9.254606280494995346e-14
9.195252429251588601e-14
9.157775879966357837e-14
9.277442936028833459e-14
9.759387204781366805e-14
1.085123865190533314e-13
1.280510506089166032e-13
1.583420912811929338e-13
2.007334380614520307e-13
2.555286753367674368e-13
3.219223794427704732e-13
3.981244253791004530e-13
4.816002059742420011e-13
5.693179914069336642e-13
6.579076764893689261e-13
7.436908262273893199e-13
8.226149012327778691e-13
8.901865551782633158e-13
9.415311336304169626e-13
9.716976547274382214e-13
9.762729908869986032e-13
9.522658456218634441e-13
8.990936870248765913e-13
8.194044765564455180e-13
7.194445978723976007e-13
6.087686093137347599e-13
4.992510257613706846e-13
4.035482480299796875e-13
3.333134462576076591e-13
2.975609740480633993e-13
3.021359076519381781e-13
3.389942829613624209e-13
4.114240466274934056e-13
5.102116153995670577e-13
6.234721595908525410e-13
7.382759683666311250e-13
8.424264950052595764e-13
9.259930401629099838e-13
9.823054470719723619e-13
1.008277158443827171e-12
1.004104123432658631e-12
9.725342539758994799e-13
9.179668596563422611e-13
8.456126966373962166e-13
7.608554465341433742e-13
6.688551926613905217e-13
5.743584290026375087e-13
4.816350725358819060e-13
3.944476981244774530e-13
3.159736240529221103e-13
2.486481222940979256e-13
1.939625277290634757e-13
1.523026965458515956e-13
1.229214660236043050e-13
1.040977269397348182e-13
9.346620685896147688e-14
8.844036854497029041e-14
8.662500856617783650e-14
8.613618240293559017e-14
8.579844560084675707e-14
8.523782794878130420e-14
8.490455167589421011e-14
8.604043277438880676e-14
9.057377613618037753e-14
1.009082402478277443e-13
1.195913881541573814e-13
1.488990138582815700e-13
1.904223156164244981e-13
2.447617205860913433e-13
3.114000254415819490e-13
3.887619136911073107e-13
4.743979095344614620e-13
5.651931492177448658e-13
6.575150029508521799e-13
7.472699554424297684e-13
8.299077424853706507e-13
9.004579971318191197e-13
9.536984399850032050e-13
9.845363716949718835e-13
9.886389029075357002e-13
9.632693153667194199e-13
9.081861267862732837e-13
8.263731853226135076e-13
7.243430393211961006e-13
6.118222382262598233e-13
5.007735886124632573e-13
4.038884852601655920e-13
3.328377312246595425e-13
2.966706991311423257e-13
3.011844286151832896e-13
3.385631109002082623e-13
4.120211658175252391e-13
5.123069362304243887e-13
6.275194208278473092e-13
7.446911981679015886e-13
8.515211240445291814e-13
9.378682081432450647e-13
9.967321883046558801e-13
1.024606224326993510e-12
1.021256004297625097e-12
9.891036994678845785e-13
9.324372857503700881e-13
8.566299072925964402e-13
7.674810966074540293e-13
6.707254042399265590e-13
5.717092872798184827e-13
4.752035192726245112e-13
3.852899719205342642e-13
3.052534136517270138e-13
2.374388906022465371e-13
1.830953570179877138e-13
1.422797246376363200e-13
1.139046598995247615e-13
9.596979472536342679e-14
8.594458709966973417e-14
8.121053265135339402e-14
7.945206283828114723e-14
7.891977018391745177e-14
7.855642998662288252e-14
7.803231533259479179e-14
7.774722196281157447e-14
7.882248032588025162e-14
8.305552480175414841e-14
9.277908327726209521e-14
1.105829628126818073e-13
1.389154938756916204e-13
1.796475552772174998e-13
2.337117620388867220e-13
3.009048110914441590e-13
3.798754074683690026e-13
4.682474642917176338e-13
5.627878672191836819e-13
6.595431242643370685e-13
7.539278119292786472e-13
8.408100438493687605e-13
9.146689606996052339e-13
9.698902260620891515e-13
1.001236238698680564e-12
1.004492498789713719e-12
9.772441174044882840e-13
9.196679127414281559e-13
8.351527041238604503e-13
7.305268462405275453e-13
6.157165031655176395e-13
5.027825987167385243e-13
4.044510512530694330e-13
3.324073601710840788e-13
2.957374955327421676e-13
3.002610038633120600e-13
3.382538864436192922e-13
4.129301993356899099e-13
5.150014516353897446e-13
6.325568860312410632e-13
7.525957389067111118e-13
8.627061637992936165e-13
9.525117808175795873e-13
1.014632587292241117e-12
1.045068638633021082e-12
1.043070102147120324e-12
1.010654520068036700e-12
9.519469004267943238e-13
8.724729237246267282e-13
7.784817833304759155e-13
6.763489527429543782e-13
5.721019233234195609e-13
4.710908974106412275e-13
3.777819339502098759e-13
2.956133934711539316e-13
2.268659587239160744e-13
1.725518496273200097e-13
1.323862981683973189e-13
1.049153651852616904e-13
8.782680504445255566e-14
7.839456555325339587e-14
7.394714173978814675e-14
7.223940038523454088e-14
7.165672605893050049e-14
7.126412876150341628e-14
7.077836777865931786e-14
7.054714442771193533e-14
7.156815736942230160e-14
7.550889608850464776e-14
8.464148351000288950e-14
1.016194544302543404e-13
1.290931063485220214e-13
1.692433049100162883e-13
2.233577793290030831e-13
2.915560185570059450e-13
3.727020668022963160e-13
4.644660971961529814e-13
5.634515111572315643e-13
6.653219232309255623e-13
7.649255766364240915e-13
8.564724690982134485e-13
9.338289155572955399e-13
9.909575984205271740e-13
1.022487006960557745e-12
1.024371989351489455e-12
9.945962790663733354e-13
9.338374443178446734e-13
8.459593099251870547e-13
7.381534390274262659e-13
6.205692490890723198e-13
5.053711415447980310e-13
4.053149389539571220e-13
3.320943905406770162e-13
2.948307508561614645e-13
2.994450720545377081e-13
3.381489696206112181e-13
4.142411799156150310e-13
5.184010127649325320e-13
6.387185501707130337e-13
7.621690888362537856e-13
8.762295124308043169e-13
9.702680243117168008e-13
1.036478227392359436e-12
1.070293202369915173e-12
1.070355760950804887e-12
1.038187637652659748e-12
9.776827512104088894e-13
8.944915655105976027e-13
7.953304269959148717e-13
6.872697626252220615e-13
5.770920844811617546e-13
4.708048235904208564e-13
3.733293460062247963e-13
2.883169063651743572e-13
2.180281770174487699e-13
1.632648213534156301e-13
1.234061402177280983e-13
9.661811373768732309e-14
8.024959148496621685e-14
7.134706129854779140e-14
6.715771120498102850e-14
6.548762972821878005e-14
6.484757741096145280e-14
6.442206961617462541e-14
6.397441658187366550e-14
6.380145790170538747e-14
6.478143103362324979e-14
6.846275823306342746e-14
7.707717703612274393e-14
9.337015119304740460e-14
1.202241690660871993e-13
1.601537039330112383e-13
2.148105595679332038e-13
2.846268127152812746e-13
3.686526681536078019e-13
4.645596901774913655e-13
5.687306802416171848e-13
6.763795245727314466e-13
7.817156441448437751e-13
8.782221264127236967e-13
9.591025315004716120e-13
1.017881407671237964e-12
1.049081398566872642e-12
1.048893307981439551e-12
1.015787938424860502e-12
9.510322850018848086e-13
8.590361754108354840e-13
7.473988871935962159e-13
6.265118165572309965e-13
5.086428276044875708e-13
4.065681270940962058e-13
3.319791887245520907e-13
2.940279235005606300e-13
2.988228111719945864e-13
3.383376065732039432e-13
4.160514952595079687e-13
5.226200226041796636e-13
6.461494582008072444e-13
7.736063940147617235e-13
8.923624330685340961e-13
9.915165112083140607e-13
1.062793028258437187e-12
1.100983306369648071e-12
1.104023329999879153e-12
1.072833146641235127e-12
1.010987613827338472e-12
9.242128840579823294e-13
8.196910610654617414e-13
7.052279598733820225e-13
5.884281695210842980e-13
4.760344356220300844e-13
3.735023978255252822e-13
2.847707365908071145e-13
2.121453966593099069e-13
1.562666851543257140e-13
1.162042528441721882e-13
8.974470564401266054e-14
7.387683164489821322e-14
6.538544725112471095e-14
6.139975374193470894e-14
5.974657981264219797e-14
5.904192312448747093e-14
5.857967865050063085e-14
5.816740462287148845e-14
5.805549286436991203e-14
5.901493962365702951e-14
6.249703333064594573e-14
7.072449263737802781e-14
8.657066025856943074e-14
1.131816578972840954e-13
1.534220693842966989e-13
2.093014080404658389e-13
2.815329162072046217e-13
3.693008245670688673e-13
4.702131794412596211e-13
5.803613144781185388e-13
6.944363207364565837e-13
8.059373066371253300e-13
9.075592297425476296e-13
9.918064876416839458e-13
1.051768573496020711e-12
1.081910732762994321e-12
1.078745232406536121e-12
1.041332379825074693e-12
9.716245316412271920e-13
8.746493472833106086e-13
7.584545888629960299e-13
6.336863694872954260e-13
5.127096346836277654e-13
4.083057785474292747e-13
3.321488372648032681e-13
2.934130399741353757e-13
2.984854555040324038e-13
3.389141460389518210e-13
4.184638713039799966e-13
5.277790191665004208e-13
6.550027060991699798e-13
7.871147114461250068e-13
9.113950195717028495e-13
1.016666913590739403e-12
1.094147741738175832e-12
1.137911736293353652e-12
1.145079950412995947e-12
1.115847527422404605e-12
1.053358559644643051e-12
9.633403975750239487e-13
8.534176500775470406e-13
7.321572274246953807e-13
6.080465180900280401e-13
4.886435957308232005e-13
3.800272477272918079e-13
2.865155999746771958e-13
2.105485005744636462e-13
1.526794732307824563e-13
1.117171951929356965e-13
8.508484651189834202e-14
6.939604059806643186e-14
6.113682163600251030e-14
5.727219291465679398e-14
5.560671646079564857e-14
5.482978136930525794e-14
5.432657389362087515e-14
5.394407561140390570e-14
5.389406573971818862e-14
5.486121436664417299e-14
5.823370449052611538e-14
6.626900711478428533e-14
8.201312704469555341e-14
1.089089755937909403e-13
1.501803090800118376e-13
2.081714750934541969e-13
2.838223220825014411e-13
3.763737137401331286e-13
4.832829612277227392e-13
6.002632527778594678e-13
7.214017022611247683e-13
8.394150760900881927e-13
9.461559737025797080e-13
1.033407808023355157e-12
1.093849176584911332e-12
1.121960676502711699e-12
1.114684212141422112e-12
1.071788585735936584e-12
9.960156775137854816e-13
8.930832833156558256e-13
7.715235997151483466e-13
6.422429542675732974e-13
5.176895419205184470e-13
4.106282691349555878e-13
3.326953937232649134e-13
2.930750529527944877e-13
2.985274978235084398e-13
3.399761332511820612e-13
4.215842146089373768e-13
5.340020831325301279e-13
6.654362094990016367e-13
8.029089593671322561e-13
9.336312573758950494e-13
1.046153326047906409e-12
1.131154015372189166e-12
1.181915291985048186e-12
1.194625709048739223e-12
1.168612105591328770e-12
1.106447853808667471e-12
1.013756698897863045e-12
8.985569993646515229e-13
7.701864756910249446e-13
6.380707582875194827e-13
5.106675793811165727e-13
3.947803574850192910e-13
2.952187456251392950e-13
2.146709014284895196e-13
1.537056879731751216e-13
1.109435353198087102e-13
8.347632689682378399e-14
6.753358343153690037e-14
5.926193514654636539e-14
5.540520973544804076e-14
5.368886280100308948e-14
5.283117646328274070e-14
5.228208667455733516e-14
5.192053027512630409e-14
5.193113054448089494e-14
5.294240901938237688e-14
5.632656988874291123e-14
6.443331911688578394e-14
8.053609003799366195e-14
1.084099636101459337e-13
1.516391960954369138e-13
2.128625452651942646e-13
2.931670861270621253e-13
3.917455547116419513e-13
5.057927329337216637e-13
6.305387966542143362e-13
7.593750466807015242e-13
8.841610376238972912e-13
9.958587213628479015e-13
1.085524476422174254e-12
1.145474759646426500e-12
1.170307342260871303e-12
1.157529004098109476e-12
1.107755359019498093e-12
1.024631012294425651e-12
9.146359921542510018e-13
7.868166558173457272e-13
6.523363318715604232e-13
5.237039926066380430e-13
4.136390791046449491e-13
3.337140301237985472e-13
2.931060875218688029e-13
2.990448067064350246e-13
3.416223128543478211e-13
4.255193491164139564e-13
5.414141103332896096e-13
6.776092853483802101e-13
8.212076023811491719e-13
9.593837241217666594e-13
1.080428156650578789e-12
1.174458063627001392e-12
1.233889302222532227e-12
1.253850365813100450e-12
1.232633212562002605e-12
1.172067015371835140e-12
1.077530705348297157e-12
9.573574082384353510e-13
8.216476918734479036e-13
6.808170701990504383e-13
5.443149265243451800e-13
4.197870364944964108e-13
3.126698204519825905e-13
2.260424108359894721e-13
1.606206215546627530e-13
1.149347997823548819e-13
8.579471756847796621e-14
6.904335485498759709e-14
6.044316646457826494e-14
5.644773400796448442e-14
5.463131510124640942e-14
5.368298936837496662e-14
5.308202006918020654e-14
5.272909336334856827e-14
5.279691562407475967e-14
5.389779819844556045e-14
5.744919317877868635e-14
6.596564790070728611e-14
8.301399720094142432e-14
1.127395198964452120e-13
1.590801676044725483e-13
2.249102057664391863e-13
3.113583614170204594e-13
4.174352629892074360e-13
5.399344629958901867e-13
6.734771493607027246e-13
8.106528316077888382e-13
9.423828770571104498e-13
1.058694759342129089e-12
1.149929146592703755e-12
1.208118281758310083e-12
1.228113932599322372e-12
1.208155194640089380e-12
1.149865054965071450e-12
1.057913596755436090e-12
9.396138203241185009e-13
8.045479375558427296e-13
6.641226277491689983e-13
5.308752254008525386e-13
4.174425818202665256e-13
3.353010838707269545e-13
2.935996048586267303e-13
3.001326903337817280e-13
3.439505739552139291e-13
4.303746843712373389e-13
5.501379917459551073e-13
6.916790946571958158e-13
8.422281212689053813e-13
9.889679739983254938e-13
1.119955615614493432e-12
1.224733965304533893e-12
1.294782078370442774e-12
1.324030816645016618e-12
1.309544483275689240e-12
1.252194922694061331e-12
1.156930989464253621e-12
1.032285018271623427e-12
8.890922221038341561e-13
7.388076239480963683e-13
5.919764635452352423e-13
4.572258320209922876e-13
3.407812676726445215e-13
2.462864339168149099e-13
1.747667838404735386e-13
1.247871864893192171e-13
9.294241698052882379e-14
7.469354968390530313e-14
6.536963460417601460e-14
6.105141907519425239e-14
5.907301671197814978e-14
5.802163194913504215e-14
5.736117935408862692e-14
5.700107832801940062e-14
5.712125763582023119e-14
5.836794812813273163e-14
6.228021110857708007e-14
7.162675179630976336e-14
9.034627991880913763e-14
1.229951279056843452e-13
1.738493075531476170e-13
2.459403584413474148e-13
3.403059591587897916e-13
4.556099417612155524e-13
5.880765209938728792e-13
7.315670035831068692e-13
8.777441246195823548e-13
1.016499518238851743e-12
1.136885036237030892e-12
1.228556810231413494e-12
1.283376147389652983e-12
1.296628086377347894e-12
1.267489648991194359e-12
1.198776941155036595e-12
1.096317842008179455e-12
9.683259301968424174e-13
8.249306239751976968e-13
6.777558468261986234e-13
5.393235158375096645e-13
4.221417659803116012e-13
3.375520525314963296e-13
2.946485139714289616e-13
3.018839389893078182e-13
3.470558714565785605e-13
4.362518535685401550e-13
5.602917453656198753e-13
7.077969964320240381e-13
8.661823188490246632e-13
1.022696648025163196e-12
1.165204820577001733e-12
1.282676577165034167e-12
1.365589298130131205e-12
1.406529385485858542e-12
1.401111675015806937e-12
1.348990875676670890e-12
1.254446806733470251e-12
1.126050166641604193e-12
9.753182393786286710e-13
8.147949837995670956e-13
6.562439502175191145e-13
5.094406867970973082e-13
3.815946516052314739e-13
2.771214500028075002e-13
1.975510203688559551e-13
1.416341990044888895e-13
1.058367193185759963e-13
8.525071013729269678e-14
7.471822957804813344e-14
6.984956520998479829e-14
6.763101977970765512e-14
6.645963144343324106e-14
6.572972467741265636e-14
6.534357298977933781e-14
6.551142955592251496e-14
6.697411089142381249e-14
7.148487162156624115e-14
8.217443785285276655e-14
1.034457200100156220e-13
1.403094954544592649e-13
1.973541127073906619e-13
2.776700480276832458e-13
3.820438509166907605e-13
5.085961664062197654e-13
6.527814582970462417e-13
8.075200879460644421e-13
9.633971959737427100e-13
1.109166652972958503e-12
1.232864466636359679e-12
1.323517305701490052e-12
1.372972676302469267e-12
1.377180011897964785e-12
1.336504877151198493e-12
1.255170175475297952e-12
1.140302712675814502e-12
1.001078511080254299e-12
8.481722883451708998e-13
6.933843029154799371e-13
5.491643716414381566e-13
4.278359289168053074e-13
3.405595658548742864e-13
2.963432629630139365e-13
3.043868788483796377e-13
3.510281583038880631e-13
4.432463605030554669e-13
5.719856454100266639e-13
7.261048643847226305e-13
8.932715143424030004e-13
1.060873350191253424e-12
1.216642524705413637e-12
1.348994019105522457e-12
1.447348242502873042e-12
1.502792939796560928e-12
1.509240298542646611e-12
1.464813519572261056e-12
1.372818616618592660e-12
1.241646485553970021e-12
1.083412799609629241e-12
9.118010001661671595e-13
7.399414369184645617e-13
5.789631837096898176e-13
4.372944374327588440e-13
3.203676799894210756e-13
2.304447432421634969e-13
1.666401671588371673e-13
1.253963597579276434e-13
1.014600015051660738e-13
8.912907661471884776e-14
8.342914422807703664e-14
8.087009730634272416e-14
7.955380282330066281e-14
7.874097642735902312e-14
7.830797428369604834e-14
7.852241558738256432e-14
8.029110684711705318e-14
8.569143229128265446e-14
9.834471515382694610e-14
1.232256404602362432e-13
1.658443100762265031e-13
2.310634864256423014e-13
3.219135339955457464e-13
4.387431909819252341e-13
5.789014492601658191e-13
7.368365831853079544e-13
9.043092189864562871e-13
1.070640640355284025e-12
1.223314861069623113e-12
1.349311548150246152e-12
1.437113534498432314e-12
1.478767284184452722e-12
1.471181393423161871e-12
1.416213238437927022e-12
1.319736358821906580e-12
1.190324561156886614e-12
1.038168763411536375e-12
8.744701868230025660e-13
7.111470132589210929e-13
5.605057263971426460e-13
4.346183791943208668e-13
3.444113688601533320e-13
2.987699416448820543e-13
3.077234695346203510e-13
3.559503632296030575e-13
4.514452746349257841e-13
5.853193947986549171e-13
7.467314189621558742e-13
9.236816794656550150e-13
1.103786326912806683e-12
1.274725460085950898e-12
1.424399646156535242e-12
1.541131724753782000e-12
1.614352690947979820e-12
1.635986207283918625e-12
1.602246476665098365e-12
1.515080065432636867e-12
1.382406005876815407e-12
1.216812740778928304e-12
1.033174730772969054e-12
8.461733419222073437e-13
6.685478001985972157e-13
5.102309462714109712e-13
3.779596923489572455e-13
2.749873748799888581e-13
2.009942719378476290e-13
1.525256980276051960e-13
1.240204377658784982e-13
1.091737613081501494e-13
1.022938872028924747e-13
9.926213884298710501e-14
9.776241799229010096e-14
9.684802496103164171e-14
9.634774905363991221e-14
9.661738583634160380e-14
9.881180037858559601e-14
1.054608851900071812e-13
1.208284271331306532e-13
1.505851588451550982e-13
2.007847748303745930e-13
2.765111003282328088e-13
3.805944272386931680e-13
5.127346896113615066e-13
6.692489332777670223e-13
8.433014362244936278e-13
1.025225432231005967e-12
1.202843231091954784e-12
1.362203511290275011e-12
1.489189191200370634e-12
1.571866182946147036e-12
1.602764495047406838e-12
1.580124924966152593e-12
1.507660824175751003e-12
1.393171580257245651e-12
1.246829586955892078e-12
1.079878693727143776e-12
9.040064928235924467e-13
7.311701098189377636e-13
5.734451765593561054e-13
4.425741868411301901e-13
3.491883497728366412e-13
3.020084272037608576e-13
3.119674772950496559e-13
3.618964480299443382e-13
4.609250130439043567e-13
6.003793867593617073e-13
7.697886277242946173e-13
9.575785701534086696e-13
1.151701985221605689e-12
1.339892275168596574e-12
1.509603378712025787e-12
1.648041449970383806e-12
1.742824368433548422e-12
1.783569077982631044e-12
1.764131398620949440e-12
1.684613543756085365e-12
1.552074134825782266e-12
1.379389800079445819e-12
1.182675367006937707e-12
9.783946417810794051e-13
7.812240587493242985e-13
6.029545486383398172e-13
4.519654672978641906e-13
3.327925417843729348e-13
2.459040846546626033e-13
1.880952356237129702e-13
1.535535163697118282e-13
1.353145447831752207e-13
1.268163680376168324e-13
1.231329205265269967e-13
1.213887007375718021e-13
1.203464060704926766e-13
1.197628394854853592e-13
1.201161154843586481e-13
1.229012779843796160e-13
1.312483952756846605e-13
1.502419388173546529e-13
1.863912738041784819e-13
2.463339940566698458e-13
3.353017544361801219e-13
4.557645785573580630e-13
6.065426304547287103e-13
7.826294301230570329e-13
9.755777124338130922e-13
1.173960208083236706e-12
1.363797824318403843e-12
1.529494211068671171e-12
1.655798779246239962e-12
1.730545600377231131e-12
1.747126691494309931e-12
1.705584154883686515e-12
1.611920760446360044e-12
1.476167830170037677e-12
1.310245902074748763e-12
1.126468756182020975e-12
9.369435303451527249e-13
7.535633193517924439e-13
5.880673066628083595e-13
4.517780190827528257e-13
3.549626460315896508e-13
3.061306039954786749e-13
3.171827545606012775e-13
3.689295773451789439e-13
4.717492470536286574e-13
6.172361007304143888e-13
7.953682271546626756e-13
9.951029085715877378e-13
1.204858284101201699e-12
1.412555032977674096e-12
1.605302217137080912e-12
1.769200429389195235e-12
1.889908241346165851e-12
1.954388420206389815e-12
1.953608911400021412e-12
1.885221512312952959e-12
1.754909081450139253e-12
1.575566783956252519e-12
1.364588161311127489e-12
1.140510655328748322e-12
9.203710484121220488e-13
7.182638592153132648e-13
5.446122034380101100e-13
4.055556939226808481e-13
3.025866142374943807e-13
2.329163729687481547e-13
1.905633266923894944e-13
1.678527521677939922e-13
1.571771488950510002e-13
1.525939943801065656e-13
1.505080907220990236e-13
1.493002037358925431e-13
1.486282698829378024e-13
1.491292819754777170e-13
1.527389962631888553e-13
1.633547945208225177e-13
1.870900402278563826e-13
2.314557533874055074e-13
3.037053028737464539e-13
4.091196328767091051e-13
5.496303753777190879e-13
7.229337473833437570e-13
9.223766779873898966e-13
1.137509347867713866e-12
1.354720830609148669e-12
1.557836047765566552e-12
1.729348227196206817e-12
1.852849524636409949e-12
1.916211230146452281e-12
1.914189211969298908e-12
1.849213113103622665e-12
1.730085562069493906e-12
1.569403613771295643e-12
1.380975172144961559e-12
1.178171375538666238e-12
9.734190602120143567e-13
7.784165643010049026e-13
6.044411468691271923e-13
4.622920984594434011e-13
3.617958605220445660e-13
3.111986874860216639e-13
3.234216551299755352e-13
3.771004323655780371e-13
4.839669697729788414e-13
6.359416764873781496e-13
8.235384186665670805e-13
1.036365671171701782e-12
1.263458034168144794e-12
1.493090228137415871e-12
1.712169723579426963e-12
1.905743948425844774e-12
2.057388199507301815e-12
2.151041353462704527e-12
2.174167532999544554e-12
2.121215752732082741e-12
1.995811076489950566e-12
1.810473502262987694e-12
1.583884178731471822e-12
1.337017053110288976e-12
1.089822439419588619e-12
8.592721608079961695e-13
6.583191762854728964e-13
4.950607043522424111e-13
3.722532780866080236e-13
2.877069727969378895e-13
2.353854860262453009e-13
2.068644300774883670e-13
1.932893212598223753e-13
1.874577907887579342e-13
1.848770276814770715e-13
1.834492271102572938e-13
1.827048383106194405e-13
1.834769428520647686e-13
1.882474303351421927e-13
2.018663425449810014e-13
2.317184541840828600e-13
2.865034374878944119e-13
3.741091686662514800e-13
4.997365149229381868e-13
6.645875280010075097e-13
8.649860309897067629e-13
1.092274611758030488e-12
1.333523752628374778e-12
1.572389733291171937e-12
1.789982315379093942e-12
1.966553002352087316e-12
2.084545105307011113e-12
2.132258583919067714e-12
2.106477007295738265e-12
2.012744938120061319e-12
1.863258048683832017e-12
1.673533556369759710e-12
1.459383795110439837e-12
1.235184387422944675e-12
1.013541674221194205e-12
8.057967361658372340e-13
6.226178057447223697e-13
4.741643186708621203e-13
3.697374186831263774e-13
3.172636808290540848e-13
3.307236122492688978e-13
3.864456978952508220e-13
4.976107587430173222e-13
6.565277086495150651e-13
8.543407909192861887e-13
1.081443540132212005e-12
1.327662144188791290e-12
1.581829277637619996e-12
1.830844216812410713e-12
2.058808457084552442e-12
2.247128800438213523e-12
2.376340869290924671e-12
2.429700045725298278e-12
2.397526457997659320e-12
2.280487515708543817e-12
2.090153537390565335e-12
1.846438613974322177e-12
1.573195456949688779e-12
1.294014513894547789e-12
1.029499274119473095e-12
7.957388798989464382e-13
6.031819425012716803e-13
4.560830250160401961e-13
3.530421422480974451e-13
2.881209706236939322e-13
2.521211142064844848e-13
2.347071957716164542e-13
2.271346809110200458e-13
2.238216582887614275e-13
2.220955341276792873e-13
2.213304239425328855e-13
2.225901203144504504e-13
2.290060907159820577e-13
2.465805754694571318e-13
2.842519258515056760e-13
3.521264281576170311e-13
4.587293979378879701e-13
6.090175336931949204e-13
8.032670903936791295e-13
1.036186176406892922e-12
1.296710244105512750e-12
1.568830045483050533e-12
1.832742562517755695e-12
2.066157957437757027e-12
2.246683577256120499e-12
2.355689273938373478e-12
2.382473138380246025e-12
2.326721553904337820e-12
2.197988424400117055e-12
2.012540209898492282e-12
1.789176757601573338e-12
1.545793576882485828e-12
1.297664434973148701e-12
1.057386353681354103e-12
8.357446923056679444e-13
6.426283193722372232e-13
4.874265514637575889e-13
3.788230951492634135e-13
3.243639906593608369e-13
3.391139045286891865e-13
3.969867497700597938e-13
5.126952653381549478e-13
6.790033014146623391e-13
8.877875196133212746e-13
1.130374577804374895e-12
1.397582859454156826e-12
1.679048444976654231e-12
1.961915400782212315e-12
2.229517624957891153e-12
2.461068842166612803e-12
2.633332632829566157e-12
2.724565929020222623e-12
2.719832506132896354e-12
2.615660830569795871e-12
2.421835797373900784e-12
2.159327774506609157e-12
1.855387047529220544e-12
1.538196982043574101e-12
1.233001938849213979e-12
9.598108384543634743e-13
7.318782762558886960e-13
5.551753989039238249e-13
4.292815540032038354e-13
3.485488076000061486e-13
3.029930790737284161e-13
2.805187178658892450e-13
2.705122174870096023e-13
2.661065365866654111e-13
2.639692518268572173e-13
2.632920410585996544e-13
2.653957364498219382e-13
2.741503528005571354e-13
2.969153039417974621e-13
3.445115879071169725e-13
4.287157164480293770e-13
5.586816467862750241e-13
7.389232208136588012e-13
9.685999298936405802e-13
1.240571273626068313e-12
1.540893576815720367e-12
1.849697351237791543e-12
2.142744949378559406e-12
2.393448960858903020e-12
2.576305269462950373e-12
2.671811498630905176e-12
2.671089649862473833e-12
2.577876071791283679e-12
2.406821078629640106e-12
2.179019287859328118e-12
1.916903629545485616e-12
1.640471868703152663e-12
1.365720367464110147e-12
1.104990250982277041e-12
8.682725261419096469e-13
6.644817556127410618e-13
5.020931753635160407e-13
3.890737362106891331e-13
3.325242263757270677e-13
3.486026319282099010e-13
4.087285668136780244e-13
5.292159595558149275e-13
7.033534205830946207e-13
9.238588946935188714e-13
1.183154186832807201e-12
1.473277047411014623e-12
1.784958172288089024e-12
2.105909140812894065e-12
2.418964692871406667e-12
2.701209647904174096e-12
2.925307560337324968e-12
3.063657222799090401e-12
3.094713182034277753e-12
3.009326249420124497e-12
2.814288160887494060e-12
2.531232041176722780e-12
2.191377019527491205e-12
1.828738142613392123e-12
1.474566741200001075e-12
1.153840421573813967e-12
8.831787051417524014e-13
6.704740363455188803e-13
5.164611029671059767e-13
4.160088042453170105e-13
3.583321043735759225e-13
3.292233188424642240e-13
3.158205640056409595e-13
3.097879882238223000e-13
3.070784032672035021e-13
3.066831519141230618e-13
3.101885115553540492e-13
3.222561141293480585e-13
3.517969678621024852e-13
4.119023708181487805e-13
5.163589061522842492e-13
6.749475282376951327e-13
8.915120736445462157e-13
1.163917024187017623e-12
1.482942888082843850e-12
1.831178516578771689e-12
2.183846774509866392e-12
2.510954991051227704e-12
2.780453909933918697e-12
2.963224140066308802e-12
3.039312547214315967e-12
3.002854148272360030e-12
2.863126301053599115e-12
2.641176918386311443e-12
2.363750244608442062e-12
2.057220949754852965e-12
1.743621146251940897e-12
1.439406696647902606e-12
1.156348755712904221e-12
9.033611594416223329e-13
6.881636095638150128e-13
5.181598540904357957e-13
4.004942016039381388e-13
3.417542045370302088e-13
3.591839210336863649e-13
4.216588883290782273e-13
5.471481553989367606e-13
7.295375766411145749e-13
9.625012233615126138e-13
1.239731422438993110e-12
1.554739600624647649e-12
1.899691822546406810e-12
2.263270120557916902e-12
2.628190176060939948e-12
2.969595869145340257e-12
3.255806433990712102e-12
3.452463502567093653e-12
3.529819783822006309e-12
3.471066313615697376e-12
3.278274181480708383e-12
2.972981618786581382e-12
2.590937994470403750e-12
2.173574932363298889e-12
1.760009456257634638e-12
1.381632305819010991e-12
1.059170471564280376e-12
8.026545606747779412e-13
6.141350016247807212e-13
4.892434856644680830e-13
4.163322054650589791e-13
3.786028437843470776e-13
3.604978264473041300e-13
3.520687630098289394e-13
3.485599650316147997e-13
3.487621778475529147e-13
3.545022009435056244e-13
3.712161504718011794e-13
4.095252535234270204e-13
4.852595197459431473e-13
6.146928407455746030e-13
8.082844387555834315e-13
1.068963089154250644e-12
1.393123822715249814e-12
1.769203776270459284e-12
2.175538707747426421e-12
2.581005980945534959e-12
2.948067579504039423e-12
3.237731985291085779e-12
3.416791246288591183e-12
3.465628029550399024e-12
3.383084203153832639e-12
3.185893153804624972e-12
2.903026892314863876e-12
2.567733714601048578e-12
2.210554881793833990e-12
1.855368037944211415e-12
1.518717180818800000e-12
1.211411910455546051e-12
9.409583037932983122e-13
7.136345230164392143e-13
5.356025891278498836e-13
4.130725460221294133e-13
3.520481770383999244e-13
3.708353755313299234e-13
4.357476346243655548e-13
5.664463382181730922e-13
7.574888689319836624e-13
1.003625155405044361e-12
1.300005727861352021e-12
1.641897046264823550e-12
2.023293875915386591e-12
2.434342165680236766e-12
2.858153950587569807e-12
3.268286264284783399e-12
3.628611701656026488e-12
3.897129415883264873e-12
4.034062654183628106e-12
4.012427519117654398e-12
3.827137341786410621e-12
3.498294048328387885e-12
3.066602670781889208e-12
2.582888810734117859e-12
2.096659627572609112e-12
1.647742765114720727e-12
1.262028024906944500e-12
9.519866530824038863e-13
7.211605570569611829e-13
5.661922453607877460e-13
4.743751884467823189e-13
4.256093539474432276e-13
4.010926310793180304e-13
3.891991794654499467e-13
3.845792989876003125e-13
3.858556305773302394e-13
3.950143599034746996e-13
4.181284630844645734e-13
4.676187743084907206e-13
5.626489189733229251e-13
7.227106573856770085e-13
9.591336785127509856e-13
1.273672143164935304e-12
1.661026807165847483e-12
2.106905506274207137e-12
2.584283699741202415e-12
3.053697356721558474e-12
3.467648255869862520e-12
3.778373830462919245e-12
3.948264885722030582e-12
3.959404959483713673e-12
3.817720873666565984e-12
3.549822501774439076e-12
3.194349482360291981e-12
2.791888529907377512e-12
2.377231770270722251e-12
1.975751851164256101e-12
1.603578625095501327e-12
1.270081245620725993e-12
9.809768364645624494e-13
7.408293570226098321e-13
5.543770671510594021e-13
4.267794573055613873e-13
3.633842984933129516e-13
3.835177842469274086e-13
4.509466042751680048e-13
5.870438111960628254e-13
7.871134167230636013e-13
1.047104475032913559e-12
1.363824168867562966e-12
1.734601474663865932e-12
2.155707681953094619e-12
2.619346114504573178e-12
3.109700810335228787e-12
3.599311642263715047e-12
4.047720409513009892e-12
4.404495386780889067e-12
4.617804820582476201e-12
4.647360956780064897e-12
4.477539864094548801e-12
4.124767347139034381e-12
3.634767728812856490e-12
3.070137000457111363e-12
2.494170164115250038e-12
1.957980538900687803e-12
1.494179929050587297e-12
1.118221703676832996e-12
8.354435834120356216e-13
6.437525756995304786e-13
5.288976104376689278e-13
4.663364820787964000e-13
4.332969525218299742e-13
4.165342743755121481e-13
4.103917843824089829e-13
4.134116034480697356e-13
4.275715017767252112e-13
4.592577354109562824e-13
5.226775103438640968e-13
6.411436884550514469e-13
8.385587277119790733e-13
1.127603226407282422e-12
1.508545718255370855e-12
1.973963492771275698e-12
2.506160169208281276e-12
3.071150656984813124e-12
3.618362032558630126e-12
4.087118162321851434e-12
4.418719789791090626e-12
4.571231177936668054e-12
4.530682022835894170e-12
4.313363010186521060e-12
3.958756240841113190e-12
3.517088817095631743e-12
3.037017970564409119e-12
2.557456611675283918e-12
2.104712701411836725e-12
1.693845008874638068e-12
1.332207107292863899e-12
1.023293633484359683e-12
7.696566425444550960e-13
5.744183189281182077e-13
4.415679645582013023e-13
3.757243447758014217e-13
3.971750953316572040e-13
4.671894578008755391e-13
6.088526736368811774e-13
8.182901983118058097e-13
1.092775400522622329e-12
1.430979248204785021e-12
1.832624926391642055e-12
2.296762942941357324e-12
2.818355257959645008e-12
3.383518743712865313e-12
3.964617045142941287e-12
4.517291030783314251e-12
4.982108629738736053e-12
5.293047161410166447e-12
5.392722156903619197e-12
5.250383011612705624e-12
4.875209628114902047e-12
4.317275321543292277e-12
3.653645782629690485e-12
2.965898332885679141e-12
2.320408878066021238e-12
1.758828322383778509e-12
1.300647306933127772e-12
9.537237803695103244e-13
7.175823943029598658e-13
5.753980041417420052e-13
4.962516029742047798e-13
4.523329370110471296e-13
4.289980210238082879e-13
4.208245458946177202e-13
4.264479667907200326e-13
4.475486283635341319e-13
4.902413466487938797e-13
5.703871417851954506e-13
7.166743522684996146e-13
9.594412560873728962e-13
1.313711866296488328e-12
1.777748631987062749e-12
2.341019767993196103e-12
2.981180947954502069e-12
3.654985377413568145e-12
4.296965511465265565e-12
4.829067061126859242e-12
5.179248783573646541e-12
5.302076253500294146e-12
5.191058036817717332e-12
4.877271280908275866e-12
4.416677696806807381e-12
3.873097548336633417e-12
3.303769060777450528e-12
2.751289242321675420e-12
2.242079420557921512e-12
1.789292077149716324e-12
1.397586556651751422e-12
1.067748899904179265e-12
7.999984295795888530e-13
5.956407018859339057e-13
4.573734255030409806e-13
3.890136909774755079e-13
4.117346612594917343e-13
4.843919931750501608e-13
6.317641389423780091e-13
8.508713141791513381e-13
1.140436429405145396e-12
1.501207385266646201e-12
1.935654406513026527e-12
2.446163191831267101e-12
3.031268565016868110e-12
3.680089474352714634e-12
4.365985367766023032e-12
5.041555952120058520e-12
5.638187629006743407e-12
6.073581393044827167e-12
6.268813901003796651e-12
6.171930464204454726e-12
5.779402996481328272e-12
5.143677703091398147e-12
4.359092621145703931e-12
3.531291243478097193e-12
2.747335730723381647e-12
2.061275205357375322e-12
1.498639944321607180e-12
1.071596723055886379e-12
7.821197965897827200e-13
6.088783093395017743e-13
5.111333639959046272e-13
4.542284877947303587e-13
4.225214047049398633e-13
4.117493000455564141e-13
4.209532174190860629e-13
4.510680416486227252e-13
5.069876100590877338e-13
6.059895529230304747e-13
7.841897779554493678e-13
1.081907544732395498e-12
1.518302354053107298e-12
2.088421713730004929e-12
2.776364885479118287e-12
3.552909737233400965e-12
4.362348326685465446e-12
5.119288283560198429e-12
5.722985778456107231e-12
6.085654097251603929e-12
6.160491487683298242e-12
5.953824691166776191e-12
5.517325581231405755e-12
4.927623569176780162e-12
4.264061904331386475e-12
3.592584528155235829e-12
2.958618473676590282e-12
2.387557505272449373e-12
1.889612560181308869e-12
1.465961923564013090e-12
1.114146033611399291e-12
8.317105501325256146e-13
6.179382138697362406e-13
4.741137982284037538e-13
4.031815532100018376e-13
4.271077552031378589e-13
5.024527142056048171e-13
6.556491951142684969e-13
8.846826846213898186e-13
1.189848762413729178e-12
1.574188149446454735e-12
2.043287724376471991e-12
2.603473628219429439e-12
3.257782155640863986e-12
3.999631261996302659e-12
4.804940077858757971e-12
5.624690808647773441e-12
6.381519022463935628e-12
6.975075885640417457e-12
7.299937482269337792e-12
7.275141371105581597e-12
6.876411531359686305e-12
6.154464208454317804e-12
5.223382086171900434e-12
4.220028239737851456e-12
3.259233230853929206e-12
2.412036951977635511e-12
1.713531663793906389e-12
1.184268591490827735e-12
8.311263696645585701e-13
6.252568628909667446e-13
5.097319126019935136e-13
4.392723120458176402e-13
3.977501117522153581e-13
3.838079170670407294e-13
3.975359217419089507e-13
4.383787320920569598e-13
5.083256760488659692e-13
6.258546094693757736e-13
8.385814084707264502e-13
1.203166897094469371e-12
1.745555834990585756e-12
2.454435066487136738e-12
3.303705862756271601e-12
4.253520679266472210e-12
5.231562507815635207e-12
6.126175230099489842e-12
6.807517084809669770e-12
7.170105107181642287e-12
7.169974710848284184e-12
6.834028878391891936e-12
6.241915662392882174e-12
5.495554191960850080e-12
4.691406825641656163e-12
3.903647488534086429e-12
3.179134642852465879e-12
2.540717462157036147e-12
1.994412214069098458e-12
1.537020099728691126e-12
1.162252054622570204e-12
8.646233049554937398e-13
6.411851407073500498e-13
4.916901982021316350e-13
4.181414946815606453e-13
4.431903552118778869e-13
5.212536882858383775e-13
6.803596054155576422e-13
9.195251862505296184e-13
1.240737333897194748e-12
1.649544336715867249e-12
2.155030385130926633e-12
2.768109782279164629e-12
3.497359775915491256e-12
4.342034582780530760e-12
5.282625610017094577e-12
6.270632051825617784e-12
7.221261954125985159e-12
8.015045428542462817e-12
8.514890386407650751e-12
8.601188391338006067e-12
8.217540459134586602e-12
7.405610914635842650e-12
6.300665285579366747e-12
5.079182465887908414e-12
3.892376124576110129e-12
2.833923609523516754e-12
1.954084996989340197e-12
1.289947973738603298e-12
8.598317671117108314e-13
6.247263278908786097e-13
5.004635308563363342e-13
4.211078479166286293e-13
3.692642749840844753e-13
3.512488911799528260e-13
3.706256341131847256e-13
4.229554282465856378e-13
5.028769049117365818e-13
6.313979506948041926e-13
8.777748721830885185e-13
1.325589766418090083e-12
2.009568032733360378e-12
2.904481593679780192e-12
3.964753555098293045e-12
5.134122767724076039e-12
6.318967989645533371e-12
7.374090656990797905e-12
8.133313455040567413e-12
8.472659618513796264e-12
8.358263059059083063e-12
7.848416967808839575e-12
7.059741471221493498e-12
6.124174236186939805e-12
5.156180008462831479e-12
4.236819524814675034e-12
3.412301326395442251e-12
2.700984007240363959e-12
2.103206900793565201e-12
1.610392657504468357e-12
1.211798626287269294e-12
8.985425780881611804e-13
6.652370351143399338e-13
5.099877370152503884e-13
4.337921924333582484e-13
4.598641883874023453e-13
5.406616854524234510e-13
7.057292414571242372e-13
9.551762253021992257e-13
1.292792469519932483e-12
1.726842977135625893e-12
2.270293782096845513e-12
2.939327582627564069e-12
3.749203357345033991e-12
4.706792101785073918e-12
5.799665452038372821e-12
6.982835491431157667e-12
8.166632371683619330e-12
9.212640403448991401e-12
9.947309382553012419e-12
1.020107879678307531e-11
9.870018393414157467e-12
8.974882236587927051e-12
7.671554359104825519e-12
6.185391454975273876e-12
4.713397374076636810e-12
3.377713688130894714e-12
2.252081910101466752e-12
1.404261756446136236e-12
8.769869194390351097e-13
6.241689741237645772e-13
5.222626410185965549e-13
4.563934129402951417e-13
3.931158093416798778e-13
3.651154492153267088e-13
3.962606598655759582e-13
4.615309991306022024e-13
5.307156304070449833e-13
6.431643365852435966e-13
9.169490896593680388e-13
1.473199594693320518e-12
2.351835935750947477e-12
3.499468896532605085e-12
4.835139529185825576e-12
6.277764268477966167e-12
7.708445078500573342e-12
8.941373191627970651e-12
9.766540393459872589e-12
1.004273050175630260e-11
9.757595389762769233e-12
9.015199242648064929e-12
7.979497743315936759e-12
6.816697454875995821e-12
5.658915102963807807e-12
4.591573591461390212e-12
3.657327276673807411e-12
2.867626677264656605e-12
2.215420947474155136e-12
1.685656878369358386e-12
1.262483688115213962e-12
9.332513769303659832e-13
6.899320192644042800e-13
5.288766348646395672e-13
4.500184570149240153e-13
4.769980230583010071e-13
5.605295860920121775e-13
7.315757355503416192e-13
9.913917388106204981e-13
1.345672183835835164e-12
1.805597355175625457e-12
2.388394954040477716e-12
3.116215500321312868e-12
4.012225084807751422e-12
5.092925293388753201e-12
6.355999975367655896e-12
7.763971495022061953e-12
9.226439806319831030e-12
1.058817549889029768e-11
1.163570655305959198e-11
1.213720083941870652e-11
1.192137625802465895e-11
1.097032821475440194e-11
9.456903496117335196e-12
7.664938609351435407e-12
5.845905051622861363e-12
4.155062296764539158e-12
2.703726502291966653e-12
1.615031170514248316e-12
9.740912311133173363e-13
7.433360490906703996e-13
7.687344334495054902e-13
8.122152643669468829e-13
7.157489101763076218e-13
6.268415909191938653e-13
7.215663299363832939e-13
8.227465343365400615e-13
7.909981237708117202e-13
7.924084578804747396e-13
1.063054188566414729e-12
1.750974554539113183e-12
2.886854355682963907e-12
4.369025111331247129e-12
6.053557435680551661e-12
7.820831979685173443e-12
9.525543936602436407e-12
1.093654565418243944e-11
1.179294030034454315e-11
1.194041097290388088e-11
1.140465384666413132e-11
1.035355961917708222e-11
9.009418109389763249e-12
7.575552052040157716e-12
6.199476282468576618e-12
4.966924073645793795e-12
3.913139962787740515e-12
3.039752499795546314e-12
2.330387037770354002e-12
1.762337769008311850e-12
1.313973711821952445e-12
9.685117889001721185e-13
7.150923980620352848e-13
5.482135943275152471e-13
4.666924932841674919e-13
4.944491928062266216e-13
5.806980401118625857e-13
7.577024337255699031e-13
1.027908607492939655e-12
1.399005120494061372e-12
1.885270114156879691e-12
2.508558174695756390e-12
3.297689516857036934e-12
4.285022727341723080e-12
5.498911108079918268e-12
6.950708674180039061e-12
8.615557412459021254e-12
1.040845358961686242e-11
1.216230708821984670e-11
1.362298417762485589e-11
1.448446890859883584e-11
1.448428596922987357e-11
1.354129931739801840e-11
1.183778349643977877e-11
9.725687689518293845e-12
7.516623631795260062e-12
5.402232816578166524e-12
3.566678457765820208e-12
2.250145357946901255e-12
1.622386489956716633e-12
1.727475958339589205e-12
2.475747423873140854e-12
3.228205687047546714e-12
3.015873725351099681e-12
2.545442399395768674e-12
3.027087081841283798e-12
3.261750675563658860e-12
2.558913268326264733e-12
1.873960694496389160e-12
1.833913894848862828e-12
2.529095918376365652e-12
3.912322598884390152e-12
5.784374298766135694e-12
7.872968205473552964e-12
9.986986505694842499e-12
1.195764917435062523e-11
1.350879685572357179e-11
1.432212303365867351e-11
1.423731437669971454e-11
1.333997879046670788e-11
1.188282760572329416e-11
1.015665890078948476e-11
8.402028046678673527e-12
6.776888893685584706e-12
5.361357312627815713e-12
4.178362405319849896e-12
3.216301438274189313e-12
2.447347890288766794e-12
1.839911132427838175e-12
1.365906582600489509e-12
1.004067338698867900e-12
7.405265648820093623e-13
5.678434185749144665e-13
4.836753864993107596e-13
5.120653321863915654e-13
6.009973559690066373e-13
7.839006254628887151e-13
1.064447456674051151e-12
1.452394126419092957e-12
1.965277500095373009e-12
2.629918630191403881e-12
3.482491707352458901e-12
4.565860268155489833e-12
5.922613147891692056e-12
7.581824572326612355e-12
9.537534803658025715e-12
1.171858603100684644e-11
1.395476787410895473e-11
1.595515159747889732e-11
1.733052963773123158e-11
1.770122598860703888e-11
1.689188603553541653e-11
1.508330804327380949e-11
1.270600537657271516e-11
1.013172425723589812e-11
7.595129123232856323e-12
5.461197109766743773e-12
4.280992403548770112e-12
4.570105772467897339e-12
7.052173086775315057e-12
1.242011494059527724e-11
1.848328299517879607e-11
1.942335032430067394e-11
1.765286139800884941e-11
1.945672201213890887e-11
1.871878810569798131e-11
1.292463479280617578e-11
7.652554724287847215e-12
5.175356188756255607e-12
4.915956231598493487e-12
6.152986298964492155e-12
8.296072995930879983e-12
1.074652896551960107e-11
1.313854909888772508e-11
1.528119574588981539e-11
1.686013047940226718e-11
1.749131306257103481e-11
1.701638487770391229e-11
1.560659929650986949e-11
1.362123202588776197e-11
1.142651354316811012e-11
9.295874735365907906e-12
7.389163814816906814e-12
5.772766899497746349e-12
4.451295253416652062e-12
3.396045365530707776e-12
2.565459966345670745e-12
1.917807745676245955e-12
1.417895096488985690e-12
1.039645722915470398e-12
7.660311763334575467e-13
5.876008528891442997e-13
5.008187939728819490e-13
5.296863001419119848e-13
6.212495937459910933e-13
8.099520209663199363e-13
1.100715813922868576e-12
1.505420438305522164e-12
2.044994778299725329e-12
2.751528410557113474e-12
3.669193228773617223e-12
4.852656066080230949e-12
6.361222785158059253e-12
8.246151922338971135e-12
1.052780808374363052e-11
1.315989820499689374e-11
1.598258537231314270e-11
1.867892288920085882e-11
2.077422542378723550e-11
2.174766796335675878e-11
2.129569201758181566e-11
1.958740015939615179e-11
1.714727164735206929e-11
1.440028319399487912e-11
1.165483160812339228e-11
9.764262869154815323e-12
1.007303856603631146e-11
1.466765768510170937e-11
2.780861333554921094e-11
5.461018929602778375e-11
8.921299166115293563e-11
1.058367614947915292e-10
1.047728384413004567e-10
1.057894669955243324e-10
9.089617736541608371e-11
5.768808770365718632e-11
3.063341087616398583e-11
1.673773034486295173e-11
1.172401111728463004e-11
1.126377852714914877e-11
1.298584893938906427e-11
1.546565341799493051e-11
1.785003767817255270e-11
1.989545757729139323e-11
2.125740564571939153e-11
2.146711053391119058e-11
2.036990753483436381e-11
1.824759311257728603e-11
1.558417650051393436e-11
1.282146607912548217e-11
1.025486489408232141e-11
8.033126277206801140e-12
6.198398932766229244e-12
4.729906226654336415e-12
3.577591313693180827e-12
2.683799419868973625e-12
1.995418674263471230e-12
1.469531052065453733e-12
1.074961891270175106e-12
7.913935675521899297e-13
6.073126242742655013e-13
5.179668188360038065e-13
5.471462635146804141e-13
6.412708325474179760e-13
8.356314418328026099e-13
1.136411584409537827e-12
1.557648445357623140e-12
2.123762828033517527e-12
2.872364992481079036e-12
3.856202445926236728e-12
5.142980848852364902e-12
6.811216408252418750e-12
8.939101607516527483e-12
1.158177177120156042e-11
1.473146013248663965e-11
1.825775532995627809e-11
2.183788140796283543e-11
2.492124407668184365e-11
2.683146195841891015e-11
2.710877017796081133e-11
2.591342794482546243e-11
2.389793305789076372e-11
2.153423696433466559e-11
1.932984014396569728e-11
1.936313674147347513e-11
2.438448449356290762e-11
4.190041936536140003e-11
8.584926364729412354e-11
1.659714787131369727e-10
2.668231196586039049e-10
3.303420786659141952e-10
3.406924546985094337e-10
3.299521894410952237e-10
2.749559741159029598e-10
1.793809000388836227e-10
9.689242957656883720e-11
4.867969880280286352e-11
2.882594702119086667e-11
2.277329600567400868e-11
2.191771765767597384e-11
2.337201544953493810e-11
2.500564960605622745e-11
2.635883900343983888e-11
2.704027101055468166e-11
2.644294020979823115e-11
2.439475801193922386e-11
2.130231646898163787e-11
1.778202190781257193e-11
1.434011722113771247e-11
1.127435218947242587e-11
8.704262916797401571e-12
6.634813107133466916e-12
5.011829094283159247e-12
3.759389689657268075e-12
2.801370453993189835e-12
2.072101726070557315e-12
1.520389900746274725e-12
1.109721436343802910e-12
8.163943747063496901e-13
6.267996501539706185e-13
5.349580389880995906e-13
5.642759097894011858e-13
6.608735789333978327e-13
8.607096863724891066e-13
1.171226797374415462e-12
1.608630976908850268e-12
2.200895886427422699e-12
2.991342321238547004e-12
4.041778807818808301e-12
5.434067736324975798e-12
7.268335366588507648e-12
9.654561392519786345e-12
1.269186462679808693e-11
1.642713033853433109e-11
2.078441723963359852e-11
2.546699867871897866e-11
2.987574320578542027e-11
3.318482304006595434e-11
3.477373028416244261e-11
3.483954156198437496e-11
3.425526183034920964e-11
3.357305609154402673e-11
3.391238601585600218e-11
3.990779070266350414e-11
5.496484054951252021e-11
1.021408953113797874e-10
2.061261387058879884e-10
3.419958959688918222e-10
4.627215796864719103e-10
5.277291550626116332e-10
5.606174764607131723e-10
5.743773893774296371e-10
5.178979140010068993e-10
3.863134128940673289e-10
2.366547921855952688e-10
1.198871843367348767e-10
6.573358645141824921e-11
4.749815718789481923e-11
3.890506207770553149e-11
3.666362392710533933e-11
3.591319967515304286e-11
3.541634136546340656e-11
3.461766142735395140e-11
3.262897856627019811e-11
2.918391431422482855e-11
2.480116117551726252e-11
2.021743459780456698e-11
1.597604728943117029e-11
1.234685839863727532e-11
9.396603278167703544e-12
7.077865820847140163e-12
5.294374252372624827e-12
3.939748026842807873e-12
2.917116181302475493e-12
2.147189014597846454e-12
1.570035905116346852e-12
1.143624246267091978e-12
8.408103269653672158e-13
6.458793836958066827e-13
5.516276611711065849e-13
5.809047556422934642e-13
6.798692796961018385e-13
8.849565270318222683e-13
1.204851569515445754e-12
1.657915047743527866e-12
2.275690374122345400e-12
3.107324508916578372e-12
4.224052904221070776e-12
5.722836182239700090e-12
7.727595073322408949e-12
1.038481984570352786e-11
1.384719893201980889e-11
1.823435735531688226e-11
2.355568547515428734e-11
2.958552705343223668e-11
3.572694620517094873e-11
4.104427885135003733e-11
4.480215038100236615e-11
4.738304884223680925e-11
5.013556599597657443e-11
5.389725987824431064e-11
6.152378820814083420e-11
8.130174186021330437e-11
1.123167727467970268e-10
2.234309889500506922e-10
4.236456526938582032e-10
5.750337248548453917e-10
5.968026459682483481e-10
5.656291813553003893e-10
6.337830415846906502e-10
7.228277763420390109e-10
7.335047725549485861e-10
6.575355783664594727e-10
4.815284865836451034e-10
2.599351999352750341e-10
1.341936437994145313e-10
9.679292687740592573e-11
7.069491269854920201e-11
5.879612686021960806e-11
5.240455797789524832e-11
4.799417028433083461e-11
4.444156547764340129e-11
4.023100060752555560e-11
3.481358416077438609e-11
2.875892775259695538e-11
2.288245837233928722e-11
1.771671452906872425e-11
1.346173591554338288e-11
1.010265342560556278e-11
7.522721325377478739e-12
5.574552653938060914e-12
4.116850665343664537e-12
3.029931997107837849e-12
2.219995564116163994e-12
1.618027739340248893e-12
1.176368367591120802e-12
8.644171664283974996e-13
6.643682600738231541e-13
5.678097675719172433e-13
5.968635150668885111e-13
6.980709001030844432e-13
9.081437932728306598e-13
1.236978225381475899e-12
1.705047976086582243e-12
2.347434695365471123e-12
3.219142055447166012e-12
4.401052882885005643e-12
6.005931212822783333e-12
8.183328925139915716e-12
1.112056297151248105e-11
1.503331979486174052e-11
2.013314242720851384e-11
2.655041786806025623e-11
3.418865170769319400e-11
4.253050761300973160e-11
5.061429101177531242e-11
5.771613949650298389e-11
6.475393058929885173e-11
7.420873439057690175e-11
8.796838032446957267e-11
1.133437070758798567e-10
1.593851723152058932e-10
2.119424299637101527e-10
4.631291507133647688e-10
8.124408242334235950e-10
1.018090222677303120e-09
1.031448426998696770e-09
8.315248319229460958e-10
5.933984928121828161e-10
5.795592156771556201e-10
7.733454914162546923e-10
9.569506491164283028e-10
8.811109931949678853e-10
5.319179971218571562e-10
2.493807864302752087e-10
1.869517871379592914e-10
1.286564496769944792e-10
9.492545610391638948e-11
7.684662526282062112e-11
6.511912243196961411e-11
5.694428317562592449e-11
4.941568140767417190e-11
4.132612450607619391e-11
3.316723868683541328e-11
2.575558302866041853e-11
1.954251936462797812e-11
1.460495670435764090e-11
1.081339931833333418e-11
7.963896140744796712e-12
5.849114352104218626e-12
4.288784510864724925e-12
3.138681369851972086e-12
2.289828850546074399e-12
1.663924448694106568e-12
1.207654019974668469e-12
8.869926505448791317e-13
6.820842058974835952e-13
5.833396196586005479e-13
6.119864888650598469e-13
7.152955269606439645e-13
9.300484903647332520e-13
1.267305508513804121e-12
1.749583775514286481e-12
2.415419855755437617e-12
3.325610391067224696e-12
4.570737073037724727e-12
6.279778658559184901e-12
8.629271160265241428e-12
1.185096066947597418e-11
1.623215134131085018e-11
2.209532872990806384e-11
2.973033853367515146e-11
3.923874275772057228e-11
5.028591131695698616e-11
6.201366802201393728e-11
7.392967074206543395e-11
8.814866027829000456e-11
1.097935838595212000e-10
1.441378141945128370e-10
2.093623343973856875e-10
3.003875318022737251e-10
3.861383100061651750e-10
9.137898064453313040e-10
1.427771535539435947e-09
1.530426917913757839e-09
1.238406699580897413e-09
8.546241352009316902e-10
6.234756417595825463e-10
6.623137993167116246e-10
1.013675170449187351e-09
1.461661397531962845e-09
1.534832785929607556e-09
1.041720089488222719e-09
4.418398108713980462e-10
3.409854497197578005e-10
2.311651976819727020e-10
1.522011349580015501e-10
1.119048804425716086e-10
8.770347135070866808e-11
7.242925278882751439e-11
6.026334666941572407e-11
4.871019652738687025e-11
3.798680199357666951e-11
2.879919563379037426e-11
2.142618658099539261e-11
1.575908005376697684e-11
1.151839557395549035e-11
8.395340493054511683e-12
6.114602249838679892e-12
4.453570706489436656e-12
3.242213848768386205e-12
2.355999124031738198e-12
1.707291672676152236e-12
1.237187697635379604e-12
9.083195892299903678e-13
6.988491719422117796e-13
5.980559824403024817e-13
6.261139381216171385e-13
7.313669525114437292e-13
9.504559047318475436e-13
1.295542810024906939e-12
1.791089709157059243e-12
2.478950699110192419e-12
3.425550398512566799e-12
4.731032350656818595e-12
6.540656048232561269e-12
9.058680874742379313e-12
1.256385518383489134e-11
1.742218262782821643e-11
2.408439011646791895e-11
3.303803491640347252e-11
4.465753125972980784e-11
5.891296153416173240e-11
7.521112956451980399e-11
9.356830385644004824e-11
1.182835017120339718e-10
1.600683737325164418e-10
2.337002253816514141e-10
3.838799587506837363e-10
5.510107799013522012e-10
6.956845061192911011e-10
1.676789333728002591e-09
2.303168055944621792e-09
2.042424407078810079e-09
1.340345029455664509e-09
8.688297994018340859e-10
6.692887692067307656e-10
7.905671985212217436e-10
1.326313891879341843e-09
2.093504768726347627e-09
2.498436704508141463e-09
1.879984321844232436e-09
7.630722155129127521e-10
5.947531497600051359e-10
4.068955115348725731e-10
2.393767706496351229e-10
1.597907287586733899e-10
1.161469848805167901e-10
9.092255019924185006e-11
7.271488836487547291e-11
5.688095232887956877e-11
4.314070966293204482e-11
3.195787821205954542e-11
2.333262229319210980e-11
1.690344667010918268e-11
1.220595056581248882e-11
8.810558684815997248e-12
6.367420669416309863e-12
4.609201764696137058e-12
3.339384947920752974e-12
2.417830324158620188e-12
1.747708020842861764e-12
1.264686287439424786e-12
9.281888680061080129e-13
7.144916468904217480e-13
6.118034323655302406e-13
6.390943998325742532e-13
7.461181984331895888e-13
9.691626409612316442e-13
1.321414343803978588e-12
1.829152873913176945e-12
2.537357534923017551e-12
3.517810436549978404e-12
4.879877401778333018e-12
6.784777852058686205e-12
9.464506360277682701e-12
1.324605782980254052e-11
1.857893004712709824e-11
2.605588380616856413e-11
3.639636789207227389e-11
5.032091636222117464e-11
6.823205711503379590e-11
8.996488512289691306e-11
1.162701320727410237e-10
1.546801175210489896e-10
2.260373021414404745e-10
3.679629508536350878e-10
6.894466794137873661e-10
9.873986300038865287e-10
1.204293692938275902e-09
2.849541546811656879e-09
3.520128726481577598e-09
2.752717946917891279e-09
1.564717464438309549e-09
9.066480776007654199e-10
7.175766953782637783e-10
9.120842332731343919e-10
1.610156877127079629e-09
2.843751033384032349e-09
3.718358267918941705e-09
3.047920426578611424e-09
1.240657145837936995e-09
1.002845667329650104e-09
6.975411043220213801e-10
3.645092791618484534e-10
2.207206314752344912e-10
1.498011883398146392e-10
1.120238220914219666e-10
8.652503522814241705e-11
6.566412833640785489e-11
4.851020562220974596e-11
3.515802282231233154e-11
2.521939097246381840e-11
1.801463120985125160e-11
1.286341335732087228e-11
9.202767282226106060e-12
6.603917513443024040e-12
4.753683298630333382e-12
3.429077461086207691e-12
2.474671358278612158e-12
1.784771475882515805e-12
1.289881133973205400e-12
9.464024037602706312e-13
7.288491128126023395e-13
6.244346079860083837e-13
6.507869073182276549e-13
7.593939356191580050e-13
9.859795399236730624e-13
1.344663188946133319e-12
1.863386684741759690e-12
2.590007870578412839e-12
3.601289310374557702e-12
5.015269595860328243e-12
7.008392772778544845e-12
9.839585550368623606e-12
1.388375153327766239e-11
1.967569177887752096e-11
2.795868140929909434e-11
3.970979332658133070e-11
5.605810222965876894e-11
7.795398598709258329e-11
1.057859505762041455e-10
1.410590783502236956e-10
1.950350714066114455e-10
3.035618309619244242e-10
5.495693088626151008e-10
1.185717478484094602e-09
1.702884405830180688e-09
1.923248044855330070e-09
4.560081873143374930e-09
5.232945467145763760e-09
3.943665375837142415e-09
2.032233079920564803e-09
1.021329893769363156e-09
8.036527317191551848e-10
1.041618235728576613e-09
1.955669959824133086e-09
3.803253118226395225e-09
5.147413438647053601e-09
4.519872738641984739e-09
1.832687209931235014e-09
1.634984376726844811e-09
1.151414811620009221e-09
5.292066503563917417e-10
2.909045608379960966e-10
1.865474629418632204e-10
1.348227842759001842e-10
1.012364790557899531e-10
7.478842866775683121e-11
5.393430788331683679e-11
3.830919437145158820e-11
2.703790780766875772e-11
1.906716728351308020e-11
1.347755879199993673e-11
9.565087331660575483e-12
6.820477626299526467e-12
4.885079176300419961e-12
3.510223647795522922e-12
2.525907473707096351e-12
1.818105697424099752e-12
1.312521972724238196e-12
9.627759862207859523e-13
7.417703970830786419e-13
6.358123694158901352e-13
6.610630782605021930e-13
7.710527567863669585e-13
1.000734428563425263e-12
1.365055119523989477e-12
1.893437122678509143e-12
2.636317940706816707e-12
3.674959514515371486e-12
5.135313911087200649e-12
7.207889520419880778e-12
1.017687547492528794e-11
1.446298536765061305e-11
2.068458364590770606e-11
2.973701048586127504e-11
4.286793583700590905e-11
6.165643308936134198e-11
8.768423858110759425e-11
1.219437101954546915e-10
1.663854625211224523e-10
2.352864339712425674e-10
3.822641836041258523e-10
7.632580408696409976e-10
1.889552879012090297e-09
2.751724279634307717e-09
2.809343119929680116e-09
6.834324865996990133e-09
7.553691493496575600e-09
5.858633936271921626e-09
3.003398224692091573e-09
1.348555217524407608e-09
9.950639838909753195e-10
1.292923141076281759e-09
2.600760246704481936e-09
5.183547966092698026e-09
6.918025469443961570e-09
6.312223930216000305e-09
2.509246118219123443e-09
2.551391800230550096e-09
1.786229546458860482e-09
7.227574518351446582e-10
3.619131862472538086e-10
2.228867272261794293e-10
1.579448847685782537e-10
1.161874555277397050e-10
8.388986853745716052e-11
5.921444287628454839e-11
4.130751246356322331e-11
2.873537756523905279e-11
2.003453021584121189e-11
1.403505856579412820e-11
9.890763266900836754e-12
7.013624130457638439e-12
5.001558538637343363e-12
3.581827657987211316e-12
2.570971427725240550e-12
1.847366089098169284e-12
1.332380659585368125e-12
9.771419518901138888e-13
7.531178838560800935e-13
6.458118256352186648e-13
6.698090262441778822e-13
7.809692693274258215e-13
1.013274642971366002e-12
1.382382161800658221e-12
1.918988574424280345e-12
2.675763775143635449e-12
3.737889879415387387e-12
5.238272297397511845e-12
7.379906219452335150e-12
1.046970088726248387e-11
1.497023656120398072e-11
2.157781139525455986e-11
3.133324604716253275e-11
4.575145288381469161e-11
6.687268830025381692e-11
9.694434724505284988e-11
1.375222054309523171e-10
1.903696929896367272e-10
2.707299088978579003e-10
4.498231879144374803e-10
9.873912187926909104e-10
2.718959060313159245e-09
4.017658724207576655e-09
4.132432007430855214e-09
8.747861057270336434e-09
1.077634679938814580e-08
9.167608318941215751e-09
5.394451978824356991e-09
2.295583589443011849e-09
1.466719833078238649e-09
2.029078128321562784e-09
4.549077939779787249e-09
7.988818801590858316e-09
9.739058610639441099e-09
7.860199123438244890e-09
3.634031178472596933e-09
3.685536054481028928e-09
2.539235311436369361e-09
9.295772275552504068e-10
4.235459322943533628e-10
2.547796983188431178e-10
1.797501623588885966e-10
1.305580354052344598e-10
9.253029879453096023e-11
6.412470531425526174e-11
4.404110637498762487e-11
3.025741218076444444e-11
2.089033795089410596e-11
1.452301376347968849e-11
1.017339956312807202e-11
7.180122992819428087e-12
5.101443162323213094e-12
3.642987369103792484e-12
2.609354193001348818e-12
1.872245474378791437e-12
1.349254628963039455e-12
9.893516413038128227e-13
7.627695467971197449e-13
6.543221937908789357e-13
6.769270791841537359e-13
7.890359557913828022e-13
1.023469297131624079e-12
1.396465778255808933e-12
1.939769178885325349e-12
2.707891372653442156e-12
3.789267060466576382e-12
5.322610993593369680e-12
7.521439238961309339e-12
1.071200704762862629e-11
1.539301058464698904e-11
2.232909371092185596e-11
3.269129087801447419e-11
4.823987062963476897e-11
7.145055643751748186e-11
1.052098673765435089e-10
1.515186709477057960e-10
2.111834747207634553e-10
2.977671011578793073e-10
4.993339916786720235e-10
1.221311405747186196e-09
3.524721759529787306e-09
5.259918853157593465e-09
5.725483042169937379e-09
8.884472103375064275e-09
1.635358978418190158e-08
1.543888507130601932e-08
1.153511453432034615e-08
5.430421141742555285e-09
2.843509066467848652e-09
4.744994718884710834e-09
1.068660339141369085e-08
1.446202453396234215e-08
1.524255648921617422e-08
7.988666873362101858e-09
5.166872693225664577e-09
4.847387150170685896e-09
3.276544278386152818e-09
1.146376339792774462e-09
4.690562475340875077e-10
2.790275690898220472e-10
1.986411436617861520e-10
1.434502467049927554e-10
1.002302146174303373e-10
6.842765131617896887e-11
4.639734912528858577e-11
3.155118411475971204e-11
2.160968821423784100e-11
1.492952170654580225e-11
1.040720085080443558e-11
7.317086808716870135e-12
5.183252842303585819e-12
3.692915062223404573e-12
2.640614808393408479e-12
1.892479281410855346e-12
1.362969995108770570e-12
9.992776037228226631e-13
7.706207598800945727e-13
6.612484662365158430e-13
6.823372541735979684e-13
7.951647859372272713e-13
1.031211236798802178e-12
1.407159637830642455e-12
1.955555508127860974e-12
2.732325742781145419e-12
3.828414939152909887e-12
5.387043996697688928e-12
7.629945377808396494e-12
1.089860277245312020e-11
1.572043758102909635e-11
2.291513086306900980e-11
3.376026812020647585e-11
5.022069945263924611e-11
7.514292154453324083e-11
1.119608070937512298e-10
1.629650611264077953e-10
2.274039417330217692e-10
3.152834973656633759e-10
5.320910621214719128e-10
1.472207155940864665e-09
4.198472812779487109e-09
6.333685570930779389e-09
7.152378051141984735e-09
8.480555591940913883e-09
2.678748399961282886e-08
2.608429206186330701e-08
2.475645299695498829e-08
1.647515376632060651e-08
8.422357179530172279e-09
1.586746922404331451e-08
2.495960500482004395e-08
2.573166338831405252e-08
2.579263298367959769e-08
7.642998364935852381e-09
6.584894527857676362e-09
5.858044941032455253e-09
3.889801766895945789e-09
1.374332841449245026e-09
4.982090556776338104e-10
2.945386260570325716e-10
2.133573020493085534e-10
1.539898022888579112e-10
1.065131063750136903e-10
7.189454302484495337e-11
4.827125780775048280e-11
3.256886156444033178e-11
2.217053417941864861e-11
1.524423830516886859e-11
1.058720219104845136e-11
7.422072227949374039e-12
5.245746972746803843e-12
3.730956116122448737e-12
2.664389105215912969e-12
1.907850095635790899e-12
1.373384240859131367e-12
1.006815502265574161e-12
7.765858605717596582e-13
6.665128470151548919e-13
6.859807614071420480e-13
7.993266985499654132e-13
1.036535412458019293e-12
1.414593877970856479e-12
1.966600333652402413e-12
2.749462570439733645e-12
3.855874371258582026e-12
5.432219484681260649e-12
7.706038632446165332e-12
1.102967554345417223e-11
1.595121894800307105e-11
2.333039109011772304e-11
3.452328614598671294e-11
5.164788507799430208e-11
7.783345700580736661e-11
1.169359569165158382e-10
1.714305658025539523e-10
2.389287624263419338e-10
3.256608109943851749e-10
5.556394985335026612e-10
1.719979391473024894e-09
4.733699413993068367e-09
7.290409348439476681e-09
8.732280303770228075e-09
1.131644215744266977e-08
3.067473457727733516e-08
4.851652325492592805e-08
5.462714680491452871e-08
5.402484149992447159e-08
4.514995632249084392e-08
5.845083876255914525e-08
5.792958756411155564e-08
4.841246715855717303e-08
2.904223483592390640e-08
1.063383644717582616e-08
8.099708645478242334e-09
6.730098091955986560e-09
4.368264869461779580e-09
1.595730773454639330e-09
5.178683882353323326e-10
3.035412232559370303e-10
2.238205462260552532e-10
1.617826250850326604e-10
1.111375391953679741e-10
7.441721148654844964e-11
4.961968755626631439e-11
3.329450915484206568e-11
2.256761824555833992e-11
1.546592016931336644e-11
1.071358071839937911e-11
7.495668395534430317e-12
5.289549792246748573e-12
3.757632540676518011e-12
2.681059532853641301e-12
1.918602415394925857e-12
1.380623255006669476e-12
1.011999027989548441e-12
7.806364965950312614e-13
6.700581485286481605e-13
6.878102878391282374e-13
8.013756198537495000e-13
1.039078355773218943e-12
1.418054357580402978e-12
1.971668928503805409e-12
2.757301212194340878e-12
3.868482571991928585e-12
5.453103659286163357e-12
7.741464068195665538e-12
1.109105063890229737e-11
1.605974168656199551e-11
2.352624329547831534e-11
3.488394898647501379e-11
5.232365775325608655e-11
7.910750931074897178e-11
1.192791924209345840e-10
1.753106051624749390e-10
2.436819506405814167e-10
3.285978917598071511e-10
5.739508539132389978e-10
1.930829775743036876e-09
5.156241469340110571e-09
8.131127926615703749e-09
1.006727970785638931e-08
1.160266999284031382e-08
1.796234127413080009e-08
1.037916447458283121e-07
1.413861470836718172e-07
2.012469822193591825e-07
2.361336262756324705e-07
1.963527307500397981e-07
1.366101442748810874e-07
9.822258575491484079e-08
1.736054795640216262e-08
1.094006399003752562e-08
9.327508539678485537e-09
7.494768743771517111e-09
4.750165509678051382e-09
1.786455556110249057e-09
5.333075364740583632e-10
3.058456916954782690e-10
2.281044580073422046e-10
1.653520655188350024e-10
1.133169763570920240e-10
7.561288515185502135e-11
5.025880550985379048e-11
3.363782679036782955e-11
2.275505427820495945e-11
1.557023896164679825e-11
1.077279424482119769e-11
7.529949659175809965e-12
5.309809220897415521e-12
3.769886839015902173e-12
2.688688140541367884e-12
1.923538646673212589e-12
1.383993793295606437e-12
1.014475164522156270e-12
7.826307281319118701e-13
6.718383637974506195e-13
