4.634768126375414333e-13
5.461371180215478022e-13
6.956949056083386132e-13
9.029254153990492844e-13
1.153417054747207570e-12
1.428682409692504074e-12
1.707522023663090879e-12
1.967800147188456155e-12
2.188575938829098327e-12
2.352321936388479813e-12
2.446836668785019869e-12
2.466471847315960419e-12
2.412439647405278981e-12
2.292178342744739767e-12
2.117952003880241065e-12
1.904984981825768673e-12
1.669471330899111352e-12
1.426769568399047967e-12
1.190016564187532104e-12
9.692895376030469318e-13
7.713312947526268581e-13
5.997541354760379876e-13
4.555737535945533279e-13
3.379060585826561597e-13
2.446816879411686697e-13
1.732783739099886960e-13
1.210213614537987858e-13
8.554302380153693997e-14
6.501867566766441996e-14
5.830648408402709866e-14
6.501867566766149171e-14
8.554302380153681375e-14
1.210213614538004771e-13
1.732783739099891251e-13
2.446816879411661958e-13
3.379060585826540898e-13
4.555737535945526211e-13
5.997541354760402090e-13
7.713312947526247376e-13
9.692895376030437007e-13
1.190016564187526247e-12
1.426769568399052006e-12
1.669471330899106506e-12
1.904984981825773924e-12
2.117952003880242276e-12
2.292178342744726842e-12
2.412439647405286655e-12
2.466471847315970920e-12
2.446836668785019869e-12
2.352321936388475774e-12
2.188575938829112463e-12
1.967800147188470292e-12
1.707522023663120565e-12
1.428682409692527096e-12
1.153417054747240891e-12
9.029254153990727105e-13
6.956949056083488116e-13
5.461371180215604240e-13
4.634768126375633447e-13
4.647899760841993890e-13
5.478249416425114250e-13
6.982073571783084903e-13
9.067521695741570296e-13
1.159094620658757737e-12
1.436773271264620393e-12
1.718562670599093219e-12
1.982220917147249851e-12
2.206605031737258035e-12
2.373895927920687787e-12
2.471545343935255987e-12
2.493561404043353477e-12
2.440883996685677806e-12
2.320807595240069451e-12
2.145608729028871479e-12
1.930670645455676776e-12
1.692450695421488993e-12
1.446616423005723589e-12
1.206602438584518118e-12
9.827308277270230988e-13
7.819159016656871174e-13
6.078668832310401439e-13
4.616336394928519757e-13
3.423212828252010219e-13
2.478227909742400002e-13
1.754665540244096389e-13
1.225278751247756506e-13
8.659573100934702681e-14
6.581261846691548087e-14
5.901644958466525637e-14
6.581261846691743725e-14
8.659573100935004341e-14
1.225278751247773167e-13
1.754665540244061805e-13
2.478227909742397982e-13
3.423212828251983965e-13
4.616336394928476338e-13
6.078668832310328738e-13
7.819159016656845930e-13
9.827308277270226949e-13
1.206602438584503376e-12
1.446616423005701779e-12
1.692450695421497475e-12
1.930670645455674352e-12
2.145608729028863805e-12
2.320807595240095704e-12
2.440883996685708502e-12
2.493561404043383365e-12
2.471545343935282241e-12
2.373895927920708789e-12
2.206605031737254804e-12
1.982220917147250659e-12
1.718562670599138253e-12
1.436773271264645839e-12
1.159094620658794693e-12
9.067521695741681367e-13
6.982073571783276754e-13
5.478249416425216234e-13
4.647899760842206945e-13
4.674183165708020470e-13
5.511796474805227426e-13
7.031492793875031659e-13
9.142164027617656865e-13
1.170100614378745056e-12
1.452383101606198239e-12
1.739782118729120854e-12
2.009849783932103691e-12
2.241060444440225876e-12
2.415049892669414175e-12
2.518626621894565882e-12
2.545163948667163929e-12
2.495098132709864802e-12
2.375453731803783560e-12
2.198521284486386090e-12
1.979965747571819454e-12
1.736720351273657301e-12
1.485018560966458081e-12
1.238847978816450353e-12
1.008993528384588746e-12
8.027017435257862928e-13
6.238777031405683531e-13
4.736495621226753397e-13
3.511141285495355207e-13
2.541023659035011202e-13
1.798553863952247037e-13
1.255573516266290986e-13
8.871655098798917830e-14
6.741378405779630476e-14
6.044870281431606212e-14
6.741378405779443674e-14
8.871655098798621218e-14
1.255573516266285937e-13
1.798553863952201094e-13
2.541023659034980910e-13
3.511141285495316332e-13
4.736495621226745319e-13
6.238777031405673434e-13
8.027017435257770031e-13
1.008993528384581072e-12
1.238847978816445102e-12
1.485018560966451417e-12
1.736720351273647809e-12
1.979965747571825109e-12
2.198521284486407497e-12
2.375453731803836067e-12
2.495098132709889440e-12
2.545163948667170392e-12
2.518626621894570729e-12
2.415049892669423061e-12
2.241060444440226684e-12
2.009849783932132367e-12
1.739782118729154782e-12
1.452383101606233782e-12
1.170100614378774742e-12
9.142164027617854774e-13
7.031492793875206345e-13
5.511796474805339507e-13
4.674183165708189097e-13
4.713664120739587564e-13
5.562343134756167287e-13
7.106316830059663414e-13
9.255671551999930029e-13
1.186900376319792250e-12
1.476292686713935171e-12
1.772392516740070588e-12
2.052449865867736743e-12
2.294357107392811889e-12
2.478904148711064634e-12
2.591885640306357329e-12
2.625659620767419524e-12
2.579843120912443208e-12
2.461007365097140655e-12
2.281443488303476733e-12
2.057251069304797423e-12
1.806116530394896386e-12
1.545176934531214182e-12
1.289305674876115379e-12
1.050028895358625253e-12
8.351233610162046917e-13
6.488041456747694058e-13
4.923201987904915816e-13
3.647506658653372829e-13
2.638238612831002786e-13
1.866391212489309034e-13
1.302338573367901634e-13
9.198719419308858271e-14
6.988154919837127348e-14
6.265568944784871281e-14
6.988154919837528721e-14
9.198719419308998373e-14
1.302338573367924858e-13
1.866391212489215885e-13
2.638238612830971989e-13
3.647506658653274884e-13
4.923201987904949137e-13
6.488041456747668815e-13
8.351233610162026722e-13
1.050028895358619599e-12
1.289305674876100233e-12
1.545176934531198430e-12
1.806116530394898810e-12
2.057251069304792172e-12
2.281443488303465020e-12
2.461007365097134193e-12
2.579843120912454921e-12
2.625659620767421948e-12
2.591885640306348847e-12
2.478904148711088464e-12
2.294357107392826429e-12
2.052449865867760573e-12
1.772392516740111583e-12
1.476292686713949307e-12
1.186900376319823956e-12
9.255671552000099666e-13
7.106316830059791652e-13
5.562343134756282398e-13
4.713664120739714791e-13
4.766404470870321112e-13
5.629865312315869759e-13
7.206297064469854717e-13
9.407447642546494132e-13
1.209389025533770402e-12
1.508345713616662201e-12
1.816187862084003213e-12
2.109779429563170116e-12
2.366246771723347455e-12
2.565248099006143618e-12
2.691203340503748058e-12
2.735074449569079413e-12
2.695330790519951636e-12
2.577883088953551502e-12
2.394980545649941042e-12
2.163283279415322815e-12
1.901489897516766796e-12
1.627972423063278942e-12
1.358828003324585732e-12
1.106615610553678830e-12
8.798570064529685720e-13
6.832076710398233852e-13
5.180930564763344819e-13
3.835743967949213679e-13
2.772419205538374016e-13
1.960008362729308521e-13
1.366863635442838595e-13
9.649914850501442045e-14
7.328546047043604540e-14
6.569974052569378624e-14
7.328546047043402592e-14
9.649914850501280486e-14
1.366863635442806283e-13
1.960008362729300443e-13
2.772419205538347258e-13
3.835743967949150065e-13
5.180930564763327654e-13
6.832076710398202550e-13
8.798570064529554453e-13
1.106615610553663886e-12
1.358828003324582501e-12
1.627972423063273287e-12
1.901489897516763565e-12
2.163283279415322411e-12
2.394980545649959621e-12
2.577883088953558368e-12
2.695330790519958098e-12
2.735074449569078201e-12
2.691203340503769869e-12
2.565248099006142811e-12
2.366246771723364015e-12
2.109779429563187887e-12
1.816187862084030476e-12
1.508345713616686636e-12
1.209389025533797867e-12
9.407447642546799075e-13
7.206297064469948623e-13
5.629865312316039395e-13
4.766404470870374629e-13
4.832483457772734090e-13
5.714464442983103010e-13
7.331607317257623362e-13
9.597847494544987121e-13
1.237640524381910154e-12
1.548687954516707821e-12
1.871434774941828527e-12
2.182290282407491385e-12
2.457440607751104837e-12
2.675124587169221699e-12
2.818007911168466236e-12
2.875239257362199616e-12
2.843762868378460833e-12
2.728570792063405599e-12
2.541787495655577940e-12
2.300740061721901919e-12
2.025403165458939395e-12
1.735740862146850552e-12
1.449450032970817459e-12
1.180454610619386218e-12
9.382712579793219617e-13
7.281516521377162447e-13
5.517681891239428944e-13
4.081695728108843546e-13
2.947716953724728505e-13
2.082287715529572771e-13
1.451124434856173159e-13
1.023898187199806390e-13
7.772871193361924066e-14
6.967296442705519410e-14
7.772871193361835714e-14
1.023898187199793263e-13
1.451124434856164324e-13
2.082287715529564188e-13
2.947716953724711339e-13
4.081695728108754689e-13
5.517681891239333018e-13
7.281516521377099843e-13
9.382712579793181247e-13
1.180454610619383593e-12
1.449450032970800697e-12
1.735740862146835607e-12
2.025403165458917181e-12
2.300740061721882128e-12
2.541787495655559361e-12
2.728570792063390654e-12
2.843762868378484663e-12
2.875239257362236371e-12
2.818007911168482392e-12
2.675124587169218872e-12
2.457440607751116550e-12
2.182290282407518042e-12
1.871434774941879014e-12
1.548687954516752855e-12
1.237640524381929541e-12
9.597847494545275907e-13
7.331607317257698083e-13
5.714464442983215091e-13
4.832483457772779528e-13
4.911993074839815861e-13
5.816258486004573000e-13
7.482451976607718234e-13
9.827295438835433552e-13
1.271744436008258251e-12
1.597497796358770483e-12
1.938462360174829985e-12
2.270544412092340776e-12
2.568829616230116294e-12
2.809849299268690941e-12
2.974113493247788210e-12
3.048494991846734478e-12
3.027972304840955977e-12
2.916293097801709016e-12
2.725319228162653482e-12
2.473122466350794015e-12
2.181220902143590881e-12
1.871559482120949753e-12
1.563860067536958213e-12
1.273797382471693044e-12
1.012180184217974867e-12
7.850467588347718149e-13
5.944073162345253353e-13
4.393115240935687245e-13
3.169639822645184628e-13
2.237052153574570568e-13
1.557740490063830065e-13
1.098413478658681871e-13
8.334810071595713902e-14
7.469747184768874381e-14
8.334810071595859053e-14
1.098413478658689949e-13
1.557740490063804822e-13
2.237052153574507712e-13
3.169639822645134141e-13
4.393115240935610505e-13
5.944073162345147330e-13
7.850467588347620205e-13
1.012180184217963557e-12
1.273797382471682744e-12
1.563860067536944682e-12
1.871559482120925924e-12
2.181220902143562205e-12
2.473122466350785533e-12
2.725319228162667214e-12
2.916293097801679532e-12
3.027972304840949919e-12
3.048494991846721553e-12
2.974113493247779728e-12
2.809849299268697807e-12
2.568829616230139720e-12
2.270544412092374299e-12
1.938462360174886127e-12
1.597497796358797544e-12
1.271744436008286524e-12
9.827295438835762728e-13
7.482451976607786896e-13
5.816258486004761822e-13
4.911993074839722965e-13
5.005033430124336324e-13
5.935376109461996313e-13
7.659057470360083873e-13
1.009627180542241366e-12
1.311803966180213978e-12
1.654983589925131930e-12
2.017659204591862192e-12
2.375211735596771842e-12
2.701485393670405676e-12
2.971018183537290463e-12
3.161739021283944471e-12
3.257728013461459892e-12
3.251478902933160608e-12
3.145082659625211820e-12
2.949927317300147064e-12
2.684865822814115114e-12
2.373226856443253280e-12
2.039362457154799386e-12
1.705506336236823691e-12
1.389538905702113941e-12
1.103920184621596971e-12
8.557115828853191073e-13
6.473797020354749409e-13
4.780001209418103683e-13
3.445288603024764083e-13
2.429227931758095143e-13
1.690086131420186867e-13
1.190883311998043857e-13
9.031983828299846453e-14
8.093057420879810216e-14
9.031983828299655865e-14
1.190883311998008011e-13
1.690086131420153798e-13
2.429227931758081512e-13
3.445288603024695925e-13
4.780001209418010787e-13
6.473797020354658532e-13
8.557115828853066875e-13
1.103920184621599798e-12
1.389538905702098391e-12
1.705506336236796024e-12
2.039362457154775153e-12
2.373226856443231874e-12
2.684865822814170044e-12
2.949927317300178972e-12
3.145082659625280886e-12
3.251478902933210691e-12
3.257728013461434851e-12
3.161739021283946895e-12
2.971018183537330045e-12
2.701485393670406080e-12
2.375211735596801730e-12
2.017659204591918334e-12
1.654983589925156365e-12
1.311803966180238414e-12
1.009627180542260147e-12
7.659057470360214130e-13
5.935376109462176047e-13
5.005033430124296944e-13
5.111707254180207979e-13
6.071949792476191005e-13
7.861662103746075869e-13
1.040529714912166553e-12
1.357933584813044237e-12
1.721380374171312344e-12
2.109469554603040833e-12
2.497066991950263057e-12
2.856660439011203966e-12
3.160515641128440533e-12
3.383530330137447945e-12
3.506412695040049901e-12
3.518557789138020207e-12
3.419878751676417069e-12
3.220982545827911553e-12
2.941481543303441200e-12
2.606775244415324032e-12
2.244090912377786190e-12
1.878736205288851430e-12
1.531339347134922466e-12
1.216450805788814691e-12
9.424522453641213629e-13
7.124223953065976817e-13
5.255036851595918563e-13
3.783667001486313362e-13
2.665058417578887899e-13
1.852436172433945632e-13
1.304279117023540996e-13
9.886711720580931135e-14
8.857153234418671216e-14
9.886711720580618115e-14
1.304279117023507675e-13
1.852436172434011518e-13
2.665058417578835897e-13
3.783667001486206834e-13
5.255036851595823648e-13
7.124223953065864735e-13
9.424522453641064187e-13
1.216450805788807825e-12
1.531339347134882279e-12
1.878736205288828408e-12
2.244090912377753070e-12
2.606775244415300606e-12
2.941481543303482802e-12
3.220982545827952347e-12
3.419878751676429994e-12
3.518557789137973355e-12
3.506412695040081809e-12
3.383530330137428558e-12
3.160515641128402971e-12
2.856660439011203562e-12
2.497066991950295369e-12
2.109469554603081627e-12
1.721380374171325874e-12
1.357933584813074529e-12
1.040529714912187152e-12
7.861662103746278827e-13
6.071949792476303086e-13
5.111707254180255437e-13
5.232113596630809219e-13
6.226107894257212580e-13
8.090504313357846652e-13
1.075491385256874281e-12
1.410256215287137541e-12
1.796945929616860730e-12
2.214388559598368951e-12
2.636985554741122512e-12
3.035787645424173155e-12
3.380523041770968525e-12
3.642585155342640991e-12
3.798661355857290418e-12
3.834321583957443396e-12
3.746645299078021286e-12
3.545026845029517431e-12
3.249735120143992045e-12
2.888482541668899489e-12
2.491884584075604240e-12
2.088975074181623767e-12
1.703781051102035036e-12
1.353485078774820455e-12
1.048165392099186334e-12
7.917181433765997681e-13
5.834157294403300730e-13
4.196081828672086043e-13
2.952379657403808398e-13
2.050153680647759258e-13
1.442328090069182473e-13
1.092698990844420161e-13
9.787029754935277005e-14
1.092698990844438210e-13
1.442328090069136277e-13
2.050153680647692363e-13
2.952379657403706919e-13
4.196081828672015866e-13
5.834157294403193697e-13
7.917181433765889639e-13
1.048165392099174823e-12
1.353485078774798644e-12
1.703781051102014841e-12
2.088975074181595090e-12
2.491884584075613530e-12
2.888482541668959669e-12
3.249735120143992449e-12
3.545026845029494005e-12
3.746645299078012400e-12
3.834321583957524176e-12
3.798661355857366350e-12
3.642585155342592524e-12
3.380523041770999221e-12
3.035787645424188099e-12
2.636985554741164113e-12
2.214388559598354815e-12
1.796945929616925757e-12
1.410256215287132492e-12
1.075491385256911844e-12
8.090504313357924402e-13
6.226107894257442801e-13
5.232113596630824365e-13
5.366340765954674560e-13
6.397965752736546131e-13
8.345809404492856150e-13
1.114566514167831356e-12
1.468899980824515257e-12
1.881956111644466609e-12
2.332956452003949802e-12
2.795937902198868109e-12
3.240478544376831762e-12
3.633526996068165436e-12
3.942480507646923947e-12
4.139281446743196197e-12
4.204817190896621540e-12
4.132512876414958850e-12
3.929959221967804983e-12
3.617866990557510051e-12
3.226468158295289317e-12
2.790324446929667441e-12
2.342954295644225511e-12
1.912569383136449247e-12
1.519656630284117075e-12
1.176470326871820990e-12
8.879952865269011313e-13
6.537275985558474720e-13
4.696654421999654678e-13
3.300972029503695994e-13
2.289929589196297103e-13
1.609679881135311989e-13
1.218774967748480124e-13
1.091387793572332137e-13
1.218774967748433676e-13
1.609679881135244336e-13
2.289929589196280947e-13
3.300972029503611176e-13
4.696654421999534519e-13
6.537275985558386873e-13
8.879952865268862881e-13
1.176470326871807662e-12
1.519656630284071435e-12
1.912569383136419359e-12
2.342954295644182294e-12
2.790324446929696522e-12
3.226468158295238426e-12
3.617866990557480162e-12
3.929959221967848603e-12
4.132512876415038822e-12
4.204817190896607000e-12
4.139281446743209121e-12
3.942480507646932833e-12
3.633526996068117777e-12
3.240478544376823684e-12
2.795937902198879822e-12
2.332956452004007156e-12
1.881956111644496497e-12
1.468899980824572409e-12
1.114566514167839636e-12
8.345809404493203502e-13
6.397965752736679417e-13
5.366340765954822992e-13
5.514458578941362438e-13
6.587615890307742818e-13
8.627774859584537591e-13
1.157807157578464449e-12
1.533994499806534231e-12
1.976699414003762163e-12
2.465751523507069596e-12
2.974982445656874171e-12
3.472519786306919304e-12
3.922326672404102874e-12
4.287301710480589488e-12
4.533839734379201681e-12
4.637138124173738149e-12
4.585947578219496477e-12
4.385261190804867372e-12
4.055864558524251963e-12
3.630654606135532539e-12
3.148738258535747393e-12
2.649000192530787508e-12
2.164788524308636208e-12
1.720732968378680700e-12
1.331877712363758009e-12
1.004655173136254971e-12
7.389209529040837981e-13
5.302970421426558765e-13
3.723006406158701204e-13
2.580086792388635430e-13
1.812118670135647378e-13
1.371246431978212015e-13
1.227652640891409646e-13
1.371246431978203180e-13
1.812118670135621125e-13
2.580086792388606147e-13
3.723006406158597200e-13
5.302970421426439616e-13
7.389209529040739027e-13
1.004655173136242854e-12
1.331877712363743469e-12
1.720732968378655860e-12
2.164788524308597434e-12
2.649000192530756408e-12
3.148738258535694886e-12
3.630654606135444085e-12
4.055864558524214804e-12
4.385261190804873027e-12
4.585947578219508594e-12
4.637138124173747843e-12
4.533839734379166946e-12
4.287301710480579794e-12
3.922326672404119030e-12
3.472519786306893050e-12
2.974982445656914561e-12
2.465751523507135431e-12
1.976699414003783165e-12
1.533994499806591988e-12
1.157807157578486865e-12
8.627774859584807192e-13
6.587615890308083101e-13
5.514458578941369506e-13
5.676509999453072069e-13
6.795117420830186124e-13
8.936554329636241306e-13
1.205260510988876275e-12
1.605666726170725817e-12
2.081470715150495924e-12
2.613381749320167112e-12
3.175256382577954537e-12
3.733867254033382094e-12
4.250039278628282272e-12
4.681672144098776594e-12
4.988732982632758201e-12
5.139553213003946543e-12
5.116950011694758989e-12
4.922268272452176278e-12
4.575795577573692323e-12
4.113140507979913421e-12
3.578584272570995772e-12
3.017399703711541915e-12
2.469226532905072677e-12
1.963887055600322878e-12
1.520004373697440635e-12
1.145934163777495764e-12
8.420850884162186396e-13
6.036902079578276105e-13
4.233608009727857895e-13
2.930964697921372720e-13
2.056832084933628907e-13
1.555519376601755297e-13
1.392327917228008217e-13
1.555519376601772463e-13
2.056832084933595586e-13
2.930964697921278814e-13
4.233608009727740765e-13
6.036902079578150897e-13
8.420850884162094510e-13
1.145934163777510910e-12
1.520004373697420440e-12
1.963887055600307126e-12
2.469226532905065811e-12
3.017399703711516066e-12
3.578584272570914993e-12
4.113140507979797906e-12
4.575795577573659204e-12
4.922268272452286138e-12
5.116950011694790493e-12
5.139553213003951390e-12
4.988732982632801014e-12
4.681672144098724895e-12
4.250039278628270155e-12
3.733867254033379671e-12
3.175256382577968674e-12
2.613381749320204674e-12
2.081470715150517331e-12
1.605666726170782564e-12
1.205260510988880718e-12
8.936554329636744158e-13
6.795117420830494095e-13
5.676509999453146790e-13
5.852502260475105326e-13
7.020484770375656196e-13
9.272240448442970162e-13
1.256966087004568904e-12
1.684036337107197320e-12
2.196564165766734211e-12
2.776474909678340913e-12
3.397964209855377769e-12
4.026637112911775038e-12
4.620102635355800007e-12
5.130782432287581821e-12
5.511264274321535929e-12
5.721652319742736173e-12
5.737287947513386138e-12
5.554495273177035202e-12
5.192215362520456576e-12
4.688663168655143576e-12
4.093932521888941352e-12
3.460862583673408502e-12
2.836788084152991546e-12
2.258042713236369560e-12
1.747846374445881883e-12
1.317109174220523795e-12
9.670653516591665665e-13
6.925645477168756184e-13
4.851566504491763488e-13
3.355404005352987765e-13
2.352751503964975564e-13
1.778318464357421707e-13
1.591425803720961282e-13
1.778318464357417668e-13
2.352751503964913969e-13
3.355404005352959997e-13
4.851566504491617075e-13
6.925645477168704687e-13
9.670653516591647490e-13
1.317109174220504004e-12
1.747846374445837454e-12
2.258042713236336845e-12
2.836788084152936616e-12
3.460862583673384268e-12
4.093932521888894500e-12
4.688663168655203353e-12
5.192215362520546242e-12
5.554495273177048127e-12
5.737287947513389369e-12
5.721652319742698207e-12
5.511264274321553700e-12
5.130782432287500234e-12
4.620102635355795160e-12
4.026637112911732225e-12
3.397964209855425833e-12
2.776474909678385745e-12
2.196564165766771370e-12
1.684036337107254673e-12
1.256966087004524678e-12
9.272240448443796131e-13
7.020484770375676391e-13
5.852502260475525379e-13
6.042397578739224718e-13
7.263675844038327603e-13
9.634846640701137236e-13
1.312952683510451876e-12
1.769210678314011152e-12
2.322265185418674646e-12
2.955667061288047507e-12
3.644363509100002169e-12
4.353093008372105105e-12
5.036273548598800002e-12
5.640417427050384081e-12
6.109723631267432001e-12
6.394509345538589664e-12
6.460766341122565247e-12
6.298024280024805870e-12
5.922662965210092712e-12
5.375171576100520696e-12
4.712068301082957099e-12
3.995105672451975394e-12
3.281018514048459123e-12
2.614313742457808108e-12
2.024125829153750648e-12
1.524758015457517558e-12
1.118650418913079510e-12
8.003024517573909865e-13
5.600227026310490933e-13
3.869355952765408139e-13
2.710982042892681210e-13
2.048017854026616886e-13
1.832439333701473220e-13
2.048017854026523989e-13
2.710982042892697365e-13
3.869355952765272329e-13
5.600227026310333413e-13
8.003024517573815959e-13
1.118650418913053256e-12
1.524758015457482015e-12
2.024125829153719144e-12
2.614313742457759641e-12
3.281018514048398538e-12
3.995105672451911578e-12
4.712068301082747072e-12
5.375171576100315516e-12
5.922662965209922267e-12
6.298024280024729937e-12
6.460766341122541821e-12
6.394509345538634093e-12
6.109723631267419076e-12
5.640417427050335613e-12
5.036273548598736187e-12
4.353093008372121261e-12
3.644363509099931083e-12
2.955667061288172312e-12
2.322265185418615677e-12
1.769210678314156959e-12
1.312952683510344641e-12
9.634846640702500387e-13
7.263675844037727817e-13
6.042397578740400057e-13
6.246103587193512279e-13
7.524579792147802161e-13
1.002428812949563698e-12
1.373235167854516555e-12
1.861279287174409427e-12
2.458841550302364542e-12
3.151589222588238865e-12
3.915747600998368608e-12
4.715628530867277840e-12
5.502620446150738537e-12
6.216978884394176103e-12
6.793470942510828180e-12
7.170862211870143228e-12
7.303538434177659063e-12
7.171965579254051005e-12
6.788264566622901832e-12
6.194535799065900211e-12
5.454249071102033320e-12
4.639591882499080388e-12
3.818769445801755448e-12
3.046562145736209407e-12
2.359731030110637943e-12
1.777088606544802906e-12
1.302807988485997906e-12
9.311124375680368689e-13
6.508603796664673602e-13
4.492645479694957562e-13
3.145345028269505262e-13
2.375062332034879505e-13
2.124724754669280242e-13
2.375062332034922924e-13
3.145345028269478504e-13
4.492645479694919192e-13
6.508603796664631193e-13
9.311124375680174818e-13
1.302807988485974883e-12
1.777088606544774835e-12
2.359731030110593919e-12
3.046562145736148823e-12
3.818769445801695671e-12
4.639591882498997185e-12
5.454249071101868530e-12
6.194535799065826702e-12
6.788264566622886484e-12
7.171965579254093010e-12
7.303538434177689760e-12
7.170862211870083451e-12
6.793470942510921076e-12
6.216978884394099363e-12
5.502620446150618176e-12
4.715628530867140515e-12
3.915747600998393649e-12
3.151589222588286121e-12
2.458841550302449360e-12
1.861279287174463145e-12
1.373235167854506256e-12
1.002428812949645689e-12
7.524579792148111142e-13
6.246103587193717257e-13
6.463463626922694980e-13
7.803004550961654183e-13
1.044036238552971952e-12
1.437811109244608430e-12
1.960308026420367890e-12
2.606533572849143247e-12
3.364852156969083675e-12
4.213424664129510970e-12
5.116743986081057028e-12
6.023508478982377025e-12
6.867501172724742630e-12
7.573018364467759118e-12
8.065308624431571526e-12
8.284461363065793964e-12
8.199002940354902187e-12
7.814465938093479471e-12
7.173424995422897056e-12
6.346654322929794215e-12
5.418465651350648158e-12
4.471044775903643757e-12
3.572107803184011801e-12
2.768274605866669550e-12
2.084354558364621506e-12
1.526980488148376416e-12
1.090232868728072171e-12
7.612765183009211749e-13
5.249923444567918127e-13
3.673061108557420051e-13
2.772503520272506557e-13
2.479990915675989486e-13
2.772503520272446478e-13
3.673061108557360476e-13
5.249923444567850474e-13
7.612765183008983547e-13
1.090232868728050563e-12
1.526980488148349355e-12
2.084354558364584751e-12
2.768274605866624718e-12
3.572107803183973027e-12
4.471044775903585596e-12
5.418465651350529412e-12
6.346654322929736054e-12
7.173424995422861513e-12
7.814465938093490780e-12
8.199002940354808483e-12
8.284461363065743880e-12
8.065308624431747625e-12
7.573018364467860900e-12
6.867501172724661043e-12
6.023508478982350368e-12
5.116743986080889815e-12
4.213424664129389801e-12
3.364852156968994414e-12
2.606533572849213121e-12
1.960308026420353350e-12
1.437811109244646194e-12
1.044036238552970942e-12
7.803004550962459957e-13
6.463463626922291083e-13
6.694247056312584809e-13
8.098664354826794798e-13
1.088272929897805311e-12
1.506657299065949531e-12
2.066332875111562133e-12
2.765543397962771172e-12
3.596029169091323176e-12
4.538692929009770532e-12
5.559016442114932967e-12
6.603575013795296548e-12
7.599656710332746479e-12
8.460108273758522464e-12
9.094515153031597490e-12
9.425498998628267572e-12
9.406035790173329163e-12
9.031919911246903464e-12
8.344393862560148267e-12
7.421578415358715053e-12
6.361738243391899364e-12
5.264076680025179596e-12
4.212630831472604349e-12
3.266800878604964055e-12
2.459378775799557776e-12
1.800454697989100863e-12
1.284184610563278496e-12
8.957545482814939034e-13
6.171848626293388385e-13
4.315608336656325530e-13
3.256682722397560315e-13
2.912926423254365316e-13
3.256682722397625443e-13
4.315608336656351279e-13
6.171848626293285391e-13
8.957545482814731027e-13
1.284184610563251233e-12
1.800454697989067339e-12
2.459378775799525060e-12
3.266800878604904682e-12
4.212630831472528416e-12
5.264076680025091546e-12
6.361738243391806468e-12
7.421578415358629427e-12
8.344393862560057794e-12
9.031919911246819453e-12
9.406035790173290389e-12
9.425498998628280497e-12
9.094515153031773589e-12
8.460108273758627477e-12
7.599656710332746479e-12
6.603575013795227886e-12
5.559016442114816645e-12
4.538692929009744683e-12
3.596029169091306616e-12
2.765543397962836603e-12
2.066332875111577077e-12
1.506657299065938828e-12
1.088272929897863270e-12
8.098664354826861441e-13
6.694247056312948316e-13
6.938139750786772978e-13
8.411167438174691330e-13
1.135089139397189898e-12
1.579726206854576339e-12
2.179353439949995443e-12
2.936023470066221289e-12
3.845636872687134318e-12
4.892811595343745952e-12
6.045061985100324030e-12
7.247693168535247878e-12
8.421747091592858238e-12
9.467781493400807529e-12
1.027743538146155612e-11
1.075217342553911029e-11
1.082493153448060505e-11
1.047755931940206939e-11
9.747226584214499098e-12
8.718929588561619726e-12
7.506791177526718538e-12
6.230695291652411337e-12
4.995319231176128414e-12
3.876681770974201837e-12
2.918211791495070883e-12
2.134821682580530059e-12
1.521082106971271425e-12
1.059864252005277978e-12
7.296544695199795189e-13
5.099796317326400996e-13
3.848100498857707010e-13
3.442004452051417026e-13
3.848100498857635824e-13
5.099796317326278817e-13
7.296544695199649786e-13
1.059864252005256774e-12
1.521082106971244364e-12
2.134821682580485630e-12
2.918211791495011914e-12
3.876681770974141253e-12
4.995319231176025824e-12
6.230695291652368524e-12
7.506791177526626449e-12
8.718929588561519559e-12
9.747226584214334308e-12
1.047755931940197892e-11
1.082493153448051135e-11
1.075217342553914260e-11
1.027743538146176454e-11
9.467781493400757446e-12
8.421747091592733838e-12
7.247693168535222837e-12
6.045061985100191552e-12
4.892811595343647401e-12
3.845636872687060001e-12
2.936023470066358210e-12
2.179353439949952226e-12
1.579726206854621980e-12
1.135089139397193937e-12
8.411167438175176006e-13
6.938139750786683111e-13
7.194734980721906195e-13
8.740004165747272884e-13
1.184417444419440798e-12
1.656942428006806164e-12
2.299326267831147464e-12
3.118064259959520111e-12
4.114113945069788660e-12
5.276967184596388722e-12
6.577489112463933602e-12
7.960920787891490306e-12
9.342675043338565793e-12
1.061042883865847957e-11
1.163553045570360062e-11
1.229406428173680757e-11
1.249340136966653494e-11
1.219589069190808309e-11
1.143059838602355820e-11
1.028811491586933875e-11
8.900285160510983500e-12
7.412073806830731597e-12
5.954329203363978031e-12
4.624751214925076211e-12
3.480957865400180168e-12
2.544546052456666480e-12
1.811012769312015061e-12
1.260515829296923157e-12
8.671378784132896754e-13
6.059104135708464185e-13
4.572523311747807149e-13
4.090516580880022941e-13
4.572523311747681941e-13
6.059104135708435912e-13
8.671378784132534257e-13
1.260515829296896702e-12
1.811012769311986586e-12
2.544546052456635380e-12
3.480957865400131296e-12
4.624751214925022089e-12
5.954329203363895636e-12
7.412073806830666973e-12
8.900285160510830019e-12
1.028811491586922566e-11
1.143059838602352265e-11
1.219589069190798938e-11
1.249340136966646870e-11
1.229406428173697075e-11
1.163553045570386234e-11
1.061042883865879622e-11
9.342675043338580333e-12
7.960920787891411142e-12
6.577489112463739731e-12
5.276967184596306327e-12
4.114113945069762811e-12
3.118064259959647742e-12
2.299326267831087688e-12
1.656942428006854429e-12
1.184417444419454733e-12
8.740004165747674762e-13
7.194734980721749685e-13
7.463524867471103115e-13
9.084535847275040284e-13
1.236170888436846142e-12
1.738199187714601408e-12
2.426158059723232965e-12
3.311681380516726673e-12
4.401797955076742364e-12
5.692235136398913560e-12
7.158842243461242175e-12
8.748432046822064261e-12
1.037189147695191945e-11
1.190381701144514757e-11
1.319298212633683555e-11
1.408535177431045870e-11
1.445601192047966012e-11
1.424054880959893750e-11
1.345412789236265528e-11
1.219041169140033685e-11
1.060058646791404226e-11
8.859954382431520807e-12
7.132645059711398342e-12
5.544742202947531408e-12
4.172810118071874805e-12
3.047666302085445071e-12
2.166493977759427937e-12
1.506262719465993725e-12
1.035510332866371185e-12
7.235334758202754259e-13
5.462389216038820491e-13
4.887900894121005161e-13
5.462389216038797267e-13
7.235334758202656314e-13
1.035510332866333017e-12
1.506262719465968279e-12
2.166493977759403703e-12
3.047666302085403066e-12
4.172810118071812605e-12
5.544742202947527369e-12
7.132645059711353105e-12
8.859954382431423872e-12
1.060058646791392917e-11
1.219041169140028192e-11
1.345412789236251473e-11
1.424054880959884218e-11
1.445601192047966173e-11
1.408535177431045870e-11
1.319298212633691310e-11
1.190381701144511526e-11
1.037189147695188229e-11
8.748432046822080417e-12
7.158842243461135546e-12
5.692235136399033921e-12
4.401797955076748826e-12
3.311681380516921755e-12
2.426158059723196210e-12
1.738199187714682995e-12
1.236170888436843315e-12
9.084535847275526979e-13
7.463524867470895108e-13
7.743892627096733958e-13
9.443984507462475818e-13
1.290241244489613442e-12
1.823354973779246554e-12
2.559698905957111080e-12
3.516802264927556805e-12
4.708900437855247930e-12
6.139536591042199387e-12
7.791534446300943787e-12
9.615428741883867852e-12
1.151931100980930132e-11
1.336507750125388303e-11
1.497688416374953737e-11
1.616539412286884388e-11
1.676534229305901140e-11
1.667615654582841541e-11
1.589090865950802010e-11
1.450195160209038288e-11
1.268085438452820597e-11
1.063949133565947376e-11
8.584452128293180355e-12
6.679110441050073045e-12
5.025347419544224768e-12
3.666650927369008985e-12
2.603014691131795966e-12
1.807654415969221742e-12
1.242038550307262052e-12
8.680638968094207602e-13
6.558586606212574809e-13
5.871445513312449712e-13
6.558586606212542497e-13
8.680638968094085424e-13
1.242038550307248724e-12
1.807654415969200739e-12
2.603014691131771732e-12
3.666650927368941938e-12
5.025347419544174685e-12
6.679110441049966416e-12
8.584452128293060801e-12
1.063949133565935098e-11
1.268085438452807349e-11
1.450195160209018416e-11
1.589090865950791347e-11
1.667615654582832817e-11
1.676534229305901140e-11
1.616539412286929624e-11
1.497688416374969893e-11
1.336507750125414799e-11
1.151931100980933363e-11
9.615428741883686906e-12
7.791534446300856546e-12
6.139536591042093566e-12
4.708900437855365868e-12
3.516802264927659798e-12
2.559698905957166818e-12
1.823354973779242919e-12
1.290241244489645349e-12
9.443984507462942319e-13
7.743892627096407812e-13
8.035105817703716378e-13
9.817423892564846891e-13
1.346497446376518070e-12
1.912230378509143341e-12
2.699735683136923475e-12
3.733252629603247963e-12
5.035480491596126647e-12
6.619590475821055862e-12
8.477768688476692885e-12
1.056702832715559542e-11
1.279518848800462265e-11
1.501264444740941399e-11
1.701739264013055144e-11
1.857932289077498020e-11
1.948329072101446841e-11
1.958053735075518700e-11
1.883062540802918399e-11
1.731747606613494623e-11
1.523297426350313371e-11
1.283288972260193808e-11
1.037817291951756814e-11
8.081357603400913948e-12
6.078163004049846530e-12
4.429438807841289586e-12
3.139663690388677147e-12
2.177634011397773529e-12
1.495670881871829523e-12
1.045995214573649959e-12
7.912690070689600526e-13
7.088465399360252695e-13
7.912690070689489455e-13
1.045995214573642890e-12
1.495670881871807511e-12
2.177634011397744449e-12
3.139663690388647663e-12
4.429438807841235463e-12
6.078163004049769789e-12
8.081357603400813782e-12
1.037817291951743404e-11
1.283288972260174744e-11
1.523297426350301415e-11
1.731747606613485576e-11
1.883062540802904505e-11
1.958053735075510622e-11
1.948329072101443609e-11
1.857932289077488326e-11
1.701739264013037695e-11
1.501264444740949800e-11
1.279518848800457741e-11
1.056702832715550495e-11
8.477768688476523249e-12
6.619590475820990430e-12
5.035480491596144418e-12
3.733252629603278660e-12
2.699735683136945285e-12
1.912230378509176460e-12
1.346497446376529379e-12
9.817423892565301275e-13
8.035105817703620452e-13
8.336310808427838628e-13
1.020377200008455922e-12
1.404784234911163608e-12
2.004605236457711993e-12
2.845985772333168956e-12
3.960742994671064254e-12
5.381417286895488042e-12
7.132861233357294376e-12
9.219447230619236490e-12
1.160812592822751073e-11
1.420994834793212875e-11
1.686612445392127491e-11
1.934780885576963311e-11
2.137862945571798639e-11
2.268252561046604827e-11
2.304732788125275204e-11
2.238337905894413448e-11
2.075506047415619226e-11
1.837257382145641533e-11
1.554407354807624250e-11
1.260036951385002346e-11
9.819011649488160514e-12
7.380922742657729191e-12
5.370698664284104748e-12
3.799837818304533600e-12
2.631963523244332213e-12
1.807355342123068439e-12
1.265385749089536975e-12
9.589740155994481747e-13
8.599064011944687572e-13
9.589740155994530215e-13
1.265385749089523040e-12
1.807355342123051879e-12
2.631963523244314441e-12
3.799837818304515829e-12
5.370698664284053049e-12
7.380922742657648412e-12
9.819011649488021573e-12
1.260036951384979243e-11
1.554407354807610679e-11
1.837257382145633455e-11
2.075506047415609855e-11
2.238337905894398584e-11
2.304732788125253232e-11
2.268252561046601596e-11
2.137862945571792500e-11
1.934780885576986253e-11
1.686612445392156249e-11
1.420994834793188964e-11
1.160812592822730878e-11
9.219447230619049082e-12
7.132861233357267719e-12
5.381417286895519546e-12
3.960742994671039213e-12
2.845985772333180669e-12
2.004605236457727341e-12
1.404784234911193295e-12
1.020377200008492676e-12
8.336310808427963836e-13
8.646528685511089012e-13
1.060178541714441798e-12
1.464921067568127929e-12
2.100216149855673856e-12
2.998091276045688500e-12
4.198855586366858305e-12
5.746382006577056777e-12
7.679502796188675000e-12
1.001806922193862465e-11
1.274322798736938994e-11
1.577395824236896458e-11
1.894607827243826870e-11
2.200456053202658264e-11
2.462170192569151076e-11
2.644806067779019560e-11
2.718903344132574919e-11
2.668436348427267325e-11
2.496205283075615143e-11
2.224542909657487323e-11
1.890469455371387747e-11
1.536079208481020536e-11
1.197749192713903816e-11
8.995998682343440564e-12
6.533355303012455733e-12
4.612010624228180522e-12
3.189640775760891630e-12
2.190362239825291992e-12
1.536182316318095410e-12
1.167163838750421468e-12
1.047959340322853129e-12
1.167163838750416823e-12
1.536182316318090563e-12
2.190362239825288357e-12
3.189640775760897284e-12
4.612010624228138517e-12
6.533355303012374954e-12
8.995998682343230538e-12
1.197749192713886206e-11
1.536079208481032815e-11
1.890469455371407457e-11
2.224542909657476660e-11
2.496205283075572492e-11
2.668436348427257632e-11
2.718903344132577827e-11
2.644806067779036685e-11
2.462170192569178864e-11
2.200456053202684760e-11
1.894607827243832686e-11
1.577395824236877394e-11
1.274322798736889719e-11
1.001806922193819975e-11
7.679502796188476283e-12
5.746382006577215913e-12
4.198855586366766217e-12
2.998091276045765644e-12
2.100216149855654065e-12
1.464921067568185686e-12
1.060178541714448058e-12
8.646528685511515123e-13
8.964652802826828730e-13
1.101005574508523491e-12
1.526701339687203382e-12
2.198754496808341650e-12
3.155613926538071227e-12
4.447031995326683013e-12
6.129809868838490791e-12
8.259299721910835437e-12
1.087461713152086098e-11
1.397625592503642112e-11
1.749723840496500598e-11
2.127369133636643295e-11
2.502703731313879671e-11
2.837425321335609844e-11
3.087891062688025393e-11
3.214055573473507740e-11
3.189955358310940667e-11
3.012252926043979447e-11
2.703565563555344474e-11
2.308189792972950415e-11
1.879896724943504437e-11
1.466519955325477062e-11
1.100190651424558609e-11
7.970458129157553218e-12
5.610525465157692262e-12
3.873242360668227026e-12
2.660565193959841437e-12
1.870563317335157399e-12
1.426117501811257714e-12
1.282689838295036252e-12
1.426117501811241962e-12
1.870563317335158207e-12
2.660565193959826089e-12
3.873242360668223795e-12
5.610525465157652680e-12
7.970458129157414278e-12
1.100190651424535829e-11
1.466519955325447012e-11
1.879896724943469864e-11
2.308189792972927797e-11
2.703565563555327995e-11
3.012252926043990433e-11
3.189955358310963931e-11
3.214055573473507740e-11
3.087891062688015699e-11
2.837425321335609844e-11
2.502703731313878055e-11
2.127369133636621969e-11
1.749723840496519662e-11
1.397625592503614001e-11
1.087461713152110332e-11
8.259299721911024460e-12
6.129809868838828449e-12
4.447031995326548111e-12
3.155613926538190781e-12
2.198754496808376789e-12
1.526701339687215902e-12
1.101005574508594375e-12
8.964652802826780263e-13
9.289448170250917724e-13
1.142700837194601572e-12
1.589891963948193047e-12
2.299865018192280062e-12
3.318030889398754177e-12
4.704562010035691882e-12
6.530873024276337879e-12
8.871606751055468872e-12
1.178943337242871120e-11
1.531031931768723805e-11
1.938909895781715936e-11
2.387030774046574078e-11
2.845722584392180651e-11
3.270955682157815536e-11
3.608974928832545938e-11
3.806319594203809630e-11
3.823257474977875024e-11
3.646663511030029593e-11
3.297619554985756483e-11
2.828840638091895080e-11
2.309288853773835901e-11
1.802035450054903207e-11
1.349791987394463127e-11
9.747525429332554703e-12
6.836361586684730577e-12
4.709086902437787203e-12
3.236599511064314434e-12
2.283260944286091036e-12
1.748658182595006685e-12
1.576334044374746455e-12
1.748658182594992953e-12
2.283260944286067610e-12
3.236599511064269601e-12
4.709086902437741967e-12
6.836361586684707151e-12
9.747525429332412532e-12
1.349791987394435016e-11
1.802035450054891575e-11
2.309288853773845271e-11
2.828840638091899281e-11
3.297619554985719648e-11
3.646663511030007621e-11
3.823257474977863391e-11
3.806319594203808984e-11
3.608974928832535598e-11
3.270955682157854310e-11
2.845722584392170311e-11
2.387030774046556952e-11
1.938909895781679747e-11
1.531031931768713465e-11
1.178943337242822329e-11
8.871606751055654665e-12
6.530873024276406542e-12
4.704562010035686228e-12
3.318030889398803453e-12
2.299865018192255424e-12
1.589891963948364905e-12
1.142700837194503829e-12
9.289448170252868546e-13
9.619552853022760065e-13
1.185090383017425031e-12
1.654233351918559427e-12
2.403145077285869091e-12
3.484731672352688010e-12
4.970574082395803503e-12
6.948455250837459932e-12
9.515288425032860880e-12
1.276208934302026840e-11
1.674745965262529598e-11
2.145769904152634322e-11
2.675680099793474793e-11
3.233907830445614090e-11
3.770837641232104714e-11
4.221244234618428526e-11
4.514908895514413892e-11
4.593292098586872056e-11
4.428225466411330605e-11
4.036225881588370492e-11
3.479568306783622369e-11
2.847061928296795871e-11
2.222038746427886377e-11
1.661048003948469158e-11
1.194561220861778097e-11
8.337817458113160973e-12
5.727064640651733309e-12
3.939769554119121986e-12
2.791787265247483835e-12
2.150626071929409289e-12
1.944239678298470356e-12
2.150626071929355975e-12
2.791787265247468486e-12
3.939769554119049284e-12
5.727064640651690496e-12
8.337817458113109275e-12
1.194561220861753378e-11
1.661048003948447833e-11
2.222038746427863758e-11
2.847061928296778423e-11
3.479568306783605567e-11
4.036225881588334302e-11
4.428225466411302171e-11
4.593292098586878519e-11
4.514908895514383519e-11
4.221244234618386521e-11
3.770837641232115053e-11
3.233907830445606336e-11
2.675680099793490303e-11
2.145769904152566145e-11
1.674745965262580328e-11
1.276208934301954946e-11
9.515288425033282548e-12
6.948455250837126313e-12
4.970574082395949714e-12
3.484731672352632677e-12
2.403145077285912308e-12
1.654233351918611327e-12
1.185090383017443005e-12
9.619552853023376007e-13
9.953481528447503995e-13
1.227984194390376918e-12
1.719439836997971948e-12
2.508144681129828116e-12
3.655016349244741917e-12
5.244027909106936862e-12
7.381129491639770153e-12
1.018866078775922295e-11
1.379125010696400559e-11
1.828836777159847285e-11
2.370952455070933962e-11
2.995275556666829029e-11
3.671753740987829789e-11
4.345843816471316101e-11
4.939725685974952237e-11
5.362594603945000019e-11
5.530566119952105306e-11
5.392953097730386570e-11
4.956856565848612407e-11
4.295120549420082306e-11
3.522597794199666946e-11
2.749513949560570400e-11
2.050242637048158027e-11
1.466556045058632305e-11
1.017108323215309903e-11
6.959936298025900967e-12
4.793523615105774855e-12
3.416441088775658869e-12
2.651293557302742767e-12
2.405425986056079386e-12
2.651293557302715706e-12
3.416441088775634635e-12
4.793523615105728811e-12
6.959936298025733754e-12
1.017108323215301179e-11
1.466556045058614210e-11
2.050242637048135732e-11
2.749513949560552628e-11
3.522597794199636573e-11
4.295120549420051286e-11
4.956856565848633732e-11
5.392953097730403373e-11
5.530566119952104660e-11
5.362594603944976109e-11
4.939725685974967101e-11
4.345843816471279266e-11
3.671753740987801355e-11
2.995275556666840015e-11
2.370952455070905851e-11
1.828836777159874427e-11
1.379125010696361623e-11
1.018866078775933766e-11
7.381129491639791155e-12
5.244027909106876277e-12
3.655016349244757265e-12
2.508144681129827712e-12
1.719439836998002039e-12
1.227984194390425184e-12
9.953481528447687768e-13
1.028963131323693270e-12
1.271176892812555228e-12
1.785200571995240005e-12
2.614367344124275577e-12
3.828095301636741964e-12
5.523709624772856409e-12
7.827139379144153211e-12
1.088943756997786168e-11
1.487453902733521972e-11
1.993208066706951817e-11
2.614878566804808577e-11
3.347543673309178964e-11
4.163713241669520288e-11
5.005325204945937868e-11
5.781345429612233789e-11
6.376185793381732559e-11
6.672270160710542869e-11
6.585883178793670513e-11
6.107147622734582327e-11
5.320125106045490815e-11
4.373998921637400392e-11
3.414579750941982330e-11
2.538672666324827463e-11
1.803425737608298706e-11
1.240076892972540260e-11
8.441900166970350500e-12
5.822282108693247889e-12
4.179923064917124315e-12
3.273590966946188021e-12
2.983028505761758874e-12
3.273590966946153690e-12
4.179923064917103313e-12
5.822282108693160648e-12
8.441900166970119471e-12
1.240076892972525073e-11
1.803425737608276088e-11
2.538672666324797090e-11
3.414579750941944202e-11
4.373998921637351278e-11
5.320125106045455918e-11
6.107147622734560355e-11
6.585883178793655003e-11
6.672270160710560964e-11
6.376185793381753238e-11
5.781345429612198893e-11
5.005325204945875183e-11
4.163713241669513826e-11
3.347543673309221616e-11
2.614878566804766249e-11
1.993208066706949232e-11
1.487453902733507755e-11
1.088943756997791984e-11
7.827139379144235606e-12
5.523709624772777245e-12
3.828095301636720961e-12
2.614367344124320813e-12
1.785200571995255151e-12
1.271176892812582895e-12
1.028963131323728409e-12
1.062628993531518812e-12
1.314448755171755942e-12
1.851180926827382855e-12
2.721271862261323699e-12
4.003090664646190417e-12
5.808230096879144320e-12
8.284385954581181180e-12
1.161468359216042483e-11
1.600840780774432984e-11
2.167566630908165366e-11
2.877674152899220153e-11
3.733853417058754883e-11
4.714005752322884309e-11
5.759004214834327201e-11
6.764884747346868980e-11
7.586971692703065348e-11
8.063552544269731919e-11
8.063281141648942992e-11
7.547739825848803921e-11
6.612109749291060051e-11
5.451050942553442351e-11
4.257250056547762091e-11
3.154741328085730857e-11
2.221433173761549844e-11
1.510067159550502122e-11
1.020633517903960231e-11
7.049463520647431909e-12
5.106378571412286536e-12
4.043956694304738072e-12
3.704444073005758668e-12
4.043956694304720301e-12
5.106378571412250185e-12
7.049463520647304278e-12
1.020633517903941974e-11
1.510067159550485966e-11
2.221433173761504607e-11
3.154741328085690144e-11
4.257250056547720086e-11
5.451050942553481125e-11
6.612109749291016107e-11
7.547739825848770316e-11
8.063281141648999860e-11
8.063552544269709947e-11
7.586971692703060178e-11
6.764884747346870272e-11
5.759004214834222511e-11
4.714005752322824210e-11
3.733853417058759407e-11
2.877674152899211106e-11
2.167566630908152442e-11
1.600840780774410688e-11
1.161468359216057023e-11
8.284385954581198952e-12
5.808230096879062733e-12
4.003090664646139526e-12
2.721271862261383476e-12
1.851180926827391741e-12
1.314448755171775127e-12
1.062628993531551931e-12
1.096164627901109100e-12
1.357567041776851879e-12
1.917024402531024404e-12
2.828275050574548941e-12
4.179039638852262310e-12
6.096026785868064326e-12
8.750420812763921357e-12
1.236077838748243901e-11
1.718801849871046182e-11
2.351390854905724421e-11
3.159096731786687211e-11
4.155067760920549093e-11
5.326365031572955920e-11
6.616650293775692734e-11
7.910774152933100096e-11
9.031052549759860979e-11
9.758905797650075022e-11
9.895321947657770121e-11
9.355925482232651669e-11
8.245524200677982948e-11
6.819346630322008499e-11
5.331505072736571223e-11
3.937203252336407429e-11
2.741967966120942654e-11
1.835548299356838818e-11
1.228299743717210589e-11
8.494869030142525296e-12
6.219843282302273458e-12
4.991646677239770980e-12
4.600965747292993995e-12
4.991646677239724936e-12
6.219843282302217720e-12
8.494869030142441286e-12
1.228299743717203480e-11
1.835548299356798752e-11
2.741967966120909373e-11
3.937203252336385457e-11
5.331505072736541496e-11
6.819346630321914149e-11
8.245524200677939004e-11
9.355925482232606432e-11
9.895321947657763659e-11
9.758905797650091824e-11
9.031052549759884243e-11
7.910774152933071662e-11
6.616650293775715998e-11
5.326365031573001157e-11
4.155067760920632457e-11
3.159096731786687858e-11
2.351390854905718928e-11
1.718801849870984467e-11
1.236077838748259411e-11
8.750420812763780801e-12
6.096026785868057055e-12
4.179039638852322894e-12
2.828275050574553788e-12
1.917024402531090643e-12
1.357567041776785034e-12
1.096164627901217748e-12
1.129380328271388621e-12
1.400287634917736133e-12
1.982355067017005955e-12
2.934755476977262285e-12
4.354899795918440682e-12
6.385369582958714265e-12
9.222446868603432882e-12
1.312339320485856782e-11
1.840714500219912178e-11
2.543900767897125023e-11
3.458458879354301307e-11
4.611374267047886916e-11
6.003720887778720987e-11
7.587606885337835867e-11
9.240648764823006678e-11
1.074944333115124981e-10
1.182358197970399544e-10
1.216929881659742694e-10
1.163033052492781832e-10
1.031712688968858296e-10
8.566068167789161484e-11
6.711345670436859606e-11
4.940247206881569887e-11
3.394073337221958307e-11
2.226487428868068468e-11
1.469586226126631226e-11
1.017252402968341530e-11
7.542688185382490543e-12
6.147656081414627561e-12
5.706903683562436466e-12
6.147656081414533049e-12
7.542688185382301519e-12
1.017252402968329090e-11
1.469586226126610870e-11
2.226487428868035833e-11
3.394073337221920179e-11
4.940247206881627402e-11
6.711345670436798860e-11
8.566068167789131757e-11
1.031712688968849895e-10
1.163033052492778213e-10
1.216929881659739592e-10
1.182358197970410401e-10
1.074944333115128342e-10
9.240648764823227690e-11
7.587606885337841037e-11
6.003720887778700308e-11
4.611374267047916643e-11
3.458458879354405997e-11
2.543900767897116299e-11
1.840714500219913793e-11
1.312339320485876008e-11
9.222446868603481350e-12
6.385369582958614099e-12
4.354899795918512576e-12
2.934755476977263093e-12
1.982355067016995454e-12
1.400287634917764809e-12
1.129380328271362973e-12
1.162079311440036747e-12
1.442356979641692297e-12
2.046780505993815922e-12
3.040058202926104206e-12
4.529556462105946096e-12
6.674370962496394528e-12
9.697327843383501642e-12
1.389748456630868051e-11
1.965810233453710705e-11
2.744031563528272566e-11
3.774552028117855961e-11
5.102099166194374894e-11
6.747812787898440800e-11
8.680138596569560395e-11
1.077656718746961628e-10
1.278777423627629050e-10
1.433486937571952032e-10
1.499337474292088116e-10
1.449692773254636542e-10
1.295326030337576295e-10
1.080816991400030797e-10
8.499880020238146852e-11
6.241538845823930838e-11
4.218590868519429299e-11
2.695262308009143003e-11
1.746479549520922464e-11
1.209238522509473965e-11
9.096451579171624279e-12
7.544607921163743632e-12
7.059165982790988208e-12
7.544607921163737170e-12
9.096451579171558040e-12
1.209238522509461202e-11
1.746479549520909216e-11
2.695262308009142357e-11
4.218590868519391171e-11
6.241538845823846827e-11
8.499880020238069304e-11
1.080816991400031444e-10
1.295326030337566213e-10
1.449692773254623617e-10
1.499337474292081912e-10
1.433486937571944536e-10
1.278777423627620002e-10
1.077656718746971193e-10
8.680138596569612093e-11
6.747812787898570047e-11
5.102099166194374894e-11
3.774552028117932216e-11
2.744031563528242516e-11
1.965810233453672577e-11
1.389748456630885984e-11
9.697327843383648660e-12
6.674370962496323443e-12
4.529556462105970329e-12
3.040058202926114707e-12
2.046780505993790881e-12
1.442356979641734707e-12
1.162079311439972527e-12
1.194059449435251473e-12
1.483514310923304362e-12
2.109895269508015734e-12
3.143500515748250193e-12
4.701832211621965182e-12
6.961000684039555256e-12
1.017160739919068074e-11
1.467730738794426697e-11
2.093171225964548530e-11
2.950412774895028976e-11
4.105575379167244602e-11
5.625512772442511506e-11
7.558740208673242728e-11
9.900573237297661141e-11
1.253977806474650125e-10
1.519533120605829941e-10
1.738292175409778939e-10
1.850079583626453252e-10
1.811675603558302421e-10
1.631980567423457492e-10
1.370413989820276004e-10
1.084317615120098802e-10
7.955171358077404112e-11
5.275037201371379534e-11
3.258552043552669615e-11
2.061829776161902500e-11
1.427449406294123181e-11
1.091193893828136361e-11
9.222493658201897955e-12
8.701427939909395000e-12
9.222493658201936729e-12
1.091193893828124891e-11
1.427449406294111549e-11
2.061829776161894099e-11
3.258552043552663153e-11
5.275037201371270966e-11
7.955171358077361460e-11
1.084317615120090401e-10
1.370413989820260494e-10
1.631980567423442499e-10
1.811675603558298027e-10
1.850079583626441878e-10
1.738292175409774545e-10
1.519533120605830975e-10
1.253977806474647799e-10
9.900573237297542234e-11
7.558740208673237558e-11
5.625512772442392598e-11
4.105575379167322150e-11
2.950412774895017344e-11
2.093171225964566948e-11
1.467730738794428959e-11
1.017160739919101678e-11
6.961000684039245063e-12
4.701832211622134819e-12
3.143500515748138718e-12
2.109895269508068644e-12
1.483514310923268819e-12
1.194059449435244001e-12
1.225115197684844644e-12
1.523494143744469818e-12
2.171284780904642953e-12
3.244378609676240822e-12
4.870498441860533292e-12
7.243105153009628652e-12
1.064153860567101085e-11
1.545645030034680861e-11
2.221731375183754025e-11
3.161355490448748868e-11
4.449075796613612177e-11
6.178637957844977822e-11
8.434464384824246754e-11
1.125222791968842564e-10
1.454891101304896769e-10
1.802308041920230319e-10
2.107060016854568118e-10
2.285426524008677508e-10
2.269578012495633646e-10
2.063605336118594401e-10
1.747135473346526114e-10
1.395200356605520066e-10
1.025324846844420607e-10
6.653383510075796478e-11
3.941079841228504567e-11
2.423264637809899993e-11
1.679499252427398418e-11
1.306580677931840968e-11
1.125434685646883532e-11
1.070576935436694975e-11
1.125434685646882886e-11
1.306580677931843553e-11
1.679499252427380646e-11
2.423264637809884806e-11
3.941079841228452868e-11
6.653383510075715052e-11
1.025324846844409233e-10
1.395200356605512829e-10
1.747135473346519910e-10
2.063605336118593884e-10
2.269578012495634680e-10
2.285426524008675698e-10
2.107060016854571737e-10
1.802308041920237039e-10
1.454891101304901164e-10
1.125222791968838686e-10
8.434464384824223490e-11
6.178637957844886057e-11
4.449075796613670338e-11
3.161355490448745637e-11
2.221731375183713635e-11
1.545645030034700894e-11
1.064153860567097692e-11
7.243105153009536563e-12
4.870498441860551063e-12
3.244378609676313523e-12
2.171284780904582368e-12
1.523494143744510410e-12
1.225115197684765480e-12
1.255039694619831201e-12
1.562028994925037913e-12
2.230529661226168105e-12
3.341975143290495603e-12
5.034288936960418678e-12
7.518431399814719120e-12
1.110312410599750655e-11
1.622789520377172226e-11
2.350282597227401986e-11
3.374850049912114334e-11
4.801905439295893156e-11
6.757077486808497814e-11
9.370288819488771702e-11
1.273413480061468560e-10
1.681748504569891587e-10
2.132021874290792893e-10
2.551142899824947320e-10
2.824969896697448716e-10
2.849723453595068620e-10
2.619439822786746284e-10
2.241265998730289467e-10
1.813761734629809302e-10
1.340410581499074738e-10
8.495807138353818947e-11
4.783150703603032212e-11
2.852956837529203136e-11
1.990497849741951174e-11
1.578290952621600515e-11
1.382798467302702529e-11
1.324680122285716960e-11
1.382798467302700752e-11
1.578290952621596315e-11
1.990497849741950851e-11
2.852956837529177286e-11
4.783150703602984391e-11
8.495807138353722012e-11
1.340410581499066208e-10
1.813761734629808785e-10
2.241265998730286365e-10
2.619439822786761793e-10
2.849723453595077926e-10
2.824969896697439410e-10
2.551142899824945252e-10
2.132021874290778159e-10
1.681748504569909423e-10
1.273413480061457703e-10
9.370288819488651502e-11
6.757077486808464210e-11
4.801905439295945501e-11
3.374850049912168618e-11
2.350282597227401986e-11
1.622789520377206154e-11
1.110312410599740315e-11
7.518431399814664190e-12
5.034288936960375057e-12
3.341975143290513374e-12
2.230529661226137813e-12
1.562028994925037711e-12
1.255039694619793638e-12
1.283627003083709673e-12
1.598852297920770775e-12
2.287210408756082947e-12
3.435567571095704565e-12
5.191915256698332541e-12
7.784655471146273250e-12
1.155216696290249597e-11
1.698410226803698707e-11
2.477486995028367509e-11
3.588576523023684062e-11
5.160204361369175055e-11
7.354879732303426047e-11
1.035836073851340530e-10
1.433962223569778008e-10
1.935068581131215965e-10
2.512872891353138731e-10
3.082426518034629909e-10
3.491761864391701284e-10
3.585617784249545588e-10
3.338847265723109009e-10
2.895863877971584479e-10
2.387437725292666817e-10
1.784626753837794373e-10
1.104270619334159000e-10
5.857905930183348723e-11
3.410533906404132790e-11
2.430461148205822858e-11
1.968694740384505936e-11
1.746880561148997900e-11
1.681500580541597703e-11
1.746880561149015672e-11
1.968694740384507875e-11
2.430461148205827705e-11
3.410533906404104356e-11
5.857905930183247910e-11
1.104270619334161844e-10
1.784626753837767749e-10
2.387437725292716965e-10
2.895863877971581377e-10
3.338847265723152436e-10
3.585617784249544554e-10
3.491761864391709556e-10
3.082426518034633528e-10
2.512872891353154758e-10
1.935068581131239747e-10
1.433962223569797654e-10
1.035836073851339496e-10
7.354879732303423462e-11
5.160204361369149852e-11
3.588576523023768719e-11
2.477486995028372356e-11
1.698410226803699676e-11
1.155216696290201937e-11
7.784655471146312024e-12
5.191915256698204909e-12
3.435567571095761919e-12
2.287210408756024382e-12
1.598852297920811568e-12
1.283627003083646261e-12
1.310674458514493619e-12
1.633701465473343961e-12
2.340912359833167402e-12
3.524437119154393201e-12
5.342083714789820835e-12
8.039414853013041272e-12
1.198433171935675644e-11
1.771712055375653236e-11
2.601895291949232774e-11
3.799929906496621650e-11
5.519415195853841007e-11
7.964464907699594661e-11
1.138725088875091729e-10
1.605486028701529150e-10
2.214148125996892196e-10
2.947547429599893718e-10
3.712269994585542934e-10
4.311866582158937869e-10
4.519394176960961231e-10
4.275197777544099745e-10
3.773557096740495263e-10
3.191516147479420790e-10
2.434628992608234936e-10
1.474880621546328386e-10
7.321227150713263087e-11
4.248791614420216908e-11
3.173410949744689461e-11
2.635654224100707250e-11
2.358601865021759387e-11
2.276542443549745863e-11
2.358601865021765526e-11
2.635654224100688509e-11
3.173410949744682352e-11
4.248791614420214969e-11
7.321227150712999423e-11
1.474880621546350875e-10
2.434628992608232351e-10
3.191516147479361853e-10
3.773557096740486474e-10
4.275197777544102330e-10
4.519394176960950374e-10
4.311866582158928046e-10
3.712269994585512432e-10
2.947547429599854427e-10
2.214148125996909774e-10
1.605486028701536388e-10
1.138725088875073505e-10
7.964464907699581737e-11
5.519415195853822912e-11
3.799929906496637806e-11
2.601895291949231805e-11
1.771712055375680701e-11
1.198433171935656580e-11
8.039414853013185059e-12
5.342083714789728746e-12
3.524437119154430359e-12
2.340912359833140745e-12
1.633701465473373849e-12
1.310674458514476655e-12
1.335985084026424691e-12
1.666321049424906630e-12
2.391230845196393946e-12
3.607878247225592575e-12
5.483513643384644068e-12
8.280344358465493538e-12
1.239521474399573904e-11
1.841872318228030083e-11
2.721971637982134437e-11
4.006061340683953040e-11
5.874336165821207056e-11
8.576634594160654385e-11
1.244168182267901056e-10
1.785754089936696108e-10
2.516633285141532854e-10
3.436166011727513403e-10
4.449682421149963247e-10
5.312695335090626392e-10
5.702504251353750365e-10
5.500580292863387323e-10
4.966842762377282416e-10
4.350396022005768171e-10
3.435818290032124142e-10
2.061950783110558006e-10
9.586487986125582471e-11
5.765160516699038044e-11
4.619815400308773607e-11
3.944237149731646185e-11
3.568490463589432711e-11
3.459345834015468446e-11
3.568490463589413970e-11
3.944237149731624859e-11
4.619815400308750343e-11
5.765160516698997331e-11
9.586487986125528187e-11
2.061950783110602466e-10
3.435818290032084334e-10
4.350396022005728363e-10
4.966842762377308266e-10
5.500580292863366643e-10
5.702504251353734855e-10
5.312695335090581932e-10
4.449682421149929126e-10
3.436166011727481866e-10
2.516633285141564907e-10
1.785754089936676721e-10
1.244168182267884254e-10
8.576634594160592347e-11
5.874336165821263925e-11
4.006061340683939469e-11
2.721971637982182258e-11
1.841872318228025882e-11
1.239521474399553063e-11
8.280344358465369138e-12
5.483513643384625488e-12
3.607878247225567533e-12
2.391230845196372539e-12
1.666321049424916929e-12
1.335985084026478612e-12
1.359370032649653322e-12
1.696465938121688246e-12
2.437776450780491466e-12
3.685208410144566146e-12
5.614956583770775142e-12
8.505114727741832107e-12
1.278042245000938977e-11
1.908056463966492582e-11
2.836124537989771247e-11
4.203935791156323403e-11
6.219216832922791821e-11
9.180685420073371317e-11
1.350248090828257691e-10
1.971592267586369372e-10
2.838100575307610095e-10
3.975012528258592395e-10
5.298538101693532363e-10
6.519173539286814378e-10
7.193891156545276717e-10
7.109523167057158900e-10
6.610701726396530748e-10
6.072491063409439293e-10
5.081965801168106497e-10
3.114536529517315846e-10
1.390140496194897500e-10
9.050752451966857966e-11
7.640574159239356540e-11
6.664227882424953552e-11
6.173931835427613660e-11
6.055217771326722786e-11
6.173931835427592980e-11
6.664227882424930288e-11
7.640574159239326814e-11
9.050752451966860551e-11
1.390140496194904738e-10
3.114536529517399081e-10
5.081965801167924517e-10
6.072491063409558200e-10
6.610701726396491457e-10
7.109523167057100998e-10
7.193891156545274649e-10
6.519173539286848499e-10
5.298538101693500310e-10
3.975012528258577403e-10
2.838100575307601306e-10
1.971592267586356448e-10
1.350248090828241406e-10
9.180685420073214928e-11
6.219216832922803453e-11
4.203935791156388672e-11
2.836124537989724072e-11
1.908056463966526833e-11
1.278042245000918298e-11
8.505114727741935505e-12
5.614956583770896311e-12
3.685208410144433668e-12
2.437776450780514488e-12
1.696465938121634124e-12
1.359370032649843759e-12
1.380651007002024462e-12
1.723904536234605261e-12
2.480180273663094172e-12
3.755777926970568776e-12
5.735215962729333365e-12
8.711473068834995021e-12
1.313565542948748347e-11
1.969435654051925137e-11
2.942743234382034174e-11
4.390405591821532194e-11
6.547898232350889979e-11
9.764642396855024146e-11
1.454683058968895398e-10
2.158850880131421925e-10
3.171725416033569530e-10
4.555192261111475869e-10
6.253833297406707220e-10
7.946655911321692465e-10
9.052354593193670568e-10
9.216368707878483285e-10
8.888967739855879936e-10
8.689253182695236355e-10
7.960024092109374464e-10
5.185569414607181742e-10
2.351120440252880424e-10
1.704869015073151804e-10
1.399759531391948524e-10
1.226046890679835521e-10
1.180014463868820409e-10
1.180118795161029487e-10
1.180014463868814205e-10
1.226046890679830610e-10
1.399759531391939735e-10
1.704869015073144049e-10
2.351120440252906791e-10
5.185569414607223101e-10
7.960024092109369294e-10
8.689253182695179486e-10
8.888967739855904752e-10
9.216368707878437790e-10
9.052354593193621971e-10
7.946655911321638698e-10
6.253833297406751681e-10
4.555192261111456740e-10
3.171725416033575734e-10
2.158850880131376171e-10
1.454683058968941668e-10
9.764642396855251621e-11
6.547898232351085142e-11
4.390405591821563860e-11
2.942743234382049038e-11
1.969435654051963264e-11
1.313565542948717813e-11
8.711473068834938475e-12
5.735215962729302669e-12
3.755777926970563122e-12
2.480180273663063475e-12
1.723904536234574565e-12
1.380651007002201167e-12
1.399662610343989487e-12
1.748421863593447346e-12
2.518099067954783790e-12
3.818979735529449592e-12
5.843166801725567624e-12
8.897284066513477255e-12
1.345679624312164750e-11
2.025205658585631588e-11
3.040238520215481208e-11
4.562297904713366307e-11
6.853995772778176700e-11
1.031561792110340469e-10
1.554887235858225871e-10
2.342462357631264569e-10
3.508137715885875385e-10
5.161488032417880820e-10
7.297394119533753977e-10
9.590071146788415961e-10
1.131861878349712182e-09
1.193564330120887708e-09
1.201140249509245041e-09
1.264403627450013864e-09
1.309102855426268047e-09
8.974974606339002563e-10
4.524185348006345452e-10
3.674032029611384473e-10
2.675693729477358917e-10
2.320626145108350496e-10
2.330925097961693922e-10
2.379445811871121668e-10
2.330925097961685134e-10
2.320626145108336538e-10
2.675693729477333585e-10
3.674032029611346733e-10
4.524185348006349071e-10
8.974974606338944660e-10
1.309102855426281488e-09
1.264403627450020481e-09
1.201140249509233668e-09
1.193564330120875713e-09
1.131861878349700188e-09
9.590071146788411825e-10
7.297394119533610254e-10
5.161488032417791898e-10
3.508137715885881589e-10
2.342462357631252678e-10
1.554887235858210878e-10
1.031561792110336074e-10
6.853995772778299485e-11
4.562297904713408958e-11
3.040238520215487024e-11
2.025205658585679409e-11
1.345679624312155703e-11
8.897284066513577422e-12
5.843166801725403642e-12
3.818979735529533602e-12
2.518099067954673931e-12
1.748421863593504700e-12
1.399662610344066834e-12
1.416254594996445037e-12
1.769822496298349648e-12
2.551220186469252799e-12
3.874258788908106366e-12
5.937774986092042171e-12
9.060570788499789219e-12
1.373999821077907274e-11
2.074606441757363212e-11
3.127086525997179083e-11
4.716512988309381135e-11
7.131118947247687264e-11
1.082029104664550556e-10
1.648068688848055543e-10
2.516609971938465329e-10
3.835567660518561325e-10
5.771799888565792677e-10
8.394009024029687723e-10
1.141049629550577171e-09
1.398434089718894580e-09
1.533150575632036714e-09
1.612696590327480528e-09
1.830664585199356956e-09
2.173918533636017700e-09
1.402628571655731019e-09
8.598782663722080129e-10
7.935576166001760585e-10
4.919967269045028625e-10
4.273080626756184042e-10
4.461942124321678661e-10
4.622164247738258974e-10
4.461942124321687450e-10
4.273080626756192830e-10
4.919967269044972790e-10
7.935576166001663391e-10
8.598782663721982935e-10
1.402628571655733087e-09
2.173918533636036311e-09
1.830664585199320560e-09
1.612696590327468120e-09
1.533150575632021411e-09
1.398434089718886308e-09
1.141049629550563522e-09
8.394009024029641194e-10
5.771799888565733741e-10
3.835567660518485328e-10
2.516609971938450336e-10
1.648068688848091216e-10
1.082029104664520700e-10
7.131118947247861748e-11
4.716512988309392121e-11
3.127086525997262447e-11
2.074606441757335101e-11
1.373999821077911152e-11
9.060570788499785988e-12
5.937774986091964622e-12
3.874258788908044166e-12
2.551220186469247548e-12
1.769822496298337128e-12
1.416254594996536722e-12
1.430293924367500062e-12
1.787933328794343847e-12
2.579266159274658790e-12
3.921120937558700635e-12
6.018115481001749512e-12
9.199554050439396715e-12
1.398177200226622128e-11
2.116941761642413909e-11
3.201873617979181968e-11
4.850129070586476792e-11
7.373117617782455510e-11
1.126548744051372855e-10
1.731362790766155493e-10
2.675016073272802236e-10
4.140363916817837061e-10
6.357590458484146183e-10
9.489531985057485804e-10
1.332298356314834865e-09
1.695307695656840736e-09
1.933293973934448347e-09
2.116159994288433945e-09
2.552975881953410030e-09
3.426888967827006979e-09
1.965012969577164106e-09
1.405400331818651649e-09
1.451301689790082678e-09
7.941719258491841877e-10
7.189765126289550355e-10
7.828855292213592911e-10
8.201496622801158529e-10
7.828855292213594979e-10
7.189765126289587578e-10
7.941719258491758125e-10
1.451301689790065308e-09
1.405400331818637380e-09
1.965012969577159970e-09
3.426888967827033035e-09
2.552975881953390178e-09
2.116159994288421537e-09
1.933293973934446279e-09
1.695307695656825227e-09
1.332298356314835072e-09
9.489531985057314164e-10
6.357590458484101723e-10
4.140363916817759513e-10
2.675016073272807406e-10
1.731362790766120855e-10
1.126548744051348815e-10
7.373117617782472312e-11
4.850129070586527844e-11
3.201873617979253700e-11
2.116941761642430711e-11
1.398177200226617120e-11
9.199554050439369250e-12
6.018115481001742242e-12
3.921120937558715175e-12
2.579266159274633345e-12
1.787933328794350108e-12
1.430293924367529546e-12
1.441666671873096891e-12
1.802606025063381965e-12
2.601998896550225273e-12
3.959140945377711681e-12
6.083389200278530387e-12
9.312688770405452827e-12
1.417906760862996353e-11
2.151597892142395115e-11
3.263340594329036129e-11
4.960508101883784401e-11
7.574341879797167326e-11
1.163882395722564170e-10
1.801993788969519256e-10
2.811338992336453822e-10
4.407913638137397828e-10
6.885659953432682461e-10
1.051271319275008988e-09
1.519198126722201314e-09
2.001009701893236725e-09
2.364841100426063997e-09
2.666194694382426748e-09
3.330649532352353231e-09
4.840366756973553706e-09
2.639325225718327317e-09
2.033177306330539550e-09
2.205697008030162906e-09
1.103524982288116183e-09
1.069782043172070755e-09
1.222364609103916242e-09
1.295803086783102378e-09
1.222364609103905902e-09
1.069782043172065999e-09
1.103524982288105844e-09
2.205697008030097559e-09
2.033177306330521352e-09
2.639325225718308292e-09
4.840366756973548743e-09
3.330649532352342478e-09
2.666194694382385389e-09
2.364841100426041663e-09
2.001009701893232589e-09
1.519198126722185804e-09
1.051271319275010228e-09
6.885659953432624558e-10
4.407913638137399896e-10
2.811338992336501385e-10
1.801993788969476604e-10
1.163882395722534314e-10
7.574341879797136307e-11
4.960508101883803141e-11
3.263340594329124017e-11
2.151597892142397700e-11
1.417906760863021233e-11
9.312688770405493217e-12
6.083389200278464148e-12
3.959140945377742378e-12
2.601998896550167919e-12
1.802606025063422153e-12
1.441666671873026210e-12
1.450279626647528848e-12
1.813719202133519340e-12
2.619223293801483414e-12
3.987969617006997973e-12
6.132937755260108796e-12
9.398696644728920807e-12
1.432934776655302187e-11
2.178060846010531853e-11
3.310423697689732108e-11
5.045397116814332543e-11
7.729897445166319031e-11
1.192937390394019495e-10
1.857451064000499385e-10
2.919648409321258390e-10
4.623905766580675836e-10
7.321324021171091937e-10
1.138195490168883427e-09
1.684112894259982367e-09
2.282532575704101896e-09
2.775102685397654185e-09
3.183048649887058898e-09
4.029643042537803407e-09
6.120953045014169460e-09
3.340410932395646424e-09
2.657005043175791982e-09
2.914891963193776705e-09
1.367865023786284524e-09
1.417790043539528066e-09
1.696214208987751597e-09
1.818570022064344759e-09
1.696214208987730504e-09
1.417790043539500355e-09
1.367865023786249576e-09
2.914891963193688610e-09
2.657005043175767994e-09
3.340410932395596380e-09
6.120953045014123138e-09
4.029643042537811679e-09
3.183048649887071305e-09
2.775102685397663284e-09
2.282532575704097347e-09
1.684112894259978851e-09
1.138195490168885288e-09
7.321324021170952350e-10
4.623905766580656708e-10
2.919648409321241329e-10
1.857451064000486977e-10
1.192937390394019754e-10
7.729897445166250530e-11
5.045397116814460497e-11
3.310423697689768297e-11
2.178060846010560934e-11
1.432934776655310912e-11
9.398696644728988661e-12
6.132937755260019130e-12
3.987969617007026246e-12
2.619223293801426869e-12
1.813719202133523379e-12
1.450279626647431913e-12
1.456061798568794158e-12
1.821196034368375878e-12
2.630852387272823819e-12
4.007495021421019705e-12
6.166587257831388902e-12
9.457252387862157768e-12
1.443192037718406860e-11
2.196172664335957585e-11
3.342749578977424129e-11
5.103895733145853305e-11
7.837577659769278965e-11
1.213163538859779376e-10
1.896335327209341924e-10
2.996308603150682702e-10
4.778717556891648926e-10
7.638966002901580746e-10
1.203063981858680344e-09
1.811005788047038564e-09
2.506713388487503896e-09
3.109161024900545552e-09
3.596033293991309010e-09
4.563691871908256292e-09
7.092304684952501312e-09
3.933714124387252031e-09
3.180415744642734937e-09
3.469230180779950666e-09
1.575528513677176424e-09
1.711044686262886422e-09
2.112692736393733524e-09
2.282023520350062328e-09
2.112692736393712017e-09
1.711044686262853541e-09
1.575528513677123484e-09
3.469230180779906411e-09
3.180415744642711362e-09
3.933714124387232178e-09
7.092304684952453336e-09
4.563691871908224032e-09
3.596033293991284195e-09
3.109161024900512879e-09
2.506713388487489007e-09
1.811005788047026157e-09
1.203063981858678070e-09
7.638966002901566271e-10
4.778717556891641688e-10
2.996308603150684253e-10
1.896335327209327190e-10
1.213163538859765158e-10
7.837577659769365560e-11
5.103895733145899834e-11
3.342749578977490045e-11
2.196172664335940459e-11
1.443192037718438687e-11
9.457252387861894427e-12
6.166587257831299237e-12
4.007495021421057671e-12
2.630852387272795547e-12
1.821196034368354876e-12
1.456061798568720850e-12
1.458964822769820128e-12
1.824932162272164668e-12
2.636621556909854271e-12
4.017126316975222568e-12
6.183121014276344305e-12
9.485948701760763836e-12
1.448209924524369838e-11
2.205022849418409653e-11
3.358535527476356719e-11
5.132460087657402548e-11
7.890183626824528314e-11
1.223057196975774172e-10
1.915398356921243849e-10
3.034025942393541633e-10
4.855297465810932669e-10
7.797315063481278356e-10
1.235746358998842745e-09
1.875769297270182601e-09
2.622305615817372963e-09
3.279995845008109518e-09
3.799453616222824636e-09
4.830943146816628954e-09
7.582875652634884619e-09
4.229290836342273093e-09
3.440561597629279737e-09
3.747488882096960989e-09
1.675097584115114059e-09
1.860459857640358323e-09
2.340308660796502948e-09
2.539472359847096374e-09
2.340308660796500053e-09
1.860459857640341366e-09
1.675097584115066083e-09
3.747488882096938655e-09
3.440561597629248718e-09
4.229290836342264822e-09
7.582875652634869730e-09
4.830943146816599175e-09
3.799453616222801475e-09
3.279995845008097110e-09
2.622305615817361382e-09
1.875769297270185082e-09
1.235746358998840056e-09
7.797315063481161517e-10
4.855297465810897514e-10
3.034025942393507512e-10
1.915398356921222911e-10
1.223057196975783478e-10
7.890183626824670486e-11
5.132460087657441322e-11
3.358535527476416819e-11
2.205022849418408037e-11
1.448209924524388094e-11
9.485948701760755758e-12
6.183121014276211019e-12
4.017126316975297692e-12
2.636621556909819132e-12
1.824932162272088736e-12
1.458964822769834467e-12
