1.370604215125701530e-13
1.664774641178618682e-13
2.190319038476950539e-13
2.914023354322038544e-13
3.782754079521647858e-13
4.727087948669699132e-13
5.666372092278501039e-13
6.516199834194910752e-13
7.198007038012185599e-13
7.649231047608065200e-13
7.831761229688404219e-13
7.736585533710874743e-13
7.383531964890647154e-13
6.816355194788421962e-13
6.094553178293235767e-13
5.283857587688934116e-13
4.447297999713776019e-13
3.638278289617050884e-13
2.896444629154152805e-13
2.246441974003170821e-13
1.699085987918736647e-13
1.254125334604912651e-13
9.036825671751932501e-14
6.356058807412678937e-14
4.362393028095559494e-14
2.924111749208978346e-14
1.926679674658928139e-14
1.279111720743684023e-14
9.163855921218954693e-15
7.997574097919326075e-15
9.163855921212478145e-15
1.279111720742964582e-14
1.926679674659088436e-14
2.924111749208771349e-14
4.362393028096718804e-14
6.356058807413219149e-14
9.036825671751258498e-14
1.254125334604884631e-13
1.699085987918813892e-13
2.246441974003135227e-13
2.896444629154374948e-13
3.638278289617435596e-13
4.447297999713872955e-13
5.283857587688343417e-13
6.094553178292899523e-13
6.816355194788587560e-13
7.383531964890965222e-13
7.736585533711137276e-13
7.831761229688435521e-13
7.649231047608105590e-13
7.198007038012773269e-13
6.516199834195337873e-13
5.666372092278570711e-13
4.727087948669880886e-13
3.782754079521593332e-13
2.914023354322213735e-13
2.190319038477092912e-13
1.664774641178803718e-13
1.370604215125145667e-13
1.376084769594300288e-13
1.672123418682193810e-13
2.201766929577949169e-13
2.932045809649176563e-13
3.810106323392057933e-13
4.766673116359818713e-13
5.720920380063075429e-13
6.587779455817918406e-13
7.287454014008055983e-13
7.755651618639060158e-13
7.952289593629088856e-13
7.866537280101079418e-13
7.516978251348177923e-13
6.946996451863730367e-13
6.216662008207288089e-13
5.393042204387643918e-13
4.540915503481454695e-13
3.715457293645410278e-13
2.957796375965584636e-13
2.293603412628233384e-13
1.734238877228182733e-13
1.279593006623936701e-13
9.216506380856480693e-14
6.479677992907875222e-14
4.445416300204714847e-14
2.978654585845192553e-14
1.961995077746116980e-14
1.302232402369366983e-14
9.327937879711692102e-15
8.140275006292254275e-15
9.327937879717954080e-15
1.302232402368803737e-14
1.961995077746266548e-14
2.978654585844832201e-14
4.445416300204686448e-14
6.479677992908816806e-14
9.216506380856505937e-14
1.279593006623935944e-13
1.734238877228151684e-13
2.293603412628502985e-13
2.957796375965783050e-13
3.715457293645587487e-13
4.540915503481630895e-13
5.393042204387889285e-13
6.216662008207670781e-13
6.946996451863859614e-13
7.516978251348278897e-13
7.866537280101289444e-13
7.952289593629348359e-13
7.755651618639526659e-13
7.287454014008609322e-13
6.587779455818193055e-13
5.720920380063214774e-13
4.766673116360246844e-13
3.810106323392212424e-13
2.932045809649523409e-13
2.201766929578164244e-13
1.672123418681879528e-13
1.376084769593851710e-13
1.387064347909866342e-13
1.686715360815484805e-13
2.224221123500346976e-13
2.967070175532853856e-13
3.862914359915253689e-13
4.842722492111512134e-13
5.825304789407204615e-13
6.724318375440812383e-13
7.457646140331078583e-13
7.957774886435204812e-13
8.180975900569496079e-13
8.113067689494775088e-13
7.770336060665087155e-13
7.195457492838437155e-13
6.449511651249310098e-13
5.601977184540119888e-13
4.720823857389062315e-13
3.864496412761265775e-13
3.076900470641509235e-13
2.385670015810671837e-13
1.803252079621734299e-13
1.329871645075863799e-13
9.573134816437595320e-14
6.726254983657166455e-14
4.611753918149821854e-14
3.088345183155265676e-14
2.033231481830590855e-14
1.348968926646257911e-14
9.659997239883479416e-15
8.429158644627087438e-15
9.659997239875546631e-15
1.348968926647200758e-14
2.033231481830426772e-14
3.088345183155947883e-14
4.611753918150162642e-14
6.726254983656791588e-14
9.573134816437607942e-14
1.329871645075755757e-13
1.803252079621820379e-13
2.385670015810694556e-13
3.076900470641850528e-13
3.864496412761682294e-13
4.720823857388950233e-13
5.601977184540684334e-13
6.449511651249857379e-13
7.195457492838219051e-13
7.770336060664784233e-13
8.113067689494929578e-13
8.180975900569559693e-13
7.957774886435168461e-13
7.457646140331970185e-13
6.724318375441328361e-13
5.825304789406991559e-13
4.842722492111663596e-13
3.862914359914959854e-13
2.967070175532540835e-13
2.224221123500606480e-13
1.686715360815582245e-13
1.387064347909811311e-13
1.403583137795188375e-13
1.708755079404308798e-13
2.258333476369062691e-13
3.020547306760888384e-13
3.943894192321151987e-13
4.959812816840409186e-13
5.986657623273830876e-13
6.936208003386345195e-13
7.722794461651358538e-13
8.273863028339284084e-13
8.539873100119318394e-13
8.501199302113905055e-13
8.170290335213005860e-13
7.588508106643168943e-13
6.818402569015268073e-13
5.933239113118571118e-13
5.006096270468270330e-13
4.100699974194894539e-13
3.265461688645567062e-13
2.531206074711810993e-13
1.912143658764717878e-13
1.409037993773754710e-13
1.013343467840334258e-13
7.112805964448725344e-14
4.871975809990046687e-14
3.259628336290683392e-14
2.144294709582911965e-14
1.421748993909497363e-14
1.017671409077653151e-14
8.878578098099720408e-15
1.017671409078516954e-14
1.421748993909229466e-14
2.144294709583147992e-14
3.259628336291126416e-14
4.871975809990303540e-14
7.112805964450507539e-14
1.013343467840431698e-13
1.409037993773595423e-13
1.912143658764819357e-13
2.531206074711766060e-13
3.265461688645556964e-13
4.100699974194846576e-13
5.006096270468461171e-13
5.933239113118657955e-13
6.818402569015021696e-13
7.588508106643279005e-13
8.170290335213521839e-13
8.501199302114102964e-13
8.539873100119812158e-13
8.273863028339946475e-13
7.722794461651367626e-13
6.936208003386393663e-13
5.986657623274164090e-13
4.959812816840274891e-13
3.943894192320385593e-13
3.020547306761031262e-13
2.258333476369097275e-13
1.708755079404309556e-13
1.403583137795291873e-13
1.425697593094727500e-13
1.738260934806378719e-13
2.304021128183218244e-13
3.092243130258074079e-13
4.052629427183046505e-13
5.117349445507145769e-13
6.204268424249211897e-13
7.222764696228981027e-13
8.082472454739256187e-13
8.704044410942598500e-13
9.029975951480786325e-13
9.033040516223367677e-13
8.720168666560337434e-13
8.130612675462533868e-13
7.328671199616334405e-13
6.392646154774359902e-13
5.402602810681664990e-13
4.429605319159267064e-13
3.528403586927234114e-13
2.734365871008559136e-13
2.064258824684001162e-13
1.519675087888108998e-13
1.091660511354463205e-13
7.653107562982564313e-14
5.235647282928833035e-14
3.498949051761109056e-14
2.299433040916428370e-14
1.523384023856182907e-14
1.089812948382926844e-14
9.505976105825768365e-15
1.089812948381369790e-14
1.523384023854980683e-14
2.299433040915848715e-14
3.498949051762652068e-14
5.235647282930266869e-14
7.653107562982039247e-14
1.091660511354410068e-13
1.519675087887920934e-13
2.064258824684182159e-13
2.734365871008805513e-13
3.528403586927261882e-13
4.429605319159100456e-13
5.402602810681512519e-13
6.392646154774085252e-13
7.328671199615968878e-13
8.130612675462721680e-13
8.720168666560742340e-13
9.033040516224250191e-13
9.029975951481524446e-13
8.704044410942785302e-13
8.082472454739720668e-13
7.222764696229410167e-13
6.204268424249914677e-13
5.117349445508501853e-13
4.052629427183095982e-13
3.092243130258307329e-13
2.304021128183460582e-13
1.738260934806602629e-13
1.425697593095154873e-13
1.453481356237841705e-13
1.775331538570088276e-13
2.361453599094351692e-13
3.182485821276093685e-13
4.189761518431530294e-13
5.316533436431574596e-13
6.480250768204092520e-13
7.587463733267612458e-13
8.542011631633434164e-13
9.255949673016046650e-13
9.661477569517728779e-13
9.721310174117592969e-13
9.434814940724013062e-13
8.838004749272002321e-13
7.996994195799822255e-13
6.996339817911883630e-13
5.925115591001887882e-13
4.864044301587478947e-13
3.876349669587752457e-13
3.003567014097300895e-13
2.266006939438543107e-13
1.666490307311051921e-13
1.195610487830243297e-13
8.370237211755606609e-14
5.718250831967867987e-14
3.816443743462944228e-14
2.505177848065098032e-14
1.658126423287129434e-14
1.185426471965437184e-14
1.033739930914856629e-14
1.185426471965409259e-14
1.658126423287202955e-14
2.505177848063219912e-14
3.816443743462474067e-14
5.718250831967919737e-14
8.370237211757256275e-14
1.195610487830464178e-13
1.666490307310836341e-13
2.266006939438505241e-13
3.003567014097173668e-13
3.876349669587741350e-13
4.864044301587415334e-13
5.925115591002177678e-13
6.996339817912575303e-13
7.996994195800276638e-13
8.838004749272455695e-13
9.434814940724770369e-13
9.721310174117831268e-13
9.661477569517894376e-13
9.255949673016807996e-13
8.542011631633446281e-13
7.587463733267054071e-13
6.480250768203430129e-13
5.316533436431776545e-13
4.189761518431912986e-13
3.182485821276040674e-13
2.361453599094467812e-13
1.775331538570287953e-13
1.453481356237760421e-13
1.487022750969622014e-13
1.820085317197317666e-13
2.430835544719232144e-13
3.291674665057605512e-13
4.356077239972274299e-13
5.558849387620031396e-13
6.817236881978845233e-13
8.034665674501514488e-13
9.108152344452569629e-13
9.939299695289938773e-13
1.044746260845737961e-12
1.058245785094572159e-12
1.033356578271779014e-12
9.731974532240881768e-13
8.845378340575261697e-13
7.765737886964330053e-13
6.593328217142524042e-13
5.421191131853717541e-13
4.323562915607320301e-13
3.350137383852488430e-13
2.526027333564858245e-13
1.855835143998621462e-13
1.329709986316391824e-13
9.295349302668559295e-14
6.340683575967597998e-14
4.225788954308476102e-14
2.770337833008960241e-14
1.831708854509142649e-14
1.308557814802675464e-14
1.140794530989173947e-14
1.308557814802463102e-14
1.831708854509579362e-14
2.770337833008822032e-14
4.225788954307465729e-14
6.340683575966227273e-14
9.295349302670158474e-14
1.329709986316491789e-13
1.855835143998593694e-13
2.526027333564872887e-13
3.350137383852183488e-13
4.323562915607443489e-13
5.421191131853914440e-13
6.593328217142304928e-13
7.765737886964548157e-13
8.845378340575785753e-13
9.731974532240992839e-13
1.033356578271772552e-12
1.058245785094656573e-12
1.044746260845763407e-12
9.939299695290245734e-13
9.108152344453444065e-13
8.034665674502126392e-13
6.817236881979430883e-13
5.558849387620435293e-13
4.356077239972730702e-13
3.291674665057704971e-13
2.430835544719537591e-13
1.820085317197188671e-13
1.487022750970400020e-13
1.526422306664008734e-13
1.872657292111082649e-13
2.512401896471051581e-13
3.420272618005246262e-13
4.552498203546562736e-13
5.846053216109288453e-13
7.218369071492286429e-13
8.569624046117268838e-13
9.789090439678398817e-13
1.076602458722838550e-12
1.140413851940878723e-12
1.163704435615462154e-12
1.144080152027159162e-12
1.083958486215217754e-12
9.902005929784722252e-13
8.728449805377199368e-13
7.432771898737537329e-13
6.123415814915580424e-13
4.888690812489517775e-13
3.788928527907237586e-13
2.855668542300076439e-13
2.096062594608602156e-13
1.499902092547140547e-13
1.046944043858773535e-13
7.130437134854072092e-14
4.744969131199987863e-14
3.106490643717680171e-14
2.051662888793219052e-14
1.464521021113642863e-14
1.276370951049803015e-14
1.464521021113386010e-14
2.051662888793087470e-14
3.106490643718375631e-14
4.744969131200677012e-14
7.130437134855643503e-14
1.046944043858861635e-13
1.499902092547211734e-13
2.096062594608717772e-13
2.855668542299810372e-13
3.788928527906808950e-13
4.888690812489487483e-13
6.123415814915360300e-13
7.432771898737547427e-13
8.728449805377348810e-13
9.902005929785602747e-13
1.083958486215317113e-12
1.144080152027165422e-12
1.163704435615443575e-12
1.140413851940937086e-12
1.076602458722872275e-12
9.789090439679295468e-13
8.569624046117856508e-13
7.218369071492390432e-13
5.846053216109572191e-13
4.552498203547159493e-13
3.420272618005644605e-13
2.512401896471245451e-13
1.872657292110952140e-13
1.526422306664442923e-13
1.571789800983750439e-13
1.933195225055181239e-13
2.606412007333894929e-13
3.568797244646392895e-13
4.780067847322599947e-13
6.180156442989742216e-13
7.687287352011645834e-13
9.198491179142905611e-13
1.059452898457574479e-12
1.175040323008263383e-12
1.255111481623284171e-12
1.291021101161701373e-12
1.278663744757460009e-12
1.219458271363277566e-12
1.120232459788102671e-12
9.919469420825261465e-13
8.476019832835819102e-13
6.999414233911207425e-13
5.595757349372251162e-13
4.339135601392536460e-13
3.269630520062147932e-13
2.398006725914035713e-13
1.713899746589295888e-13
1.194571861918807011e-13
8.123180615504711590e-14
5.397306515899750266e-14
3.528642096314156698e-14
2.327745736873296146e-14
1.660198405908846421e-14
1.446438475096459713e-14
1.660198405908241838e-14
2.327745736873177186e-14
3.528642096312409844e-14
5.397306515900591507e-14
8.123180615502300831e-14
1.194571861918701998e-13
1.713899746589351424e-13
2.398006725914015518e-13
3.269630520061934372e-13
4.339135601392172953e-13
5.595757349372455130e-13
6.999414233911281136e-13
8.476019832835838287e-13
9.919469420826043005e-13
1.120232459788210512e-12
1.219458271363281403e-12
1.278663744757486262e-12
1.291021101161707028e-12
1.255111481623253273e-12
1.175040323008310437e-12
1.059452898457718872e-12
9.198491179143973918e-13
7.687287352012270864e-13
6.180156442990065333e-13
4.780067847322853392e-13
3.568797244645946084e-13
2.606412007334350323e-13
1.933195225055226425e-13
1.571789800984382033e-13
1.623240831982682228e-13
2.001855139255910958e-13
2.713142799975572514e-13
3.737809972748379930e-13
5.039935685549232016e-13
6.563406439706956409e-13
8.228112140485209797e-13
9.928320241000746273e-13
1.153573239960082551e-12
1.290922094673409944e-12
1.391173041282471925e-12
1.443224391798531994e-12
1.440777211818799249e-12
1.383853710516712634e-12
1.279042788407179201e-12
1.138270476448884015e-12
9.764247870998189968e-13
8.085684647391287215e-13
6.475467230213222089e-13
5.025380126424332526e-13
3.786815034524918484e-13
2.775618564536837766e-13
1.981641176513926614e-13
1.379274469770333287e-13
9.364858252351326466e-14
6.212825030294815513e-14
4.056098883441888309e-14
2.672505129414077786e-14
1.904437662966372699e-14
1.658670074036115253e-14
1.904437662967546524e-14
2.672505129412219230e-14
4.056098883441816995e-14
6.212825030295537478e-14
9.364858252352848652e-14
1.379274469770323189e-13
1.981641176513734763e-13
2.775618564536536358e-13
3.786815034524924542e-13
5.025380126424614244e-13
6.475467230213587616e-13
8.085684647391647692e-13
9.764247870998422209e-13
1.138270476448971054e-12
1.279042788407221408e-12
1.383853710516738281e-12
1.440777211818870941e-12
1.443224391798518867e-12
1.391173041282431737e-12
1.290922094673410347e-12
1.153573239960095274e-12
9.928320241001119878e-13
8.228112140485178495e-13
6.563406439707052335e-13
5.039935685549364292e-13
3.737809972747930595e-13
2.713142799975417519e-13
2.001855139256329749e-13
1.623240831982548185e-13
1.680892935481948047e-13
2.078796232538680532e-13
2.832880921008580379e-13
3.927903613283833218e-13
5.333338597582121354e-13
6.998262027471731253e-13
8.845420684320846305e-13
1.076706108869253008e-12
1.262557960532205237e-12
1.426194188858472095e-12
1.551342827653707634e-12
1.623923971959742778e-12
1.634851227166100415e-12
1.582224132339331293e-12
1.472078508882259426e-12
1.317292196638558712e-12
1.134924077229404731e-12
9.428443294473532462e-13
7.566909710015200281e-13
5.879131299398374491e-13
4.431445186993416007e-13
3.246804358140156116e-13
2.315890393622905966e-13
1.609857214933774252e-13
1.091445116729361209e-13
7.230044507343734046e-14
4.713616304800560479e-14
3.102022659746299197e-14
2.208575203818956267e-14
1.922896113627116313e-14
2.208575203820027540e-14
3.102022659746543428e-14
4.713616304801502695e-14
7.230044507342280017e-14
1.091445116729190184e-13
1.609857214933676560e-13
2.315890393622861032e-13
3.246804358140332821e-13
4.431445186993756290e-13
5.879131299398936917e-13
7.566909710015708182e-13
9.428443294473675846e-13
1.134924077229494598e-12
1.317292196638682910e-12
1.472078508882258013e-12
1.582224132339275555e-12
1.634851227166031955e-12
1.623923971959752875e-12
1.551342827653786394e-12
1.426194188858410298e-12
1.262557960532160405e-12
1.076706108869259672e-12
8.845420684320964445e-13
6.998262027471809003e-13
5.333338597581648795e-13
3.927903613284373935e-13
2.832880921008469308e-13
2.078796232539022582e-13
1.680892935482157821e-13
1.744861269543617269e-13
2.164175206124737201e-13
2.965913915338484881e-13
4.139688102572805363e-13
5.661578933871291118e-13
7.487363773782062855e-13
9.544215725981407240e-13
1.172354713554298682e-12
1.387861194570959580e-12
1.583089146142807515e-12
1.738817535198860729e-12
1.837387916363669074e-12
1.866199670570824735e-12
1.820742518256517915e-12
1.706039352810383792e-12
1.535820198120979194e-12
1.329596042426087380e-12
1.108610150007918744e-12
8.919778466073898769e-13
6.940567200953474673e-13
5.234535776397026683e-13
3.834527921009034625e-13
2.733026878680058015e-13
1.897618693574059430e-13
1.284760256837066314e-13
8.498333827830419484e-14
5.532903299077887228e-14
3.636889507363553715e-14
2.587124431283006011e-14
2.251701741193933927e-14
2.587124431282604954e-14
3.636889507363643960e-14
5.532903299078054467e-14
8.498333827830451038e-14
1.284760256837187736e-13
1.897618693574160152e-13
2.733026878679953507e-13
3.834527921008920019e-13
5.234535776397317488e-13
6.940567200953905833e-13
8.919778466074181497e-13
1.108610150007879162e-12
1.329596042426103132e-12
1.535820198121061387e-12
1.706039352810485372e-12
1.820742518256708554e-12
1.866199670571060611e-12
1.837387916363773279e-12
1.738817535198860123e-12
1.583089146142938175e-12
1.387861194571076710e-12
1.172354713554356036e-12
9.544215725981768728e-13
7.487363773782296105e-13
5.661578933871284050e-13
4.139688102572837675e-13
2.965913915339007927e-13
2.164175206124687976e-13
1.744861269543955532e-13
1.815253895017322478e-13
2.258140042145809555e-13
3.112520448081933966e-13
4.373774441700163434e-13
6.025999229249671828e-13
8.033498302527025136e-13
1.032988474566230962e-12
1.280746996764698973e-12
1.531107067334166129e-12
1.764144250360147111e-12
1.957292381608057724e-12
2.088631380947415016e-12
2.141164373613455298e-12
2.106883160157045461e-12
1.989144360322827749e-12
1.802303562645330283e-12
1.568582707934049167e-12
1.313246541620447047e-12
1.059726219172661835e-12
8.261011251429062824e-13
6.235823785402941591e-13
4.568259511434920431e-13
3.254083276567336490e-13
2.257064860677612268e-13
1.526137087431070554e-13
1.008099367717983366e-13
6.554594354743795217e-14
4.303486474910373771e-14
3.058680467943796490e-14
2.661212994642799326e-14
3.058680467941137083e-14
4.303486474907504842e-14
6.554594354746176946e-14
1.008099367718232267e-13
1.526137087431107914e-13
2.257064860677760952e-13
3.254083276567260254e-13
4.568259511434712425e-13
6.235823785403081945e-13
8.261011251429393010e-13
1.059726219172657796e-12
1.313246541620519749e-12
1.568582707934165490e-12
1.802303562645375520e-12
1.989144360322898430e-12
2.106883160157121394e-12
2.141164373613440758e-12
2.088631380947386340e-12
1.957292381608096499e-12
1.764144250360171345e-12
1.531107067334118671e-12
1.280746996764743805e-12
1.032988474566279228e-12
8.033498302527634011e-13
6.025999229250178718e-13
4.373774441699948864e-13
3.112520448082421166e-13
2.258140042145742912e-13
1.815253895017444909e-13
1.892166689548468268e-13
2.360823274010955130e-13
3.272959618661366772e-13
4.630756833796421332e-13
6.427953342026158230e-13
8.639555932249429330e-13
1.120814799506872614e-12
1.402933798360996277e-12
1.694091767536891684e-12
1.972219692910331178e-12
2.211010707453562827e-12
2.383516930023670786e-12
2.467284852015019583e-12
2.449672099120129439e-12
2.331460762251245100e-12
2.127221585758277117e-12
1.862090920475306624e-12
1.566087032322438399e-12
1.267981135022902103e-12
9.906124532846216841e-13
7.486304972166007492e-13
5.485881200745379126e-13
3.906109291950549256e-13
2.706846388087476714e-13
1.828045994491633134e-13
1.205929416335690679e-13
7.830833364780952092e-14
5.135664324846565769e-14
3.647110808560293572e-14
3.172132702057696065e-14
3.647110808560525813e-14
5.135664324846242020e-14
7.830833364780962189e-14
1.205929416335881016e-13
1.828045994491506916e-13
2.706846388087425722e-13
3.906109291950311966e-13
5.485881200745475052e-13
7.486304972165958015e-13
9.906124532846251173e-13
1.267981135022896650e-12
1.566087032322534123e-12
1.862090920475354284e-12
2.127221585758278733e-12
2.331460762251325071e-12
2.449672099120113687e-12
2.467284852015020390e-12
2.383516930023820227e-12
2.211010707453722366e-12
1.972219692910293212e-12
1.694091767536984783e-12
1.402933798360982746e-12
1.120814799506786382e-12
8.639555932249716097e-13
6.427953342026400568e-13
4.630756833796530384e-13
3.272959618661477843e-13
2.360823274010829417e-13
1.892166689548473317e-13
1.975677941956554942e-13
2.472334806547020722e-13
3.447459432423485460e-13
4.911193053468491640e-13
6.868773883071476389e-13
9.308480986477991393e-13
1.218499344642110992e-12
1.540041488052037460e-12
1.878783189120810347e-12
2.210515210981391128e-12
2.504816032567561951e-12
2.728866529923480260e-12
2.853495698547287728e-12
2.859987652505357683e-12
2.745308745724965630e-12
2.523572782219204565e-12
2.222927492130003997e-12
1.878952821415030932e-12
1.527005406051424497e-12
1.196009511355402349e-12
9.051571553660033547e-13
6.636195249202760074e-13
4.723965535646109688e-13
3.270989404589113661e-13
2.206538544527561261e-13
1.453776306533892717e-13
9.428660758866729995e-14
6.176952476819726377e-14
4.383126062990615996e-14
3.811109656537308249e-14
4.383126062993297492e-14
6.176952476820086097e-14
9.428660758864408851e-14
1.453776306533790481e-13
2.206538544527536774e-13
3.270989404588814777e-13
4.723965535645808784e-13
6.636195249202506629e-13
9.051571553660270836e-13
1.196009511355430420e-12
1.527005406051480033e-12
1.878952821415153313e-12
2.222927492130060543e-12
2.523572782219262322e-12
2.745308745725011270e-12
2.859987652505392014e-12
2.853495698547433535e-12
2.728866529923479452e-12
2.504816032567612034e-12
2.210515210981462214e-12
1.878783189121013507e-12
1.540041488052128942e-12
1.218499344642332933e-12
9.308480986479174810e-13
6.868773883071614724e-13
4.911193053469075271e-13
3.447459432423150225e-13
2.472334806548067320e-13
1.975677941956551155e-13
2.065842684434290932e-13
2.592754357228267115e-13
3.636204519310296906e-13
5.215583124845339706e-13
7.349735863985391387e-13
1.004321418691499102e-12
1.326659674737924441e-12
1.693263339660575065e-12
2.087317254689269993e-12
2.482583835988853207e-12
2.844205080235257640e-12
3.132584706061772444e-12
3.310354173646271179e-12
3.350919279740421042e-12
3.245758420025936385e-12
3.007488891790266260e-12
2.667183196545155549e-12
2.266845545177230910e-12
1.849922421535980089e-12
1.453114660759879695e-12
1.101621151628774932e-12
8.082230619942474293e-13
5.752684761702124323e-13
3.980511938811807151e-13
2.682317849871722983e-13
1.765111182225271704e-13
1.143445587106714057e-13
7.483466839016916524e-14
5.306358255349220228e-14
4.612554906189219770e-14
5.306358255351059851e-14
7.483466839017613246e-14
1.143445587106506050e-13
1.765111182224925615e-13
2.682317849871615950e-13
3.980511938812162076e-13
5.752684761702264678e-13
8.082230619942658066e-13
1.101621151628834305e-12
1.453114660759900091e-12
1.849922421536015632e-12
2.266845545177274935e-12
2.667183196545188669e-12
3.007488891790382582e-12
3.245758420025984449e-12
3.350919279740431140e-12
3.310354173646281277e-12
3.132584706061738920e-12
2.844205080235179284e-12
2.482583835988896020e-12
2.087317254689243336e-12
1.693263339660648372e-12
1.326659674738061766e-12
1.004321418691532828e-12
7.349735863985562033e-13
5.215583124844769201e-13
3.636204519310763911e-13
2.592754357227868771e-13
2.065842684434075857e-13
2.162686831369080975e-13
2.722123605440282045e-13
3.839323216540821801e-13
5.544346435378097412e-13
7.872016579103075601e-13
1.084662665085074585e-12
1.445922431221532095e-12
1.863847938175524641e-12
2.321989894893805826e-12
2.792341048894538537e-12
3.235379675081255255e-12
3.603791607858103183e-12
3.850300116536237418e-12
3.938193876604900852e-12
3.851238510210084978e-12
3.599005495757338391e-12
3.215107841427366290e-12
2.748846359801206390e-12
2.253558552181370911e-12
1.775879715653028659e-12
1.348961795958002706e-12
9.905607491948887123e-13
7.050582303951161227e-13
4.875547188941625510e-13
3.282141018586498109e-13
2.157330377459079291e-13
1.395976572621794162e-13
9.127744522989938971e-14
6.468119120839028234e-14
5.621060127239743831e-14
6.468119120836690681e-14
9.127744522988103765e-14
1.395976572621976168e-13
2.157330377459484703e-13
3.282141018586859597e-13
4.875547188941563916e-13
7.050582303951652972e-13
9.905607491949177929e-13
1.348961795958008360e-12
1.775879715653014926e-12
2.253558552181448055e-12
2.748846359801357851e-12
3.215107841427519771e-12
3.599005495757485006e-12
3.851238510210101133e-12
3.938193876604979208e-12
3.850300116536376359e-12
3.603791607858214658e-12
3.235379675081327957e-12
2.792341048894520766e-12
2.321989894893912455e-12
1.863847938175533931e-12
1.445922431221562589e-12
1.084662665085120024e-12
7.872016579103763235e-13
5.544346435378566942e-13
3.839323216541295875e-13
2.722123605440048290e-13
2.162686831368761391e-13
2.266201205471902001e-13
2.860438153411958589e-13
4.056874162364510945e-13
5.897797471234211519e-13
8.436651843448527661e-13
1.172144517478550369e-12
1.576911781218913489e-12
2.053084104582958960e-12
2.585243520756042445e-12
3.144067252981865322e-12
3.685294661327543988e-12
4.152963665688295172e-12
4.487949480894589389e-12
4.640679182364556107e-12
4.584279884301357464e-12
4.323028693808621439e-12
3.892230906359812855e-12
3.349285032071215379e-12
2.759549689656649397e-12
2.182344682708320071e-12
1.661367500259311619e-12
1.221230600435732110e-12
8.693355925174235314e-13
6.008131889356440122e-13
4.040655115022601860e-13
2.652941738544841090e-13
1.714895369352309711e-13
1.120380925345571005e-13
7.935072601670967007e-14
6.894630146494464869e-14
7.935072601668480518e-14
1.120380925345662892e-13
1.714895369352273108e-13
2.652941738544797166e-13
4.040655115022652347e-13
6.008131889356596632e-13
8.693355925174645269e-13
1.221230600435756344e-12
1.661367500259380080e-12
2.182344682708362076e-12
2.759549689656821861e-12
3.349285032071343010e-12
3.892230906359908175e-12
4.323028693808649712e-12
4.584279884301462477e-12
4.640679182364825910e-12
4.487949480894873733e-12
4.152963665688382414e-12
3.685294661327508445e-12
3.144067252982030112e-12
2.585243520756204003e-12
2.053084104583056703e-12
1.576911781218977305e-12
1.172144517478689511e-12
8.436651843449162789e-13
5.897797471234686098e-13
4.056874162364088873e-13
2.860438153412143372e-13
2.266201205472035035e-13
2.376335543972621447e-13
3.007639419545501336e-13
4.288832580149929947e-13
6.276120426194409588e-13
9.044488837995352446e-13
1.267016870208681712e-12
1.720235857480991548e-12
2.262281818576813471e-12
2.879646698991338734e-12
3.542401049305327150e-12
4.201698057680210676e-12
4.792078076057476513e-12
5.240421406239095800e-12
5.480974117025509747e-12
5.472420858103181548e-12
5.210546815013538566e-12
4.730797980901470440e-12
4.099263085578191864e-12
3.395798215003193036e-12
2.695906991794957867e-12
2.057294623874903762e-12
1.514030119621157732e-12
1.077949228037715810e-12
7.445865610500847590e-13
5.002796666764314513e-13
3.281113946409064870e-13
2.118923093493918475e-13
1.383387240133004440e-13
9.794141556030924716e-14
8.509022478250154177e-14
9.794141556032479718e-14
1.383387240133015547e-13
2.118923093493819772e-13
3.281113946408874029e-13
5.002796666764386205e-13
7.445865610500331612e-13
1.077949228037738024e-12
1.514030119621207412e-12
2.057294623874917091e-12
2.695906991794953424e-12
3.395798215003231810e-12
4.099263085578242755e-12
4.730797980901635230e-12
5.210546815013657311e-12
5.472420858103312410e-12
5.480974117025585679e-12
5.240421406239178195e-12
4.792078076057600914e-12
4.201698057680284185e-12
3.542401049305377637e-12
2.879646698991498274e-12
2.262281818576807009e-12
1.720235857480884515e-12
1.267016870208701907e-12
9.044488837996226883e-13
6.276120426194033964e-13
4.288832580149930452e-13
3.007639419545353408e-13
2.376335543972727470e-13
2.492992589500822919e-13
3.163606601993157767e-13
4.535076465447486533e-13
6.679343008088879462e-13
9.696135964096932366e-13
1.369497614789538804e-12
1.876471078415668457e-12
2.492748638029926996e-12
3.207865636757070285e-12
3.992320349691533421e-12
4.793158553094460575e-12
5.534755426268696666e-12
6.127696548542917978e-12
6.486095215307195799e-12
6.549305092406562441e-12
6.300147546491938097e-12
5.771613377056703623e-12
5.038642008399503717e-12
4.198396020199146002e-12
3.347005827104041634e-12
2.560820830796351880e-12
1.886968233055899234e-12
1.343739919036456161e-12
9.276707368837125237e-13
6.226919354349659695e-13
4.079693996504231782e-13
2.632379352903591223e-13
1.717720759549088510e-13
1.215908757910555946e-13
1.056360095634312773e-13
1.215908757910805100e-13
1.717720759548756305e-13
2.632379352903438247e-13
4.079693996504427672e-13
6.226919354349671812e-13
9.276707368837195919e-13
1.343739919036461412e-12
1.886968233055948509e-12
2.560820830796472241e-12
3.347005827104175727e-12
4.198396020199254246e-12
5.038642008399603075e-12
5.771613377056803789e-12
6.300147546491988180e-12
6.549305092406720769e-12
6.486095215307242651e-12
6.127696548542987448e-12
5.534755426268884074e-12
4.793158553094615671e-12
3.992320349691720829e-12
3.207865636757049283e-12
2.492748638029997274e-12
1.876471078415794069e-12
1.369497614789635942e-12
9.696135964098051160e-13
6.679343008088423058e-13
4.535076465447320431e-13
3.163606601993412222e-13
2.492992589501269225e-13
2.616022381445403503e-13
3.328148866759549056e-13
4.795372922115281189e-13
7.107309843227410115e-13
1.039191027875414836e-12
1.479762609152015189e-12
2.046144291333086755e-12
2.745761163731043135e-12
3.572626018585853337e-12
4.499107910671387815e-12
5.469074156189879980e-12
6.396392274884767512e-12
7.173001131078456834e-12
7.688266423880538542e-12
7.856006383995212823e-12
7.639914264915356831e-12
7.066404909636533231e-12
6.218643229752313460e-12
5.214168885385103091e-12
4.175362995186113986e-12
3.203446893398833629e-12
2.363608820012330715e-12
1.683481948985075366e-12
1.161525270047632209e-12
7.788854930542923847e-13
5.097822384416063423e-13
3.286897900191770050e-13
2.144190906855408354e-13
1.517936546894193598e-13
1.318926978121721810e-13
1.517936546893511769e-13
2.144190906855053682e-13
3.286897900191932619e-13
5.097822384416963103e-13
7.788854930543582199e-13
1.161525270047621708e-12
1.683481948985099599e-12
2.363608820012428861e-12
3.203446893398948335e-12
4.175362995186244849e-12
5.214168885385237184e-12
6.218643229752466133e-12
7.066404909636673788e-12
7.639914264915529699e-12
7.856006383995474549e-12
7.688266423880734028e-12
7.173001131078621624e-12
6.396392274885085783e-12
5.469074156189896136e-12
4.499107910671485558e-12
3.572626018586312164e-12
2.745761163731408662e-12
2.046144291333264874e-12
1.479762609152153725e-12
1.039191027875291647e-12
7.107309843227522196e-13
4.795372922116035466e-13
3.328148866759594999e-13
2.616022381445579198e-13
2.745216873540908130e-13
3.500997929575436305e-13
5.069364925912316940e-13
7.559655957750655082e-13
1.113178326833411043e-12
1.597934924455221447e-12
2.229712753231672444e-12
3.022531186070272762e-12
3.976663735371199679e-12
5.068297455034889520e-12
6.239654362436754275e-12
7.394272352347067533e-12
8.403206495395289998e-12
9.125815721303606855e-12
9.442617046988258331e-12
9.289790652292600248e-12
8.680859182514042605e-12
7.705253828852292695e-12
6.504051374557461123e-12
5.232972426825637950e-12
4.026502030368876972e-12
2.974858668478334123e-12
2.119126853739072734e-12
1.461093188733874997e-12
9.787157097987482508e-13
6.399300364609689632e-13
4.123657000865073507e-13
2.690046158554786039e-13
1.905207359197380339e-13
1.655927380137360535e-13
1.905207359197590365e-13
2.690046158555204577e-13
4.123657000865177511e-13
6.399300364609631067e-13
9.787157097987282579e-13
1.461093188733955372e-12
2.119126853739113931e-12
2.974858668478464178e-12
4.026502030368943212e-12
5.232972426825755080e-12
6.504051374557590370e-12
7.705253828852454254e-12
8.680859182514286558e-12
9.289790652292826430e-12
9.442617046988607298e-12
9.125815721303934819e-12
8.403206495395390164e-12
7.394272352347321180e-12
6.239654362436986920e-12
5.068297455034909715e-12
3.976663735371118900e-12
3.022531186070122512e-12
2.229712753231673656e-12
1.597934924455268703e-12
1.113178326833351468e-12
7.559655957751142787e-13
5.069364925912189713e-13
3.500997929575982576e-13
2.745216873541510946e-13
2.880305011644886715e-13
3.681801213619572517e-13
5.356558823591361173e-13
8.035780892426700272e-13
1.191532591566132874e-12
1.724073505777362557e-12
2.427542053214249726e-12
3.324166284756126635e-12
4.422663127663981455e-12
5.705596216545670176e-12
7.115866649792660935e-12
8.547641173433324756e-12
9.849227428067996086e-12
1.084417539986224667e-11
1.137013674132173800e-11
1.132451938900832946e-11
1.069851612203394330e-11
9.583694403543348562e-12
8.147574787566051789e-12
6.588100679404705818e-12
5.084365788604660596e-12
3.761354908935292545e-12
2.679449924548761480e-12
1.845869565365819173e-12
1.234982315423718319e-12
8.066883347519736465e-13
5.196258290045915649e-13
3.391031434344960642e-13
2.403811550523243052e-13
2.090395266322517024e-13
2.403811550522901759e-13
3.391031434345202476e-13
5.196258290045727837e-13
8.066883347520226190e-13
1.234982315423745986e-12
1.845869565365853100e-12
2.679449924548728764e-12
3.761354908935323242e-12
5.084365788604731682e-12
6.588100679404894842e-12
8.147574787566371676e-12
9.583694403543482655e-12
1.069851612203394815e-11
1.132451938900863481e-11
1.137013674132195610e-11
1.084417539986250355e-11
9.849227428068338590e-12
8.547641173433738346e-12
7.115866649792647202e-12
5.705596216545691179e-12
4.422663127664030730e-12
3.324166284756318082e-12
2.427542053214388263e-12
1.724073505777387800e-12
1.191532591566195478e-12
8.035780892426614444e-13
5.356558823591220819e-13
3.681801213619468008e-13
2.880305011645846475e-13
3.020948411493025501e-13
3.870115774900467268e-13
5.656312900949493095e-13
8.534824080845881387e-13
1.274165421752480834e-12
1.858161433303199655e-12
2.639882189181007413e-12
3.651624840265850953e-12
4.913181560913131509e-12
6.416779565199052168e-12
8.109336549933478084e-12
9.877724245870776250e-12
1.154639376320505373e-11
1.289697219982227146e-11
1.371269474771828380e-11
1.383727768967432670e-11
1.322576121797797399e-11
1.196428788708731977e-11
1.024885102048745842e-11
8.330659165911440560e-12
6.448802415773966249e-12
4.776668820806116554e-12
3.402238147841521864e-12
2.341292262192812370e-12
1.564282693335998946e-12
1.020767808477907226e-12
6.574401964573136615e-13
4.294094940096052589e-13
3.048407579696933715e-13
2.653095015755614388e-13
3.048407579696872121e-13
4.294094940095740074e-13
6.574401964572633764e-13
1.020767808477887435e-12
1.564282693335934928e-12
2.341292262192823275e-12
3.402238147841559830e-12
4.776668820806269227e-12
6.448802415774162543e-12
8.330659165911765293e-12
1.024885102048802065e-11
1.196428788708773013e-11
1.322576121797836174e-11
1.383727768967486307e-11
1.371269474771880078e-11
1.289697219982281430e-11
1.154639376320560464e-11
9.877724245871146219e-12
8.109336549933604099e-12
6.416779565199060246e-12
4.913181560913331842e-12
3.651624840266058556e-12
2.639882189181086577e-12
1.858161433303317996e-12
1.274165421752491335e-12
8.534824080845127110e-13
5.656312900949901031e-13
3.870115774899887172e-13
3.020948411494761752e-13
3.166737779195281769e-13
4.065403193034132483e-13
5.967827372734071116e-13
9.055642186338170126e-13
1.360937650865062810e-12
2.000094024378453048e-12
2.866842137949537476e-12
4.005665661898712553e-12
5.450559487673300657e-12
7.207553430389291594e-12
9.232189119345092393e-12
1.140766379194722352e-11
1.353475826369816847e-11
1.534717723014803493e-11
1.656012811477684994e-11
1.694414738916305345e-11
1.639821380916660474e-11
1.499017625227492895e-11
1.294457276296875173e-11
1.057944778599530561e-11
8.214824559143264861e-12
6.091636281353742662e-12
4.337217061090680825e-12
2.980552382372697973e-12
1.988082085823743268e-12
1.295979037729368689e-12
8.348500590307941689e-13
5.460922163635553742e-13
3.885180424063993593e-13
3.385293444387339811e-13
3.885180424064311157e-13
5.460922163635172060e-13
8.348500590308296108e-13
1.295979037729277812e-12
1.988082085823809911e-12
2.980552382372796928e-12
4.337217061090692942e-12
6.091636281353791129e-12
8.214824559143352103e-12
1.057944778599566912e-11
1.294457276296910392e-11
1.499017625227546855e-11
1.639821380916732207e-11
1.694414738916425544e-11
1.656012811477756079e-11
1.534717723014853900e-11
1.353475826369858853e-11
1.140766379194736408e-11
9.232189119345491443e-12
7.207553430389424072e-12
5.450559487673681936e-12
4.005665661899074445e-12
2.866842137949496682e-12
2.000094024378711542e-12
1.360937650865091083e-12
9.055642186338362987e-13
5.967827372734166032e-13
4.065403193034063820e-13
3.166737779196455089e-13
3.317190216685828589e-13
4.267025626349662040e-13
6.290136159114252515e-13
9.596789146117456401e-13
1.451654413410754634e-12
2.149667072092360380e-12
3.108363400026844029e-12
4.386792744655093009e-12
6.036815659451963075e-12
8.083380638858471086e-12
1.049681857271630830e-11
1.316234318924664402e-11
1.585928919540319326e-11
1.826826177542943696e-11
2.002091683805052310e-11
2.078956604487211349e-11
2.038887956886871477e-11
1.884747317031388701e-11
1.641473959898720515e-11
1.349196757955798422e-11
1.050868221623174544e-11
7.800270098277161205e-12
5.550008616353305473e-12
3.806960027318848761e-12
2.534037223802203283e-12
1.650027917097237397e-12
1.063532774971606056e-12
6.972492033844663503e-13
4.975827531220502006e-13
4.342558633882562626e-13
4.975827531219455914e-13
6.972492033845458170e-13
1.063532774971669265e-12
1.650027917097319993e-12
2.534037223802357975e-12
3.806960027318781714e-12
5.550008616353454107e-12
7.800270098277453626e-12
1.050868221623204271e-11
1.349196757955852705e-11
1.641473959898787400e-11
1.884747317031450739e-11
2.038887956886940624e-11
2.078956604487266925e-11
2.002091683805077190e-11
1.826826177543018336e-11
1.585928919540352284e-11
1.316234318924697683e-11
1.049681857271674289e-11
8.083380638858679496e-12
6.036815659451859677e-12
4.386792744655584955e-12
3.108363400026743863e-12
2.149667072092656436e-12
1.451654413410706570e-12
9.596789146118235922e-13
6.290136159114237369e-13
4.267025626349744334e-13
3.317190216686180989e-13
3.471747549908011825e-13
4.474243226058661706e-13
6.622100815867252233e-13
1.015649970769943149e-12
1.546060717387627057e-12
2.306565570352386174e-12
3.364193153719209443e-12
4.795196034199606850e-12
6.673527852336670231e-12
9.049268136471089107e-12
1.191557244105043658e-11
1.516806261004290057e-11
1.856987817760848679e-11
2.174527135752605582e-11
2.422543957414469361e-11
2.555290097542280890e-11
2.541851266530820550e-11
2.377862315477326442e-11
2.089707997694454535e-11
1.727778394238684227e-11
1.349884150193868873e-11
1.002793926601506742e-11
7.127570023069792726e-12
4.877066840264182880e-12
3.237610976705856179e-12
2.105429669913359109e-12
1.358468364034087862e-12
8.934838730892151689e-13
6.402886273345598652e-13
5.599941466004445887e-13
6.402886273346235799e-13
8.934838730894630606e-13
1.358468364034181364e-12
2.105429669913258539e-12
3.237610976705817405e-12
4.877066840264320205e-12
7.127570023069913088e-12
1.002793926601503349e-11
1.349884150193900215e-11
1.727778394238762098e-11
2.089707997694475861e-11
2.377862315477366508e-11
2.541851266530916193e-11
2.555290097542328065e-11
2.422543957414535600e-11
2.174527135752651788e-11
1.856987817760942383e-11
1.516806261004267762e-11
1.191557244105046243e-11
9.049268136471111725e-12
6.673527852336749395e-12
4.795196034199728827e-12
3.364193153719385138e-12
2.306565570352546521e-12
1.546060717387845162e-12
1.015649970769958497e-12
6.622100815867886351e-13
4.474243226058506205e-13
3.471747549907208575e-13
3.629775808700428367e-13
4.686213093956942828e-13
6.962406976997088332e-13
1.073267725826814106e-12
1.643837704865821772e-12
2.470353325679031445e-12
3.633857811950487094e-12
5.230689499052499257e-12
7.361700380320549533e-12
1.010951348354072928e-11
1.350033726253795402e-11
1.745202431399292071e-11
2.172107311395891460e-11
2.587568430563906989e-11
2.932945142644253797e-11
3.145625854408521339e-11
3.176871116451706307e-11
3.009997045616288864e-11
2.670649768226159809e-11
2.221683118164432729e-11
1.741122375231831417e-11
1.294286849258002926e-11
9.185832183703408503e-12
6.264867350178339642e-12
4.144024981840042102e-12
2.690503146798347050e-12
1.738685625022769110e-12
1.148614107172981736e-12
8.276758723250346231e-13
7.258973594130688441e-13
8.276758723250987417e-13
1.148614107172920950e-12
1.738685625022852515e-12
2.690503146798309892e-12
4.144024981840042102e-12
6.264867350178485045e-12
9.185832183703671843e-12
1.294286849258051717e-11
1.741122375231896040e-11
2.221683118164491536e-11
2.670649768226252221e-11
3.009997045616434913e-11
3.176871116451842016e-11
3.145625854408662219e-11
2.932945142644418587e-11
2.587568430564007802e-11
2.172107311395966746e-11
1.745202431399351847e-11
1.350033726253836600e-11
1.010951348354110410e-11
7.361700380320417055e-12
5.230689499052586498e-12
3.633857811950439838e-12
2.470353325678844441e-12
1.643837704866086930e-12
1.073267725826727874e-12
6.962406976997402362e-13
4.686213093957173049e-13
3.629775808699237376e-13
3.790565973950438233e-13
4.901989951345763452e-13
7.309563647825283295e-13
1.132288673807406755e-12
1.744599791209937295e-12
2.640463898614603810e-12
3.916637930773577468e-12
5.692648268304692480e-12
8.101620788105654956e-12
1.126741110684568392e-11
1.526201496113753049e-11
2.004158281230202264e-11
2.537142334709623220e-11
3.076986037403197425e-11
3.551758848952849229e-11
3.877356745230123756e-11
3.979833345428290866e-11
3.822483194405090807e-11
3.426136533700509071e-11
2.868464115052697898e-11
2.255059051682517418e-11
1.677260256617436547e-11
1.188071465250952303e-11
8.067624613369826606e-12
5.310634976582858978e-12
3.440380535116034208e-12
2.228039458317221039e-12
1.480514759026583226e-12
1.074480137326667251e-12
9.456974400951752030e-13
1.074480137326665030e-12
1.480514759026512948e-12
2.228039458317243253e-12
3.440380535116128316e-12
5.310634976582952682e-12
8.067624613369896076e-12
1.188071465250967651e-11
1.677260256617467566e-11
2.255059051682586565e-11
2.868464115052784493e-11
3.426136533700577572e-11
3.822483194405203252e-11
3.979833345428433683e-11
3.877356745230291131e-11
3.551758848953039222e-11
3.076986037403338304e-11
2.537142334709690752e-11
2.004158281230232314e-11
1.526201496113790853e-11
1.126741110684571139e-11
8.101620788105837517e-12
5.692648268305002672e-12
3.916637930773894931e-12
2.640463898614612696e-12
1.744599791210038471e-12
1.132288673807423315e-12
7.309563647825477165e-13
4.901989951346088589e-13
3.790565973949473930e-13
3.953336089384786621e-13
5.120528663246400678e-13
7.661905652770060787e-13
1.192435339059793691e-12
1.847892874880861918e-12
2.816193348814189189e-12
4.211545560779083073e-12
6.179947070291349552e-12
8.892709420110450229e-12
1.252492163024237592e-11
1.720988321031833013e-11
2.296321518379319448e-11
2.958230191907752856e-11
3.655080855620312011e-11
4.300655877658468112e-11
4.784082786596038307e-11
4.996384485726370162e-11
4.869372081057850700e-11
4.411916735393552926e-11
3.718733831379564836e-11
2.933089172020694781e-11
2.182802463357629257e-11
1.542446862018600959e-11
1.041427249102831390e-11
6.809921396526012000e-12
4.397971217758839905e-12
2.855959948899933646e-12
1.912087481725350713e-12
1.400285439918304198e-12
1.237920418788158027e-12
1.400285439918349233e-12
1.912087481725368484e-12
2.855959948899911432e-12
4.397971217758826981e-12
6.809921396525975649e-12
1.041427249102826220e-11
1.542446862018627455e-11
2.182802463357670293e-11
2.933089172020747772e-11
3.718733831379635922e-11
4.411916735393669248e-11
4.869372081057992872e-11
4.996384485726509749e-11
4.784082786596201805e-11
4.300655877658625793e-11
3.655080855620456122e-11
2.958230191907884688e-11
2.296321518379425107e-11
1.720988321031920577e-11
1.252492163024241954e-11
8.892709420110619866e-12
6.179947070291484454e-12
4.211545560779068533e-12
2.816193348814185554e-12
1.847892874880999647e-12
1.192435339059751282e-12
7.661905652770184985e-13
5.120528663246814673e-13
3.953336089383395196e-13
4.117234812489778653e-13
5.340688731552706311e-13
8.017599494441138075e-13
1.253396803211197393e-12
1.953193803817044175e-12
2.996695273485832200e-12
4.517305249365513240e-12
6.690902673383874092e-12
9.733367006779464096e-12
1.388231120587529055e-11
1.935083968947958719e-11
2.624117211107408013e-11
3.441605197627617377e-11
4.335291277452631277e-11
5.204747060650793809e-11
5.906715313437709369e-11
6.284412777050353853e-11
6.221377286534349859e-11
5.702493113548626847e-11
4.841050106503782765e-11
3.831880837886158065e-11
2.853901827965266993e-11
2.011059098358390040e-11
1.347806224448954986e-11
8.733540303628751010e-12
5.614931624538163330e-12
3.658187804535511399e-12
2.472390738965966551e-12
1.830978788378162127e-12
1.627456040499903120e-12
1.830978788378295817e-12
2.472390738966037232e-12
3.658187804535499283e-12
5.614931624538174639e-12
8.733540303628705774e-12
1.347806224448961772e-11
2.011059098358392948e-11
2.853901827965320953e-11
3.831880837886256293e-11
4.841050106503891979e-11
5.702493113548795515e-11
6.221377286534528220e-11
6.284412777050525752e-11
5.906715313437901947e-11
5.204747060651006420e-11
4.335291277452759878e-11
3.441605197627735638e-11
2.624117211107474575e-11
1.935083968948038205e-11
1.388231120587524854e-11
9.733367006779435016e-12
6.690902673384244870e-12
4.517305249365932485e-12
2.996695273485749805e-12
1.953193803817045387e-12
1.253396803211200826e-12
8.017599494441385462e-13
5.340688731552978942e-13
4.117234812488978937e-13
4.281346451652234505e-13
5.561240833692270262e-13
8.374652819327547638e-13
1.314829941964634783e-12
2.059911270117449893e-12
3.180978624946468789e-12
4.832339979846645455e-12
7.223223447162891633e-12
1.062082691385446456e-11
1.533777205991809301e-11
2.168853957475386464e-11
2.989578293997383927e-11
3.993329717540587333e-11
5.131915627340559834e-11
6.292646314176561556e-11
7.294578240918534873e-11
7.917001632512679637e-11
7.970984410454060027e-11
7.397717608338072112e-11
6.328785598335614239e-11
5.029689046014395175e-11
3.750825451995069045e-11
2.635269202476934305e-11
1.749633439514784066e-11
1.119839566550514065e-11
7.153094807577401443e-12
4.677859498704129215e-12
3.198180765933960792e-12
2.400682504886529538e-12
2.147637941161687391e-12
2.400682504886340918e-12
3.198180765933921614e-12
4.677859498704226958e-12
7.153094807577492723e-12
1.119839566550515680e-11
1.749633439514781158e-11
2.635269202476978249e-11
3.750825451995107819e-11
5.029689046014431364e-11
6.328785598335755118e-11
7.397717608338291832e-11
7.970984410454354710e-11
7.917001632512969150e-11
7.294578240918841188e-11
6.292646314176941542e-11
5.131915627340797649e-11
3.993329717540845181e-11
2.989578293997505419e-11
2.168853957475474352e-11
1.533777205991822548e-11
1.062082691385482807e-11
7.223223447163403774e-12
4.832339979846908795e-12
3.180978624946556031e-12
2.059911270117491899e-12
1.314829941964737777e-12
8.374652819327839453e-13
5.561240833691821937e-13
4.281346451651736702e-13
4.444697505156069905e-13
5.780875440211456136e-13
8.730927610864410759e-13
1.376361415871181868e-12
2.167388281422975799e-12
3.367908766113618505e-12
5.154763358882424204e-12
7.773969487008054072e-12
1.155102015235751551e-11
1.688704026665826567e-11
2.422244798379007041e-11
3.394141048148871041e-11
4.618926811223403848e-11
6.059629549716885806e-11
7.596243293460808081e-11
9.006352112928597148e-11
9.985817064929813116e-11
1.023900634418300833e-10
9.631788571505377030e-11
8.309861468666192684e-11
6.635611181418212984e-11
4.959347884583019241e-11
3.474629422570048484e-11
2.280231473233739486e-11
1.435664921062629714e-11
9.087883249562938953e-12
5.968393750351810174e-12
4.136877273304085955e-12
3.154805786054253438e-12
2.843353039911054713e-12
3.154805786054719131e-12
4.136877273304348488e-12
5.968393750351945884e-12
9.087883249563006807e-12
1.435664921062580116e-11
2.280231473233714283e-11
3.474629422570034913e-11
4.959347884583127808e-11
6.635611181418371958e-11
8.309861468666302544e-11
9.631788571505607090e-11
1.023900634418330043e-10
9.985817064930125894e-11
9.006352112929028833e-11
7.596243293461164803e-11
6.059629549717318783e-11
4.618926811223693361e-11
3.394141048148899476e-11
2.422244798379133703e-11
1.688704026665892806e-11
1.155102015235753651e-11
7.773969487008341646e-12
5.154763358882617267e-12
3.367908766113505818e-12
2.167388281423312649e-12
1.376361415871398357e-12
8.730927610865011555e-13
5.780875440210052595e-13
4.444697505157188699e-13
4.606264682851999319e-13
5.998213496260768357e-13
9.084157144093580559e-13
1.437590442170859290e-12
2.274906324683128783e-12
3.556212170072960774e-12
5.482379323744120438e-12
8.339526929714872493e-12
1.251846250269493039e-11
1.852303174966564928e-11
2.694684415411652600e-11
3.838408514546924290e-11
5.322903900775379818e-11
7.132737952451553013e-11
9.150020970574985741e-11
1.111059628704538813e-10
1.260475799290824125e-10
1.318285548240277919e-10
1.258554100984914314e-10
1.096067445826596042e-10
8.803334045816054997e-11
6.603535188672638217e-11
4.616889382967730991e-11
2.987726660282236937e-11
1.841324395177077828e-11
1.151775289240113229e-11
7.602540723251739690e-12
5.354214191666694191e-12
4.156382943699934156e-12
3.776961755959304274e-12
4.156382943699905883e-12
5.354214191666401770e-12
7.602540723251547435e-12
1.151775289240064438e-11
1.841324395177025483e-11
2.987726660282194285e-11
4.616889382967743916e-11
6.603535188672735152e-11
8.803334045816122206e-11
1.096067445826608579e-10
1.258554100984940422e-10
1.318285548240320829e-10
1.260475799290872722e-10
1.111059628704571513e-10
9.150020970575316613e-11
7.132737952451880008e-11
5.322903900775475460e-11
3.838408514547210572e-11
2.694684415411692020e-11
1.852303174966626643e-11
1.251846250269503863e-11
8.339526929715274774e-12
5.482379323744104282e-12
3.556212170073111024e-12
2.274906324683102933e-12
1.437590442170924722e-12
9.084157144093480595e-13
5.998213496262240560e-13
4.606264682851878150e-13
4.764984353733079882e-13
6.211819099530587691e-13
9.431966639454189079e-13
1.498092354774971853e-12
2.381691296036840831e-12
3.744485089762710079e-12
5.812690524622595861e-12
8.915600083280543766e-12
1.351617399758317741e-11
2.023552220811046011e-11
2.984983108120429329e-11
4.321889398736996191e-11
6.108165238644802347e-11
8.364103439783520130e-11
1.098970827329631499e-10
1.368542591585999473e-10
1.591344740619370693e-10
1.700669259991283163e-10
1.650322504838582049e-10
1.452627622367842268e-10
1.175193046409732972e-10
8.866035371129255468e-11
6.194597870981139464e-11
3.943779115465885042e-11
2.365739339787096309e-11
1.458935091635059315e-11
9.699122499149988116e-12
6.955849534210649881e-12
5.502359460855323498e-12
5.042728741773400776e-12
5.502359460855337230e-12
6.955849534210552138e-12
9.699122499149535751e-12
1.458935091635035405e-11
2.365739339787047195e-11
3.943779115465817187e-11
6.194597870981174361e-11
8.866035371129387300e-11
1.175193046409754944e-10
1.452627622367868376e-10
1.650322504838624959e-10
1.700669259991327624e-10
1.591344740619433766e-10
1.368542591586041349e-10
1.098970827329675184e-10
8.364103439783884606e-11
6.108165238645010435e-11
4.321889398737173905e-11
2.984983108120547590e-11
2.023552220811061521e-11
1.351617399758316287e-11
8.915600083281073678e-12
5.812690524623240480e-12
3.744485089762740775e-12
2.381691296037009659e-12
1.498092354775025369e-12
9.431966639454386989e-13
6.211819099530411996e-13
4.764984353733815984e-13
4.919763323161462379e-13
6.420214052516613891e-13
9.771897448411569003e-13
1.557422936948064263e-12
2.486921220108036863e-12
3.931206415932136461e-12
6.142916337599987625e-12
9.497224755858585965e-12
1.453564135427636869e-11
2.201090047872541844e-11
3.291242171385153174e-11
4.842725715437028210e-11
6.975324331393963440e-11
9.763708928423084361e-11
1.315002493660298701e-10
1.681671185911801189e-10
2.007969810360737111e-10
2.197324969801972320e-10
2.171527564671524052e-10
1.935005906668240983e-10
1.579817205205487058e-10
1.202139198418965545e-10
8.413809506759423854e-11
5.258788494798072763e-11
3.052024847127543558e-11
1.856052665229136498e-11
1.249573503418469342e-11
9.147275852387205890e-12
7.368789675537956145e-12
6.806693997098377069e-12
7.368789675537582945e-12
9.147275852386593583e-12
1.249573503418439130e-11
1.856052665229086415e-11
3.052024847127489274e-11
5.258788494798015895e-11
8.413809506759416100e-11
1.202139198418988809e-10
1.579817205205501017e-10
1.935005906668284668e-10
2.171527564671607545e-10
2.197324969802049610e-10
2.007969810360819054e-10
1.681671185911879254e-10
1.315002493660349624e-10
9.763708928423790049e-11
6.975324331394355058e-11
4.842725715437176198e-11
3.291242171385255279e-11
2.201090047872589342e-11
1.453564135427699715e-11
9.497224755858542344e-12
6.142916337600292971e-12
3.931206415932499161e-12
2.486921220108212558e-12
1.557422936948082438e-12
9.771897448411972900e-13
6.420214052516688612e-13
4.919763323162615504e-13
5.069490804484125600e-13
6.621894110218075383e-13
1.010143449633837019e-12
1.615123486553985161e-12
2.589735724847623260e-12
4.114754806878611786e-12
6.470021178731850176e-12
1.007880566430302015e-11
1.556683356575298940e-11
2.383202708746005876e-11
3.610778842704935680e-11
5.397428810573883605e-11
7.921946200285780413e-11
1.133684742158982917e-10
1.566127841341797271e-10
2.059393693097150388e-10
2.529935861223546554e-10
2.841621506896571744e-10
2.866861751656532474e-10
2.591804035670345171e-10
2.140852960398021017e-10
1.649362862243024723e-10
1.160732274003566068e-10
7.110859391585682602e-11
3.968763649781206518e-11
2.395244727328627910e-11
1.653332696229195201e-11
1.239194393442787065e-11
1.013564194003893570e-11
9.419188923402277383e-12
1.013564194003874990e-11
1.239194393442751845e-11
1.653332696229083403e-11
2.395244727328561671e-11
3.968763649781214273e-11
7.110859391585795047e-11
1.160732274003593856e-10
1.649362862243049538e-10
2.140852960398045057e-10
2.591804035670423753e-10
2.866861751656612090e-10
2.841621506896688066e-10
2.529935861223665978e-10
2.059393693097250166e-10
1.566127841341871717e-10
1.133684742159029317e-10
7.921946200286186248e-11
5.397428810574234510e-11
3.610778842705073328e-11
2.383202708746132539e-11
1.556683356575390705e-11
1.007880566430337881e-11
6.470021178732099784e-12
4.114754806878853316e-12
2.589735724847667284e-12
1.615123486554187513e-12
1.010143449633959197e-12
6.621894110218119812e-13
5.069490804485150488e-13
5.213051415760712546e-13
6.815346684444044175e-13
1.041803660343992465e-12
1.670726547853805097e-12
2.689247175138817771e-12
4.293430018050230267e-12
6.790753416759240084e-12
1.065418002606381098e-11
1.659827958537775868e-11
2.567822972494259210e-11
3.940077362786393598e-11
5.980649740165093516e-11
8.941772701887380547e-11
1.308199138671989274e-10
1.854464424891057872e-10
2.510265566559194975e-10
3.179087855999067491e-10
3.675008891267701983e-10
3.796499296128391746e-10
3.492505822250632778e-10
2.928583730934571614e-10
2.296250218040842576e-10
1.634403712145687065e-10
9.810990460518055548e-11
5.236667700169792741e-11
3.192107374459167259e-11
2.310131843662164593e-11
1.780585756374930811e-11
1.471875253216686883e-11
1.372403782762359810e-11
1.471875253216694315e-11
1.780585756374881698e-11
2.310131843662127112e-11
3.192107374459182122e-11
5.236667700169874166e-11
9.810990460518032284e-11
1.634403712145721704e-10
2.296250218040912369e-10
2.928583730934629516e-10
3.492505822250721699e-10
3.796499296128530816e-10
3.675008891267834849e-10
3.179087855999194153e-10
2.510265566559326289e-10
1.854464424891163596e-10
1.308199138672030633e-10
8.941772701887792845e-11
5.980649740165105148e-11
3.940077362786549340e-11
2.567822972494328358e-11
1.659827958537856001e-11
1.065418002606404685e-11
6.790753416759648020e-12
4.293430018050295699e-12
2.689247175138890472e-12
1.670726547853852151e-12
1.041803660344046991e-12
6.815346684444748975e-13
5.213051415762262500e-13
5.349338980573653754e-13
6.999069730649834855e-13
1.071916917649662760e-12
1.723762221494818105e-12
2.784553297468990269e-12
4.465478194258392191e-12
7.101694728082167965e-12
1.121670838888971639e-11
1.761721481368200128e-11
2.752546433092293529e-11
4.274776325848839240e-11
6.585015133557642182e-11
1.002400988048395881e-10
1.498847860075619176e-10
2.180613721347206427e-10
3.041251812438297782e-10
3.978064760892661284e-10
4.747064585762626815e-10
5.040361481077305276e-10
4.737067423896222874e-10
4.051556383806474786e-10
3.257099749121599304e-10
2.368068846425013402e-10
1.398578225233554338e-10
7.114555558520610851e-11
4.524125577826108425e-11
3.527353707960105513e-11
2.808202569214623471e-11
2.340661369770063811e-11
2.186834642269537684e-11
2.340661369769901929e-11
2.808202569214620240e-11
3.527353707960137825e-11
4.524125577826269338e-11
7.114555558520959818e-11
1.398578225233589493e-10
2.368068846425062516e-10
3.257099749121645833e-10
4.051556383806562157e-10
4.737067423896369698e-10
5.040361481077518275e-10
4.747064585762817066e-10
3.978064760892821550e-10
3.041251812438432199e-10
2.180613721347325593e-10
1.498847860075670099e-10
1.002400988048452620e-10
6.585015133557988563e-11
4.274776325848991752e-11
2.752546433092502263e-11
1.761721481368288662e-11
1.121670838889025115e-11
7.101694728082680914e-12
4.465478194258499628e-12
2.784553297469135268e-12
1.723762221494872025e-12
1.071916917649639940e-12
6.999069730649975210e-13
5.349338980574709945e-13
5.477270895001641858e-13
7.171591477232189477e-13
1.100233869587925741e-12
1.773764934205811301e-12
2.874751072943926526e-12
4.629120682740480670e-12
7.399319284560907742e-12
1.175939235302603164e-11
1.860980008484791737e-11
2.934666369665633300e-11
4.609701889844589805e-11
7.201062331284279313e-11
1.115277998086203381e-10
1.703425555461241162e-10
2.542958221234337735e-10
3.656025313261944387e-10
4.947419176283231142e-10
6.113311988282907702e-10
6.701324680478430862e-10
6.468411053618114597e-10
5.680145501873013896e-10
4.733230250304298115e-10
3.578666286774442935e-10
2.118656217539140849e-10
1.034946871159001213e-10
7.129558552715013865e-11
6.026483539604920453e-11
4.948472628698153224e-11
4.181801528618704553e-11
3.928131334995559345e-11
4.181801528618795026e-11
4.948472628698361311e-11
6.026483539604990247e-11
7.129558552715233585e-11
1.034946871159010261e-10
2.118656217539239335e-10
3.578666286774514796e-10
4.733230250304399444e-10
5.680145501873195876e-10
6.468411053618326562e-10
6.701324680478715206e-10
6.113311988283194114e-10
4.947419176283423462e-10
3.656025313262140325e-10
2.542958221234504205e-10
1.703425555461322070e-10
1.115277998086269943e-10
7.201062331284638619e-11
4.609701889844799832e-11
2.934666369665734759e-11
1.860980008484917430e-11
1.175939235302664556e-11
7.399319284561410190e-12
4.629120682740525098e-12
2.874751072944117165e-12
1.773764934206013855e-12
1.100233869587981883e-12
7.171591477231971372e-13
5.477270895000413002e-13
5.595802825221408604e-13
7.331490586812466125e-13
1.126512836194843931e-12
1.820280526291074541e-12
2.958951609413089737e-12
4.782585758607643162e-12
7.680061590357686066e-12
1.227501746410584765e-11
1.956141248366081059e-11
3.111228625132807357e-11
4.938954298437027825e-11
7.817306953721447241e-11
1.230685531852828281e-10
1.918402886393228725e-10
2.936931470649514980e-10
4.352806731926375845e-10
6.100883726907715766e-10
7.828813038523805904e-10
8.903575571452613624e-10
8.884349249890245749e-10
8.078611492983403174e-10
7.084623950879864472e-10
5.744597489638969557e-10
3.583057784114690602e-10
1.748900842576713101e-10
1.319478733659074288e-10
1.145756059763998425e-10
9.563621518137939363e-11
8.297401921094877487e-11
7.900148119236832890e-11
8.297401921094924016e-11
9.563621518137918683e-11
1.145756059763983820e-10
1.319478733659064206e-10
1.748900842576760405e-10
3.583057784114682330e-10
5.744597489639075022e-10
7.084623950880050588e-10
8.078611492983701993e-10
8.884349249890602471e-10
8.903575571452948632e-10
7.828813038524187441e-10
6.100883726907898780e-10
4.352806731926542315e-10
2.936931470649637506e-10
1.918402886393257159e-10
1.230685531852899108e-10
7.817306953721728999e-11
4.938954298437283734e-11
3.111228625132820282e-11
1.956141248366216122e-11
1.227501746410595590e-11
7.680061590358075422e-12
4.782585758607807952e-12
2.958951609413443147e-12
1.820280526291047884e-12
1.126512836195002662e-12
7.331490586812386356e-13
5.595802825221319747e-13
5.703943350958191747e-13
7.477416446698205420e-13
1.150523402352126414e-12
1.862873519197674277e-12
3.036295613603167110e-12
4.924142530392144341e-12
7.940391190006614674e-12
1.275631803319464526e-11
2.045700255792877460e-11
3.279106427269638466e-11
5.256051966795775352e-11
8.420469615234443892e-11
1.345979335907851840e-10
2.138825345094760664e-10
3.354384305442660430e-10
5.121963639465775166e-10
7.438706641453161508e-10
9.935245619767572922e-10
1.177883209719420853e-09
1.223715841298537353e-09
1.163014408247804090e-09
1.091923820888705424e-09
9.896021449349942706e-10
6.870620080597174507e-10
3.556214624019168099e-10
2.901890239328276227e-10
2.332030633708860189e-10
1.933327366636548593e-10
1.741961790359986689e-10
1.693504025541622081e-10
1.741961790359961098e-10
1.933327366636459930e-10
2.332030633708735595e-10
2.901890239328132504e-10
3.556214624019169650e-10
6.870620080596928421e-10
9.896021449350412131e-10
1.091923820888749058e-09
1.163014408247825596e-09
1.223715841298582434e-09
1.177883209719466555e-09
9.935245619768085774e-10
7.438706641453423104e-10
5.121963639465939568e-10
3.354384305442807254e-10
2.138825345094834076e-10
1.345979335907914912e-10
8.420469615234871700e-11
5.256051966795728177e-11
3.279106427269770944e-11
2.045700255792955331e-11
1.275631803319519618e-11
7.940391190006860243e-12
4.924142530392230775e-12
3.036295613603270508e-12
1.862873519197868955e-12
1.150523402352086025e-12
7.477416446699478705e-13
5.703943350956938657e-13
5.800768349408892601e-13
7.608109047788269532e-13
1.172049975897075986e-12
1.901134363209867270e-12
3.105969120221233250e-12
5.052135991133690153e-12
8.176892261429639597e-12
1.319615851309659648e-11
2.128150845035631105e-11
3.435093311000893256e-11
5.554133182204660840e-11
8.995876188499736521e-11
1.458057356314294436e-10
2.358340757267246533e-10
3.783213010093988786e-10
5.943815222314910503e-10
8.939713278150432492e-10
1.244036885771451032e-09
1.543053058496917438e-09
1.679560010507707518e-09
1.680540098537888267e-09
1.709370965573779953e-09
1.790830650455741061e-09
1.332975405255595486e-09
7.983645816021774543e-10
7.000850578862310646e-10
4.770948579327687278e-10
3.885333694938729163e-10
3.647726574311536770e-10
3.622135701490825694e-10
3.647726574311429237e-10
3.885333694938515130e-10
4.770948579327304707e-10
7.000850578861752300e-10
7.983645816021738354e-10
1.332975405255598381e-09
1.790830650455816541e-09
1.709370965573841164e-09
1.680540098537944102e-09
1.679560010507780310e-09
1.543053058496981544e-09
1.244036885771520102e-09
8.939713278150779908e-10
5.943815222315178302e-10
3.783213010094241593e-10
2.358340757267361304e-10
1.458057356314341741e-10
8.995876188500305208e-11
5.554133182204891545e-11
3.435093311000973389e-11
2.128150845035806558e-11
1.319615851309667080e-11
8.176892261430066112e-12
5.052135991133921182e-12
3.105969120221469530e-12
1.901134363209832130e-12
1.172049975897072553e-12
7.608109047788265493e-13
5.800768349408326136e-13
5.885434876492696774e-13
7.722417952338218412e-13
1.190895232506805195e-12
1.934686488104379132e-12
3.167219025292117694e-12
5.165022233529271554e-12
8.386345303149622477e-12
1.358772546140362391e-11
2.202031057707027256e-11
3.576011043383505415e-11
5.826208983715103247e-11
9.528031409107739973e-11
1.563478700397711346e-10
2.569394712935453629e-10
4.207429026810315187e-10
6.787313610186458874e-10
1.055379914932924817e-09
1.529216752942455164e-09
1.987058258332610748e-09
2.273504549101284250e-09
2.398945322453115476e-09
2.635750748258856314e-09
3.212513519558429554e-09
2.182380500867743709e-09
1.605494109312031519e-09
1.559563767007629241e-09
8.963442306882781203e-10
7.372512198472475226e-10
7.213398042907296129e-10
7.275027711312157625e-10
7.213398042907270280e-10
7.372512198472249820e-10
8.963442306882244569e-10
1.559563767007512401e-09
1.605494109312049924e-09
2.182380500867748258e-09
3.212513519558554872e-09
2.635750748258940686e-09
2.398945322453216392e-09
2.273504549101389301e-09
1.987058258332708355e-09
1.529216752942524234e-09
1.055379914932956043e-09
6.787313610186753557e-10
4.207429026810494064e-10
2.569394712935576156e-10
1.563478700397781397e-10
9.528031409108088940e-11
5.826208983715310042e-11
3.576011043383612044e-11
2.202031057707098665e-11
1.358772546140466596e-11
8.386345303149843812e-12
5.165022233529521970e-12
3.167219025292222707e-12
1.934686488104492223e-12
1.190895232506853461e-12
7.722417952339092848e-13
5.885434876491319486e-13
5.957193757960896002e-13
7.819320431854505948e-13
1.206883304831431792e-12
1.963193047853238899e-12
3.219367877728069356e-12
5.261402825902103660e-12
8.565807846741311678e-12
1.392472260690840361e-11
2.265970721094494830e-11
3.698827474023417057e-11
6.065455848744627721e-11
1.000134236304636768e-10
1.658636969580383340e-10
2.763612781586671392e-10
4.607827307090293875e-10
7.610356493133585618e-10
1.219767244815979867e-09
1.835493767699689587e-09
2.494060113361646130e-09
2.994961761499677363e-09
3.311586213765969290e-09
3.844694695927338344e-09
5.278213928128495641e-09
3.218986313910708279e-09
2.656460044688867428e-09
2.752450295559187446e-09
1.417556604036366109e-09
1.241564507691302754e-09
1.277745509077277249e-09
1.307033541284645235e-09
1.277745509077283039e-09
1.241564507691289519e-09
1.417556604036343362e-09
2.752450295559092320e-09
2.656460044688976202e-09
3.218986313910927068e-09
5.278213928128469998e-09
3.844694695927520324e-09
3.311586213766149202e-09
2.994961761499800613e-09
2.494060113361772275e-09
1.835493767699780991e-09
1.219767244816028671e-09
7.610356493133973359e-10
4.607827307090536860e-10
2.763612781586820284e-10
1.658636969580448998e-10
1.000134236304687045e-10
6.065455848744687175e-11
3.698827474023678136e-11
2.265970721094566885e-11
1.392472260690903854e-11
8.565807846741933679e-12
5.261402825902192517e-12
3.219367877728295134e-12
1.963193047853408939e-12
1.206883304831483692e-12
7.819320431853979872e-13
5.957193757960788970e-13
6.015401682444101611e-13
7.897937179961788938e-13
1.219862781865079068e-12
1.986362976096185292e-12
3.261827785208456845e-12
5.340056703765410038e-12
8.712691904121866430e-12
1.420155926146150695e-11
2.318739014091355375e-11
3.800777547672186293e-11
6.265531558767393969e-11
1.040094674335540589e-10
1.739978573545845056e-10
2.932360223974867068e-10
4.963321385915578144e-10
8.362362779150468798e-10
1.375706194061816408e-09
2.139941329162192479e-09
3.025283794321356386e-09
3.787272698130434012e-09
4.329141877719932376e-09
5.142191446141327812e-09
7.516802923213234494e-09
4.522211602871693499e-09
3.849697693141060696e-09
4.030568053457395208e-09
1.911557611309712977e-09
1.826233789531954262e-09
1.990104830513539152e-09
2.067271446078942299e-09
1.990104830513558591e-09
1.826233789531981973e-09
1.911557611309654660e-09
4.030568053457484544e-09
3.849697693141202144e-09
4.522211602871892022e-09
7.516802923213715914e-09
5.142191446141518891e-09
4.329141877720148270e-09
3.787272698130643289e-09
3.025283794321528026e-09
2.139941329162284710e-09
1.375706194061891888e-09
8.362362779150835860e-10
4.963321385915816993e-10
2.932360223974981322e-10
1.739978573545930100e-10
1.040094674335614001e-10
6.265531558767589131e-11
3.800777547672325233e-11
2.318739014091412890e-11
1.420155926146246015e-11
8.712691904122362415e-12
5.340056703765647530e-12
3.261827785208606691e-12
1.986362976096333118e-12
1.219862781865203872e-12
7.897937179961921214e-13
6.015401682444270238e-13
6.059530847673478813e-13
7.957547044165113668e-13
1.229709212636974493e-12
2.003956511820536842e-12
3.294112484530497744e-12
5.399969311760919846e-12
8.824833519373904494e-12
1.441352612673560513e-11
2.359289020884741778e-11
3.879481137203433652e-11
6.420890665605046851e-11
1.071358610953993730e-10
1.804247238875351496e-10
3.067436121133316116e-10
5.252872387528789829e-10
8.989305874211972926e-10
1.509773315353328576e-09
2.411946786577000170e-09
3.519882784554944102e-09
4.546453160539833128e-09
5.290324347200956184e-09
6.289892945204313061e-09
9.497609876082677890e-09
5.813956936617811160e-09
4.990318428593314461e-09
5.179744654440473008e-09
2.318835003873467902e-09
2.395014752214770143e-09
2.749774470398564948e-09
2.896570245426612831e-09
2.749774470398622024e-09
2.395014752214852861e-09
2.318835003873547725e-09
5.179744654440698001e-09
4.990318428593585776e-09
5.813956936618088265e-09
9.497609876083286695e-09
6.289892945204667095e-09
5.290324347201278785e-09
4.546453160540077146e-09
3.519882784555126909e-09
2.411946786577156921e-09
1.509773315353417705e-09
8.989305874212488880e-10
5.252872387529090716e-10
3.067436121133428302e-10
1.804247238875437057e-10
1.071358610954038191e-10
6.420890665605239429e-11
3.879481137203653372e-11
2.359289020884790245e-11
1.441352612673706239e-11
8.824833519374369783e-12
5.399969311761165416e-12
3.294112484530581350e-12
2.003956511820599043e-12
1.229709212637149582e-12
7.957547044166382914e-13
6.059530847673742356e-13
6.089178788357291741e-13
7.997696193622576587e-13
1.236366293924296399e-12
2.015889922937960471e-12
3.316070017599259124e-12
5.440819575197852869e-12
8.901492921803301899e-12
1.455883961231445585e-11
2.387179983192389111e-11
3.933828806514353361e-11
6.528692006441615449e-11
1.093184129008157440e-10
1.849463173891438672e-10
3.163435953938656715e-10
5.461444964867875684e-10
9.449128352543240322e-10
1.610493263673008587e-09
2.622592312365879954e-09
3.915224566308158860e-09
5.163706614513165812e-09
6.054693328565369846e-09
7.154031558792385662e-09
1.098526091807550861e-08
6.853516260876983517e-09
5.904968504408505880e-09
6.041274005675029548e-09
2.641736408394772427e-09
2.874795239827911206e-09
3.417480114466255781e-09
3.632005962356817009e-09
3.417480114466381512e-09
2.874795239828043555e-09
2.641736408394897331e-09
6.041274005675474571e-09
5.904968504408835098e-09
6.853516260877286265e-09
1.098526091807604131e-08
7.154031558792760375e-09
6.054693328565692447e-09
5.163706614513442090e-09
3.915224566308370618e-09
2.622592312366025538e-09
1.610493263673081793e-09
9.449128352543608417e-10
5.461444964868171401e-10
3.163435953938820084e-10
1.849463173891519580e-10
1.093184129008221805e-10
6.528692006441849386e-11
3.933828806514552401e-11
2.387179983192433701e-11
1.455883961231519902e-11
8.901492921803584627e-12
5.440819575198054010e-12
3.316070017599571740e-12
2.015889922938181402e-12
1.236366293924363244e-12
7.997696193622687659e-13
6.089178788358193440e-13
6.104070485735859366e-13
8.017753207690293985e-13
1.239666699883424908e-12
2.021773857800827315e-12
3.326859893209002839e-12
5.460852724185551889e-12
8.939043622588296681e-12
1.462998181913277931e-11
2.400834759673331413e-11
3.960450545649050402e-11
6.581559121900481037e-11
1.103908569140680221e-10
1.871747754706078483e-10
3.210958723431863825e-10
5.565349366562185576e-10
9.680218669992852711e-10
1.661701257075583790e-09
2.731137538386763240e-09
4.120774127886939437e-09
5.480651951335826681e-09
6.428493647534409433e-09
7.570698671054426147e-09
1.171989250279774043e-08
7.364058369020687515e-09
6.352737752828450459e-09
6.459397938031926156e-09
2.797914791818942400e-09
3.121208251501779158e-09
3.783862122566965332e-09
4.041797665286628506e-09
3.783862122567050532e-09
3.121208251501926810e-09
2.797914791819115694e-09
6.459397938032310795e-09
6.352737752828781331e-09
7.364058369020990263e-09
1.171989250279847001e-08
7.570698671054824848e-09
6.428493647534745269e-09
5.480651951336105441e-09
4.120774127887157813e-09
2.731137538386884836e-09
1.661701257075657202e-09
9.680218669993342816e-10
5.565349366562481293e-10
3.210958723432000309e-10
1.871747754706153964e-10
1.103908569140738382e-10
6.581559121900854560e-11
3.960450545649294678e-11
2.400834759673460983e-11
1.462998181913292471e-11
8.939043622588713502e-12
5.460852724185743336e-12
3.326859893209015359e-12
2.021773857801041380e-12
1.239666699883439651e-12
8.017753207690169787e-13
6.104070485737234634e-13
