-6.251971967924897207e-46
1.043073492854800536e-43
5.024461407799841789e-42
1.501777449592540177e-40
3.396267167284244168e-39
6.103161243687128433e-38
8.830457931297311249e-37
1.027184637938178939e-35
9.494111515177258047e-35
6.794247534637340549e-34
3.543742303525862100e-33
1.097606003944317012e-32
-8.245468529853672960e-33
-3.482512397386800932e-31
-2.483964662009258378e-30
-1.145346136977406286e-29
-3.949975278766968727e-29
-1.072021539584325130e-28
-2.348545925987092532e-28
-4.218533253981241629e-28
-6.280861335343044604e-28
-7.814700422318129529e-28
-8.177264680861615489e-28
-7.234718070991709609e-28
-5.441371592884245209e-28
-3.507676005994417978e-28
-1.973681791757419270e-28
-1.018343610235644975e-28
-5.519372089551982219e-29
-4.193047918993722913e-29
-5.519372089906214776e-29
-1.018343610278417985e-28
-1.973681791757110088e-28
-3.507676005982192378e-28
-5.441371592823006897e-28
-7.234718070965514969e-28
-8.177264680926856358e-28
-7.814700422295202044e-28
-6.280861335338668965e-28
-4.218533253973035625e-28
-2.348545925992298636e-28
-1.072021539583737033e-28
-3.949975278760964444e-29
-1.145346136975856590e-29
-2.483964661998823259e-30
-3.482512397385214400e-31
-8.245468529549540560e-33
1.097606003946941573e-32
3.543742303529513823e-33
6.794247534605790807e-34
9.494111515174910291e-35
1.027184637939409346e-35
8.830457931289070781e-37
6.103161243648982025e-38
3.396267167279302555e-39
1.501777449590257748e-40
5.024461407829501337e-42
1.043073492885258860e-43
-6.251971969040504935e-46
-2.122202246509778790e-45
3.528959176066089659e-43
1.700351426765704509e-41
5.082976690763646279e-40
1.149680482658236826e-38
2.066334843485553610e-37
2.990252925586548463e-36
3.479014652803836219e-35
3.216166534337886604e-34
2.301808520597751026e-33
1.200386870765606458e-32
3.712732141507970750e-32
-2.870123980561717838e-32
-1.186283362517545440e-30
-8.454457929488753299e-30
-3.898296494103989254e-29
-1.344702300656675340e-28
-3.650641023942830728e-28
-8.000558996931547213e-28
-1.437648573161376847e-27
-2.141365006768998562e-27
-2.665450819189759441e-27
-2.790329150474832253e-27
-2.469760624072223071e-27
-1.858312269128554908e-27
-1.198377664648970583e-27
-6.745282009344754151e-28
-3.481347529602768678e-28
-1.887295549195806623e-28
-1.433896319394584584e-28
-1.887295549273997732e-28
-3.481347529684192863e-28
-6.745282009345552331e-28
-1.198377664651065221e-27
-1.858312269117180579e-27
-2.469760624072618394e-27
-2.790329150483382281e-27
-2.665450819183216521e-27
-2.141365006770002295e-27
-1.437648573159617444e-27
-8.000558996943088532e-28
-3.650641023941750047e-28
-1.344702300656880042e-28
-3.898296494107647203e-29
-8.454457929496367955e-30
-1.186283362511155344e-30
-2.870123980653362210e-32
3.712732141508925932e-32
1.200386870761223021e-32
2.301808520593292256e-33
3.216166534331801681e-34
3.479014652806730823e-35
2.990252925588578762e-36
2.066334843477235465e-37
1.149680482655932349e-38
5.082976690755299599e-40
1.700351426774841719e-41
3.528959176121258431e-43
-2.122202246699950714e-45
-5.228980550059402842e-45
8.638926057799581525e-43
4.164761417321728158e-41
1.245390795421666275e-39
2.817759926183503460e-38
5.066248768879566747e-37
7.334547853772752902e-36
8.537161158271530658e-35
7.895464116434737790e-34
5.652322555323285602e-33
2.946953108975888076e-32
9.089559963645045225e-32
-7.429006990901515841e-32
-2.945864740728821706e-30
-2.096208302525108050e-29
-9.665970606426211646e-29
-3.335839326502817274e-28
-9.062162573928773105e-28
-1.987493903026293200e-27
-3.574255028201775052e-27
-5.328284979379045802e-27
-6.638045421391854041e-27
-6.954997214655478327e-27
-6.161076772151026399e-27
-4.639368600761015146e-27
-2.993941971588851347e-27
-1.686266728269850700e-27
-8.707838176832823322e-28
-4.722555061426477942e-28
-3.588574779495314746e-28
-4.722555061504002706e-28
-8.707838176919866153e-28
-1.686266728275517596e-27
-2.993941971606230856e-27
-4.639368600763549232e-27
-6.161076772158310101e-27
-6.954997214663798049e-27
-6.638045421371765026e-27
-5.328284979385145688e-27
-3.574255028197811059e-27
-1.987493903028746571e-27
-9.062162573938462468e-28
-3.335839326498734002e-28
-9.665970606432254045e-29
-2.096208302526238057e-29
-2.945864740719141186e-30
-7.429006990875014879e-32
9.089559963609481802e-32
2.946953108978543974e-32
5.652322555331362911e-33
7.895464116431792189e-34
8.537161158275601813e-35
7.334547853788340466e-36
5.066248768867560187e-37
2.817759926178190818e-38
1.245390795419337394e-39
4.164761417340627071e-41
8.638926057818821296e-43
-5.228980550134345370e-45
-1.162579503173745518e-44
1.901977503300441870e-42
9.176657234337537652e-41
2.745265796649740940e-39
6.213883512173667990e-38
1.117755609972179917e-36
1.619037919688612302e-35
1.885513608598334430e-34
1.744624078097434113e-33
1.249258367585161699e-32
6.509402436167330368e-32
1.998533366315998479e-31
-1.773894113334102206e-31
-6.620048537213699920e-30
-4.698584422953918429e-29
-2.166433313707146296e-28
-7.481195624152257285e-28
-2.034193168495706608e-27
-4.466151807872208150e-27
-8.041382813620493266e-27
-1.200289063310521918e-26
-1.497308100266069363e-26
-1.570868304628871646e-26
-1.393319670579464137e-26
-1.050434562863429740e-26
-6.786173464755173036e-27
-3.825840638174121719e-27
-1.977256246328312588e-27
-1.072953438464780493e-27
-8.154936568255044458e-28
-1.072953438467097546e-27
-1.977256246324986421e-27
-3.825840638162258439e-27
-6.786173464771117974e-27
-1.050434562866089956e-26
-1.393319670582765910e-26
-1.570868304626587525e-26
-1.497308100264164351e-26
-1.200289063312762991e-26
-8.041382813618731172e-27
-4.466151807871215896e-27
-2.034193168494589516e-27
-7.481195624154964818e-28
-2.166433313706516721e-28
-4.698584422944851467e-29
-6.620048537174972235e-30
-1.773894113350115982e-31
1.998533366328801530e-31
6.509402436162722504e-32
1.249258367591431415e-32
1.744624078099103286e-33
1.885513608600628945e-34
1.619037919690762273e-35
1.117755609971937364e-36
6.213883512160590236e-38
2.745265796648436858e-39
9.176657234364767544e-41
1.901977503295190401e-42
-1.162579503180894766e-44
-2.353131137405394777e-44
3.800413388978402028e-42
1.835577864089236283e-40
5.494355927987816799e-39
1.244325172164636654e-37
2.239664921529187413e-36
3.246286101367829788e-35
3.783232934097672555e-34
3.502693322418194841e-33
2.508810462985184119e-32
1.306074859170296077e-31
3.983689443718310510e-31
-3.933723185734741670e-31
-1.359930666707122276e-29
-9.618150609955866539e-29
-4.434118141161697618e-28
-1.532423574683306266e-27
-4.171793824709462413e-27
-9.172518535398943640e-27
-1.654173247405575195e-26
-2.473322177499350038e-26
-3.090825953820535151e-26
-3.248362826941649518e-26
-2.886030873319351704e-26
-2.179166981926078916e-26
-1.409792959869189678e-26
-7.957847742301656418e-27
-4.116986001531974454e-27
-2.235686961869611545e-27
-1.699679576264741765e-27
-2.235686961863246556e-27
-4.116986001504332687e-27
-7.957847742282082543e-27
-1.409792959863556719e-26
-2.179166981927445256e-26
-2.886030873324236778e-26
-3.248362826940273707e-26
-3.090825953811372264e-26
-2.473322177495663991e-26
-1.654173247406328246e-26
-9.172518535404875639e-27
-4.171793824703265670e-27
-1.532423574683822303e-27
-4.434118141159616073e-28
-9.618150609976109136e-29
-1.359930666708861287e-29
-3.933723185894250598e-31
3.983689443735193529e-31
1.306074859174022874e-31
2.508810462983528835e-32
3.502693322423187651e-33
3.783232934097148693e-34
3.246286101365581993e-35
2.239664921530568564e-36
1.244325172163576318e-37
5.494355927989720882e-39
1.835577864092129236e-40
3.800413388966285608e-42
-2.353131137447367771e-44
-4.487407277074374345e-44
7.133637007708169604e-42
3.450070904004627752e-40
1.033414003135179714e-38
2.341995491725365881e-37
4.218541648511408771e-36
6.119646395052925255e-35
7.137922889964982630e-34
6.613439511203579696e-33
4.738112878959934974e-32
2.463456548567571888e-31
7.446970968717989534e-31
-8.361979588414915359e-31
-2.644119577367732228e-29
-1.861564964347991182e-28
-8.579978925921520438e-28
-2.968080616275104429e-27
-8.092207880203916011e-27
-1.782432919417960835e-26
-3.220913988835775429e-26
-4.826325258435267044e-26
-6.044718326666523109e-26
-6.366713973718851681e-26
-5.668205971557735007e-26
-4.287972617501188567e-26
-2.778758929233604017e-26
-1.570857876432400466e-26
-8.136839479717831296e-27
-4.422427902456056994e-27
-3.363216789013577220e-27
-4.422427902462931742e-27
-8.136839479730371146e-27
-1.570857876434840707e-26
-2.778758929236126624e-26
-4.287972617496270776e-26
-5.668205971567828876e-26
-6.366713973725894316e-26
-6.044718326656216871e-26
-4.826325258442535824e-26
-3.220913988833616147e-26
-1.782432919417274652e-26
-8.092207880217595195e-27
-2.968080616278576241e-27
-8.579978925925995625e-28
-1.861564964351452277e-28
-2.644119577379379821e-29
-8.361979588980596778e-31
7.446970968741041769e-31
2.463456548569879651e-31
4.738112878976791062e-32
6.613439511210575241e-33
7.137922889962388551e-34
6.119646395039404273e-35
4.218541648512832686e-36
2.341995491723479076e-37
1.033414003136116095e-38
3.450070904005337378e-40
7.133637007715060682e-42
-4.487407277223080514e-44
-8.199165709098546312e-44
1.279452682920649248e-41
6.197637215158689785e-40
1.857938134766484521e-38
4.213971431737798629e-37
7.597201485401712863e-36
1.103163888841694152e-34
1.287992743242801748e-33
1.194327435652949711e-32
8.558317112393322822e-32
4.441618993101142940e-31
1.326845216222661097e-30
-1.728045810031358934e-30
-4.950830238268968155e-29
-3.465921692236999557e-28
-1.596822575398324812e-27
-5.530021588999028326e-27
-1.510377863355887169e-26
-3.334015425213195993e-26
-6.039323569970405217e-26
-9.073219447689988956e-26
-1.139429086875089007e-25
-1.203269223142069708e-25
-1.073859289011885109e-25
-8.141449568327988896e-26
-5.286182015246776521e-26
-2.993397313980727637e-26
-1.552719501169661313e-26
-8.447419233844277201e-27
-6.426518602079782057e-27
-8.447419233839937974e-27
-1.552719501169577226e-26
-2.993397313997492207e-26
-5.286182015239064636e-26
-8.141449568318663001e-26
-1.073859289008763161e-25
-1.203269223142347969e-25
-1.139429086874571284e-25
-9.073219447686494615e-26
-6.039323569963139882e-26
-3.334015425211928089e-26
-1.510377863355574928e-26
-5.530021589000357788e-27
-1.596822575398391895e-27
-3.465921692236509439e-28
-4.950830238260041883e-29
-1.728045810025547398e-30
1.326845216246444810e-30
4.441618993090619189e-31
8.558317112394966064e-32
1.194327435654577489e-32
1.287992743243490081e-33
1.103163888841201294e-34
7.597201485398790195e-36
4.213971431735213564e-37
1.857938134766850460e-38
6.197637215155466284e-40
1.279452682927449583e-41
-8.199165709448189163e-44
-1.448962273412011485e-43
2.213852363470213834e-41
1.074341979124002051e-39
3.223745084329719517e-38
7.318482449886982266e-37
1.320759829382311359e-35
1.919947734144152043e-34
2.244092698404783708e-33
2.082710033377563690e-32
1.492545375584680115e-31
7.726790303918971786e-31
2.272570853491802424e-30
-3.495416358302668941e-30
-9.016582652186202858e-29
-6.269303038806590589e-28
-2.886729455714067055e-27
-1.000942758988819608e-26
-2.739369615308838949e-26
-6.062111530409424632e-26
-1.101248610138596679e-25
-1.659586019837686278e-25
-2.090736793754743655e-25
-2.214614613307570817e-25
-1.981928310657733618e-25
-1.506271558365571300e-25
-9.800998187866069764e-26
-5.560290660057616479e-26
-2.888630745683326455e-26
-1.573215032197981302e-26
-1.197323973733436035e-26
-1.573215032191745384e-26
-2.888630745676719465e-26
-5.560290660066786254e-26
-9.800998187832425830e-26
-1.506271558360748329e-25
-1.981928310660829852e-25
-2.214614613305954972e-25
-2.090736793755067375e-25
-1.659586019836895804e-25
-1.101248610140411348e-25
-6.062111530427395691e-26
-2.739369615305047291e-26
-1.000942758988131416e-26
-2.886729455712910502e-27
-6.269303038831676746e-28
-9.016582652162285496e-29
-3.495416358343400483e-30
2.272570853500646369e-30
7.726790303897636141e-31
1.492545375583456387e-31
2.082710033384947602e-32
2.244092698402294487e-33
1.919947734146316768e-34
1.320759829380838398e-35
7.318482449885224923e-37
3.223745084329215241e-38
1.074341979123420157e-39
2.213852363477400590e-41
-1.448962273461514625e-43
-2.490873651661974310e-43
3.717713022178082364e-41
1.807862989771075014e-39
5.430608520660816923e-38
1.234119447615151820e-36
2.229726133598561469e-35
3.245238976664513276e-34
3.797661117424415074e-33
3.527674537968911629e-32
2.527747427178773362e-31
1.304193399354985107e-30
3.758731335204898320e-30
-6.944065406391009537e-30
-1.607393122916068126e-28
-1.108687443590952632e-27
-5.100883570329311519e-27
-1.771015982800830687e-26
-4.857985218939897446e-26
-1.078144708315928811e-25
-1.965045362545512706e-25
-2.971977668569626368e-25
-3.757824908312740695e-25
-3.994364443254580237e-25
-3.585773810985081489e-25
-2.732437506406792510e-25
-1.781975509278184586e-25
-1.012921194393346450e-25
-5.270706196654485578e-26
-2.873765580230378805e-26
-2.188034200695591770e-26
-2.873765580235056102e-26
-5.270706196661648747e-26
-1.012921194394707682e-25
-1.781975509278293870e-25
-2.732437506405880584e-25
-3.585773810989847752e-25
-3.994364443255584917e-25
-3.757824908316259372e-25
-2.971977668566033304e-25
-1.965045362543376612e-25
-1.078144708317773787e-25
-4.857985218937848367e-26
-1.771015982804294894e-26
-5.100883570325931542e-27
-1.108687443595467459e-27
-1.607393122914962109e-28
-6.944065406719228670e-30
3.758731335234221191e-30
1.304193399355615867e-30
2.527747427186923664e-31
3.527674537969281659e-32
3.797661117430759233e-33
3.245238976665497281e-34
2.229726133595702145e-35
1.234119447614822402e-36
5.430608520659477409e-38
1.807862989769716119e-39
3.717713022176633543e-41
-2.490873651698782698e-43
-4.180846684535500365e-43
6.083025543985076838e-41
2.964866310873359733e-39
8.916654210836304597e-38
2.028635074831205475e-36
3.669743706728748116e-35
5.348151692577465103e-34
6.266425353775597286e-33
5.825889386825051227e-32
4.172775845921311120e-31
2.143277445488059062e-30
6.015493386131314903e-30
-1.357160169550173193e-29
-2.816965137145892927e-28
-1.925062365202190019e-27
-8.847369515648875448e-27
-3.076055633311458245e-26
-8.459100401403339650e-26
-1.883436386950997412e-25
-3.445757566432734028e-25
-5.232998589580370937e-25
-6.644564564479805375e-25
-7.090617057106734624e-25
-6.386945762011503216e-25
-4.880646277921442427e-25
-3.190347237106238132e-25
-1.817056186418615693e-25
-9.470350286156481621e-26
-5.169366838283854909e-26
-3.937488069068977993e-26
-5.169366838289469502e-26
-9.470350286127623464e-26
-1.817056186411762699e-25
-3.190347237096280410e-25
-4.880646277906696401e-25
-6.386945762009199064e-25
-7.090617057101069292e-25
-6.644564564479126710e-25
-5.232998589580906338e-25
-3.445757566429068874e-25
-1.883436386952699812e-25
-8.459100401402138901e-26
-3.076055633315791733e-26
-8.847369515635731492e-27
-1.925062365205595466e-27
-2.816965137149299539e-28
-1.357160169559307697e-29
6.015493386170994071e-30
2.143277445492044705e-30
4.172775845922059939e-31
5.825889386845985312e-32
6.266425353770676320e-33
5.348151692576883510e-34
3.669743706725484670e-35
2.028635074831402591e-36
8.916654210815989497e-38
2.964866310872358751e-39
6.083025543986290137e-41
-4.180846684570498205e-43
-6.868726727646279816e-43
9.724510659016994312e-41
4.751655376855005758e-39
1.430874284899666109e-37
3.259402423432941966e-36
5.904021167215552855e-35
8.616359268597361533e-34
1.010884961946619439e-32
9.405370884484949864e-32
6.730969195102066445e-31
3.436730997002653968e-30
9.316453335307665512e-30
-2.611572546483250894e-29
-4.867870492247579971e-28
-3.291972590408381346e-27
-1.510874435676530161e-26
-5.260517989455654397e-26
-1.450617846572283777e-25
-3.241514380069439824e-25
-5.955796195572638094e-25
-9.087772973142297129e-25
-1.159457909380514452e-24
-1.242745276849871018e-24
-1.123522217627957910e-24
-8.610257924590608001e-25
-5.641191177353855856e-25
-3.219063632874249085e-25
-1.680379443198534576e-25
-9.182252030930862196e-26
-6.996850367164355477e-26
-9.182252030911663985e-26
-1.680379443196138588e-25
-3.219063632868862015e-25
-5.641191177358814973e-25
-8.610257924588850269e-25
-1.123522217628377230e-24
-1.242745276851193265e-24
-1.159457909380160885e-24
-9.087772973152531277e-25
-5.955796195562436089e-25
-3.241514380067998006e-25
-1.450617846571816334e-25
-5.260517989449517490e-26
-1.510874435672271002e-26
-3.291972590398970360e-27
-4.867870492241512909e-28
-2.611572546469144864e-29
9.316453335328294026e-30
3.436730997009724920e-30
6.730969195110450589e-31
9.405370884485453455e-32
1.010884961945573528e-32
8.616359268600642405e-34
5.904021167207002146e-35
3.259402423434153397e-36
1.430874284900439331e-37
4.751655376850969204e-39
9.724510659035475198e-41
-6.868726727717709279e-43
-1.106453046704601147e-42
1.521853377553925086e-40
7.456464352828566532e-39
2.248494238714418008e-37
5.128612666783333005e-36
9.302994252756691527e-35
1.359667170858815408e-33
1.597248039595652374e-32
1.487004169422300484e-31
1.062707191951764324e-30
5.383803865445935129e-30
1.393833191470675775e-29
-4.949777493553822520e-29
-8.312885158879973261e-28
-5.556894926831655689e-27
-2.546053582268073742e-26
-8.877560843532739599e-26
-2.455305456896685719e-25
-5.508552492938811679e-25
-1.017020312657868527e-24
-1.560242071145217680e-24
-2.001523817328330514e-24
-2.155837220375743649e-24
-1.956635802367328169e-24
-1.503807547913603647e-24
-9.873670475232494736e-25
-5.644075599197238456e-25
-2.950469149326073328e-25
-1.613845080686275760e-25
-1.230185161541990438e-25
-1.613845080685326640e-25
-2.950469149328280594e-25
-5.644075599211870606e-25
-9.873670475261913319e-25
-1.503807547917085130e-24
-1.956635802369057248e-24
-2.155837220375522876e-24
-2.001523817326510702e-24
-1.560242071145307312e-24
-1.017020312658312827e-24
-5.508552492936130082e-25
-2.455305456894738347e-25
-8.877560843512719461e-26
-2.546053582269256985e-26
-5.556894926826223045e-27
-8.312885158901698096e-28
-4.949777493536805151e-29
1.393833191472369665e-29
5.383803865436926882e-30
1.062707191951250223e-30
1.487004169425641267e-31
1.597248039593427265e-32
1.359667170858392043e-33
9.302994252754033729e-35
5.128612666785314860e-36
2.248494238713603650e-37
7.456464352827830477e-39
1.521853377558047243e-40
-1.106453046704485648e-42
-1.749670418514888083e-42
2.334871990329297130e-40
1.147340586247819011e-38
3.464913846624893215e-37
7.914161781556966454e-36
1.437703132642054492e-34
2.104404282086324808e-33
2.475219806517825298e-32
2.305263710420649382e-31
1.644030535650568352e-30
8.244399045519178903e-30
2.006223198057627204e-29
-9.241608410289466718e-29
-1.405137559719270575e-27
-9.275263427713958610e-27
-4.241133030178638314e-26
-1.480913610497953636e-25
-4.108821325204045659e-25
-9.259029024985582596e-25
-1.718821741845733628e-24
-2.653246224444309726e-24
-3.424936863424604135e-24
-3.709173523498725569e-24
-3.380324302505700753e-24
-2.605219180970127983e-24
-1.713738341233838930e-24
-9.810436380632610180e-25
-5.134588173390446332e-25
-2.810837745876059256e-25
-2.143251701142928650e-25
-2.810837745884258329e-25
-5.134588173417346785e-25
-9.810436380669109279e-25
-1.713738341236199837e-24
-2.605219180973896177e-24
-3.380324302505080680e-24
-3.709173523497352445e-24
-3.424936863421755030e-24
-2.653246224444554376e-24
-1.718821741847928497e-24
-9.259029024985413618e-25
-4.108821325204660038e-25
-1.480913610493624740e-25
-4.241133030183258788e-26
-9.275263427693739016e-27
-1.405137559713348620e-27
-9.241608410338701620e-29
2.006223198062557252e-29
8.244399045524437976e-30
1.644030535652672752e-30
2.305263710426296615e-31
2.475219806513931221e-32
2.104404282088774685e-33
1.437703132641723069e-34
7.914161781564646643e-36
3.464913846623465792e-37
1.147340586247037149e-38
2.334871990337283287e-40
-1.749670418491224295e-42
-2.718402113914894227e-42
3.515688487326271931e-40
1.732963975914733560e-38
5.241625906534571793e-37
1.198977370697540676e-35
2.181416061704793909e-34
3.197819183425157737e-33
3.765714367427837323e-32
3.507398528959892935e-31
2.493802038766521830e-30
1.234108772653784973e-29
2.757078619091167188e-29
-1.699857141513732274e-28
-2.353665546235274581e-27
-1.532922597395637855e-26
-6.992899288256175744e-26
-2.445199045603636435e-25
-6.807105277935761957e-25
-1.541421084802615175e-24
-2.879218845405642826e-24
-4.476179981485536149e-24
-5.819479075812048932e-24
-6.340911120559519548e-24
-5.803673900458334287e-24
-4.484373638188957262e-24
-2.954157739123536484e-24
-1.692851970910558092e-24
-8.867561509769197542e-25
-4.857252538323329905e-25
-3.704399770144020404e-25
-4.857252538324064589e-25
-8.867561509780226985e-25
-1.692851970906742144e-24
-2.954157739116994123e-24
-4.484373638181929275e-24
-5.803673900460225364e-24
-6.340911120560614227e-24
-5.819479075806801819e-24
-4.476179981478619100e-24
-2.879218845407101174e-24
-1.541421084801006033e-24
-6.807105277951681640e-25
-2.445199045604926724e-25
-6.992899288253457413e-26
-1.532922597391130454e-26
-2.353665546237781403e-27
-1.699857141522009352e-28
2.757078619110364976e-29
1.234108772652298756e-29
2.493802038775085866e-30
3.507398528957802373e-31
3.765714367425747418e-32
3.197819183427109155e-33
2.181416061702337532e-34
1.198977370698391417e-35
5.241625906534913405e-37
1.732963975915517119e-38
3.515688487329566802e-40
-2.718402113867058137e-42
-4.152060209028801122e-42
5.199643793349379909e-40
2.571446293852299305e-38
7.790431423852140717e-37
1.784687699309606015e-35
3.252128091522797982e-34
4.774547134093924672e-33
5.628303091942074152e-32
5.240426530949982513e-31
3.710420209973423583e-30
1.804804323870899736e-29
3.566995016502166481e-29
-3.080280769040841437e-28
-3.910041130570055208e-27
-2.511102477574842184e-26
-1.142500497059429850e-25
-4.000405283859396250e-25
-1.117626393350532133e-24
-2.544379461949222672e-24
-4.786223891046183610e-24
-7.502298377260246745e-24
-9.834342881108925515e-24
-1.078878415563733090e-23
-9.919042908140123444e-24
-7.681386712554196898e-24
-5.064627894870123445e-24
-2.903445811489374094e-24
-1.521448153093190629e-24
-8.335983563378897235e-25
-6.357989653558407660e-25
-8.335983563327068955e-25
-1.521448153085760586e-24
-2.903445811478632280e-24
-5.064627894872669859e-24
-7.681386712569108044e-24
-9.919042908141160818e-24
-1.078878415564829826e-23
-9.834342881110845979e-24
-7.502298377259022761e-24
-4.786223891039650065e-24
-2.544379461952889847e-24
-1.117626393349758511e-24
-4.000405283864750718e-25
-1.142500497057910203e-25
-2.511102477574455614e-26
-3.910041130551696001e-27
-3.080280769070963300e-28
3.566995016525175241e-29
1.804804323870340057e-29
3.710420209975000744e-30
5.240426530944355424e-31
5.628303091957450118e-32
4.774547134088673908e-33
3.252128091523212796e-34
1.784687699312767094e-35
7.790431423847640449e-37
2.571446293854265249e-38
5.199643793348847281e-40
-4.152060208968099222e-42
-6.237129304124853741e-42
7.558355267366288313e-40
3.750805094303024503e-38
1.138264331498368157e-36
2.611667395551763681e-35
4.766596583656821303e-34
7.008149482878845989e-33
8.268373909366292516e-32
7.691854982825359490e-31
5.415351493274135982e-30
2.575629746345225640e-29
4.222885731165599595e-29
-5.499063542876799324e-28
-6.445515469221621315e-27
-4.080418272667696225e-26
-1.851171391267878094e-25
-6.490283641356974088e-25
-1.820059024091225282e-24
-4.168133423716389727e-24
-7.904072194398277747e-24
-1.250847148558281739e-23
-1.655383273245801905e-23
-1.830021566308767380e-23
-1.690330906336680263e-23
-1.311344529983325917e-23
-8.646964142632817561e-24
-4.955269349593018168e-24
-2.595916568229730010e-24
-1.422044621471296095e-24
-1.084526668673987506e-24
-1.422044621472161920e-24
-2.595916568241894540e-24
-4.955269349601849069e-24
-8.646964142664395747e-24
-1.311344529986203968e-23
-1.690330906339876138e-23
-1.830021566309535566e-23
-1.655383273246141623e-23
-1.250847148558570470e-23
-7.904072194396845114e-24
-4.168133423705921950e-24
-1.820059024091828825e-24
-6.490283641359412321e-25
-1.851171391267666413e-25
-4.080418272667728367e-26
-6.445515469213449391e-27
-5.499063542956497109e-28
4.222885731244214681e-29
2.575629746355611504e-29
5.415351493289464786e-30
7.691854982816401690e-31
8.268373909382102009e-32
7.008149482871160742e-33
4.766596583662413154e-34
2.611667395552184908e-35
1.138264331497425172e-36
3.750805094305087543e-38
7.558355267368433507e-40
-6.237129304046264606e-42
-9.217143446938794586e-42
1.080392258696704677e-39
5.380641116885903111e-38
1.635723865515459117e-36
3.758996073783673393e-35
6.871428633571840442e-34
1.011673820292395321e-32
1.194325591403348183e-31
1.109348363380290764e-30
7.751712381654376533e-30
3.580003898121894370e-29
4.268485044184258948e-29
-9.672014107289634147e-28
-1.054637968642813883e-26
-6.581145976855484865e-26
-2.976595654779917879e-25
-1.044927732701036026e-24
-2.941886211627344752e-24
-6.781638249772751934e-24
-1.297987777486811440e-23
-2.077220933860693342e-23
-2.779731882920118144e-23
-3.099748645525480581e-23
-2.876959650019787392e-23
-2.234621493902937406e-23
-1.472196170085012343e-23
-8.425021089533852081e-24
-4.408770423604792352e-24
-2.413329404230500888e-24
-1.839986843289510832e-24
-2.413329404241221397e-24
-4.408770423624504657e-24
-8.425021089533402454e-24
-1.472196170084430179e-23
-2.234621493900883524e-23
-2.876959650019046830e-23
-3.099748645527041049e-23
-2.779731882920151645e-23
-2.077220933860456186e-23
-1.297987777485818588e-23
-6.781638249781698916e-24
-2.941886211624010022e-24
-1.044927732703241547e-24
-2.976595654779281000e-25
-6.581145976850870131e-26
-1.054637968643583867e-26
-9.672014107074127447e-28
4.268485044155034027e-29
3.580003898118567687e-29
7.751712381669930946e-30
1.109348363381034854e-30
1.194325591400991155e-31
1.011673820292885776e-32
6.871428633579130033e-34
3.758996073786910112e-35
1.635723865513640300e-36
5.380641116884394460e-38
1.080392258694764052e-39
-9.217143446815315943e-42
-1.340209041487907467e-41
1.519130219909562391e-39
7.593781285192158009e-38
2.312649396801434543e-36
5.323125837503134970e-35
9.745815070917697749e-34
1.436694407913535596e-32
1.696594581133667620e-31
1.572181676039468636e-30
1.087815469340520412e-29
4.832326861767116947e-29
2.830405839930851070e-29
-1.676044187641317948e-27
-1.713041989494132181e-26
-1.054010769693816954e-25
-4.752341716653675999e-25
-1.670356209524652077e-24
-4.722396663355848927e-24
-1.096609121546294675e-23
-2.121532168762267347e-23
-3.440102646329670091e-23
-4.663674475912790597e-23
-5.252005517577195606e-23
-4.898966672621381620e-23
-3.807147429441846235e-23
-2.503021657868267498e-23
-1.428686885778898677e-23
-7.460374031228133352e-24
-4.077789819611913152e-24
-3.107247367522160284e-24
-4.077789819609371880e-24
-7.460374031207791422e-24
-1.428686885774232846e-23
-2.503021657863313377e-23
-3.807147429437480449e-23
-4.898966672622318489e-23
-5.252005517577354886e-23
-4.663674475912450292e-23
-3.440102646330498815e-23
-2.121532168762436618e-23
-1.096609121547474725e-23
-4.722396663351960245e-24
-1.670356209525289782e-24
-4.752341716650617877e-25
-1.054010769696379624e-25
-1.713041989489677298e-26
-1.676044187641573006e-27
2.830405839799496716e-29
4.832326861789909907e-29
1.087815469342330470e-29
1.572181676037682681e-30
1.696594581131510934e-31
1.436694407915580342e-32
9.745815070916934835e-34
5.323125837497277339e-35
2.312649396800117538e-36
7.593781285195632603e-38
1.519130219902063512e-39
-1.340209041472753977e-41
-1.917573973210835881e-41
2.101771257517218735e-39
1.054646824448445406e-37
3.217722181296579934e-36
7.418279901510000734e-35
1.360236873977063769e-33
2.007489967765915346e-32
2.370467099884295401e-31
2.189299860001327738e-30
1.495570580640605142e-29
6.306070832919393633e-29
-1.647541948105030029e-29
-2.861565481938455675e-27
-2.762083704063945248e-26
-1.676744331175027132e-25
-7.536919634011221068e-25
-2.652328471285521501e-24
-7.531840723031597463e-24
-1.763415493567140194e-23
-3.454408153093235114e-23
-5.688760474756687419e-23
-7.829922989157008369e-23
-8.916811816931782549e-23
-8.360922064345948743e-23
-6.495829258797271274e-23
-4.256089256848920286e-23
-2.419446597730713933e-23
-1.259139045184628440e-23
-6.866196507598809979e-24
-5.227233961250020924e-24
-6.866196507594225551e-24
-1.259139045183478366e-23
-2.419446597735551973e-23
-4.256089256858167900e-23
-6.495829258805093013e-23
-8.360922064349945424e-23
-8.916811816942320856e-23
-7.829922989156424148e-23
-5.688760474755756428e-23
-3.454408153092158362e-23
-1.763415493568176392e-23
-7.531840723028488280e-24
-2.652328471284441149e-24
-7.536919634004100143e-25
-1.676744331174205893e-25
-2.762083704068315469e-26
-2.861565481933632159e-27
-1.647541947903652229e-29
6.306070832912222348e-29
1.495570580632210524e-29
2.189299859998662819e-30
2.370467099880120845e-31
2.007489967765058146e-32
1.360236873977639889e-33
7.418279901500541285e-35
3.217722181299486566e-36
1.054646824447863662e-37
2.101771257506291461e-39
-1.917573973216490211e-41
-2.699886724505557968e-41
2.861777096719439782e-39
1.441639073775756469e-37
4.406537493479180976e-36
1.017530350763425744e-34
1.868504794158946817e-33
2.760264180450411447e-32
3.257619814484279512e-31
2.994986284202427240e-30
2.012490016006508272e-29
7.900278877000874256e-29
-1.179508472540306521e-28
-4.813661326995852074e-27
-4.420226808521894227e-26
-2.650024788607842503e-25
-1.187749999192111650e-24
-4.185096062261511115e-24
-1.194044883550960115e-23
-2.821534289323137441e-23
-5.608211355659430355e-23
-9.405343937359563928e-23
-1.317579082604729345e-22
-1.519620617711678786e-22
-1.432708177193342580e-22
-1.111889581565525959e-22
-7.249278585711388048e-23
-4.097391807438535574e-23
-2.122053800397431801e-23
-1.153204944642287342e-23
-8.767669439446697565e-24
-1.153204944642369479e-23
-2.122053800393508295e-23
-4.097391807436215736e-23
-7.249278585717774509e-23
-1.111889581565349870e-22
-1.432708177194461651e-22
-1.519620617712103610e-22
-1.317579082605179794e-22
-9.405343937363712247e-23
-5.608211355657917494e-23
-2.821534289322305779e-23
-1.194044883550660364e-23
-4.185096062257859001e-24
-1.187749999189757539e-24
-2.650024788609908342e-25
-4.420226808526099719e-26
-4.813661327002703145e-27
-1.179508472531507488e-28
7.900278877000270016e-29
2.012490016003691662e-29
2.994986284207498189e-30
3.257619814481527274e-31
2.760264180453214044e-32
1.868504794157529439e-33
1.017530350763491601e-34
4.406537493482023461e-36
1.441639073772498828e-37
2.861777096718329501e-39
-2.699886724566839753e-41
-3.740587061190130566e-41
3.835300891707854947e-39
1.939779572825280836e-37
5.940158541851556902e-36
1.373838164975723787e-34
2.526304214438431425e-33
3.734818682127569590e-32
4.403065294489712546e-31
4.023863702711641631e-30
2.647058232745332255e-29
9.391407329563604296e-29
-3.186842423197035250e-28
-7.978010616175770852e-27
-7.019168558838309343e-26
-4.161375090925754489e-25
-1.860455809663378752e-24
-6.564291835914137299e-24
-1.882273869839862329e-23
-4.494431413388259561e-23
-9.086181016330178027e-23
-1.556655100323309624e-22
-2.225625377397980313e-22
-2.603899215036396032e-22
-2.469238819602417704e-22
-1.912635268345131392e-22
-1.238901563488527694e-22
-6.949631103029031514e-23
-3.575731520452187369e-23
-1.934029471462335401e-23
-1.467714328317555902e-23
-1.934029471465161290e-23
-3.575731520452110374e-23
-6.949631103026075146e-23
-1.238901563487262157e-22
-1.912635268345412571e-22
-2.469238819601722281e-22
-2.603899215036601508e-22
-2.225625377399950912e-22
-1.556655100323812971e-22
-9.086181016334202919e-23
-4.494431413387543097e-23
-1.882273869842405511e-23
-6.564291835916813753e-24
-1.860455809664804774e-24
-4.161375090932325319e-25
-7.019168558848607545e-26
-7.978010616106191114e-27
-3.186842423184677367e-28
9.391407329553513826e-29
2.647058232746710572e-29
4.023863702702221402e-30
4.403065294495736377e-31
3.734818682134278854e-32
2.526304214441752324e-33
1.373838164975203560e-34
5.940158541856146707e-36
1.939779572821515996e-37
3.835300891719308162e-39
-3.740587061322765536e-41
-5.099194688639428321e-41
5.059452691438035953e-39
2.569295394698789651e-37
7.882526693473879401e-36
1.825904714113639786e-34
3.361951241996813120e-33
4.972758203264843691e-32
5.852578631707580148e-31
5.307325564510460652e-30
3.397243127466674541e-29
1.036809132754548415e-28
-6.850106238591174414e-28
-1.302682844015597937e-26
-1.105661055809956792e-25
-6.492856936929424581e-25
-2.897171120601516653e-24
-1.023783580710358709e-23
-2.951486828550891924e-23
-7.130934668236465664e-23
-1.470339058870597739e-22
-2.582249289465693991e-22
-3.779171181673396672e-22
-4.492875596225148064e-22
-4.286956289037404725e-22
-3.311765791531964547e-22
-2.127956320622452871e-22
-1.182420631900373468e-22
-6.032759730305204013e-23
-3.242763470063789296e-23
-2.454893341851910122e-23
-3.242763470059064984e-23
-6.032759730293336222e-23
-1.182420631899448119e-22
-2.127956320621654476e-22
-3.311765791531524912e-22
-4.286956289039877965e-22
-4.492875596224756859e-22
-3.779171181674228922e-22
-2.582249289466340513e-22
-1.470339058871193949e-22
-7.130934668230699864e-23
-2.951486828551671276e-23
-1.023783580710720468e-23
-2.897171120596545781e-24
-6.492856936931363229e-25
-1.105661055806609848e-25
-1.302682844012507960e-26
-6.850106238523137226e-28
1.036809132739208569e-28
3.397243127480449866e-29
5.307325564515442268e-30
5.852578631703451572e-31
4.972758203265812558e-32
3.361951242004325941e-33
1.825904714116334575e-34
7.882526693470966087e-36
2.569295394697549321e-37
5.059452691456736824e-39
-5.099194688853373682e-41
-6.838797372534553992e-41
6.569788546883442999e-39
3.349939956825973089e-37
1.029653402273581112e-35
2.388700044243625390e-34
4.403426830960274327e-33
6.514757847907337525e-32
7.648924017020063264e-31
6.868631121400252361e-30
4.244085511862437047e-29
1.014817825558357343e-28
-1.316766522279507245e-27
-2.095384327868195133e-26
-1.726978725527007778e-25
-1.006524976439994975e-24
-4.486122967951617443e-24
-1.588168713250735260e-23
-4.605175112527833746e-23
-1.127500877809993933e-22
-2.378412487822274452e-22
-4.298030965976624855e-22
-6.458485830852904739e-22
-7.815653331805560296e-22
-7.507242529315626306e-22
-5.780665239133070319e-22
-3.679360305101473916e-22
-2.021424252703427878e-22
-1.020666998864407280e-22
-5.443253240311304067e-23
-4.107825808867681411e-23
-5.443253240311316998e-23
-1.020666998864377540e-22
-2.021424252704448678e-22
-3.679360305102166517e-22
-5.780665239135568009e-22
-7.507242529315166453e-22
-7.815653331805727687e-22
-6.458485830855004642e-22
-4.298030965978725698e-22
-2.378412487823317350e-22
-1.127500877810201526e-22
-4.605175112520628553e-23
-1.588168713251996565e-23
-4.486122967944729046e-24
-1.006524976441400793e-24
-1.726978725528482197e-25
-2.095384327868279794e-26
-1.316766522270501089e-27
1.014817825555629183e-28
4.244085511878518348e-29
6.868631121413717438e-30
7.648924017024523772e-31
6.514757847918861015e-32
4.403426830962634913e-33
2.388700044246608623e-34
1.029653402273702857e-35
3.349939956820376570e-37
6.569788546906513865e-39
-6.838797372790253145e-41
-9.022065118192808670e-41
8.396993514922813330e-39
4.299266130243932820e-37
1.323865444688061557e-35
3.075747414661015843e-34
5.675987483689615722e-33
8.396828375204556673e-32
9.826854333284653218e-31
8.716757407148621949e-30
5.144071978879968340e-29
7.680749711487792160e-29
-2.359199006374799728e-27
-3.319687171178852243e-26
-2.673539363879222579e-25
-1.550070317171495742e-24
-6.908434263340963618e-24
-2.451243818854360452e-23
-7.152419931953045659e-23
-1.777427006481465642e-22
-3.848657254814836398e-22
-7.184609494076597234e-22
-1.111848894511357628e-21
-1.371896455942970450e-21
-1.327305467690664024e-21
-1.018362580058758503e-21
-6.413649217746956139e-22
-3.478094590361453735e-22
-1.734571281577394549e-22
-9.161233484080919173e-23
-6.886551509599804047e-23
-9.161233484089989288e-23
-1.734571281578481411e-22
-3.478094590364759695e-22
-6.413649217746663676e-22
-1.018362580058498201e-21
-1.327305467690721388e-21
-1.371896455942962739e-21
-1.111848894511598933e-21
-7.184609494080266657e-22
-3.848657254814912100e-22
-1.777427006480623988e-22
-7.152419931949582653e-23
-2.451243818855956479e-23
-6.908434263344357858e-24
-1.550070317170756283e-24
-2.673539363877956168e-25
-3.319687171160484570e-26
-2.359199006378126971e-27
7.680749711368861157e-29
5.144071978875483063e-29
8.716757407151187726e-30
9.826854333298007592e-31
8.396828375218098909e-32
5.675987483690091945e-33
3.075747414666337852e-34
1.323865444688253996e-35
4.299266130237889031e-37
8.396993514938074712e-39
-9.022065118269465704e-41
-1.170564611483338449e-40
1.056281804411251699e-38
5.430466317581953446e-37
1.675217311419067495e-35
3.897521580844821856e-34
7.199134859730649256e-33
1.064562813836747511e-31
1.240703513345591975e-30
1.083937959170835140e-29
6.020956224301986722e-29
1.441278638727336687e-29
-4.016489678899087237e-27
-5.178826128535034859e-26
-4.100125282922954152e-25
-2.371010577460604547e-24
-1.058171546755573052e-23
-3.765456233775836394e-23
-1.106169219170396796e-22
-2.794855540612464981e-22
-6.233710418586203863e-22
-1.206942631097663062e-21
-1.929205339326839943e-21
-2.431041395289080201e-21
-2.370626101859301003e-21
-1.812200730627060245e-21
-1.128530649799937166e-21
-6.032945227187272738e-22
-2.966206252559804558e-22
-1.548550017259679940e-22
-1.158486915725818951e-22
-1.548550017260654660e-22
-2.966206252561942547e-22
-6.032945227190236864e-22
-1.128530649799919298e-21
-1.812200730626951159e-21
-2.370626101859384134e-21
-2.431041395289391660e-21
-1.929205339327192027e-21
-1.206942631097755973e-21
-6.233710418586304485e-22
-2.794855540613620257e-22
-1.106169219169853718e-22
-3.765456233779446337e-23
-1.058171546756475243e-23
-2.371010577463911359e-24
-4.100125282918951961e-25
-5.178826128538065431e-26
-4.016489678866302682e-27
1.441278638617470403e-29
6.020956224312502066e-29
1.083937959171477635e-29
1.240703513350788866e-30
1.064562813833632249e-31
7.199134859734100501e-33
3.897521580846776181e-34
1.675217311419600712e-35
5.430466317580293826e-37
1.056281804411161911e-38
-1.170564611444849756e-40
-1.493296787327751587e-40
1.307544295912615029e-38
6.749859434228178439e-37
2.085924975088908394e-35
4.859563252364442161e-34
8.983051762300059577e-33
1.327302276133179127e-31
1.538927664943141004e-30
1.319570437246174234e-29
6.758238416121530510e-29
-1.066425989856089503e-28
-6.565478551235915930e-27
-7.952719128037953129e-26
-6.225295450066882025e-25
-3.601234617575571121e-24
-1.612281324837559505e-23
-5.758874020474440360e-23
-1.704196499808598527e-22
-4.385133067207954382e-22
-1.011086853225983162e-21
-2.038361323111948032e-21
-3.374463528414990247e-21
-4.349169621657543957e-21
-4.277915159378583121e-21
-3.259235384184938050e-21
-2.006543456307504035e-21
-1.056561083888204171e-21
-5.113300719115879818e-22
-2.633638833970004954e-22
-1.959008517875191527e-22
-2.633638833968010846e-22
-5.113300719113458299e-22
-1.056561083887763126e-21
-2.006543456307160602e-21
-3.259235384183894587e-21
-4.277915159378133236e-21
-4.349169621657943437e-21
-3.374463528414628007e-21
-2.038361323112096990e-21
-1.011086853226138139e-21
-4.385133067206418716e-22
-1.704196499809504128e-22
-5.758874020472731191e-23
-1.612281324845083550e-23
-3.601234617566892299e-24
-6.225295450091629854e-25
-7.952719128032726541e-26
-6.565478551191999909e-27
-1.066425989892607341e-28
6.758238416065332836e-29
1.319570437251487958e-29
1.538927664945301456e-30
1.327302276129766089e-31
8.983051762316344198e-33
4.859563252378200271e-34
2.085924975084531207e-35
6.749859434242763382e-37
1.307544295903711904e-38
-1.493296787239636526e-40
-1.872570282161139931e-40
1.592458297423812211e-38
8.254179483219626591e-37
2.555229043976326493e-35
5.960421591116229521e-34
1.102472364331362755e-32
1.627027523825523573e-31
1.874572168084544890e-30
1.571026770711369788e-29
7.194126112866630010e-29
-3.136092954399981325e-28
-1.036694995919346392e-26
-1.201569369781900080e-25
-9.351327738389977946e-25
-5.429255296396459373e-24
-2.443712278227630430e-23
-8.772034087480938716e-23
-2.616524628618110140e-22
-6.867445273130075927e-22
-1.642634421472374022e-21
-3.461164446637704232e-21
-5.949158906716510093e-21
-7.853150747717716648e-21
-7.798495573141970306e-21
-5.925546871807497708e-21
-3.608014681995185488e-21
-1.870999958454792351e-21
-8.902344043490034495e-22
-4.515315940707094870e-22
-3.336263025261112989e-22
-4.515315940709659329e-22
-8.902344043495834854e-22
-1.870999958455254649e-21
-3.608014681994385024e-21
-5.925546871807285555e-21
-7.798495573141530953e-21
-7.853150747717585745e-21
-5.949158906716017325e-21
-3.461164446638570900e-21
-1.642634421472317974e-21
-6.867445273135751214e-22
-2.616524628616564130e-22
-8.772034087456126381e-23
-2.443712278237534852e-23
-5.429255296387843734e-24
-9.351327738404014084e-25
-1.201569369779662968e-25
-1.036694995907552131e-26
-3.136092954555531284e-28
7.194126112952828923e-29
1.571026770717770919e-29
1.874572168089258858e-30
1.627027523821453458e-31
1.102472364334409348e-32
5.960421591114216181e-34
2.555229043976429662e-35
8.254179483228825913e-37
1.592458297412804022e-38
-1.872570282051917346e-40
-2.307444910038206644e-40
1.907677878462376589e-38
9.927900953346980845e-37
3.078536248567786476e-35
7.189599545834299691e-34
1.330408589567764073e-32
1.960243936882894727e-31
2.241489363846216635e-30
1.826915412094743968e-29
7.121366495763740044e-29
-6.399639217839847871e-28
-1.587027837493886490e-26
-1.785133719371804164e-25
-1.388613190966447117e-24
-8.120388771055621326e-24
-3.684370551299548228e-23
-1.331254273812175664e-22
-4.005239466750376479e-22
-1.073750192228650496e-21
-2.673212816166513126e-21
-5.908004244506663201e-21
-1.056698679769116985e-20
-1.430463369950202858e-20
-1.435576611671466888e-20
-1.089043345612213194e-20
-6.565319898402710967e-21
-3.354852275898117612e-21
-1.568345534523189865e-21
-7.820124184730882379e-22
-5.733855387607169599e-22
-7.820124184729652342e-22
-1.568345534522794147e-21
-3.354852275896965439e-21
-6.565319898399330057e-21
-1.089043345612105463e-20
-1.435576611671387745e-20
-1.430463369950227233e-20
-1.056698679769122703e-20
-5.908004244505387273e-21
-2.673212816166688040e-21
-1.073750192228052405e-21
-4.005239466754490239e-22
-1.331254273808799174e-22
-3.684370551302888983e-23
-8.120388771033234036e-24
-1.388613190968614802e-24
-1.785133719368471684e-25
-1.587027837487640242e-26
-6.399639217826434866e-28
7.121366495817406412e-29
1.826915412110442154e-29
2.241489363839888021e-30
1.960243936886711952e-31
1.330408589571269235e-32
7.189599545834473314e-34
3.078536248571929796e-35
9.927900953353843169e-37
1.907677878453562468e-38
-2.307444909947416004e-40
-2.792949614510753191e-40
2.247145383400627613e-38
1.174091212102877531e-36
3.646663539705638570e-35
8.525737072529504613e-34
1.578065132985090213e-32
2.320369791781744754e-31
2.629770180846589700e-30
2.072029469895190079e-29
6.294674233678573380e-29
-1.124184428797363713e-27
-2.360551294065727859e-26
-2.605876670359675572e-25
-2.036391632898851842e-24
-1.204100684217868980e-23
-5.524654052270442912e-23
-2.013573049078504909e-22
-6.115677506122315120e-22
-1.676502132039037528e-21
-4.357580958289570585e-21
-1.013451572286402209e-20
-1.889927510638178139e-20
-2.626685351719388196e-20
-2.667079364030173825e-20
-2.023009466885928293e-20
-1.209594422299202131e-20
-6.099255576028850104e-21
-2.801291617242450754e-21
-1.371084180730018038e-21
-9.966109118209942804e-22
-1.371084180729571162e-21
-2.801291617241961372e-21
-6.099255576026507390e-21
-1.209594422298790162e-20
-2.023009466885746834e-20
-2.667079364030183455e-20
-2.626685351719321089e-20
-1.889927510638182954e-20
-1.013451572286148378e-20
-4.357580958290658435e-21
-1.676502132038819733e-21
-6.115677506121893823e-22
-2.013573049077305434e-22
-5.524654052276802336e-23
-1.204100684217419941e-23
-2.036391632897344638e-24
-2.605876670347642826e-25
-2.360551294080427852e-26
-1.124184428780943633e-27
6.294674233684177453e-29
2.072029469893921063e-29
2.629770180838621567e-30
2.320369791786586240e-31
1.578065132987980391e-32
8.525737072536447814e-34
3.646663539712569049e-35
1.174091212103670005e-36
2.247145383397534879e-38
-2.792949614470590350e-40
-3.319284614105420372e-40
2.601839984393019340e-38
1.364690500419925845e-36
4.245302415766607463e-35
9.935314271137681260e-34
1.839115814478266240e-32
2.697449615873824033e-31
3.025656489854890166e-30
2.287943119179689203e-29
4.448343878746755671e-29
-1.806917842890092268e-27
-3.415553228508455855e-26
-3.734179148886001500e-25
-2.945839480014453249e-24
-1.768496039311390514e-23
-8.236078124101862121e-23
-3.036303687866539247e-22
-9.320163783718383473e-22
-2.614696197937085617e-21
-7.114614318109001528e-21
-1.746463922113914811e-20
-3.401479082401012685e-20
-4.858533455771949470e-20
-4.997413829453729615e-20
-3.797109998974591331e-20
-2.257276482841435685e-20
-1.125718370389466092e-20
-5.082695825809029375e-21
-2.438870173539007572e-21
-1.755702462598204809e-21
-2.438870173538169115e-21
-5.082695825807806861e-21
-1.125718370389212110e-20
-2.257276482841315014e-20
-3.797109998974439664e-20
-4.997413829453376328e-20
-4.858533455771829701e-20
-3.401479082400968749e-20
-1.746463922113465528e-20
-7.114614318110850721e-21
-2.614696197936825692e-21
-9.320163783721294937e-22
-3.036303687865530673e-22
-8.236078124099023302e-23
-1.768496039310704613e-23
-2.945839480010637300e-24
-3.734179148880673205e-25
-3.415553228519530642e-26
-1.806917842883518855e-27
4.448343878731548220e-29
2.287943119178757619e-29
3.025656489845800643e-30
2.697449615878553854e-31
1.839115814481040373e-32
9.935314271137968636e-34
4.245302415766630449e-35
1.364690500419628166e-36
2.601839984397935766e-38
-3.319284614129197766e-40
-3.871288815833517301e-40
2.959737932866234051e-38
1.558287509039150206e-36
4.854829968638130686e-35
1.137217818101558552e-33
2.104881290376181384e-32
3.078133255835796291e-31
3.411868725931261523e-30
2.454287940489652007e-29
1.325779283614960237e-29
-2.726153294049113774e-27
-4.810045229148801698e-26
-5.246968396482356912e-25
-4.197814241765824863e-24
-2.569722515763690778e-23
-1.219951915510933286e-22
-4.565362236099614510e-22
-1.418632826810419815e-21
-4.075298731253049135e-21
-1.163537176092732084e-20
-3.022685100957935877e-20
-6.156868928475318676e-20
-9.045224996554077035e-20
-9.436356848352429206e-20
-7.197332401460256903e-20
-4.267008037234334101e-20
-2.111391907969895998e-20
-9.384896028986296020e-21
-4.410807014740827484e-21
-3.141748256594260509e-21
-4.410807014740822971e-21
-9.384896028984070668e-21
-2.111391907969405187e-20
-4.267008037234272712e-20
-7.197332401460758849e-20
-9.436356848352371428e-20
-9.045224996553987961e-20
-6.156868928475830251e-20
-3.022685100957955738e-20
-1.163537176092884654e-20
-4.075298731253877435e-21
-1.418632826809946044e-21
-4.565362236100108218e-22
-1.219951915511039551e-22
-2.569722515761497599e-23
-4.197814241767504350e-24
-5.246968396475812714e-25
-4.810045229156828694e-26
-2.726153294047465040e-27
1.325779283538666822e-29
2.454287940488129637e-29
3.411868725932156953e-30
3.078133255840616320e-31
2.104881290378960991e-32
1.137217818101502787e-33
4.854829968638606438e-35
1.558287509034605504e-36
2.959737932874548855e-38
-3.871288815924290812e-40
-4.428320639609160133e-40
3.306047008991345665e-38
1.747010053817666797e-36
5.450586791502367677e-35
1.277818180922551533e-33
2.364466357567054290e-32
3.445994873456210847e-31
3.768416366302318204e-30
2.550731882165295261e-29
-3.279093111919435927e-29
-3.910251891010705133e-27
-6.592801992524074984e-26
-7.219674828862434739e-25
-5.882876185895776170e-24
-3.688474618385154441e-23
-1.793711309630533198e-22
-6.844730473924477986e-22
-2.158520901450378106e-21
-6.352921227329477280e-21
-1.906662810230474642e-20
-5.253480635027486960e-20
-1.120196412075948713e-19
-1.693550998877357695e-19
-1.793841478057867048e-19
-1.376315201020003700e-19
-8.165898171360856501e-20
-4.025831929228118173e-20
-1.765856322626660705e-20
-8.126226019277796064e-21
-5.722420435960615145e-21
-8.126226019276204163e-21
-1.765856322625892741e-20
-4.025831929226300577e-20
-8.165898171360310019e-20
-1.376315201020141163e-19
-1.793841478057862233e-19
-1.693550998877397898e-19
-1.120196412075952806e-19
-5.253480635026472837e-20
-1.906662810231300384e-20
-6.352921227330646380e-21
-2.158520901452323597e-21
-6.844730473922796559e-22
-1.793711309630760304e-22
-3.688474618383453501e-23
-5.882876185889852413e-24
-7.219674828865611329e-25
-6.592801992500221862e-26
-3.910251891028534851e-27
-3.279093111667617548e-29
2.550731882150360783e-29
3.768416366299218531e-30
3.445994873457147089e-31
2.364466357567220694e-32
1.277818180922683417e-33
5.450586791493002310e-35
1.747010053816619407e-36
3.306047008992672651e-38
-4.428320639767234818e-40
-4.964688605645146087e-40
3.623760974460046616e-38
1.921688832111445818e-36
6.003716625706119863e-35
1.408516301739627710e-33
2.605150899168462830e-32
3.782239354334901426e-31
4.073899654620318198e-30
2.559550228550826919e-29
-9.471256656347038589e-29
-5.369116341681852286e-27
-8.790836302252652410e-26
-9.712944196024450974e-25
-8.092222957035428994e-24
-5.219706933690597169e-23
-2.614133672746334884e-22
-1.022933621059970727e-21
-3.286358971257404701e-21
-9.918208036289072501e-21
-3.132745740878918324e-20
-9.169207994418354620e-20
-2.047807053304359858e-19
-3.186452297643905200e-19
-3.428895631037127496e-19
-2.650539247506288455e-19
-1.579260739615787627e-19
-7.796502314244270172e-20
-3.387140934542916632e-20
-1.527158534663972546e-20
-1.062667743200144698e-20
-1.527158534664250000e-20
-3.387140934543436633e-20
-7.796502314246172027e-20
-1.579260739615933757e-19
-2.650539247506362122e-19
-3.428895631037278682e-19
-3.186452297644031830e-19
-2.047807053304464099e-19
-9.169207994417989897e-20
-3.132745740879908373e-20
-9.918208036287588934e-21
-3.286358971259492003e-21
-1.022933621059339345e-21
-2.614133672748643555e-22
-5.219706933687399237e-23
-8.092222957037865206e-24
-9.712944195999021725e-25
-8.790836302255468316e-26
-5.369116341704191988e-27
-9.471256656008575684e-29
2.559550228520526923e-29
4.073899654640812188e-30
3.782239354331117044e-31
2.605150899172511269e-32
1.408516301737746425e-33
6.003716625696382447e-35
1.921688832113825247e-36
3.623760974457473036e-38
-4.964688605859565145e-40
-5.450731613214669438e-40
3.894552361586743216e-38
2.072322934069751608e-36
6.482616842759624536e-35
1.521838049852704064e-33
2.813052874484953994e-32
4.066802818847418123e-31
4.307233759972938017e-30
2.468517411698217090e-29
-1.720098383815809337e-28
-7.084399115594992230e-27
-1.139399591149206061e-25
-1.275367874284662960e-24
-1.090131313247310598e-23
-7.265053316081577269e-23
-3.768640336606955645e-22
-1.522581365114409864e-21
-5.011683375931312046e-21
-1.553652982294441002e-20
-5.166246230768401571e-20
-1.607283646204506996e-19
-3.760332964394517202e-19
-6.021242388840784229e-19
-6.581047238049865390e-19
-5.126298322591528534e-19
-3.075311424249096927e-19
-1.528991416702437874e-19
-6.613787547500557400e-20
-2.927886532433054411e-20
-2.013467802391291016e-20
-2.927886532432788994e-20
-6.613787547499826750e-20
-1.528991416702364930e-19
-3.075311424249190335e-19
-5.126298322591392756e-19
-6.581047238049815316e-19
-6.021242388840860303e-19
-3.760332964394635646e-19
-1.607283646204414310e-19
-5.166246230768276386e-20
-1.553652982295360032e-20
-5.011683375927887502e-21
-1.522581365115626359e-21
-3.768640336603795917e-22
-7.265053316081054174e-23
-1.090131313247404491e-23
-1.275367874284504452e-24
-1.139399591147288536e-25
-7.084399115584279045e-27
-1.720098383816942259e-28
2.468517411689017845e-29
4.307233759988609438e-30
4.066802818851228779e-31
2.813052874485260528e-32
1.521838049850316622e-33
6.482616842759184064e-35
2.072322934072303430e-36
3.894552361587911507e-38
-5.450731613441453948e-40
-5.854586606708530739e-40
4.099984926431429310e-38
2.188730087402184656e-36
6.854983991664988582e-35
1.610136800408607092e-33
2.974051260418969315e-32
4.279802628338858645e-31
4.449642756048538581e-30
2.273690457793813518e-29
-2.621670633165533507e-28
-9.000370890298282261e-27
-1.433858974983166930e-25
-1.631141839276428824e-24
-1.434490745576240930e-23
-9.916304510546037995e-23
-5.359380674380732961e-22
-2.253407018709631197e-21
-7.660626952028606882e-21
-2.447605498016627008e-20
-8.561489032912973641e-20
-2.829765043355215356e-19
-6.935640215890020091e-19
-1.142547583033710086e-18
-1.266467332742946047e-18
-9.916133059246335964e-19
-5.992353253710295452e-19
-3.018603568442026550e-19
-1.309311602824657436e-19
-5.715394096327162334e-20
-3.888588676813953670e-20
-5.715394096327401872e-20
-1.309311602824842807e-19
-3.018603568442608663e-19
-5.992353253711474122e-19
-9.916133059246975372e-19
-1.266467332743010951e-18
-1.142547583033770175e-18
-6.935640215890561277e-19
-2.829765043355331875e-19
-8.561489032913048271e-20
-2.447605498017453653e-20
-7.660626952026897620e-21
-2.253407018709900902e-21
-5.359380674377313683e-22
-9.916304510545204569e-23
-1.434490745574845324e-23
-1.631141839279725351e-24
-1.433858974984889305e-25
-9.000370890301677305e-27
-2.621670633153229434e-28
2.273690457790689463e-29
4.449642756045638593e-30
4.279802628344699433e-31
2.974051260416314511e-32
1.610136800406514724e-33
6.854983991673437726e-35
2.188730087405080931e-36
4.099984926436613011e-38
-5.854586606879514107e-40
-6.144596511070731953e-40
4.222983702617531052e-38
2.261350885701248049e-36
7.090359786593471503e-35
1.666197869353551578e-33
3.074920935409533509e-32
4.403236856884748378e-31
4.486696772138550483e-30
1.981540864132168901e-29
-3.603650042735036046e-28
-1.101773631614915643e-26
-1.749337452926529747e-25
-2.027327379349575195e-24
-1.838434195320984506e-23
-1.322693505619589454e-22
-7.490736230103552313e-22
-3.306820440337247146e-21
-1.173459715879069371e-20
-3.886721783570019964e-20
-1.427313229353011927e-19
-5.002765716163278867e-19
-1.285295459928826642e-18
-2.178984085819246722e-18
-2.441862610471938546e-18
-1.907876341632340279e-18
-1.157058222335371391e-18
-5.941791689059933492e-19
-2.608423513065422566e-19
-1.130400315455846030e-19
-7.627298951155393914e-20
-1.130400315456010938e-19
-2.608423513065755270e-19
-5.941791689061197865e-19
-1.157058222335538369e-18
-1.907876341632505524e-18
-2.441862610472100324e-18
-2.178984085819345329e-18
-1.285295459928942198e-18
-5.002765716163260571e-19
-1.427313229353158057e-19
-3.886721783569991677e-20
-1.173459715879427925e-20
-3.306820440334832210e-21
-7.490736230105126535e-22
-1.322693505619182263e-22
-1.838434195320209267e-23
-2.027327379352499604e-24
-1.749337452925901822e-25
-1.101773631616976776e-26
-3.603650042749387136e-28
1.981540864116914366e-29
4.486696772144922187e-30
4.403236856894673074e-31
3.074920935415084512e-32
1.666197869352659687e-33
7.090359786595020638e-35
2.261350885701725806e-36
4.222983702615891373e-38
-6.144596511150139198e-40
-6.292212187813383341e-40
4.249455797844434295e-38
2.282150160245755278e-36
7.162998807868685168e-35
1.683919036306715938e-33
3.104594525822250729e-32
4.422782389837452314e-31
4.410119174231746309e-30
1.609868479132513630e-29
-4.595093068290003305e-28
-1.299304912647562960e-26
-2.065248768960726924e-25
-2.442328103838554431e-24
-2.287149831896838134e-23
-1.717104835615116744e-22
-1.024221104857260847e-21
-4.790942292617392059e-21
-1.797800660058346518e-20
-6.229096575439308607e-20
-2.394833110819982721e-19
-8.873920759952793517e-19
-2.394898020149756694e-18
-4.188286171938929005e-18
-4.723396833299497930e-18
-3.626369268507643852e-18
-2.181399467662767308e-18
-1.149268602139321557e-18
-5.169530129528136748e-19
-2.245921148476119510e-19
-1.508771674294112504e-19
-2.245921148476461844e-19
-5.169530129529274973e-19
-1.149268602139522239e-18
-2.181399467663130153e-18
-3.626369268508081424e-18
-4.723396833299873101e-18
-4.188286171939243316e-18
-2.394898020149916161e-18
-8.873920759952479590e-19
-2.394833110820315426e-19
-6.229096575439390459e-20
-1.797800660058420245e-20
-4.790942292615417228e-21
-1.024221104856940925e-21
-1.717104835616103219e-22
-2.287149831895193323e-23
-2.442328103838953364e-24
-2.065248768963621809e-25
-1.299304912644485036e-26
-4.595093068305610855e-28
1.609868479133868965e-29
4.410119174225163709e-30
4.422782389839713659e-31
3.104594525822692467e-32
1.683919036309131604e-33
7.162998807873770905e-35
2.282150160244458653e-36
4.249455797837352512e-38
-6.292212187780251107e-40
-6.275141739555148025e-40
4.169915061568971227e-38
2.245534780825743571e-36
7.054801224797123080e-35
1.659005872979457782e-33
3.055433489254888698e-32
4.329504375657856980e-31
4.219087098695558285e-30
1.187035208263141732e-29
-5.506759595893109667e-28
-1.474618365443730504e-26
-2.354042840670482495e-25
-2.843442304199040506e-24
-2.751869771002546989e-23
-2.159454859372217954e-22
-1.362257208326028519e-21
-6.810968336028699759e-21
-2.741786958537412309e-20
-1.006250735901365413e-19
-4.039976117757480047e-19
-1.576095727420751500e-18
-4.490214150629427940e-18
-8.160567456852866840e-18
-9.225275977004249229e-18
-6.758848501151726153e-18
-3.920154516122155252e-18
-2.135999163121409618e-18
-1.002060123162826404e-18
-4.424087418651043896e-19
-2.975967529775731159e-19
-4.424087418651767082e-19
-1.002060123163060405e-18
-2.135999163121930390e-18
-3.920154516122994187e-18
-6.758848501152487280e-18
-9.225275977004421793e-18
-8.160567456853168825e-18
-4.490214150629645955e-18
-1.576095727420810241e-18
-4.039976117757519047e-19
-1.006250735901451718e-19
-2.741786958536629900e-20
-6.810968336023093497e-21
-1.362257208326927349e-21
-2.159454859373877281e-22
-2.751869770998307569e-23
-2.843442304203415917e-24
-2.354042840663927277e-25
-1.474618365447903566e-26
-5.506759595912465074e-28
1.187035208252901743e-29
4.219087098693031044e-30
4.329504375646709650e-31
3.055433489260157799e-32
1.659005872983712310e-33
7.054801224797499406e-35
2.245534780826069983e-36
4.169915061562601486e-38
-6.275141739395416729e-40
-6.080415025334566471e-40
3.980935644609847921e-38
2.149189480089883557e-36
6.757995909418040816e-35
1.589606934616098844e-33
2.924368810548485637e-32
4.121273734507230918e-31
3.920801891012886755e-30
7.492914606035870119e-30
-6.240160540050498738e-28
-1.607737394295572191e-26
-2.583334695202940288e-25
-3.188245228871881471e-24
-3.188821007503523944e-23
-2.617153529104022541e-22
-1.750779164392359299e-21
-9.424678144474566628e-21
-4.127977475834596574e-20
-1.629164410150038192e-19
-6.827108305244492601e-19
-2.790577304023596749e-18
-8.464302742891029255e-18
-1.626148341433264588e-17
-1.850425534901187828e-17
-1.227540990547528583e-17
-6.408308993545388560e-18
-3.668675682316485704e-18
-1.850518498317087474e-18
-8.469678327091025316e-19
-5.752310734509826690e-19
-8.469678327092433170e-19
-1.850518498317645224e-18
-3.668675682317642803e-18
-6.408308993546980918e-18
-1.227540990547647991e-17
-1.850425534901241754e-17
-1.626148341433299409e-17
-8.464302742891228011e-18
-2.790577304023631031e-18
-6.827108305245205195e-19
-1.629164410150261359e-19
-4.127977475834278194e-20
-9.424678144474387577e-21
-1.750779164391955681e-21
-2.617153529105063558e-22
-3.188821007502244419e-23
-3.188245228870216677e-24
-2.583334695197235467e-25
-1.607737394299849716e-26
-6.240160540089345870e-28
7.492914606047615802e-30
3.920801891007793035e-30
4.121273734508512230e-31
2.924368810548804214e-32
1.589606934621523059e-33
6.757995909416626389e-35
2.149189480088750305e-36
3.980935644606151467e-38
-6.080415025112808077e-40
-5.706978309960061004e-40
3.686250137199217609e-38
1.994724544242027177e-36
6.277234597221338122e-35
1.476807895828912409e-33
2.713765551357668346e-32
3.803700608466138070e-31
3.530207366868739156e-30
3.363292145714163591e-30
-6.700712219911205096e-28
-1.679351116258060384e-26
-2.719840848563411924e-25
-3.428856773984984168e-24
-3.541694263562715815e-23
-3.038726517602547615e-22
-2.157853317328929850e-21
-1.256854181691541791e-20
-6.061118315690252993e-20
-2.613154534986871268e-19
-1.146455721106797281e-18
-4.882867323891485337e-18
-1.594207118828531276e-17
-3.340113500686746254e-17
-3.939410070368372196e-17
-2.167801872073004433e-17
-8.363759677427024001e-18
-5.333644748627863493e-18
-3.106789950944536480e-18
-1.525545655542985912e-18
-1.059712178860864093e-18
-1.525545655543385157e-18
-3.106789950945888483e-18
-5.333644748630669188e-18
-8.363759677430746439e-18
-2.167801872073095029e-17
-3.939410070368402394e-17
-3.340113500686796791e-17
-1.594207118828592598e-17
-4.882867323891754967e-18
-1.146455721106919578e-18
-2.613154534986854898e-19
-6.061118315690103733e-20
-1.256854181691099429e-20
-2.157853317330260698e-21
-3.038726517602951985e-22
-3.541694263558221312e-23
-3.428856773988926482e-24
-2.719840848555093465e-25
-1.679351116265093548e-26
-6.700712219931862702e-28
3.363292145650688974e-30
3.530207366870198608e-30
3.803700608469128529e-31
2.713765551360310012e-32
1.476807895831450381e-33
6.277234597226875021e-35
1.994724544240117153e-36
3.686250137208854701e-38
-5.706978309784690999e-40
-5.167428537193394510e-40
3.297320160471825458e-38
1.788035456959267212e-36
5.630772298050178357e-35
1.324908894872069706e-33
2.431875460568770416e-32
3.390437593527242821e-31
3.068855576183717579e-30
-1.436425302895704246e-31
-6.813460107081695217e-28
-1.674093451068325761e-26
-2.734878564679991508e-25
-3.519234276140883078e-24
-3.748790465782336392e-23
-3.357315550602079261e-22
-2.528871654419023501e-21
-1.596882746568743901e-20
-8.543904676628729598e-20
-4.078124036433441166e-19
-1.885804758322614287e-18
-8.315277717990010913e-18
-2.947869296739423302e-17
-7.025779131210292447e-17
-9.116472318781405917e-17
-3.655122333316907049e-17
-3.231074826363514502e-18
-4.695851967026742874e-18
-4.271312665019634742e-18
-2.435967783538024961e-18
-1.771793377933482930e-18
-2.435967783538745259e-18
-4.271312665022196228e-18
-4.695851967032931272e-18
-3.231074826372108386e-18
-3.655122333317560325e-17
-9.116472318781355380e-17
-7.025779131210547594e-17
-2.947869296739526224e-17
-8.315277717990656484e-18
-1.885804758322672835e-18
-4.078124036433064165e-19
-8.543904676629057006e-20
-1.596882746568317488e-20
-2.528871654421607708e-21
-3.357315550598580049e-22
-3.748790465785534912e-23
-3.519234276140134435e-24
-2.734878564676985273e-25
-1.674093451070677610e-26
-6.813460107095227500e-28
-1.436425301110059171e-31
3.068855576187009579e-30
3.390437593523771541e-31
2.431875460566638362e-32
1.324908894873710997e-33
5.630772298048808833e-35
1.788035456959002942e-36
3.297320160481048063e-38
-5.167428537099910551e-40
-4.488548229524724162e-40
2.833246496220080501e-38
1.539294199460478429e-36
4.850475990776259965e-35
1.141423808861010554e-33
2.092777515112366455e-32
2.902760021034023596e-31
2.563088414947576883e-30
-2.734611404237678780e-30
-6.538705153114591975e-28
-1.583964609026829513e-26
-2.610627921901583957e-25
-3.424774411364414534e-24
-3.754833673870921792e-23
-3.501305608753368174e-22
-2.790616285016232285e-21
-1.908218687995293436e-20
-1.135270268420593373e-19
-6.046992973718118081e-19
-2.971684391745266250e-18
-1.345641027906321068e-17
-5.174842587786100271e-17
-1.459155200758253403e-16
-2.110121739240060799e-16
-5.030896248397824116e-17
3.240487816773257995e-17
5.835078592955285677e-18
-3.319575109706986926e-18
-3.042515155288488098e-18
-2.446062460089408127e-18
-3.042515155289800427e-18
-3.319575109711733958e-18
5.835078592942347279e-18
3.240487816771598922e-17
-5.030896248399565156e-17
-2.110121739240031463e-16
-1.459155200758331797e-16
-5.174842587786340627e-17
-1.345641027906313673e-17
-2.971684391745646813e-18
-6.046992973718015043e-19
-1.135270268420629725e-19
-1.908218687995441191e-20
-2.790616285015633441e-21
-3.501305608752546268e-22
-3.754833673872021467e-23
-3.424774411366205694e-24
-2.610627921899230213e-25
-1.583964609027481545e-26
-6.538705153127827407e-28
-2.734611404045818600e-30
2.563088414973165294e-30
2.902760021031167575e-31
2.092777515111756945e-32
1.141423808861082056e-33
4.850475990776524034e-35
1.539294199462291232e-36
2.833246496220700144e-38
-4.488548229457329186e-40
-3.710412414369505428e-40
2.319947161408738065e-38
1.262526096894753392e-36
3.980511657431633244e-35
9.367666746116664963e-34
1.715753960526331184e-32
2.368416490768471217e-31
2.041800002380770088e-30
-4.248838843413521691e-30
-5.884356356023718753e-28
-1.411176763767713596e-26
-2.345915480366190066e-25
-3.132413830036175002e-24
-3.525789523401768676e-23
-3.411784804139536707e-22
-2.865797150384352857e-21
-2.113346710205333753e-20
-1.393576432567163000e-19
-8.287285612688054572e-19
-4.352013371434961011e-18
-2.001522185401493205e-17
-8.194080716480139904e-17
-2.798297598748471652e-16
-4.053099926088866427e-16
-5.185180129916085319e-17
1.472397283129073105e-16
3.873198059497865071e-17
3.449274858656444814e-18
-2.047839734424419678e-18
-2.273766102864266369e-18
-2.047839734425917666e-18
3.449274858649766459e-18
3.873198059495966258e-17
1.472397283128751398e-16
-5.185180129918316933e-17
-4.053099926088959611e-16
-2.798297598748585051e-16
-8.194080716480600894e-17
-2.001522185401479338e-17
-4.352013371435293041e-18
-8.287285612687898572e-19
-1.393576432567198389e-19
-2.113346710205363845e-20
-2.865797150383548255e-21
-3.411784804139798137e-22
-3.525789523399663366e-23
-3.132413830036750627e-24
-2.345915480365971498e-25
-1.411176763765358302e-26
-5.884356356034878021e-28
-4.248838843234795181e-30
2.041800002392288411e-30
2.368416490768453701e-31
1.715753960528084723e-32
9.367666746087973583e-34
3.980511657440615872e-35
1.262526096899371596e-36
2.319947161387559797e-38
-3.710412414315550948e-40
-2.883997785591867253e-40
1.788608305177255652e-38
9.747720753012566318e-37
3.074699422139361984e-35
7.236257508727335434e-34
1.324108453566882080e-32
1.819831828412398075e-31
1.534097701958243432e-30
-4.688593903842316254e-30
-4.911860444431116771e-28
-1.169663097666035693e-26
-1.960003432643965638e-25
-2.658638837043711176e-24
-3.063115536244198692e-23
-3.063407755303660399e-22
-2.697433114305446473e-21
-2.130937688894143690e-20
-1.545141897166991039e-19
-1.018745664056066895e-18
-5.707855023853707679e-18
-2.622111852587628097e-17
-1.094128446968258816e-16
-4.539086825471974044e-16
-5.426548412629969452e-16
-4.462038790551466573e-17
3.256465369713931412e-16
8.854279151982598542e-17
1.622636131111660366e-17
1.396446252409890806e-18
-4.592453331729361241e-19
1.396446252408550744e-18
1.622636131111060092e-17
8.854279151980662135e-17
3.256465369713482254e-16
-4.462038790554971458e-17
-5.426548412630113419e-16
-4.539086825472217605e-16
-1.094128446968324021e-16
-2.622111852587835481e-17
-5.707855023853703057e-18
-1.018745664056087502e-18
-1.545141897166978280e-19
-2.130937688894063643e-20
-2.697433114305335130e-21
-3.063407755304056775e-22
-3.063115536242481882e-23
-2.658638837041394350e-24
-1.960003432644433999e-25
-1.169663097663626733e-26
-4.911860444421204098e-28
-4.688593903839903218e-30
1.534097701975781033e-30
1.819831828422925329e-31
1.324108453565752009e-32
7.236257508696706833e-34
3.074699422147002884e-35
9.747720753043381624e-37
1.788608305159032304e-38
-2.883997785634357181e-40
-2.067414919629731650e-40
1.273504314448808382e-38
6.948841175945878712e-37
2.192697879834799033e-35
5.160605375505752425e-34
9.435093447196319524e-33
1.291793791933270277e-31
1.067229633518165952e-30
-4.221741921720887656e-30
-3.733187537632490388e-28
-8.846685403685904936e-27
-1.492947190610263724e-25
-2.052675918616434913e-24
-2.412648540346939872e-23
-2.482142526461585363e-22
-2.276529129648364163e-21
-1.909788611652365481e-20
-1.505079615064486330e-19
-1.086236344131189271e-18
-6.430362979970166455e-18
-2.876404142878747630e-17
-1.137784003443681948e-16
-5.693814751091824172e-16
-5.392936220517825175e-16
3.080358977829016515e-17
4.375566149736670563e-16
1.198881455598235480e-16
2.719913757655925415e-17
5.749449534830078766e-18
2.413818595017937460e-18
5.749449534829881551e-18
2.719913757655457645e-17
1.198881455598145747e-16
4.375566149736369317e-16
3.080358977824789330e-17
-5.392936220518620939e-16
-5.693814751092082524e-16
-1.137784003443775379e-16
-2.876404142879055779e-17
-6.430362979969959225e-18
-1.086236344131260530e-18
-1.505079615064332256e-19
-1.909788611652555666e-20
-2.276529129647685949e-21
-2.482142526461844913e-22
-2.412648540346533738e-23
-2.052675918615195868e-24
-1.492947190610868690e-25
-8.846685403664540269e-27
-3.733187537640762309e-28
-4.221741921732148490e-30
1.067229633531226229e-30
1.291793791950511941e-31
9.435093447187956892e-33
5.160605375468227663e-34
2.192697879837818455e-35
6.948841175965541908e-37
1.273504314445952386e-38
-2.067414919816160415e-40
-1.321077386570286974e-40
8.093609220267316375e-39
4.420540929302358571e-37
1.395322808129345803e-35
3.283988274098878889e-34
5.999884250464569813e-33
8.188531209196495705e-32
6.649639728258269538e-31
-3.151868701118224437e-30
-2.498368640943027996e-28
-5.901115750468508062e-27
-1.001773609887309857e-25
-1.392693330461662335e-24
-1.663852887834929060e-23
-1.751881695568879767e-22
-1.661542285734377974e-21
-1.464911338302511631e-20
-1.236963239110620808e-19
-9.611999974235442077e-19
-5.923100961437466787e-18
-2.500262086466203731e-17
-8.401345492125759562e-17
-5.161280993586720724e-16
-4.343921000164124590e-16
9.422460409038942789e-17
4.165697810351789982e-16
1.151549008222087554e-16
2.952030651699889469e-17
8.195867467817050540e-18
4.433640206116430549e-18
8.195867467817953416e-18
2.952030651700018275e-17
1.151549008222039730e-16
4.165697810351776177e-16
9.422460409037162922e-17
-4.343921000164349415e-16
-5.161280993587251233e-16
-8.401345492126770290e-17
-2.500262086466317746e-17
-5.923100961437825010e-18
-9.611999974234856594e-19
-1.236963239110535826e-19
-1.464911338302662094e-20
-1.661542285733782703e-21
-1.751881695569294011e-22
-1.663852887835646993e-23
-1.392693330460682818e-24
-1.001773609887035613e-25
-5.901115750475217076e-27
-2.498368640956791662e-28
-3.151868701146080849e-30
6.649639728433376670e-31
8.188531209253186986e-32
5.999884250472895497e-33
3.283988274075698963e-34
1.395322808127528323e-35
4.420540929319737388e-37
8.093609220362880764e-39
-1.321077386822388646e-40
-7.022894995935226976e-41
4.285096934299315029e-39
2.342129028368787768e-37
7.394510595849568887e-36
1.740355787149080656e-34
3.177923174029861828e-33
4.326481379419783357e-32
3.465999387356044931e-31
-1.861186918503309939e-30
-1.374572168674088727e-28
-3.239871030570788259e-27
-5.525321086347190431e-26
-7.746691764215250364e-25
-9.370736862893857662e-24
-1.004233959868829524e-22
-9.771945427245355621e-22
-8.950780752373439225e-21
-7.968484672400666597e-20
-6.545340579662608540e-19
-4.132240645593450299e-18
-1.608420078691540118e-17
-4.006767800482191821e-17
-3.297089851275776154e-16
-2.687200373680196749e-16
8.790556191167586219e-17
2.811028439448322284e-16
8.132956695241601007e-17
2.226366573687455534e-17
7.056543619730307321e-18
4.139638400276417133e-18
7.056543619733190053e-18
2.226366573688072756e-17
8.132956695242250584e-17
2.811028439448548588e-16
8.790556191168074327e-17
-2.687200373680263309e-16
-3.297089851276008375e-16
-4.006767800482731698e-17
-1.608420078691674470e-17
-4.132240645593481885e-18
-6.545340579662682688e-19
-7.968484672400236874e-20
-8.950780752372261098e-21
-9.771945427245035886e-22
-1.004233959868699984e-22
-9.370736862903207250e-24
-7.746691764212885600e-25
-5.525321086346852936e-26
-3.239871030586063802e-27
-1.374572168682697856e-28
-1.861186918538527372e-30
3.465999387419823279e-31
4.326481379426444998e-32
3.177923174040506359e-33
1.740355787145297945e-34
7.394510595818276158e-36
2.342129028372895473e-37
4.285096934400432452e-39
-7.022894997938214044e-41
-2.815631453229668434e-41
1.713611232954179838e-39
9.370895925299025944e-38
2.959213545419282670e-36
6.965678282543111157e-35
1.271803796704289399e-33
1.729555383438416413e-32
1.375609172126872486e-31
-7.879779443785151058e-31
-5.624470434345265363e-29
-1.325611658696721179e-27
-2.269542150776694938e-26
-3.203189387234078253e-25
-3.913427294946926607e-24
-4.256241231828769933e-23
-4.234169488455130517e-22
-4.006241338940971960e-21
-3.721702345385926629e-20
-3.190133610311886737e-19
-2.050701139579260237e-18
-7.443544735526804238e-18
-1.226955725241838509e-17
-1.482746013438986571e-16
-1.209944249998624047e-16
4.607115761213174303e-17
1.305958884017547825e-16
4.032132443818458149e-17
1.139747922770451605e-17
3.880601268704053598e-18
2.355535809568531101e-18
3.880601268706232209e-18
1.139747922771020909e-17
4.032132443819166891e-17
1.305958884017720881e-16
4.607115761213651318e-17
-1.209944249998724627e-16
-1.482746013439061019e-16
-1.226955725241985342e-17
-7.443544735527104683e-18
-2.050701139579229037e-18
-3.190133610312535294e-19
-3.721702345387198947e-20
-4.006241338938494583e-21
-4.234169488453904712e-22
-4.256241231827096617e-23
-3.913427294948218181e-24
-3.203189387234766101e-25
-2.269542150776513276e-26
-1.325611658705955669e-27
-5.624470434323836707e-29
-7.879779444032209611e-31
1.375609172107163661e-31
1.729555383431444680e-32
1.271803796704104316e-33
6.965678282552044606e-35
2.959213545418824959e-36
9.370895925280698713e-38
1.713611232989969175e-39
-2.815631454241268033e-41
-7.319325190140877929e-42
4.448625409997264868e-40
2.433332574093067335e-38
7.684811368101496111e-37
1.808950944462732778e-35
3.302288981818395281e-34
4.487338732517277720e-33
3.552897639706921658e-32
-2.112120063829499677e-31
-1.478426198923815963e-29
-3.482970634754946505e-28
-5.973692732585745066e-27
-8.459370313631432468e-26
-1.039103651738233857e-24
-1.139947753341890386e-23
-1.149336268083333191e-22
-1.108163858856639261e-21
-1.052497304110728844e-20
-9.203129175142669057e-20
-5.966357289218880844e-19
-2.105459885968618068e-18
-2.713634185244070547e-18
-4.225798955744227744e-17
-3.442855698873297982e-17
1.289573245168941879e-17
3.635247000243313721e-17
1.186392601349532095e-17
3.347697470724828673e-18
1.165786471162274441e-18
7.143413302556865327e-19
1.165786471163021124e-18
3.347697470726901744e-18
1.186392601349827456e-17
3.635247000243758688e-17
1.289573245169280381e-17
-3.442855698873537105e-17
-4.225798955744632651e-17
-2.713634185244319377e-18
-2.105459885968723224e-18
-5.966357289218727732e-19
-9.203129175144673228e-20
-1.052497304111848141e-20
-1.108163858855721623e-21
-1.149336268082095865e-22
-1.139947753340508593e-23
-1.039103651737094913e-24
-8.459370313639375090e-26
-5.973692732578048103e-27
-3.482970634791773526e-28
-1.478426198907722050e-29
-2.112120063894263751e-31
3.552897639580476367e-32
4.487338732480628428e-33
3.302288981803576618e-34
1.808950944465088286e-35
7.684811368122186651e-37
2.433332574091030918e-38
4.448625410044645919e-40
-7.319325193027023919e-42
