-1.309136846038575889e-45
4.751360438329211708e-43
2.217594783649412423e-41
6.599796306864380767e-40
1.498437038489731372e-38
2.721232154886448724e-37
4.011733507020919616e-36
4.811330745904555748e-35
4.670538440288281525e-34
3.626037150044108863e-33
2.199079741583114283e-32
9.885200178486581068e-32
2.790906439171507623e-31
2.106524995980048931e-32
-4.913677616526646823e-30
-3.229239295768325692e-29
-1.326651328406732380e-28
-4.065341473116558396e-28
-9.834965111952423462e-28
-1.928996668608597307e-27
-3.114023877541466310e-27
-4.177110594724101222e-27
-4.685892330811771337e-27
-4.417603331380569834e-27
-3.517008308480436726e-27
-2.383004293939198559e-27
-1.399080034940159570e-27
-7.472043826228667385e-28
-4.148388446528953929e-28
-3.179898830862044456e-28
-4.148388446530544907e-28
-7.472043826235189140e-28
-1.399080034939459325e-27
-2.383004293938388183e-27
-3.517008308481236700e-27
-4.417603331380942916e-27
-4.685892330812698302e-27
-4.177110594723017132e-27
-3.114023877540806601e-27
-1.928996668608219561e-27
-9.834965111954014440e-28
-4.065341473114511827e-28
-1.326651328407342673e-28
-3.229239295768147447e-29
-4.913677616534910280e-30
2.106524995980781875e-32
2.790906439172249435e-31
9.885200178484595166e-32
2.199079741582838950e-32
3.626037150044362027e-33
4.670538440288215668e-34
4.811330745903384008e-35
4.011733507025060396e-36
2.721232154886550206e-37
1.498437038489057700e-38
6.599796306862178477e-40
2.217594783647764274e-41
4.751360438346513483e-43
-1.309136846184212960e-45
-4.442913213503005274e-45
1.607601970548092008e-42
7.504380090345222320e-41
2.233698378967446105e-39
5.072329114077561840e-38
9.213594177918218761e-37
1.358668260015792828e-35
1.630013826857576361e-34
1.582958075278131935e-33
1.229565762534182711e-32
7.461739062492449859e-32
3.357341494651004994e-31
9.498346437591878746e-31
8.618866779479917497e-32
-1.662422436130081375e-29
-1.094900363440476028e-28
-4.502593390037035468e-28
-1.380722113574027881e-27
-3.342190634840398139e-27
-6.558562948396885348e-27
-1.059246328085905651e-26
-1.421449438033484554e-26
-1.595187310803953803e-26
-1.504365039965431217e-26
-1.198035657983818526e-26
-8.119599293896369315e-27
-4.768181674420193627e-27
-2.547064393923060718e-27
-1.414333254825585495e-27
-1.084213654771879392e-27
-1.414333254825386577e-27
-2.547064393923020540e-27
-4.768181674419942514e-27
-8.119599293896012018e-27
-1.198035657983968046e-26
-1.504365039965570979e-26
-1.595187310803938593e-26
-1.421449438033256687e-26
-1.059246328085735038e-26
-6.558562948396647150e-27
-3.342190634840692300e-27
-1.380722113573311493e-27
-4.502593390039698159e-28
-1.094900363440767049e-28
-1.662422436129889958e-29
8.618866779463478515e-32
9.498346437596503031e-31
3.357341494651679807e-31
7.461739062489686674e-32
1.229565762534320788e-32
1.582958075278126461e-33
1.630013826857408939e-34
1.358668260016246129e-35
9.213594177919399789e-37
5.072329114077187027e-38
2.233698378966933868e-39
7.504380090342326716e-41
1.607601970551945697e-42
-4.442913213893164062e-45
-1.094239553914779926e-44
3.935820115943548599e-42
1.837887079240617027e-40
5.472151865952326796e-39
1.243084751523191019e-37
2.259041135425214835e-36
3.333185102060650915e-35
4.001696424312609734e-34
3.889501481023672373e-33
3.024332602065619935e-32
1.837782101561869177e-31
8.284768178075509575e-31
2.353371371085342926e-30
2.827176049386904707e-31
-4.072495635267314670e-29
-2.693748487838732927e-28
-1.109965431346232032e-27
-3.408504085521802609e-27
-8.260215280057320828e-27
-1.622595322131510584e-26
-2.622990085514511655e-26
-3.522832655249375289e-26
-3.956366065108941056e-26
-3.733571951460849955e-26
-2.975022377363449551e-26
-2.017298650502900215e-26
-1.185155344340583266e-26
-6.333214620427602527e-27
-3.517705093649900204e-27
-2.696941524734293429e-27
-3.517705093649923881e-27
-6.333214620426270912e-27
-1.185155344340674671e-26
-2.017298650503070398e-26
-2.975022377363261288e-26
-3.733571951460794280e-26
-3.956366065108978365e-26
-3.522832655249125037e-26
-2.622990085514350943e-26
-1.622595322131419322e-26
-8.260215280057896235e-27
-3.408504085521821263e-27
-1.109965431346423774e-27
-2.693748487838548180e-28
-4.072495635269164944e-29
2.827176049402041357e-31
2.353371371084222588e-30
8.284768178075453523e-31
1.837782101561570745e-31
3.024332602065474331e-32
3.889501481024192387e-33
4.001696424312749145e-34
3.333185102059942098e-35
2.259041135425682903e-36
1.243084751523319646e-37
5.472151865952531691e-39
1.837887079240394758e-40
3.935820115948775852e-42
-1.094239553975326504e-44
-2.431447246880901158e-44
8.667068847789634112e-42
4.049201050716745919e-40
1.206114678907118475e-38
2.741260967398399522e-37
4.984831288020145159e-36
7.360903119801525701e-35
8.845872580500460602e-34
8.608146254663777215e-33
6.703259739851441980e-32
4.081113408063180749e-31
1.844954586656208150e-30
5.272780396252688127e-30
8.712579287708158762e-31
-8.962330764781408131e-29
-5.967586287566822350e-28
-2.466387927516010960e-27
-7.589925690021576372e-27
-1.842584621370233242e-26
-3.625119070295145064e-26
-5.868455979782225995e-26
-7.891842339068297148e-26
-8.873243242447048517e-26
-8.381992459743270864e-26
-6.684824760182052769e-26
-4.536232490796447889e-26
-2.666743844401926752e-26
-1.425822157082435850e-26
-7.922640496149594885e-27
-6.075001922481835057e-27
-7.922640496146577228e-27
-1.425822157081651804e-26
-2.666743844401290792e-26
-4.536232490795292484e-26
-6.684824760181629177e-26
-8.381992459743519968e-26
-8.873243242447614454e-26
-7.891842339068741403e-26
-5.868455979782639255e-26
-3.625119070295180650e-26
-1.842584621370181011e-26
-7.589925690021463012e-27
-2.466387927515690253e-27
-5.967586287567804380e-28
-8.962330764782016855e-29
8.712579287626576917e-31
5.272780396256704949e-30
1.844954586655926839e-30
4.081113408062612347e-31
6.703259739851329219e-32
8.608146254664757029e-33
8.845872580500385337e-34
7.360903119800827575e-35
4.984831288020444509e-36
2.741260967398706472e-37
1.206114678907341902e-38
4.049201050716807094e-40
8.667068847797101252e-42
-2.431447246954921186e-44
-4.917599345045115623e-44
1.732280677156722677e-41
8.098388914724411053e-40
2.413551809057778517e-38
5.489202806376560188e-37
9.990257185839875743e-36
1.476780526627298615e-34
1.777010679870990100e-33
1.732004429274432267e-32
1.351378838694787722e-31
8.248398557124269664e-31
3.742773870511849322e-30
1.078250552587344852e-29
2.415875827528824680e-30
-1.789530170955996987e-28
-1.202302787493850918e-27
-4.989279406395863565e-27
-1.539762913795908954e-26
-3.746902655443167489e-26
-7.387248351186418245e-26
-1.198171419975898947e-25
-1.614099275511024432e-25
-1.817624987162570855e-25
-1.719282546022364249e-25
-1.372722108979069131e-25
-9.324164716510148758e-26
-5.486040837237266091e-26
-2.935241748578810949e-26
-1.631776159618678847e-26
-1.251457642443920004e-26
-1.631776159618178057e-26
-2.935241748577873079e-26
-5.486040837236453347e-26
-9.324164716510116615e-26
-1.372722108979043417e-25
-1.719282546022336699e-25
-1.817624987162622972e-25
-1.614099275511116726e-25
-1.198171419976086980e-25
-7.387248351185450528e-26
-3.746902655443424054e-26
-1.539762913795556823e-26
-4.989279406397928429e-27
-1.202302787494383636e-27
-1.789530170954706447e-28
2.415875827488149540e-30
1.078250552588812292e-29
3.742773870512320158e-30
8.248398557123884307e-31
1.351378838694668173e-31
1.732004429274674483e-32
1.777010679870898414e-33
1.476780526627349076e-34
9.990257185839734087e-36
5.489202806377201652e-37
2.413551809058204489e-38
8.098388914725752003e-40
1.732280677157609456e-41
-4.917599345097537308e-44
-9.368872792320825690e-44
3.252722812347005343e-41
1.521875967517588375e-39
4.538723866331563205e-38
1.033112942851877234e-36
1.882225972399931506e-35
2.786002173522042042e-34
3.357824189196805653e-33
3.279260110840986530e-32
2.564863746511315322e-31
1.570452937706896450e-30
7.159018041441698457e-30
2.082753778201805626e-29
6.155880322475926246e-30
-3.355303493449282821e-28
-2.280183433224084403e-27
-9.510815952943277827e-27
-2.945773654777875048e-26
-7.189853476557005150e-26
-1.421323037581669864e-25
-2.310950793855584414e-25
-3.120056378104076361e-25
-3.520307603282282852e-25
-3.335362515455473587e-25
-2.666756839312296649e-25
-1.813528372044146205e-25
-1.068105701474253237e-25
-5.719588001888646046e-26
-3.181558283528850942e-26
-2.440573781069023982e-26
-3.181558283530077520e-26
-5.719588001889782510e-26
-1.068105701474266553e-25
-1.813528372043995594e-25
-2.666756839312445881e-25
-3.335362515455254100e-25
-3.520307603282227751e-25
-3.120056378104006566e-25
-2.310950793856010531e-25
-1.421323037581597773e-25
-7.189853476558159981e-26
-2.945773654777229329e-26
-9.510815952944223445e-27
-2.280183433223972120e-27
-3.355303493452976868e-28
6.155880322506399583e-30
2.082753778203476254e-29
7.159018041441042649e-30
1.570452937706899953e-30
2.564863746511434432e-31
3.279260110840792756e-32
3.357824189196714651e-33
2.786002173521748252e-34
1.882225972400019440e-35
1.033112942851868380e-36
4.538723866332587417e-38
1.521875967517792291e-39
3.252722812348179388e-41
-9.368872792259732606e-44
-1.709892529869332276e-43
5.836273711686173973e-41
2.733296561004147824e-39
8.158198515574156647e-38
1.858826085682799152e-36
3.390836343017985649e-35
5.026859174108551737e-34
6.070317474586775460e-33
5.942303643504215920e-32
4.661324692515898302e-31
2.864850462894202745e-30
1.313144514915281471e-29
3.864500252639080296e-29
1.463127751613866689e-29
-6.007554447148616427e-28
-4.140305175776071403e-27
-1.737731418113949373e-26
-5.405875617196890216e-26
-1.324259717198008057e-25
-2.626440292594777708e-25
-4.283181172384092260e-25
-5.798458518401941365e-25
-6.557739319384331548e-25
-6.225529637061458437e-25
-4.985717854914345339e-25
-3.395198045005330215e-25
-2.002006315604302213e-25
-1.073102581325391179e-25
-5.973361605622327747e-26
-4.583362910921542164e-26
-5.973361605622832842e-26
-1.073102581325427684e-25
-2.002006315604049895e-25
-3.395198045005027617e-25
-4.985717854914464726e-25
-6.225529637061673332e-25
-6.557739319384375629e-25
-5.798458518401753102e-25
-4.283181172384219911e-25
-2.626440292594971021e-25
-1.324259717197826682e-25
-5.405875617196181934e-26
-1.737731418114234637e-26
-4.140305175779916297e-27
-6.007554447150404708e-28
1.463127751616744675e-29
3.864500252639620076e-29
1.313144514915050537e-29
2.864850462894694250e-30
4.661324692516062954e-31
5.942303643503436448e-32
6.070317474586218499e-33
5.026859174108711676e-34
3.390836343017719442e-35
1.858826085683008630e-36
8.158198515575907517e-38
2.733296561004352718e-39
5.836273711686949873e-41
-1.709892529834942001e-43
-3.017788511010132088e-43
1.010323938066146352e-40
4.736918635064145068e-39
1.415179231433259395e-37
3.228149926980615130e-36
5.897274824416254349e-35
8.758483324207035978e-34
1.060022138005965286e-32
1.040513186277200858e-31
8.189748369502028745e-31
5.055382156549705609e-30
2.331914419200550912e-29
6.953048066034029792e-29
3.281520457582719152e-29
-1.036828059077483705e-27
-7.267077623882546655e-27
-3.072631470633383031e-26
-9.608277426611161160e-26
-2.363948497945249450e-25
-4.706845111518860032e-25
-7.703474739152782377e-25
-1.046250030622914477e-24
-1.186552903626244747e-24
-1.129035563716978388e-24
-9.058728604609203869e-25
-6.178343926978564031e-25
-3.647883455530210598e-25
-1.957453976290366626e-25
-1.090454503246289121e-25
-8.369507662148779319e-26
-1.090454503246419068e-25
-1.957453976290783788e-25
-3.647883455531087627e-25
-6.178343926979405244e-25
-9.058728604609108360e-25
-1.129035563717075366e-24
-1.186552903626320787e-24
-1.046250030622904007e-24
-7.703474739152426056e-25
-4.706845111518995948e-25
-2.363948497945286184e-25
-9.608277426610765119e-26
-3.072631470632853828e-26
-7.267077623882563875e-27
-1.036828059079374763e-27
3.281520457635017852e-29
6.953048066021360933e-29
2.331914419202192953e-29
5.055382156548418517e-30
8.189748369501026816e-31
1.040513186277211149e-31
1.060022138005835967e-32
8.758483324207904947e-34
5.897274824415736902e-35
3.228149926981158369e-36
1.415179231433382593e-37
4.736918635064014562e-39
1.010323938066119027e-40
-3.017788510930459172e-43
-5.180175031479865120e-43
1.697508093626734204e-40
7.968829245371732398e-39
2.383259300472150154e-37
5.443479504247326706e-36
9.960633337662631617e-35
1.482370768417067936e-33
1.798640243204249175e-32
1.771032353296451125e-31
1.399317766906756571e-30
8.680481661144091168e-30
4.032776406379369257e-29
1.220055311741696687e-28
7.007578341474953198e-29
-1.734625966072864115e-27
-1.240261799386217999e-26
-5.289165422445316656e-26
-1.663952421099729868e-25
-4.114684713873688380e-25
-8.230463793496710892e-25
-1.352755797314216114e-24
-1.844246446498581964e-24
-2.098346564475278493e-24
-2.001854881580217093e-24
-1.609481015120203039e-24
-1.099545141358557314e-24
-6.501193132795198784e-25
-3.492647886208630437e-25
-1.947310690220340001e-25
-1.495078726459641795e-25
-1.947310690220471556e-25
-3.492647886208036261e-25
-6.501193132793998494e-25
-1.099545141358423234e-24
-1.609481015120116897e-24
-2.001854881580240970e-24
-2.098346564475187760e-24
-1.844246446498711268e-24
-1.352755797314215195e-24
-8.230463793497125070e-25
-4.114684713872839820e-25
-1.663952421099724817e-25
-5.289165422443411069e-26
-1.240261799387508288e-26
-1.734625966074455093e-27
7.007578341522943747e-29
1.220055311740383951e-28
4.032776406381458312e-29
8.680481661141095192e-30
1.399317766906702972e-30
1.771032353296392008e-31
1.798640243204266965e-32
1.482370768417213676e-33
9.960633337662695763e-35
5.443479504247624720e-36
2.383259300472267087e-37
7.968829245370722281e-39
1.697508093626749090e-40
-5.180175031337625909e-43
-8.680603112474562714e-43
2.779080598031179310e-40
1.306447770543908422e-38
3.911842373427648287e-37
8.947725810625748301e-36
1.640272765380150207e-34
2.446695083450466198e-33
2.977112925738969285e-32
2.941598864897816622e-31
2.334178785083314342e-30
1.455970681875128028e-29
6.817973846517477496e-29
2.095655426258938988e-28
1.434780937667902636e-28
-2.823036049782188976e-27
-2.066152319728270587e-26
-8.898411143898490756e-26
-2.818859079944585639e-25
-7.011555702655724495e-25
-1.410021755229526737e-24
-2.329009741103395063e-24
-3.189304242389155060e-24
-3.642259429875037801e-24
-3.484935821809141468e-24
-2.808092198756134663e-24
-1.921740370465574981e-24
-1.137911433487389317e-24
-6.120711514823984347e-25
-3.415562326769421373e-25
-2.623210017570059459e-25
-3.415562326769204642e-25
-6.120711514823847512e-25
-1.137911433487560315e-24
-1.921740370465662408e-24
-2.808092198756224662e-24
-3.484935821809381709e-24
-3.642259429874795355e-24
-3.189304242388742167e-24
-2.329009741103397634e-24
-1.410021755229604063e-24
-7.011555702652733413e-25
-2.818859079943243463e-25
-8.898411143903966447e-26
-2.066152319725898362e-26
-2.823036049787766906e-27
1.434780937697617787e-28
2.095655426252587182e-28
6.817973846519006593e-29
1.455970681874767614e-29
2.334178785083157046e-30
2.941598864897558258e-31
2.977112925739578522e-32
2.446695083450187033e-33
1.640272765380437583e-34
8.947725810625432915e-36
3.911842373427601514e-37
1.306447770543905029e-38
2.779080598030745785e-40
-8.680603112260291852e-43
-1.423608140006547324e-42
4.445434330170096575e-40
2.093011376920125698e-38
6.275126142399877437e-37
1.437607104106411759e-35
2.640668845956414483e-34
3.948840287066306738e-33
4.819872628144726520e-32
4.780591378201792026e-31
3.811377500865087679e-30
2.391837931809022241e-29
1.129806816092247760e-28
3.532494560535455818e-28
2.831953826912092490e-28
-4.478891871372525617e-27
-3.368458118221209362e-26
-1.467062319533337821e-25
-4.684160168663568014e-25
-1.172982627244508739e-24
-2.373521680038070107e-24
-3.943145927230313041e-24
-5.427524149724694371e-24
-6.224737598661478157e-24
-5.975076626176520304e-24
-4.825834954878343510e-24
-3.308401425057075982e-24
-1.961836321704882578e-24
-1.056547578669984831e-24
-5.901087659746783897e-25
-4.533629142781622956e-25
-5.901087659746948283e-25
-1.056547578670015687e-24
-1.961836321704981760e-24
-3.308401425057039982e-24
-4.825834954878171594e-24
-5.975076626176470346e-24
-6.224737598661143876e-24
-5.427524149725152814e-24
-3.943145927229407911e-24
-2.373521680038105372e-24
-1.172982627244745307e-24
-4.684160168660559483e-25
-1.467062319534324594e-25
-3.368458118220050512e-26
-4.478891871382876482e-27
2.831953826926712629e-28
3.532494560532312425e-28
1.129806816092584968e-28
2.391837931808301133e-29
3.811377500864501936e-30
4.780591378202208912e-31
4.819872628144976674e-32
3.948840287066190420e-33
2.640668845956757025e-34
1.437607104106493011e-35
6.275126142399098159e-37
2.093011376920452746e-38
4.445434330168803749e-40
-1.423608139986088359e-42
-2.288839723823176447e-42
6.961477550780190461e-40
3.283073870118146585e-38
9.856886063491634840e-37
2.262046248507235217e-35
4.164083282149361828e-34
6.243970782682563528e-33
7.647075967274546027e-32
7.616340209238979538e-31
6.103508148726083288e-30
3.855613710272814653e-29
1.838440546202815545e-28
5.853471220484286559e-28
5.411564277098490292e-28
-6.935539723568998294e-27
-5.383746541436770883e-26
-2.374689850020081549e-25
-7.649988863447351539e-25
-1.930425756192310801e-24
-3.934250161690054933e-24
-6.579973749678654625e-24
-9.111123070271500108e-24
-1.049992339401794239e-23
-1.011421804903038252e-23
-8.188350147621429777e-24
-5.623096723561009310e-24
-3.338992618803306628e-24
-1.800324646511357604e-24
-1.006382572772827963e-24
-7.734196499614936767e-25
-1.006382572772736128e-24
-1.800324646511335196e-24
-3.338992618802463946e-24
-5.623096723560226872e-24
-8.188350147620814112e-24
-1.011421804903053681e-23
-1.049992339401800851e-23
-9.111123070271951204e-24
-6.579973749678026470e-24
-3.934250161690287828e-24
-1.930425756192413289e-24
-7.649988863445143814e-25
-2.374689850019998438e-25
-5.383746541433765567e-26
-6.935539723570226594e-27
5.411564277104838959e-28
5.853471220490283668e-28
1.838440546203333241e-28
3.855613710272472176e-29
6.103508148725722454e-30
7.616340209239878996e-31
7.647075967275231349e-32
6.243970782682686689e-33
4.164083282149987897e-34
2.262046248507300166e-35
9.856886063491061866e-37
3.283073870118509914e-38
6.961477550779399267e-40
-2.288839723825187566e-42
-3.612023512243512171e-42
1.068781205336063661e-39
5.049427044701561599e-38
1.518285334875676747e-36
3.490708664283865854e-35
6.440889639722969104e-34
9.686406902701690021e-33
1.190635355459313089e-31
1.191175867197324308e-30
9.598840356844972781e-30
6.106916992714646482e-29
2.941454293453504185e-28
9.546420532182568025e-28
1.004532958903284787e-27
-1.048617748773160901e-26
-8.445622532517804647e-26
-3.778805870261629233e-25
-1.229615929315751027e-24
-3.130109836361785514e-24
-6.432184114100035367e-24
-1.084207609384280907e-23
-1.511686991860200903e-23
-1.751663087558252982e-23
-1.693712104063117915e-23
-1.374447411622892362e-23
-9.452947754499284926e-24
-5.619863500710024429e-24
-3.033295479801625679e-24
-1.696921829485412323e-24
-1.304486031394646641e-24
-1.696921829485279712e-24
-3.033295479801620536e-24
-5.619863500710538708e-24
-9.452947754500300259e-24
-1.374447411622889129e-23
-1.693712104063034455e-23
-1.751663087558383168e-23
-1.511686991860078064e-23
-1.084207609384337771e-23
-6.432184114100345403e-24
-3.130109836362243957e-24
-1.229615929315563682e-24
-3.778805870263130743e-25
-8.445622532525174446e-26
-1.048617748771460796e-26
1.004532958906002006e-27
9.546420532189435957e-28
2.941454293454535092e-28
6.106916992711341660e-29
9.598840356843005358e-30
1.191175867197548340e-30
1.190635355459230325e-31
9.686406902702504252e-33
6.440889639723035816e-34
3.490708664284287617e-35
1.518285334875594559e-36
5.049427044701751615e-38
1.068781205336149469e-39
-3.612023512292696653e-42
-5.599742036497887583e-42
1.610444793068491930e-39
7.622932336817428533e-38
2.295761402172262116e-36
5.288549206159610222e-35
9.782485216703155902e-34
1.475795501622183788e-32
1.821088976713230861e-31
1.830667550000064147e-30
1.483992893578269912e-29
9.513511611377086798e-29
4.631821059549330696e-28
1.533667649160245091e-27
1.816277655271858285e-27
-1.547516629258843903e-26
-1.301321917903927199e-25
-5.916665784747603269e-25
-1.947134430173534205e-24
-5.006287386562966612e-24
-1.038657910102916941e-23
-1.766803980412769779e-23
-2.483279783712796718e-23
-2.895369942715613579e-23
-2.810910023498757623e-23
-2.286165753457342611e-23
-1.574265733099881334e-23
-9.367568647885523175e-24
-5.060274777455240134e-24
-2.832665068809279068e-24
-2.178090476228585126e-24
-2.832665068808861033e-24
-5.060274777454188066e-24
-9.367568647883784912e-24
-1.574265733099738512e-23
-2.286165753457099578e-23
-2.810910023498772317e-23
-2.895369942715812238e-23
-2.483279783712671822e-23
-1.766803980412837076e-23
-1.038657910102912092e-23
-5.006287386562755757e-24
-1.947134430172842867e-24
-5.916665784747156949e-25
-1.301321917905235166e-25
-1.547516629255639705e-26
1.816277655269491728e-27
1.533667649161102282e-27
4.631821059546599845e-28
9.513511611376700040e-29
1.483992893578064482e-29
1.830667550000243864e-30
1.821088976713185319e-31
1.475795501622277938e-32
9.782485216702148377e-34
5.288549206160704986e-35
2.295761402172157878e-36
7.622932336816608955e-38
1.610444793068808407e-39
-5.599742036611640718e-42
-8.533564994995037876e-42
2.383576008886833753e-39
1.130507468739962440e-37
3.410434216916153417e-36
7.872571705419682494e-35
1.460062226935186217e-33
2.209978046178703127e-32
2.738313187370886985e-31
2.766754829167128960e-30
2.257014470831626563e-29
1.458667651467898817e-28
7.183087741428057879e-28
2.428515688417163600e-27
3.205646642594273800e-27
-2.226613394894342445e-26
-1.970118188560996313e-25
-9.120429281421374760e-25
-3.039822003625803503e-24
-7.905248928933416133e-24
-1.658468972605640495e-23
-2.851475724191895762e-23
-4.045489621847186180e-23
-4.750034537343657978e-23
-4.631204471936715256e-23
-3.774192710342246076e-23
-2.600933588798891263e-23
-1.548377406296808782e-23
-8.368309688294672707e-24
-4.686399685112378920e-24
-3.604031858115205530e-24
-4.686399685112097536e-24
-8.368309688294574259e-24
-1.548377406296720326e-23
-2.600933588798955621e-23
-3.774192710342334826e-23
-4.631204471936621804e-23
-4.750034537343186605e-23
-4.045489621847394830e-23
-2.851475724192015075e-23
-1.658468972605746290e-23
-7.905248928932223006e-24
-3.039822003624263973e-24
-9.120429281435917830e-25
-1.970118188560780729e-25
-2.226613394893392522e-26
3.205646642585825293e-27
2.428515688417065307e-27
7.183087741426553894e-28
1.458667651468011369e-28
2.257014470831603582e-29
2.766754829167186763e-30
2.738313187371105938e-31
2.209978046178628957e-32
1.460062226935133873e-33
7.872571705420868132e-35
3.410434216915823330e-36
1.130507468739855529e-37
2.383576008886801453e-39
-8.533564995171702848e-42
-1.278854838022216671e-41
3.467452702221329361e-39
1.648028318961612065e-37
4.980437035670464589e-36
1.152166682126287918e-34
2.142738409508781896e-33
3.254611583273762101e-32
4.050224043325953801e-31
4.114301693016701733e-30
3.378735362316581827e-29
2.202348485624425228e-28
1.097598726523928275e-27
3.791746739067288250e-27
5.532421126498810433e-27
-3.116951981787504514e-26
-2.930580745414692335e-25
-1.384482314422747070e-24
-4.680904747968152202e-24
-1.233312699062777905e-23
-2.621298439206703538e-23
-4.564063715401341058e-23
-6.546372225573513325e-23
-7.747812783000768251e-23
-7.587821641213351610e-23
-6.193748884476144789e-23
-4.268910760147099964e-23
-2.540946865670523455e-23
-1.373300581346526410e-23
-7.691547915205121682e-24
-5.915373984239343664e-24
-7.691547915205979793e-24
-1.373300581346654539e-23
-2.540946865670366527e-23
-4.268910760147062348e-23
-6.193748884476115401e-23
-7.587821641213328100e-23
-7.747812783000493186e-23
-6.546372225572764536e-23
-4.564063715401054237e-23
-2.621298439207040024e-23
-1.233312699063062080e-23
-4.680904747970326131e-24
-1.384482314421912102e-24
-2.930580745414488460e-25
-3.116951981775622149e-26
5.532421126468049129e-27
3.791746739068356555e-27
1.097598726524001277e-27
2.202348485624214472e-28
3.378735362316519049e-29
4.114301693017184481e-30
4.050224043325903004e-31
3.254611583273791112e-32
2.142738409508853740e-33
1.152166682126301816e-34
4.980437035670306228e-36
1.648028318961534179e-37
3.467452702220457580e-39
-1.278854838043328835e-41
-1.885229703580532001e-41
4.960187433172854106e-39
2.362650141100667664e-37
7.153200462220498204e-36
1.658551369882180689e-34
3.093384545613453888e-33
4.715687901056756403e-32
5.895177818126324368e-31
6.022201072061454521e-30
4.980246317296821596e-29
3.275501920630977243e-28
1.653034171659187880e-27
5.838865981525470035e-27
9.349237784610143057e-27
-4.230407270759921841e-26
-4.281745883128247639e-25
-2.069662109412107861e-24
-7.111429445124188697e-24
-1.902160215371450350e-23
-4.105192066114372575e-23
-7.255027802382087126e-23
-1.054002073022083520e-22
-1.258719389575012475e-22
-1.238443456600856554e-22
-1.012016192518414906e-22
-6.970126907340694921e-23
-4.144702563329259295e-23
-2.238701197272447727e-23
-1.253452236779224325e-23
-9.638901431524874922e-24
-1.253452236779207574e-23
-2.238701197272365443e-23
-4.144702563329134692e-23
-6.970126907340678464e-23
-1.012016192518410321e-22
-1.238443456600872541e-22
-1.258719389575011064e-22
-1.054002073022123839e-22
-7.255027802381875537e-23
-4.105192066115003815e-23
-1.902160215371693090e-23
-7.111429445122623821e-24
-2.069662109411392646e-24
-4.281745883135625703e-25
-4.230407270731425860e-26
9.349237784566729261e-27
5.838865981523464720e-27
1.653034171660375643e-27
3.275501920630962445e-28
4.980246317297428078e-29
6.022201072062068991e-30
5.895177818127389355e-31
4.715687901055868001e-32
3.093384545614341332e-33
1.658551369881622616e-34
7.153200462220911146e-36
2.362650141100434633e-37
4.960187433171763075e-39
-1.885229703600731132e-41
-2.734251266408785078e-41
6.979885400344504102e-39
3.332193349553092379e-37
1.010782115537672166e-35
2.349104458771190025e-34
4.394457300736891515e-33
6.724480547513278060e-32
8.446210947678701115e-31
8.678882712059224681e-30
7.229844553021326448e-29
4.799802459285476194e-28
2.454148027232089640e-27
8.868576226182591274e-27
1.548676665623294958e-26
-5.535698841459716986e-26
-6.140271379167590257e-25
-3.046127552239708838e-24
-1.066027672802914251e-23
-2.901742379547326974e-23
-6.376718011223309505e-23
-1.147018468958229395e-22
-1.691468815619175835e-22
-2.040636771968071207e-22
-2.017288252261219250e-22
-1.649104282648603295e-22
-1.133762320823885744e-22
-6.728094210736330826e-23
-3.628840248635443652e-23
-2.030024298536414437e-23
-1.560565765694505785e-23
-2.030024298536495840e-23
-3.628840248635698734e-23
-6.728094210737133688e-23
-1.133762320823936525e-22
-1.649104282648669828e-22
-2.017288252261123800e-22
-2.040636771968011962e-22
-1.691468815619171838e-22
-1.147018468958277825e-22
-6.376718011223233098e-23
-2.901742379546785659e-23
-1.066027672803010788e-23
-3.046127552239222110e-24
-6.140271379175146482e-25
-5.535698841447838065e-26
1.548676665621016003e-26
8.868576226184528429e-27
2.454148027232072421e-27
4.799802459286215183e-28
7.229844553021992345e-29
8.678882712061489179e-30
8.446210947678473404e-31
6.724480547513489349e-32
4.394457300737070783e-33
2.349104458770879129e-34
1.010782115537632743e-35
3.332193349553167551e-37
6.979885400342716168e-39
-2.734251266422051328e-41
-3.902000228597690614e-41
9.664436025410411650e-39
4.624534989687312941e-37
1.405550291595933178e-35
3.274452069826338744e-34
6.144418462775405020e-33
9.439108068683545918e-32
1.191396510700639908e-30
1.231668168489415561e-29
1.033827256259012001e-28
6.930536984630171491e-28
3.591912041432974555e-27
1.328650990516421999e-26
2.516594995937061872e-26
-6.919710334725238717e-26
-8.633062143015478107e-25
-4.411806148541750396e-24
-1.576641602816688141e-23
-4.380364762198176342e-23
-9.834978636971462359e-23
-1.806486863107766107e-22
-2.710745923177058122e-22
-3.307882246632137754e-22
-3.285682198731161533e-22
-2.684687189989197102e-22
-1.839994022708290244e-22
-1.088279224007830378e-22
-5.855127026955830889e-23
-3.270253586526199500e-23
-2.512503525323235715e-23
-3.270253586526170701e-23
-5.855127026955728621e-23
-1.088279224007833670e-22
-1.839994022708166817e-22
-2.684687189989182996e-22
-3.285682198731234884e-22
-3.307882246632275992e-22
-2.710745923177132883e-22
-1.806486863107804664e-22
-9.834978636972087722e-23
-4.380364762197775498e-23
-1.576641602816823029e-23
-4.411806148542241899e-24
-8.633062143017072372e-25
-6.919710334713799458e-26
2.516594995935115534e-26
1.328650990514918767e-26
3.591912041437758610e-27
6.930536984627661261e-28
1.033827256259333067e-28
1.231668168489512531e-29
1.191396510700563537e-30
9.439108068683483517e-32
6.144418462775440600e-33
3.274452069825968833e-34
1.405550291596098889e-35
4.624534989686960471e-37
9.664436025410834490e-39
-3.902000228593614338e-41
-5.479313868597134331e-41
1.316933065483916731e-38
6.316690252691665601e-37
1.923710686982283682e-35
4.492687261667286572e-34
8.457132254288287367e-33
1.304418795971522825e-31
1.654727014779891207e-30
1.721392381357858688e-29
1.456225970980740354e-28
9.860794025181475216e-28
5.182482496179578961e-27
1.963125846756487065e-26
4.013935609981786335e-26
-8.128782043160269973e-26
-1.188061501171842326e-24
-6.282931850126337125e-24
-2.300125337310442957e-23
-6.546346430860454804e-23
-1.507899705095100116e-22
-2.839081595163657696e-22
-4.346870419194801988e-22
-5.372360069332750592e-22
-5.361680970793710789e-22
-4.374297994337882811e-22
-2.984096481665150910e-22
-1.756393486873833248e-22
-9.414268913917944404e-23
-5.245139325346487244e-23
-4.026053081385458750e-23
-5.245139325346313858e-23
-9.414268913917683445e-23
-1.756393486873694774e-22
-2.984096481664960950e-22
-4.374297994337741752e-22
-5.361680970793960934e-22
-5.372360069332874724e-22
-4.346870419194656226e-22
-2.839081595163534034e-22
-1.507899705095241175e-22
-6.546346430858444709e-23
-2.300125337309827880e-23
-6.282931850129120843e-24
-1.188061501173443202e-24
-8.128782043141149822e-26
4.013935609965682407e-26
1.963125846758408723e-26
5.182482496179804245e-27
9.860794025186092102e-28
1.456225970980376465e-28
1.721392381358556815e-29
1.654727014779240304e-30
1.304418795971827169e-31
8.457132254286594588e-33
4.492687261667959681e-34
1.923710686982296779e-35
6.316690252691815109e-37
1.316933065483919863e-38
-5.479313868559633203e-41
-7.570890022228770276e-41
1.766287104136764324e-38
8.492619520491609561e-37
2.591676642531836298e-35
6.067971192740761620e-34
1.145947837185562671e-32
1.774769676216212528e-31
2.263014496853931893e-30
2.369328583568712946e-29
2.020498819525862042e-28
1.382373375901444560e-27
7.370170719460569340e-27
2.860013519718641836e-26
6.285876706053733638e-26
-8.684702992274766962e-26
-1.596617432081414506e-24
-8.788159117230628830e-24
-3.308704397138322050e-23
-9.690208188661318289e-23
-2.301234047688032627e-22
-4.460598694631914168e-22
-6.988758171774370076e-22
-8.759499090317116835e-22
-8.782741554185282373e-22
-7.146238284940668052e-22
-4.844202804636970558e-22
-2.832403216962394500e-22
-1.510221212683660243e-22
-8.384329959915241831e-23
-6.426979618975181526e-23
-8.384329959915126632e-23
-1.510221212683620981e-22
-2.832403216962400613e-22
-4.844202804637333550e-22
-7.146238284940475271e-22
-8.782741554185336915e-22
-8.759499090316767008e-22
-6.988758171774258169e-22
-4.460598694631828592e-22
-2.301234047688081997e-22
-9.690208188657802385e-23
-3.308704397138045221e-23
-8.788159117232697700e-24
-1.596617432076934404e-24
-8.684702992335792797e-26
6.285876706066815604e-26
2.860013519720434350e-26
7.370170719461837818e-27
1.382373375902256551e-27
2.020498819525996567e-28
2.369328583569056824e-29
2.263014496853568606e-30
1.774769676216192384e-31
1.145947837185568555e-32
6.067971192742060798e-34
2.591676642531603232e-35
8.492619520492785577e-37
1.766287104136404127e-38
-7.570890022151901169e-41
-1.029250893138603763e-40
2.331818284817783240e-38
1.123945230895458890e-36
3.437055451233908417e-35
8.067943506116602420e-34
1.528664198632841460e-32
2.377409702832584615e-31
3.047384462435642059e-30
3.211475681566935061e-29
2.761178923606566404e-28
1.909153302816462729e-27
1.032870809273694319e-26
4.107011854067736507e-26
9.665688155762767788e-26
-7.772016281380000453e-26
-2.088482390202587626e-24
-1.205469221720591237e-23
-4.690467282115876872e-23
-1.421492154070610640e-22
-3.500764831372729715e-22
-7.019324469211278579e-22
-1.128741873497521083e-21
-1.436454154856428775e-21
-1.446714176204762810e-21
-1.172596129877902500e-21
-7.884126657433020054e-22
-4.570718475639832215e-22
-2.420239304346513371e-22
-1.337192200564139810e-22
-1.023130997436481652e-22
-1.337192200564209870e-22
-2.420239304346367610e-22
-4.570718475639821871e-22
-7.884126657433101868e-22
-1.172596129877903629e-21
-1.446714176204711465e-21
-1.436454154856423132e-21
-1.128741873497549107e-21
-7.019324469211527784e-22
-3.500764831373269972e-22
-1.421492154070538935e-22
-4.690467282116044968e-23
-1.205469221720256515e-23
-2.088482390202320568e-24
-7.772016281504300945e-26
9.665688155741381597e-26
4.107011854079564919e-26
1.032870809273153637e-26
1.909153302817979450e-27
2.761178923606382553e-28
3.211475681567113867e-29
3.047384462435138643e-30
2.377409702832397629e-31
1.528664198633057129e-32
8.067943506117252437e-34
3.437055451233876878e-35
1.123945230895550599e-36
2.331818284817659781e-38
-1.029250893127995861e-40
-1.376584014808648106e-40
3.030160245478625017e-38
1.464188782571067955e-36
4.486938282620933482e-35
1.055972375322897199e-33
2.007460241016417245e-32
3.135285243562142875e-31
4.040259640165499588e-30
4.286144212278576620e-29
3.715916599699141079e-28
2.596929558188772104e-27
1.425955054864351123e-26
5.810679417614526041e-26
1.459157056946941763e-25
-4.098512849941469289e-26
-2.646660632098446880e-24
-1.618224432597947722e-23
-6.548053912529810290e-23
-2.067753421558405237e-22
-5.316788440684527458e-22
-1.108341151026508389e-21
-1.834410981766346414e-21
-2.372844498216270407e-21
-2.399964425193793280e-21
-1.935451451243549407e-21
-1.288483829538999696e-21
-7.392000344676551593e-22
-3.880011915554383645e-22
-2.130354240810700719e-22
-1.626051900065164416e-22
-2.130354240810785355e-22
-3.880011915554594293e-22
-7.392000344676557235e-22
-1.288483829538990292e-21
-1.935451451243502011e-21
-2.399964425193765444e-21
-2.372844498216286206e-21
-1.834410981766394187e-21
-1.108341151026463062e-21
-5.316788440684630901e-22
-2.067753421558832882e-22
-6.548053912529159066e-23
-1.618224432597944195e-23
-2.646660632088845295e-24
-4.098512850111182434e-26
1.459157056946530340e-25
5.810679417620853507e-26
1.425955054864210787e-26
2.596929558189708037e-27
3.715916599699257667e-28
4.286144212278815962e-29
4.040259640164609063e-30
3.135285243562320227e-31
2.007460241016657546e-32
1.055972375322850329e-33
4.486938282621383576e-35
1.464188782571040392e-36
3.030160245479004529e-38
-1.376584014796213323e-40
-1.811039713572183310e-40
3.875728522826638343e-38
1.877466384441092557e-36
5.765570698805906824e-35
1.360437483490910908e-33
2.594950094659377409e-32
4.070167416848014139e-31
5.273190012341457972e-30
5.631660660038951606e-29
4.923523968646076104e-28
3.478204255096830434e-27
1.938567121965898900e-26
8.095097825471366679e-26
2.161712015475026964e-25
4.258420527762452664e-26
-3.226985538942193955e-24
-2.119987162926947791e-23
-8.993781321615900746e-23
-2.984697206073360208e-22
-8.074331418466635294e-22
-1.758844589009611526e-21
-3.003822360144728332e-21
-3.952627551405952667e-21
-4.013883462243607921e-21
-3.217400572289076127e-21
-2.117361658777019457e-21
-1.199837422243605629e-21
-6.231322691168501090e-22
-3.394673910078451451e-22
-2.583079957225751960e-22
-3.394673910078546431e-22
-6.231322691168829288e-22
-1.199837422243633089e-21
-2.117361658776982218e-21
-3.217400572289009547e-21
-4.013883462243508615e-21
-3.952627551405832297e-21
-3.003822360144651219e-21
-1.758844589009710455e-21
-8.074331418466750022e-22
-2.984697206073674300e-22
-8.993781321617388921e-23
-2.119987162926685362e-23
-3.226985538943853238e-24
4.258420527794397641e-26
2.161712015471530328e-25
8.095097825489001390e-26
1.938567121966459097e-26
3.478204255097209256e-27
4.923523968646593576e-28
5.631660660039187025e-29
5.273190012339561314e-30
4.070167416848885571e-31
2.594950094659324861e-32
1.360437483490925277e-33
5.765570698806624194e-35
1.877466384441219513e-36
3.875728522826334003e-38
-1.811039713558283391e-40
-2.343241063324719722e-40
4.878829842737767444e-38
2.369318765785704099e-36
7.291423276587510168e-35
1.724984560128929623e-33
3.301384428294018708e-32
5.200426346395760285e-31
6.773878568312886430e-30
7.283084710165754736e-29
6.421004385896183203e-28
4.585297258019824453e-27
2.593911565644095087e-26
1.109694942725888621e-25
3.140725075601192976e-25
1.998799462222724155e-25
-3.744706371370323575e-24
-2.700080242111284869e-23
-1.213922307397755003e-22
-4.278468686135646366e-22
-1.227969859222457330e-21
-2.808646799401007986e-21
-4.959868561256382084e-21
-6.643263323689246531e-21
-6.772007869282207325e-21
-5.391025818421747327e-21
-3.502574952145015817e-21
-1.957297420701468288e-21
-1.003974510426612871e-21
-5.417753705253045488e-22
-4.106755977152337716e-22
-5.417753705252911011e-22
-1.003974510426574503e-21
-1.957297420701408479e-21
-3.502574952145060204e-21
-5.391025818421761621e-21
-6.772007869282109524e-21
-6.643263323689043405e-21
-4.959868561256404654e-21
-2.808646799401226157e-21
-1.227969859222524851e-21
-4.278468686134978685e-22
-1.213922307397952016e-22
-2.700080242107838320e-23
-3.744706371365297602e-24
1.998799462177964682e-25
3.140725075604386556e-25
1.109694942726136118e-25
2.593911565645628166e-26
4.585297258020678954e-27
6.421004385899885321e-28
7.283084710162653943e-29
6.773878568310487407e-30
5.200426346397403307e-31
3.301384428293598318e-32
1.724984560129014467e-33
7.291423276588692600e-35
2.369318765786261036e-36
4.878829842737037654e-38
-2.343241063314745794e-40
-2.981072791383734082e-40
6.043500232273776721e-38
2.942269216596682994e-36
9.073766329082051256e-35
2.152261376747414775e-33
4.132989884919841240e-32
6.538295693027184310e-31
8.562426934589912863e-30
9.267919753565850204e-29
8.239486719014948035e-28
5.947164692730745974e-27
3.414067804355915937e-26
1.495541874306676886e-25
4.470766129066949500e-25
4.660357517486873522e-25
-4.059854212198791547e-24
-3.325240215191143304e-23
-1.607677737283823561e-22
-6.095682457031344975e-22
-1.872614440097193937e-21
-4.516474140482683528e-21
-8.259810188083154144e-21
-1.126548639077980517e-20
-1.152645405503562333e-20
-9.108545729865451621e-21
-5.837265838044651166e-21
-3.212857189380310482e-21
-1.625083175971502857e-21
-8.672101041853858367e-22
-6.543413369523442615e-22
-8.672101041853551799e-22
-1.625083175971384368e-21
-3.212857189380222085e-21
-5.837265838044761004e-21
-9.108545729865853358e-21
-1.152645405503554359e-20
-1.126548639077947716e-20
-8.259810188083036783e-21
-4.516474140482862579e-21
-1.872614440097271050e-21
-6.095682457030788261e-22
-1.607677737285910299e-22
-3.325240215187820769e-23
-4.059854212188626460e-24
4.660357517374814013e-25
4.470766129067366433e-25
1.495541874307997710e-25
3.414067804355616898e-26
5.947164692735117487e-27
8.239486719020398974e-28
9.267919753555455932e-29
8.562426934590825108e-30
6.538295693026914560e-31
4.132989884920890572e-32
2.152261376746794181e-33
9.073766329085458496e-35
2.942269216596518619e-36
6.043500232278742216e-38
-2.981072791393569755e-40
-3.728030571566276705e-40
7.365215424778419926e-38
3.594660119246874131e-36
1.110895519530579471e-34
2.641850322115458239e-33
5.090114061426500888e-32
8.086753140331182063e-31
1.064694336172997163e-29
1.160093394676471591e-28
1.039911528497798985e-27
7.585175017966024590e-27
4.417056994088448440e-26
1.979532005437856789e-25
6.227229209039731839e-25
8.831927941915473374e-25
-3.965238244409349099e-24
-3.928426185783927530e-23
-2.085056577157967215e-22
-8.638824282409510340e-22
-2.866014705815544507e-21
-7.314631629931164314e-21
-1.386778304378883697e-20
-1.926465276349134391e-20
-1.978481756687726296e-20
-1.551786364415203166e-20
-9.805789629629679951e-21
-5.312263661678484985e-21
-2.646283478438800180e-21
-1.394233177170183659e-21
-1.046315035799112078e-21
-1.394233177170206605e-21
-2.646283478438870146e-21
-5.312263661678522601e-21
-9.805789629629837937e-21
-1.551786364415206476e-20
-1.978481756687713958e-20
-1.926465276349008001e-20
-1.386778304378864738e-20
-7.314631629931576583e-21
-2.866014705815201827e-21
-8.638824282406753100e-22
-2.085056577159032683e-22
-3.928426185772943123e-23
-3.965238244419586185e-24
8.831927941847412251e-25
6.227229209043173833e-25
1.979532005440011020e-25
4.417056994089576869e-26
7.585175017974038672e-27
1.039911528497480252e-27
1.160093394675472297e-28
1.064694336172985392e-29
8.086753140332280331e-31
5.090114061426276461e-32
2.641850322115632033e-33
1.110895519530618386e-34
3.594660119246522663e-36
7.365215424790612327e-38
-3.728030571607763775e-40
-4.581442192783513093e-40
8.828682891490763262e-38
4.319513053135967410e-36
1.337674383240542613e-34
3.189343045184035657e-33
6.165320537887850099e-32
9.836242879829128598e-31
1.301880148918078646e-29
1.427838808608887577e-28
1.290313172082089002e-27
9.507969374884829507e-27
5.613007198468780016e-26
2.570229612475762085e-25
8.473120153602775496e-25
1.495938784259763102e-24
-3.184643687750157719e-24
-4.397008108002036489e-23
-2.641475946082269808e-22
-1.218696353439715124e-21
-4.404005301827135633e-21
-1.192550773801732161e-20
-2.345319409868919867e-20
-3.319018645319388103e-20
-3.422182368152294851e-20
-2.664866345179489021e-20
-1.660809499079306603e-20
-8.855503224144090463e-21
-4.340955000538568642e-21
-2.254668061143636048e-21
-1.681496569321791107e-21
-2.254668061143614607e-21
-4.340955000538830448e-21
-8.855503224144239421e-21
-1.660809499079305400e-20
-2.664866345179498952e-20
-3.422182368152220823e-20
-3.319018645319413381e-20
-2.345319409868928895e-20
-1.192550773801746455e-20
-4.404005301828111387e-21
-1.218696353439104619e-21
-2.641475946085584232e-22
-4.397008107993403070e-23
-3.184643687751384274e-24
1.495938784249913011e-24
8.473120153606162389e-25
2.570229612474617356e-25
5.613007198486195470e-26
9.507969374875366146e-27
1.290313172082590689e-27
1.427838808606894594e-28
1.301880148918981363e-29
9.836242879827634464e-31
6.165320537887596114e-32
3.189343045184433878e-33
1.337674383240258230e-34
4.319513053135277169e-36
8.828682891506025166e-38
-4.581442192832998555e-40
-5.530732759126517670e-40
1.040598433425761468e-37
5.103546956474166470e-36
1.583705025916883525e-34
3.785510890435132232e-33
7.341636999935239958e-32
1.176157124750963168e-30
1.564799812172334072e-29
1.727217337367469370e-28
1.573161499237757450e-27
1.170575538439741566e-26
6.999600773000015524e-26
3.269008070247907677e-25
1.123835509592846203e-24
2.341445990295155208e-24
-1.394105866368615610e-24
-4.564300437343029901e-23
-3.258067364473193676e-22
-1.712302856527429900e-21
-6.793376463304756821e-21
-1.955424212473157923e-20
-3.990522768120450953e-20
-5.754093078188811551e-20
-5.959137898845600280e-20
-4.610432645477005196e-20
-2.836378072659540269e-20
-1.489538499742460200e-20
-7.182931145355503388e-21
-3.672897538533718907e-21
-2.719836067290801003e-21
-3.672897538533690319e-21
-7.182931145355419128e-21
-1.489538499742459297e-20
-2.836378072659459019e-20
-4.610432645477061169e-20
-5.959137898845578613e-20
-5.754093078188736921e-20
-3.990522768120429286e-20
-1.955424212473233155e-20
-6.793376463304826034e-21
-1.712302856527274547e-21
-3.258067364473948813e-22
-4.564300437333933926e-23
-1.394105866391347283e-24
2.341445990295825239e-24
1.123835509593210606e-24
3.269008070250685700e-25
6.999600773006067483e-26
1.170575538439709854e-26
1.573161499236337766e-27
1.727217337366862215e-28
1.564799812172534458e-29
1.176157124750972977e-30
7.341636999933987547e-32
3.785510890435257446e-33
1.583705025916506558e-34
5.103546956473343927e-36
1.040598433426462233e-37
-5.530732759124399393e-40
-6.555960919927882129e-40
1.205537935202341283e-37
5.926512482851282838e-36
1.842767922187529103e-34
4.415696149843984238e-33
8.591209172983140910e-32
1.381940075827191282e-30
1.847920972623603395e-29
2.052457061075194156e-28
1.883559460979898855e-27
1.414464854169439518e-26
8.557243841613105058e-26
4.066189383782950210e-25
1.449106766984479966e-24
3.432181955190593461e-24
1.714372902599890904e-24
-4.212518415164163292e-23
-3.896298496291015590e-22
-2.396964323781835226e-21
-1.051247819395634908e-20
-3.220597294910520496e-20
-6.821745792372761639e-20
-1.002518999552616347e-19
-1.043499860347078107e-19
-8.030384041955144121e-20
-4.884517006064776623e-20
-2.530210923141229571e-20
-1.200587241747179134e-20
-6.036573126358479935e-21
-4.434778703002504701e-21
-6.036573126358525826e-21
-1.200587241747157467e-20
-2.530210923141311724e-20
-4.884517006064749539e-20
-8.030384041955275325e-20
-1.043499860347072450e-19
-1.002518999552612255e-19
-6.821745792372796547e-20
-3.220597294910627626e-20
-1.051247819395605266e-20
-2.396964323781287164e-21
-3.896298496293162513e-22
-4.212518415157725109e-23
1.714372902589654553e-24
3.432181955184810029e-24
1.449106766987448824e-24
4.066189383784927888e-25
8.557243841621004058e-26
1.414464854168934136e-26
1.883559460978718984e-27
2.052457061074391492e-28
1.847920972623803220e-29
1.381940075827201442e-30
8.591209172981215220e-32
4.415696149844005449e-33
1.842767922187139520e-34
5.926512482851989784e-36
1.205537935201120790e-37
-6.555960919847879449e-40
-7.626892094192805358e-40
1.372109311776311463e-37
6.761009779032674552e-36
2.106354433935713098e-34
5.059560691455988155e-33
9.874642882093128065e-32
1.594683109476483709e-30
2.142926093716136659e-29
2.394451453706444821e-28
2.213247763786311457e-27
1.676194252973355072e-26
1.024469771951150433e-25
4.937109276970796970e-25
1.810267958793594913e-24
4.729692357450203981e-24
6.301355188169759244e-24
-3.101618535460579205e-23
-4.495650011701590514e-22
-3.343863704731211895e-21
-1.630326952866276712e-20
-5.320695982497743638e-20
-1.170055875075756173e-19
-1.753020278607765433e-19
-1.835380528069650392e-19
-1.407080321780670773e-19
-8.481310992878992726e-20
-4.344137634639247435e-20
-2.030131302913864161e-20
-1.002700404565173138e-20
-7.301621609236022223e-21
-1.002700404565165314e-20
-2.030131302913889740e-20
-4.344137634639290167e-20
-8.481310992879154023e-20
-1.407080321780672939e-19
-1.835380528069614762e-19
-1.753020278607763988e-19
-1.170055875075717896e-19
-5.320695982497980167e-20
-1.630326952866288749e-20
-3.343863704732387766e-21
-4.495650011699388107e-22
-3.101618535474631652e-23
6.301355188148681161e-24
4.729692357467942925e-24
1.810267958796293040e-24
4.937109276968173230e-25
1.024469771951436156e-25
1.676194252972630432e-26
2.213247763785546281e-27
2.394451453705326024e-28
2.142926093716450550e-29
1.594683109476316254e-30
9.874642882091411475e-32
5.059560691455753465e-33
2.106354433935732342e-34
6.761009779032405939e-36
1.372109311774818891e-37
-7.626892094088668024e-40
-8.702885690103907738e-40
1.533438216546746996e-37
7.572945400831468876e-36
2.363790363039931115e-34
5.691324114850154795e-33
1.114131444997644825e-31
1.806156675957258684e-30
2.438676039723743027e-29
2.740633693218396295e-28
2.550387590844722826e-27
1.946339598048249579e-26
1.199619496052223202e-25
5.838990185016196338e-25
2.181225417375229901e-24
6.110044509498709221e-24
1.215433874836598041e-23
-1.047147047516001629e-23
-4.981853096631769464e-22
-4.650889181766624061e-21
-2.531174706466263371e-20
-8.806021965887947148e-20
-2.011089590428195713e-19
-3.072777743212137249e-19
-3.238708226123629382e-19
-2.477851547069937682e-19
-1.484439245271583070e-19
-7.544433311981319910e-20
-3.478505608192464931e-20
-1.686487686558456998e-20
-1.216252171666276984e-20
-1.686487686558460910e-20
-3.478505608192561227e-20
-7.544433311981364447e-20
-1.484439245271624236e-19
-2.477851547069901571e-19
-3.238708226123634197e-19
-3.072777743212084286e-19
-2.011089590428194990e-19
-8.806021965887713629e-20
-2.531174706466332283e-20
-4.650889181766484882e-21
-4.981853096633591950e-22
-1.047147047482745718e-23
1.215433874822357221e-23
6.110044509532819863e-24
2.181225417375465368e-24
5.838990185020672400e-25
1.199619496050956791e-25
1.946339598049210695e-26
2.550387590842759125e-27
2.740633693217891828e-28
2.438676039723821780e-29
1.806156675957014858e-30
1.114131444997442951e-31
5.691324114849986475e-33
2.363790363039707030e-34
7.572945400830892895e-36
1.533438216545801297e-37
-8.702885690035496446e-40
-9.733845461496800941e-40
1.681609502486363509e-37
8.322747507704415849e-36
2.602601304300490245e-34
6.280598905822283040e-33
1.233088593616589939e-31
2.006411080545240267e-30
2.721459753105530190e-29
3.075192274373648122e-28
2.879692366794439915e-27
2.212368913355377724e-26
1.372123227355122452e-25
6.709847902916866238e-25
2.520070056501027089e-24
7.325811254756444357e-24
1.835355299425343453e-23
1.920706862625514286e-23
-5.301212734138395670e-22
-6.457112314295787196e-21
-3.930474869662461997e-20
-1.458514385215903272e-19
-3.460532289865742827e-19
-5.393554586501369100e-19
-5.726812310093923862e-19
-4.379742957577370369e-19
-2.616677256641469883e-19
-1.325720637999242160e-19
-6.048070421187293099e-20
-2.878078158364494851e-20
-2.054081444509143422e-20
-2.878078158364549620e-20
-6.048070421187492915e-20
-1.325720637999258771e-19
-2.616677256641434735e-19
-4.379742957577274073e-19
-5.726812310093688898e-19
-5.393554586501414359e-19
-3.460532289865668197e-19
-1.458514385215919883e-19
-3.930474869662346441e-20
-6.457112314297657454e-21
-5.301212734119706251e-22
1.920706862535032078e-23
1.835355299437702013e-23
7.325811254747654598e-24
2.520070056505025239e-24
6.709847902902015520e-25
1.372123227356741741e-25
2.212368913354657677e-26
2.879692366792485182e-27
3.075192274372862050e-28
2.721459753105771214e-29
2.006411080544874878e-30
1.233088593616545053e-31
6.280598905821237540e-33
2.602601304300260174e-34
8.322747507702070497e-36
1.681609502486305668e-37
-9.733845461486316408e-40
-1.066240804939462314e-39
1.808081643715921920e-37
8.967395229585186482e-36
2.809140566449083929e-34
6.793882949029003589e-33
1.337617066700476018e-31
2.184227966667143284e-30
2.975580481374365086e-29
3.379700727904828222e-28
3.182998323999004306e-27
2.459105031824557685e-26
1.530817172780987590e-25
7.470818082894526076e-25
2.769051263511829861e-24
7.976273689967401261e-24
2.285261089703161884e-23
5.281519945828779551e-23
-5.509219415822033212e-22
-8.972953427341683718e-21
-6.100987583717116946e-20
-2.415593493958623226e-19
-5.957315871454967161e-19
-9.473169023278901184e-19
-1.013541229435181333e-18
-7.755933384481439166e-19
-4.636255502167373856e-19
-2.355013080558367786e-19
-1.067730204751606916e-19
-4.991962558967189786e-20
-3.524537936192909501e-20
-4.991962558967337842e-20
-1.067730204751630990e-19
-2.355013080558385600e-19
-4.636255502167372893e-19
-7.755933384481482499e-19
-1.013541229435166118e-18
-9.473169023278698962e-19
-5.957315871454851605e-19
-2.415593493958608300e-19
-6.100987583716871390e-20
-8.972953427343708953e-21
-5.509219415827088778e-22
5.281519945786120861e-23
2.285261089708382254e-23
7.976273690012030373e-24
2.769051263513509349e-24
7.470818082891511116e-25
1.530817172780007476e-25
2.459105031824009541e-26
3.182998323995223266e-27
3.379700727904846159e-28
2.975580481373673405e-29
2.184227966666908917e-30
1.337617066700339610e-31
6.793882949028077145e-33
2.809140566448586153e-34
8.967395229582744912e-36
1.808081643715916282e-37
-1.066240804942703922e-39
-1.142742329474567769e-39
1.904251097818000430e-37
9.463230577186870403e-36
2.969472585808100334e-34
7.196701262551680981e-33
1.420735697278508523e-31
2.327810427084945482e-30
3.184296680477785417e-29
3.634195294407288348e-28
3.440321789513136504e-27
2.669662588634949456e-26
1.663238473129987005e-25
8.033070546502564664e-25
2.858935159319371393e-24
7.505760832012276981e-24
2.207501712502355955e-23
7.614692370515131861e-23
-5.957079772461374115e-22
-1.254449909240894339e-20
-9.465443142901948460e-20
-3.998390169018370284e-19
-1.025718442264771495e-18
-1.664474149077843468e-18
-1.793529357381972891e-18
-1.372314729093508461e-18
-8.224852894483585482e-19
-4.216291125658986449e-19
-1.911720305905844774e-19
-8.805372477637423349e-20
-6.152429574573061840e-20
-8.805372477637605109e-20
-1.911720305905855366e-19
-4.216291125658993189e-19
-8.224852894483611482e-19
-1.372314729093501142e-18
-1.793529357381897009e-18
-1.664474149077825365e-18
-1.025718442264763984e-18
-3.998390169018325987e-19
-9.465443142902065219e-20
-1.254449909240736955e-20
-5.957079772464665500e-22
7.614692370556618583e-23
2.207501712512511344e-23
7.505760832061634520e-24
2.858935159323611989e-24
8.033070546504022094e-25
1.663238473129547802e-25
2.669662588633948449e-26
3.440321789508327337e-27
3.634195294409321912e-28
3.184296680475286622e-29
2.327810427085593233e-30
1.420735697278240525e-31
7.196701262551965620e-33
2.969472585807539267e-34
9.463230577186024473e-36
1.904251097817436644e-37
-1.142742329480532223e-39
-1.196861820956183784e-39
1.962137871716599004e-37
9.769416543196437543e-36
3.070470926388727394e-34
7.456303953478135764e-33
1.475742331904460478e-31
2.425688099266728762e-30
3.331091602521878570e-29
3.818678687313769142e-28
3.631387960183901542e-27
2.826847089867613487e-26
1.756889465897118391e-25
8.309716010087679377e-25
2.719228851266997288e-24
5.256116528432456651e-24
1.074760259605277013e-23
6.101392319014132906e-23
-7.627162132947329233e-22
-1.778468401930892166e-20
-1.468168312457052657e-19
-6.611393545508467164e-19
-1.766595547768793980e-18
-2.927274827644778808e-18
-3.171595884629264180e-18
-2.416826802962065974e-18
-1.451061204869996934e-18
-7.560073350852143034e-19
-3.457440941859908303e-19
-1.576980034464085674e-19
-1.092011863928186131e-19
-1.576980034464117933e-19
-3.457440941859963674e-19
-7.560073350852143997e-19
-1.451061204869989615e-18
-2.416826802961990863e-18
-3.171595884629156713e-18
-2.927274827644733741e-18
-1.766595547768780113e-18
-6.611393545508341016e-19
-1.468168312457070472e-19
-1.778468401930859666e-20
-7.627162132932293249e-22
6.101392319079549167e-23
1.074760259582398366e-23
5.256116528473863440e-24
2.719228851266305583e-24
8.309716010071264700e-25
1.756889465896864236e-25
2.826847089865052998e-26
3.631387960183390707e-27
3.818678687313609506e-28
3.331091602520432430e-29
2.425688099267176127e-30
1.475742331904291446e-31
7.456303953477689647e-33
3.070470926388336102e-34
9.769416543195751979e-36
1.962137871715808451e-37
-1.196861820964975979e-39
-1.223215086661374189e-39
1.975142523672535540e-37
9.851794831825377118e-36
3.101053867957646085e-34
7.544735294133508435e-33
1.496838436096902349e-31
2.467779313915882520e-30
3.401193958780656495e-29
3.914961106968889688e-28
3.737537951986796019e-27
2.914915377547878911e-26
1.800838376864150330e-25
8.231764806594283613e-25
2.294463494113999843e-24
5.966240602193182109e-25
-1.767879179733008453e-23
-3.874562677987548731e-23
-1.263747099106709186e-21
-2.581731616957643654e-20
-2.277284099262000063e-19
-1.091273363960494274e-18
-3.045257602775584234e-18
-5.163065149965830037e-18
-5.609339088557072343e-18
-4.215362712643139010e-18
-2.517770725517040662e-18
-1.342992763226142831e-18
-6.266138976676579833e-19
-2.853198624995579085e-19
-1.963789755812649499e-19
-2.853198624995604603e-19
-6.266138976676615463e-19
-1.342992763226152076e-18
-2.517770725517007536e-18
-4.215362712643016521e-18
-5.609339088556914416e-18
-5.163065149965791519e-18
-3.045257602775585390e-18
-1.091273363960499089e-18
-2.277284099262029915e-19
-2.581731616957149533e-20
-1.263747099101597761e-21
-3.874562677861477550e-23
-1.767879179733134231e-23
5.966240602938231551e-25
2.294463494107842457e-24
8.231764806590342952e-25
1.800838376864404714e-25
2.914915377547791094e-26
3.737537951985437858e-27
3.914961106967113962e-28
3.401193958780464237e-29
2.467779313915841182e-30
1.496838436096872352e-31
7.544735294132148190e-33
3.101053867956882744e-34
9.851794831824559252e-36
1.975142523671427595e-37
-1.223215086671768510e-39
-1.217657564707216787e-39
1.938806059835357847e-37
9.686796417050728537e-36
3.053447221810488915e-34
7.442002164123404103e-33
1.479782095347484819e-31
2.446518558826222680e-30
3.383219756566305229e-29
3.908680659886594503e-28
3.743840041612559921e-27
2.921505618753959377e-26
1.787425672082731327e-25
7.765463800790442515e-25
1.564449572861693711e-24
-6.864078841216840425e-24
-6.963068670980851935e-23
-2.862072664057255081e-22
-2.480779938110568420e-21
-3.866730407768785164e-20
-3.530906519025567459e-19
-1.795209637778744331e-18
-5.257723043700853911e-18
-9.170992904365090832e-18
-9.964164283184573197e-18
-7.240108098496686946e-18
-4.219312163616488524e-18
-2.322954471605412544e-18
-1.123399685575111778e-18
-5.165998212591739767e-19
-3.550289203438959026e-19
-5.165998212591794656e-19
-1.123399685575114475e-18
-2.322954471605419477e-18
-4.219312163616410717e-18
-7.240108098496344901e-18
-9.964164283184580901e-18
-9.170992904364890536e-18
-5.257723043700969467e-18
-1.795209637778680390e-18
-3.530906519026099016e-19
-3.866730407766658215e-20
-2.480779938105305967e-21
-2.862072664068820535e-22
-6.963068670914063873e-23
-6.864078841327228161e-24
1.564449572857634766e-24
7.765463800791654744e-25
1.787425672085183564e-25
2.921505618750977019e-26
3.743840041613529216e-27
3.908680659882708086e-28
3.383219756567490167e-29
2.446518558825544802e-30
1.479782095347536929e-31
7.442002164121322682e-33
3.053447221809817517e-34
9.686796417048050427e-36
1.938806059834872155e-37
-1.217657564718378646e-39
-1.177858762805311636e-39
1.851490925267611909e-37
9.264985068795342802e-36
2.924339085017872811e-34
7.139003472312133249e-33
1.422499924943130682e-31
2.357929728093373375e-30
3.270761313201156210e-29
3.791285741612932627e-28
3.641163610849361641e-27
2.839472007386611567e-26
1.713755955860955178e-25
6.926717661789493904e-25
5.635813333093238671e-25
-1.701700231621949823e-23
-1.488505186699043936e-22
-7.491987536190784421e-22
-4.989024917682853311e-21
-5.972570516116176292e-20
-5.460507211235400994e-19
-2.932936992459632258e-18
-9.089938331072325957e-18
-1.651770386269986638e-17
-1.798339140503847082e-17
-1.219047818903943174e-17
-6.611686591708802359e-18
-3.802041442299388498e-18
-1.953039552804637521e-18
-9.218686566014313915e-19
-6.367301351175570886e-19
-9.218686566014348582e-19
-1.953039552804611328e-18
-3.802041442299328409e-18
-6.611686591708719159e-18
-1.219047818903873378e-17
-1.798339140503843384e-17
-1.651770386269950585e-17
-9.089938331072085601e-18
-2.932936992459622243e-18
-5.460507211235801587e-19
-5.972570516114097492e-20
-4.989024917680048675e-21
-7.491987536170237720e-22
-1.488505186694441170e-22
-1.701700231631591816e-23
5.635813333020877810e-25
6.926717661786217214e-25
1.713755955861181783e-25
2.839472007385010760e-26
3.641163610848329210e-27
3.791285741610566786e-28
3.270761313201511019e-29
2.357929728093068242e-30
1.422499924942812762e-31
7.139003472311035747e-33
2.924339085017124437e-34
9.264985068790392841e-36
1.851490925267847864e-37
-1.177858762817049517e-39
-1.103782300397242725e-39
1.714896605591555572e-37
8.593784332062954545e-36
2.715780284007200536e-34
6.639849889405641696e-33
1.325580633455303437e-31
2.202509646771594886e-30
3.063722625508631574e-29
3.561724765711836210e-28
3.427935343657099354e-27
2.668329918290603985e-26
1.582628518921147125e-25
5.787597497953299329e-25
-6.081419527181017940e-25
-2.902306571693959144e-23
-2.530545679935227763e-22
-1.471902766106921639e-21
-9.464780477791379627e-21
-9.390842939443593585e-20
-8.376265212662972118e-19
-4.724858257377626089e-18
-1.567597592681157580e-17
-3.039241634827989260e-17
-3.376548019437176955e-17
-2.014530018342099208e-17
-9.011569981659332044e-18
-5.577015463705686692e-18
-3.189393126036366628e-18
-1.583342546724552408e-18
-1.109260444764853594e-18
-1.583342546724548171e-18
-3.189393126036330806e-18
-5.577015463705605032e-18
-9.011569981659054710e-18
-2.014530018342052678e-17
-3.376548019437228724e-17
-3.039241634827869698e-17
-1.567597592681117829e-17
-4.724858257377685408e-18
-8.376265212662249894e-19
-9.390842939443638122e-20
-9.464780477782715951e-21
-1.471902766106096724e-21
-2.530545679938838881e-22
-2.902306571702879383e-23
-6.081419527107942599e-25
5.787597497945350967e-25
1.582628518919830663e-25
2.668329918288840744e-26
3.427935343655962172e-27
3.561724765710477063e-28
3.063722625509219559e-29
2.202509646770977614e-30
1.325580633455027557e-31
6.639849889403758701e-33
2.715780284006426931e-34
8.593784332056589356e-36
1.714896605591690046e-37
-1.103782300407567714e-39
-9.979991300857424829e-40
1.534329405709478008e-37
7.698965027589614692e-36
2.435691377794280476e-34
5.963217344167316851e-33
1.192574677660395805e-31
1.985787476608625134e-30
2.769197895316726134e-29
3.227585908008738652e-28
3.111297754341046008e-27
2.415048485992227756e-26
1.402624844369529155e-25
4.470810600905164315e-25
-1.790079611818049904e-24
-4.123286152918178504e-23
-3.710029864926376340e-22
-2.432489415205381638e-21
-1.637737350732168079e-20
-1.465649219605604126e-19
-1.260785279620840045e-18
-7.409171589402586182e-18
-2.663935563288875896e-17
-5.711191067023533658e-17
-6.760572199917312509e-17
-3.284832853131216373e-17
-8.185276024417768803e-18
-6.372467728796762143e-18
-4.621233249470320015e-18
-2.519688616565845225e-18
-1.815399154820590263e-18
-2.519688616565886440e-18
-4.621233249470446356e-18
-6.372467728796932395e-18
-8.185276024418143204e-18
-3.284832853131257049e-17
-6.760572199917364278e-17
-5.711191067023399305e-17
-2.663935563288898391e-17
-7.409171589402392048e-18
-1.260785279620752030e-18
-1.465649219605924553e-19
-1.637737350730483492e-20
-2.432489415204404002e-21
-3.710029864926857823e-22
-4.123286152932654717e-23
-1.790079611792242660e-24
4.470810600892804176e-25
1.402624844368028563e-25
2.415048485990004763e-26
3.111297754341420166e-27
3.227585908008453459e-28
2.769197895316857856e-29
1.985787476608185476e-30
1.192574677659852145e-31
5.963217344167114319e-33
2.435691377793346505e-34
7.698965027588095225e-36
1.534329405708572817e-37
-9.979991300939575149e-40
-8.657719784344013099e-40
1.318663731589196904e-37
6.624558239950896821e-36
2.097864555304989967e-34
5.142443407317765782e-33
1.030037312246997126e-31
1.718445970014529256e-30
2.401718866397772276e-29
2.805463451143210366e-28
2.707443517233244692e-27
2.094008674350942994e-26
1.187249380172389976e-25
3.130540462239265642e-25
-2.786440966561529338e-24
-5.137355969303037253e-23
-4.818279564268660050e-22
-3.503029776219748761e-21
-2.544814632501275751e-20
-2.197893477961833118e-19
-1.829074195570575095e-18
-1.107864956514347742e-17
-4.348449874267266879e-17
-1.071667930406609056e-16
-1.384939546840599857e-16
-5.089767510040785983e-17
6.342938060282172233e-18
-2.411572272176363018e-18
-5.259880960289195842e-18
-3.488822749125177465e-18
-2.644737873871158219e-18
-3.488822749125267599e-18
-5.259880960289477027e-18
-2.411572272176991642e-18
6.342938060281408024e-18
-5.089767510041036816e-17
-1.384939546840619579e-16
-1.071667930406602646e-16
-4.348449874267160259e-17
-1.107864956514344969e-17
-1.829074195570386740e-18
-2.197893477961942896e-19
-2.544814632500163225e-20
-3.503029776218161374e-21
-4.818279564285044561e-22
-5.137355969279731314e-23
-2.786440966574744466e-24
3.130540462275230718e-25
1.187249380168457121e-25
2.094008674351761191e-26
2.707443517231666270e-27
2.805463451143989263e-28
2.401718866397450258e-29
1.718445970013888863e-30
1.030037312246577174e-31
5.142443407317850626e-33
2.097864555304883057e-34
6.624558239951371236e-36
1.318663731588279602e-37
-8.657719784419497821e-40
-7.148701850154527997e-40
1.079960878338450961e-37
5.431004440383940524e-36
1.721395604069644456e-34
4.224191558421171092e-33
8.472760249851332126e-32
1.415930770362499687e-30
1.982755133411161839e-29
2.320402598441598081e-28
2.240990501582840540e-27
1.726081639681287440e-26
9.532413983383645552e-26
1.922379612166231415e-25
-3.410707989026249087e-24
-5.704935616775911799e-23
-5.584261935670866922e-22
-4.441005340999141698e-21
-3.509925449775148169e-20
-3.059095965752007367e-19
-2.491812047995831303e-18
-1.533715082955789274e-17
-6.539650239385021227e-17
-1.906420227787445513e-16
-2.521320375282299740e-16
-7.184124015118848197e-17
5.584099496808011609e-17
1.251030458423833198e-17
-3.185474083173018466e-18
-3.799093123750933278e-18
-3.164327657455614635e-18
-3.799093123751065012e-18
-3.185474083173548482e-18
1.251030458423724884e-17
5.584099496807779881e-17
-7.184124015119241395e-17
-2.521320375282273609e-16
-1.906420227787447978e-16
-6.539650239385010134e-17
-1.533715082955747674e-17
-2.491812047995779688e-18
-3.059095965751860515e-19
-3.509925449774213491e-20
-4.441005341000102406e-21
-5.584261935672307608e-22
-5.704935616765107831e-23
-3.410707989022117224e-24
1.922379612152348873e-25
9.532413983345280126e-26
1.726081639680974626e-26
2.240990501582014738e-27
2.320402598442298506e-28
1.982755133410830572e-29
1.415930770361526660e-30
8.472760249850079715e-32
4.224191558419859427e-33
1.721395604069811664e-34
5.431004440383247610e-36
1.079960878337956917e-37
-7.148701850200519974e-40
-5.551041133922446247e-40
8.327480612359565705e-38
4.191540502402379494e-36
1.329542767369963810e-34
3.265665130670188827e-33
6.557955725738520615e-32
1.097531072406173556e-30
1.539434224696368959e-29
1.804383646186213525e-28
1.743381358302164191e-27
1.336934817625569512e-26
7.183968134344591917e-26
9.694907534936286702e-26
-3.539180073861957604e-24
-5.647428334622369550e-23
-5.753787119408785030e-22
-4.941971095418206599e-21
-4.238638062419123896e-20
-3.818925702719368289e-19
-3.081559518607001578e-18
-1.892203161858211126e-17
-8.556924032196711164e-17
-2.974450618666350503e-16
-3.521071093325493181e-16
-9.015709002021117209e-17
1.400132226427087024e-16
3.784932852702512361e-17
2.365818732461994525e-18
-2.749439420714319612e-18
-2.791537155311949771e-18
-2.749439420714432086e-18
2.365818732461474524e-18
3.784932852702334251e-17
1.400132226427042158e-16
-9.015709002021157885e-17
-3.521071093325495647e-16
-2.974450618666352969e-16
-8.556924032196495459e-17
-1.892203161858204655e-17
-3.081559518606874467e-18
-3.818925702719079400e-19
-4.238638062418662876e-20
-4.941971095417625058e-21
-5.753787119409391585e-22
-5.647428334607270325e-23
-3.539180073872127099e-24
9.694907534741086911e-26
7.183968134307506447e-26
1.336934817624376224e-26
1.743381358301897294e-27
1.804383646186926281e-28
1.539434224695611698e-29
1.097531072405845302e-30
6.557955725735601973e-32
3.265665130668973639e-33
1.329542767369751700e-34
4.191540502401160713e-36
8.327480612356266511e-38
-5.551041133902771639e-40
-3.976036147645272005e-40
5.930012318126094125e-38
2.987038794197959757e-36
9.480792010117969471e-35
2.330529663373504270e-33
4.684715043784212006e-32
7.849803510061926692e-31
1.102549190314147591e-29
1.293926591072866067e-28
1.250432371188757602e-27
9.547835537672966040e-27
4.994059076977008268e-26
3.346203828735510671e-26
-3.156651603852093227e-24
-4.921695626180315181e-23
-5.194200789212894289e-22
-4.758233876528606143e-21
-4.391403212100984613e-20
-4.126812891447125816e-19
-3.320943689589557278e-18
-1.987557577695667125e-17
-9.113090063464050817e-17
-3.736737202753299454e-16
-3.778125638574744115e-16
-6.846638192906295947e-17
2.023570423008738949e-16
5.791984949585060883e-17
8.370903472227264081e-18
-6.603427614338827441e-19
-1.488305988658370318e-18
-6.603427614338069587e-19
8.370903472227398125e-18
5.791984949584867365e-17
2.023570423008678798e-16
-6.846638192906742146e-17
-3.778125638574732775e-16
-3.736737202753304877e-16
-9.113090063463967000e-17
-1.987557577695630764e-17
-3.320943689589552655e-18
-4.126812891447002557e-19
-4.391403212100356278e-20
-4.758233876525912850e-21
-5.194200789214974443e-22
-4.921695626176569468e-23
-3.156651603863726947e-24
3.346203828692432362e-26
4.994059076958192897e-26
9.547835537643628904e-27
1.250432371189558831e-27
1.293926591072895662e-28
1.102549190313808057e-29
7.849803510060105004e-31
4.684715043782176291e-32
2.330529663373622300e-33
9.480792010113830962e-35
2.987038794196784409e-36
5.930012318122131960e-38
-3.976036147561986281e-40
-2.539007417653286786e-40
3.769143756111698189e-38
1.899719371358581052e-36
6.032736988755730890e-35
1.483878204331266426e-33
2.985200593271383392e-32
5.006931861113039886e-31
7.040193976978037739e-30
8.270262281116941420e-29
7.992651836935566514e-28
6.078978394663837071e-27
3.101789919049383907e-26
7.736345510018306790e-28
-2.376288300312893540e-24
-3.664514993232240523e-23
-3.982086384975103774e-22
-3.841738078673434652e-21
-3.769915385211487646e-20
-3.691028633629267429e-19
-2.964775949672657547e-18
-1.686533306297815261e-17
-7.375609712863718577e-17
-3.518120140903298528e-16
-3.244401800371443238e-16
-2.650630248300515200e-17
2.015020819640547446e-16
6.025183335722335290e-17
1.108143642256996348e-17
1.208257596584670555e-18
-3.671753520384822154e-20
1.208257596584457547e-18
1.108143642256968614e-17
6.025183335722383361e-17
2.015020819640430596e-16
-2.650630248301070175e-17
-3.244401800371424010e-16
-3.518120140903298035e-16
-7.375609712863721042e-17
-1.686533306297771812e-17
-2.964775949672685666e-18
-3.691028633629200022e-19
-3.769915385210719681e-20
-3.841738078671945066e-21
-3.982086384974035955e-22
-3.664514993231060915e-23
-2.376288300328291414e-24
7.736345506172927668e-28
3.101789919037584194e-26
6.078978394646835307e-27
7.992651836940273083e-28
8.270262281116894336e-29
7.040193976976777971e-30
5.006931861111114853e-31
2.985200593271391602e-32
1.483878204331819282e-33
6.032736988753490044e-35
1.899719371357627543e-36
3.769143756105909461e-38
-2.539007417535838646e-40
-1.349074034455490944e-40
1.995698780049306937e-38
1.006325790780551924e-36
3.196907539979201326e-35
7.867197926552379734e-34
1.583638918242333560e-32
2.658101884239653116e-31
3.740576489357878090e-30
4.397267371284206813e-29
4.249523966974870964e-28
3.221592255541085197e-27
1.610017023880490745e-26
-8.545560557290117145e-27
-1.421071979703097602e-24
-2.181054461888441069e-23
-2.423831757620327189e-22
-2.431406749728563119e-21
-2.501374821868379321e-20
-2.533188713555401013e-19
-2.026213462918856682e-18
-1.076379147342847918e-17
-4.237882221931373151e-17
-2.359647158441716721e-16
-2.114107995492448016e-16
-2.207568103614475501e-18
1.406115035566421374e-16
4.465529693453984742e-17
9.154341153558587507e-18
1.738316645819710224e-18
6.540849187975791414e-19
1.738316645819380505e-18
9.154341153557612216e-18
4.465529693453916949e-17
1.406115035566366647e-16
-2.207568103613158165e-18
-2.114107995492393288e-16
-2.359647158441697492e-16
-4.237882221931439094e-17
-1.076379147342832665e-17
-2.026213462918927171e-18
-2.533188713555156901e-19
-2.501374821868277307e-20
-2.431406749728741794e-21
-2.423831757620452731e-22
-2.181054461886086260e-23
-1.421071979707092446e-24
-8.545560556977847759e-27
1.610017023865944289e-26
3.221592255533390387e-27
4.249523966978721957e-28
4.397267371286661888e-29
3.740576489355179890e-30
2.658101884238441869e-31
1.583638918242871910e-32
7.867197926552398551e-34
3.196907539978871507e-35
1.006325790780464725e-36
1.995698780041991027e-38
-1.349074034346171906e-40
-5.406803614210037883e-41
7.980644568171293201e-39
4.025504330361527219e-37
1.279208324360477755e-35
3.149196663084795015e-34
6.342485704469975200e-33
1.065286350664783305e-31
1.500378965720523578e-30
1.765544653557291236e-29
1.707835981762066394e-28
1.294523242749240796e-27
6.415370588533183415e-27
-5.342849737818824985e-27
-6.142799043130669899e-25
-9.552032044410810833e-24
-1.098545407779263884e-22
-1.155495041594875604e-21
-1.241212310014036498e-20
-1.284347560696566049e-19
-1.017436172338134836e-18
-5.052533332284911815e-18
-1.736442816034469500e-17
-1.107036178188766892e-16
-9.865628802813017349e-17
2.623923118530960046e-18
6.701550602659768338e-17
2.269635570089846236e-17
4.923961432305886349e-18
1.152598341076352527e-18
5.499563361914673595e-19
1.152598341076230038e-18
4.923961432305430289e-18
2.269635570089741774e-17
6.701550602659969251e-17
2.623923118531866388e-18
-9.865628802813112259e-17
-1.107036178188764181e-16
-1.736442816034422662e-17
-5.052533332284835549e-18
-1.017436172338083414e-18
-1.284347560696481790e-19
-1.241212310014039206e-20
-1.155495041595356146e-21
-1.098545407779979055e-22
-9.552032044396383109e-24
-6.142799043106141556e-25
-5.342849737313490123e-27
6.415370588323829335e-27
1.294523242746697025e-27
1.707835981768362596e-28
1.765544653559141511e-29
1.500378965718479959e-30
1.065286350663584975e-31
6.342485704478366569e-33
3.149196663081462398e-34
1.279208324360806772e-35
4.025504330366977154e-37
7.980644568104938684e-39
-5.406803613523367859e-41
-1.405278145820859278e-41
2.071854019182131642e-39
1.045221202140000255e-37
3.321903667858568714e-36
8.179336740574285988e-35
1.647671953972245220e-33
2.768170037849783165e-32
3.899960714265259833e-31
4.590552921795048736e-30
4.440836908700060525e-29
3.362723217529951765e-28
1.653465722054795024e-27
-1.785642867033198438e-27
-1.684006127460873461e-25
-2.649993223597351905e-24
-3.136495247598624273e-23
-3.415400454381008840e-22
-3.751053348029834180e-21
-3.892873444767480271e-20
-3.053175021921088731e-19
-1.470693035627472733e-18
-4.732659729667093472e-18
-3.194902141265539418e-17
-2.828443754616233103e-17
8.460500588227230465e-19
1.890020892215276611e-17
6.738635994206854205e-18
1.476891475563416955e-18
3.679497073411562403e-19
1.850960648527642910e-19
3.679497073411322625e-19
1.476891475563291192e-18
6.738635994206422797e-18
1.890020892215401103e-17
8.460500588230902251e-19
-2.828443754616316303e-17
-3.194902141265588722e-17
-4.732659729666913975e-18
-1.470693035627450778e-18
-3.053175021920746397e-19
-3.892873444767333419e-20
-3.751053348030013983e-21
-3.415400454384004469e-22
-3.136495247602995349e-23
-2.649993223590544690e-24
-1.684006127444614216e-25
-1.785642866766254175e-27
1.653465721952837534e-27
3.362723217527025854e-28
4.440836908729757402e-29
4.590552921801392414e-30
3.899960714259718574e-31
2.768170037843739518e-32
1.647671953976977682e-33
8.179336740557040241e-35
3.321903667860576629e-36
1.045221202142953034e-37
2.071854019155645757e-39
-1.405278145595568298e-41
