3.645890956267798522e-44
3.778616258150457040e-42
1.391200357938324194e-40
3.457414619154071537e-39
6.387556229473388111e-38
8.902584513826164126e-37
9.020185886783773789e-36
5.601559320469148609e-35
-2.545606224818263368e-35
-5.697691819598100902e-33
-8.296114480317663790e-32
-7.711739193110973352e-31
-5.375678972379391532e-30
-2.959915583285846047e-29
-1.318219866930564355e-28
-4.810692506510256000e-28
-1.449946527784586942e-27
-3.626199409177725124e-27
-7.540377429875979216e-27
-1.302818202101937352e-26
-1.863412681389417582e-26
-2.190584277295484540e-26
-2.093343777210962964e-26
-1.600968940705617582e-26
-9.593005362910672783e-27
-4.375919940521512774e-27
-1.461907562296511291e-27
-3.386806279363571437e-28
-4.683955643880248945e-29
-3.945680142182786845e-31
-4.132119847143543718e-29
-3.394925567727143713e-28
-1.513549687408265751e-27
-4.548642351156564123e-27
-9.920083984525956641e-27
-1.642589125144605627e-26
-2.130137598802264119e-26
-2.211823904765975464e-26
-1.868370098498265098e-26
-1.298332279270257005e-26
-7.475285794371795430e-27
-3.579118108572828200e-27
-1.425869454148346916e-27
-4.716325835677248132e-28
-1.289049670316422868e-28
-2.888132979829235965e-29
-5.235305248831546563e-30
-7.496363935172090688e-31
-8.045136256012826988e-32
-5.494847906199153161e-33
-1.818759031337349939e-35
5.522406572164641407e-35
8.842926049867923903e-36
8.713246798183089027e-37
6.247418097758906284e-38
3.380470424593091033e-39
1.360020475166856145e-40
3.693625982731196547e-42
3.563826405222927199e-44
1.232279274986550789e-43
1.277542746145211233e-41
4.703165189409862272e-40
1.168556273377050313e-38
2.158031565508711335e-37
3.005700003498198458e-36
3.041561685063942059e-35
1.882332404020170002e-34
-9.805686642795777741e-35
-1.934944699225381950e-32
-2.808012868877144027e-31
-2.606004368781624182e-30
-1.814423440658298464e-29
-9.980383863717620077e-29
-4.440927803582172516e-28
-1.619436547772008381e-27
-4.877914895798420551e-27
-1.219316693974366262e-26
-2.534500429936308688e-26
-4.377792634996528385e-26
-6.259859623828508837e-26
-7.356538608483820298e-26
-7.026394303201996263e-26
-5.369068151630865093e-26
-3.212411748713459149e-26
-1.461772914084722482e-26
-4.864349011977962148e-27
-1.120702182171648589e-27
-1.543212734187067035e-28
-1.340318744089523803e-30
-1.351453762075499382e-28
-1.122048352686934959e-27
-5.036256819014576034e-27
-1.519744853205287988e-26
-3.322397948567284373e-26
-5.509019166457346891e-26
-7.149939704592006941e-26
-7.427568468824232673e-26
-6.276062757369835003e-26
-4.362330498031602078e-26
-2.512389225181138009e-26
-1.203385043983961959e-26
-4.796607035184890206e-27
-1.587610653309507269e-27
-4.342634007275586733e-28
-9.738630044583853979e-29
-1.767160677579264538e-29
-2.533495937168056748e-30
-2.723519818804207268e-31
-1.866671142573565158e-32
-7.365685979466238413e-35
1.855524812791755737e-34
2.981649866331452159e-35
2.941712633490562207e-36
2.110665001571240574e-37
1.142545034230020783e-38
4.597747682941712840e-40
1.248806816869251081e-41
1.204543117868027926e-43
3.010399247537205006e-43
3.122926998237672151e-41
1.149453982949687640e-39
2.854597867986031405e-38
5.267447457450430436e-37
7.326470782726741301e-36
7.394895935065029997e-35
4.544310361801773637e-34
-2.991793706634973637e-34
-4.772877688043079520e-32
-6.880436444032970387e-31
-6.364786095352225916e-30
-4.420872850204967736e-29
-2.426815318977681350e-28
-1.077934767209887695e-27
-3.924781529025184645e-27
-1.180669473704772897e-26
-2.948265736011507913e-26
-6.123555325276558637e-26
-1.057075825803116378e-25
-1.510721397087185102e-25
-1.774255941989203312e-25
-1.692960075628321566e-25
-1.291469383446188201e-25
-7.704905890480946368e-26
-3.489103220069198886e-26
-1.152002061794521861e-26
-2.624484237288864249e-27
-3.581989859256918150e-28
-3.307697565373699844e-30
-3.087802113614393252e-28
-2.620851079684768647e-27
-1.192671664493619134e-26
-3.628640480526939465e-26
-7.970666703694007409e-26
-1.325282823933368859e-25
-1.722720023473779456e-25
-1.791218591742392742e-25
-1.514396794120103836e-25
-1.053144121773593625e-25
-6.068955804731380224e-26
-2.909234730016434311e-26
-1.160832460595772430e-26
-3.847341009314730606e-27
-1.054059501781260953e-27
-2.368158382672011657e-28
-4.306264534039415775e-29
-6.188993117167396446e-30
-6.675592201268804696e-31
-4.607417384082567772e-32
-2.403332413161260227e-34
4.478586836882966520e-34
7.248553150740851546e-35
7.170194185107112729e-36
5.151729902649276014e-37
2.791030791926036623e-38
1.123685300510346293e-39
3.052677772404791561e-41
2.942644977678583585e-43
6.608768072452651831e-43
6.862305642279713667e-41
2.525073571696481040e-39
6.266434353238576806e-38
1.154911468297579194e-36
1.603075765176621699e-35
1.611804040209601790e-34
9.798751401366572377e-34
-8.525455288983577762e-34
-1.062883248996791997e-31
-1.517247743855021216e-30
-1.396757667828703080e-29
-9.666756886767943471e-29
-5.290277615626340213e-28
-2.343504580435739493e-27
-8.512915166971968297e-27
-2.555942387786366933e-26
-6.372748383912428586e-26
-1.322103929109385397e-25
-2.280291102957964189e-25
-3.256337545813346592e-25
-3.820644066884171181e-25
-3.639831102996666816e-25
-2.768993882932820057e-25
-1.644074942365299753e-25
-7.384253236641009737e-26
-2.405222708440907571e-26
-5.370905866395800118e-27
-7.209139036136708206e-28
-7.379846649241869881e-30
-6.043067351087524345e-28
-5.341830494692572789e-27
-2.490691304104783627e-26
-7.684994966841137208e-26
-1.701670170976225016e-25
-2.842267992202016909e-25
-3.704059330193813248e-25
-3.856829034937824293e-25
-3.263625726613708824e-25
-2.271234682956343203e-25
-1.309964957874984312e-25
-6.286860313558292996e-26
-2.512538297125535125e-26
-8.344106462746595434e-27
-2.291590619183270442e-27
-5.162932476011033636e-28
-9.418133349779365767e-29
-1.358630452978706241e-29
-1.472818884907077296e-30
-1.027017503441533833e-31
-7.260050363964129209e-34
9.653622557180056121e-34
1.579679835172459651e-34
1.568780216653834018e-35
1.129506097206390486e-36
6.126807092576552100e-38
2.468450918578392634e-39
6.707925002181146015e-41
6.460040678093404605e-43
1.315497350021313057e-42
1.367689303352210087e-40
5.030646458493729307e-39
1.247270328675097011e-37
2.294999692018765529e-36
3.176797785122634089e-35
3.177334458267175041e-34
1.902934602898049909e-33
-2.223974028961641186e-33
-2.156708223171418531e-31
-3.039105802213829560e-30
-2.779747162563756890e-29
-1.914539773173409938e-28
-1.043433151756092910e-27
-4.605390352863992994e-27
-1.667642107448000344e-26
-4.993785682823361487e-26
-1.242519568773113690e-25
-2.573752581712480388e-25
-4.433866504344335960e-25
-6.325054389072985543e-25
-7.411213071086755226e-25
-7.044935292863930660e-25
-5.338569956695108393e-25
-3.148017633383792808e-25
-1.397081574951895788e-25
-4.458815693565789712e-26
-9.648277097824953181e-27
-1.259700754346980797e-27
-1.502694517788272701e-29
-1.006620466423766360e-27
-9.537019030416966114e-27
-4.619655430147897245e-26
-1.455652226007937949e-25
-3.260997008495889909e-25
-5.482292080170900570e-25
-7.170260188141064588e-25
-7.480767178409677220e-25
-6.337695558111598423e-25
-4.414817593335540106e-25
-2.549230025159508593e-25
-1.225385830223460406e-25
-4.907820794325697417e-26
-1.634370128177176001e-26
-4.503403467328163583e-27
-1.018466017677949991e-27
-1.865842302742046956e-28
-2.705083488414363596e-29
-2.952091707051175732e-30
-2.086512342761143782e-31
-1.978909100020331489e-33
1.873836991569000118e-33
3.113405171130505476e-34
3.108566320443099824e-35
2.244425434967638835e-36
1.219456418389071954e-37
4.917797514943232346e-39
1.336916150567956637e-40
1.285896192474751515e-42
2.457624756852755356e-42
2.559151834048588938e-40
9.408556494135125351e-39
2.329952092725811106e-37
4.278395597820592423e-36
5.901592863612882631e-35
5.862874727633606574e-34
3.442725549592270535e-33
-5.407643383075425200e-33
-4.127828904200261371e-31
-5.724977030016897653e-30
-5.194339243286747515e-29
-3.555848561967744539e-28
-1.927801528632227185e-27
-8.469131150775776288e-27
-3.054281772156946780e-26
-9.115119858927631987e-26
-2.261915076916345496e-25
-4.676019758070636729e-25
-8.043491649201965911e-25
-1.145882676943047772e-24
-1.340300768216024842e-24
-1.270308119308230492e-24
-9.575392104579504153e-25
-5.592998574706949181e-25
-2.440496334927313329e-25
-7.558770400440126526e-26
-1.556649523935796262e-26
-1.938353473520996587e-27
-2.893142257935311228e-29
-1.418234123916724559e-27
-1.524179725914102674e-26
-7.840114165239916410e-26
-2.547488222255222736e-25
-5.801174281815762040e-25
-9.840192850908403128e-25
-1.293259174709915604e-24
-1.352817180325726531e-24
-1.147871442709898350e-24
-8.005841623712232024e-25
-4.629504670850838387e-25
-2.229867460284295668e-25
-8.955676559617112557e-26
-2.992929472252072675e-26
-8.281819009130681480e-27
-1.882057246935977878e-27
-3.466725022544148683e-28
-5.057711241423149118e-29
-5.565701251276630691e-30
-3.999422401279582512e-31
-4.965120874298282441e-33
3.387921898774151532e-33
5.743500710657168497e-34
5.774212755814264587e-35
4.183904755921237560e-36
2.277941593227449285e-37
9.197402607043823147e-39
2.501559498191547348e-40
2.402330927435286954e-42
4.383145594448447140e-42
4.572809569218906270e-40
1.680192399051554383e-38
4.154958450675666287e-37
7.610743980491208612e-36
1.045352043223389421e-34
1.029841911358331620e-33
5.896131013634091497e-33
-1.238363798640208437e-32
-7.580637340326625951e-31
-1.031949574274451727e-29
-9.273102424055244446e-29
-6.301426959670810953e-28
-3.394488907532093387e-27
-1.482720934842000483e-26
-5.320391549667577397e-26
-1.581129017751878469e-25
-3.910603453773185279e-25
-8.064540250196455613e-25
-1.384696988471705460e-24
-1.969361839838878275e-24
-2.298350026898783106e-24
-2.169945861357404332e-24
-1.624175816126804950e-24
-9.365170145487726276e-25
-3.990506150848554652e-25
-1.182012212007488609e-25
-2.243326894387976157e-26
-2.552948218094553496e-27
-5.362708693113192022e-29
-1.528268520593032667e-27
-2.162444995527831036e-26
-1.228767486091585407e-25
-4.177690285753636114e-25
-9.732914671136503714e-25
-1.670950906659877181e-24
-2.210227244092784088e-24
-2.319914673641662040e-24
-1.972276546517887420e-24
-1.377625505459450171e-24
-7.980438890519349952e-25
-3.853493279795976781e-25
-1.552978420845366685e-25
-5.212790716262840959e-26
-1.450021096397421564e-26
-3.314852511142621349e-27
-6.146452578743658090e-28
-9.035511889994729731e-29
-1.004235559488461225e-29
-7.357320080156747026e-31
-1.162555472495933442e-32
5.797559896622255040e-33
1.008570707108828924e-33
1.022655645708139404e-34
7.442209331062843781e-36
4.062094749351496667e-37
1.642462479471328209e-38
4.469874670221957269e-40
4.284543048795053124e-42
7.535140421655340615e-42
7.878387580672094140e-40
2.892815603611164049e-38
7.141808332950536806e-37
1.304384375255370115e-35
1.782530354476386359e-34
1.738365854417101256e-33
9.638765383482097603e-33
-2.691957414309718105e-32
-1.348865434576348131e-30
-1.797793374093129172e-29
-1.597535565099161879e-28
-1.076242261475966349e-27
-5.753633652048458369e-27
-2.495979390263165267e-26
-8.901948478598010487e-26
-2.632030345107956202e-25
-6.483771550895800065e-25
-1.333170490644027244e-24
-2.284108567182507749e-24
-3.242013758898552740e-24
-3.773045948065803862e-24
-3.544589521973829440e-24
-2.628487912803506119e-24
-1.489311566250967240e-24
-6.135577917310505705e-25
-1.696263912078310641e-25
-2.770626797085701428e-26
-2.536103474745562303e-27
-9.673565666346300550e-29
-5.896037105797907618e-28
-2.590320693850268667e-26
-1.771393829175952494e-25
-6.453856062477201733e-25
-1.552463907420720633e-24
-2.708814763365129223e-24
-3.613343282846529253e-24
-3.809230105161942861e-24
-3.246151490114898386e-24
-2.271437712404948405e-24
-1.318568409311313711e-24
-6.385987534238496442e-25
-2.584299688681235771e-25
-8.720840512256725826e-26
-2.441223940892020324e-26
-5.620688052178964358e-27
-1.050399635860621596e-27
-1.557901933305290177e-28
-1.751513408885717506e-29
-1.311578602503080542e-30
-2.567494536578350590e-32
9.467929908179682979e-33
1.701851258223468177e-33
1.743561556774439414e-34
1.275410151474575683e-35
6.981956504972288254e-37
2.827809982262608636e-38
7.700985076000389420e-40
7.365652417674910266e-42
1.256139119096519274e-41
1.316626081425650117e-39
4.830723750197789239e-38
1.190351391379650596e-36
2.166783025933576859e-35
2.943548091215158931e-34
2.836057199875638864e-33
1.510296619232145302e-32
-5.590302575678757015e-32
-2.339586297493300788e-30
-3.046410782450697567e-29
-2.673089136144700910e-28
-1.783077789939564407e-27
-9.448591544936344359e-27
-4.065906409184336530e-26
-1.439696494134374957e-25
-4.230917649356535275e-25
-1.037297605476053341e-24
-2.125486462080176566e-24
-3.632396962026517187e-24
-5.143575733807725485e-24
-5.965529931189535344e-24
-5.568786025374738356e-24
-4.079169258870055231e-24
-2.256660602327003781e-24
-8.851739986895762481e-25
-2.182006861434133528e-25
-2.510732278018809843e-26
-6.075739576034391493e-28
-1.710251434900095800e-28
2.968903824173780461e-27
-2.142151499913287949e-26
-2.300859740478363077e-25
-9.384101354168937799e-25
-2.363250605704945987e-24
-4.214756087403688750e-24
-5.684273127789323176e-24
-6.025565373340050873e-24
-5.149683856753205400e-24
-3.610737095859064666e-24
-2.101055982389006185e-24
-1.021137870240239091e-24
-4.152809071677607758e-25
-1.410290111936884189e-25
-3.977495924956099658e-26
-9.234615611889513113e-27
-1.741522457405521354e-27
-2.609302976702565052e-28
-2.971799779745643044e-29
-2.279445411366005550e-30
-5.393122025408731159e-32
1.481617194900430034e-32
2.775319779364389166e-33
2.878690645169127932e-34
2.118482054001535293e-35
1.163663642848072921e-36
4.722080482620927642e-38
1.286966460729478260e-39
1.227887633579431013e-41
2.038707982434805836e-41
2.142820966768266549e-39
7.855271272954190343e-38
1.931502484946555237e-36
3.502508171247440489e-35
4.725677453212875389e-34
4.488319932566574906e-33
2.271361865934589118e-32
-1.114804817720821255e-31
-3.971480598404306986e-30
-5.043242353196684257e-29
-4.363891568494540769e-28
-2.878730536662033520e-27
-1.510178219633587210e-26
-6.438219563069532064e-26
-2.260597971385006335e-25
-6.596047169605142402e-25
-1.608165439816293341e-24
-3.282093179306354434e-24
-5.593013675049237138e-24
-7.898440301423948971e-24
-9.122502370705769055e-24
-8.447180895815238058e-24
-6.088199853095737062e-24
-3.258343185847094580e-24
-1.186315574413980896e-24
-2.349811513853441501e-25
-1.424997315513054966e-27
5.817569438213146434e-27
-2.978280634255880231e-28
1.218542095796779166e-26
5.577366930318587107e-27
-2.538659355332642840e-25
-1.274839955261816779e-24
-3.436791215788115592e-24
-6.315217643163993450e-24
-8.640031759571800518e-24
-9.222368394741059609e-24
-7.908732179292397828e-24
-5.557796042394785313e-24
-3.242665823950631396e-24
-1.582331968329879063e-24
-6.472346614470476605e-25
-2.214402316754432411e-25
-6.300147269977590713e-26
-1.476867768495853929e-26
-2.814074052359758780e-27
-4.264487566624170897e-28
-4.926659645827646812e-29
-3.877374998622021809e-30
-1.084503476521369805e-31
2.224579080029470737e-32
4.390055409021328968e-33
4.620630387162919867e-34
3.424121358187681036e-35
1.888115532120515205e-36
7.678433726490556042e-38
2.094524646451186373e-39
1.992858746904702933e-41
3.230345781695646618e-41
3.405731931381875778e-39
1.247300320768477218e-37
3.059649930687096524e-36
5.524521002557462114e-35
7.395820750734636420e-34
6.906942046252390699e-33
3.275407103775079132e-32
-2.143777131549847324e-31
-6.616036978367429248e-30
-8.182554548554650151e-29
-6.974210161361383700e-28
-4.544712374985167724e-27
-2.357460879817992309e-26
-9.944328222809060540e-26
-3.457989037770560619e-25
-1.000661545534096913e-24
-2.424032639488989434e-24
-4.924889878652003032e-24
-8.366298873975346022e-24
-1.177947384786985246e-23
-1.353763921736091179e-23
-1.240806831646438632e-23
-8.753265727646968079e-24
-4.470302459365531806e-24
-1.441849869320015680e-24
-1.602263294722601494e-25
6.862893088106385265e-26
2.158541781912762383e-26
-5.126885910972723347e-28
3.258471210602986836e-26
8.107733718920761065e-26
-1.909789340733096518e-25
-1.589502131331049783e-24
-4.768850291014571236e-24
-9.133101960302135122e-24
-1.273086242766514271e-23
-1.370604351090406885e-23
-1.180005764331740025e-23
-8.312190847265765259e-24
-4.863563902113928328e-24
-2.384058232653970231e-24
-9.816801441575661430e-25
-3.387675779853279016e-25
-9.735432094971299283e-26
-2.307214678620825490e-26
-4.447169996695033881e-27
-6.823847851388499973e-28
-8.005509100954281555e-29
-6.472726391613932171e-30
-2.098399446305897706e-31
3.201119650963885555e-32
6.751922656867208893e-33
7.229800875598713265e-34
5.400335769948812164e-35
2.990774360508670502e-36
1.219189428917753025e-37
3.328922457523455588e-39
3.157697570461785210e-41
5.007168021346077171e-41
5.296696812032122615e-39
1.937810657762338559e-37
4.741048316633921593e-36
8.519731737378785454e-35
1.130501297765921060e-33
1.035118190025726513e-32
4.512461668207334390e-32
-3.988864822819928206e-31
-1.083691968039206853e-29
-1.304288453754643870e-28
-1.094029099707097906e-27
-7.035680578142163349e-27
-3.604753945310547471e-26
-1.502651525057382026e-25
-5.168117755100768690e-25
-1.481444721188698990e-24
-3.562546955819176891e-24
-7.202026599132448697e-24
-1.219474605058207985e-23
-1.711585314642040987e-23
-1.955803646986968154e-23
-1.769931461056145471e-23
-1.213627378512049951e-23
-5.790450555691327280e-24
-1.496368943364425905e-24
1.169339069789033773e-25
2.302747241496012902e-25
5.527948414150639283e-26
-8.746180646029475080e-28
7.372292596511935509e-26
2.510161437122465565e-25
6.483316870955743765e-26
-1.744967545628847014e-24
-6.292232757781225526e-24
-1.277463063617109912e-23
-1.824385233419674960e-23
-1.984768648342038126e-23
-1.716191229420499816e-23
-1.211717737007078348e-23
-7.110342136803092341e-24
-3.502718777072676171e-24
-1.453225618139869154e-24
-5.064398803698650329e-25
-1.472019118191764380e-25
-3.531258140021591036e-26
-6.892835167146708464e-27
-1.071917422048225844e-27
-1.278103718079939814e-28
-1.062396253850718062e-29
-3.922333614648966938e-31
4.397523959324555508e-32
1.011230416782664818e-32
1.104849228680724301e-33
8.327289926182862676e-35
4.634068313789455026e-36
1.894080760155202496e-37
5.177148360996574852e-39
4.894551912921520130e-41
7.603863791239371038e-41
8.072640395392755678e-39
2.950045410256525920e-37
7.196979904178593464e-36
1.286513240557728470e-34
1.690145928608791411e-33
1.512160874460522793e-32
5.894618755970609598e-32
-7.201090534574599952e-31
-1.747659078501778376e-29
-2.046338481860400899e-28
-1.688188681841184813e-27
-1.070644527311445982e-26
-5.413048008985550684e-26
-2.227314125036411127e-25
-7.567216922717079614e-25
-2.146203200650460454e-24
-5.119292094231989250e-24
-1.029439427723407904e-23
-1.737603460787991990e-23
-2.431534161843359715e-23
-2.761058249876129220e-23
-2.460259264811570673e-23
-1.624986809402351589e-23
-7.000184822130718481e-24
-1.071406259509774900e-24
7.868589608570796249e-25
5.599903211339070288e-25
1.213888502922562864e-25
-1.481104600308359957e-27
1.514114260626646438e-25
5.922433932437885407e-25
6.946414496368541309e-25
-1.495177367781720144e-24
-7.849664580986682578e-24
-1.733010409720257312e-23
-2.553035301360349929e-23
-2.811868192656251918e-23
-2.442129584305775437e-23
-1.727488102677324634e-23
-1.016332024746856841e-23
-5.032875690149508644e-24
-2.105609113747966970e-24
-7.419072276485364444e-25
-2.183801212463157908e-25
-5.308816473655912632e-26
-1.050329777898817653e-26
-1.656543968195802146e-27
-2.008560324463329013e-28
-1.716707942516912940e-29
-7.105099909462823124e-31
5.721301862086299475e-32
1.476162726395796330e-32
1.651341690872762748e-33
1.257300585199617966e-34
7.034154908050159946e-36
2.883374208975419216e-37
7.890269877450433052e-39
7.432816001094670968e-41
1.132584314263791666e-40
1.207069510244278792e-38
4.405695634771686942e-37
1.071498861210128820e-35
1.904346680377900298e-34
2.473959290088899949e-33
2.154271685565170812e-32
7.195412308738121974e-32
-1.264129619602345767e-30
-2.777466470119649632e-29
-3.164743188360873268e-28
-2.567253424097622656e-27
-1.604936512758449156e-26
-8.001985362821920521e-26
-3.247110385510009137e-25
-1.088569995556140634e-24
-3.051526138003132911e-24
-7.214861116904151856e-24
-1.443109879341240989e-23
-2.429570452040689999e-23
-3.392266854654478261e-23
-3.828022891798583768e-23
-3.350236967959469033e-23
-2.108265779884717130e-23
-7.739616632938711700e-24
2.809985180094271612e-25
2.155072969445139896e-24
1.180703066745310369e-24
2.433099567355339456e-25
-2.492140755070240700e-27
2.907195152880903621e-25
1.226875331178934622e-24
1.985832605832893781e-24
-4.499562232157394388e-25
-9.187969496663595813e-24
-2.292263664242594702e-23
-3.509671139339831244e-23
-3.918431755759000100e-23
-3.416080229498511017e-23
-2.418279084765878157e-23
-1.425353547222933363e-23
-7.094894131804905517e-24
-2.995175988159453957e-24
-1.068125260878647179e-24
-3.187336796308674035e-25
-7.858813136959236383e-26
-1.576886620740238398e-26
-2.523151500017381501e-27
-3.111496479339799861e-28
-2.733366884496653885e-29
-1.250421743922446234e-30
6.940777224748022476e-32
2.101177951440293107e-32
2.416431087939552134e-33
1.860858710484760423e-34
1.047187160558752579e-35
4.305959831113365066e-37
1.179770651524050594e-38
1.107099592635473174e-40
1.656091537359076736e-40
1.772284018900858540e-38
6.460232509311267090e-37
1.565955495704053835e-35
2.765643445563107767e-34
3.548188528135417382e-33
2.992973953413013512e-32
7.962432472905257416e-32
-2.161791834945414081e-30
-4.352543900063016270e-29
-4.830082552812958534e-28
-3.853478898556231776e-27
-2.374652644865990095e-26
-1.167279481154202105e-25
-4.668768976333318166e-25
-1.543244443800899407e-24
-4.272609664314453253e-24
-1.000985902320128693e-23
-1.992409685083465906e-23
-3.350140833464711035e-23
-4.675481382989575661e-23
-5.250246816284736789e-23
-4.508422155279237208e-23
-2.673055286272540999e-23
-7.540774066139121115e-24
3.208437553371111800e-24
4.679716099323761890e-24
2.280132098751311061e-24
4.571891312862380119e-25
-4.168110905166980236e-27
5.296757534689436433e-25
2.338924391858853522e-24
4.362262083629244865e-24
1.936973724258247765e-24
-1.002186014721853972e-23
-2.987690062260037609e-23
-4.783698124702893359e-23
-5.412058230345722379e-23
-4.726749330952939636e-23
-3.341430303767411533e-23
-1.969996104476989015e-23
-9.850934129345685398e-24
-4.197495250442112018e-24
-1.516090711620211645e-24
-4.589614184388518285e-25
-1.148272489223231858e-25
-2.337082168695048776e-26
-3.793602848018887200e-27
-4.756661014078378314e-28
-4.290795151222708697e-29
-2.142291387830674612e-30
7.598246743900436411e-32
2.916294433706990957e-32
3.464539002851684068e-33
2.702100643540820927e-34
1.530312980548718802e-35
6.313710877602468831e-37
1.732151275526798538e-38
1.618811137041226176e-40
2.378900864618897600e-40
2.556897635575879865e-38
9.307344269817607258e-37
2.248077826114044334e-35
3.943276957261937468e-34
4.988953329425874454e-33
4.053500246526298033e-32
7.398104287165456047e-32
-3.606651099172615806e-30
-6.728138469205627531e-29
-7.281232067310269699e-28
-5.716798523534166538e-27
-3.474270997220024692e-26
-1.684225709303585340e-25
-6.640101292687744120e-25
-2.163692454081365095e-24
-5.915074478073894370e-24
-1.373493192474951787e-23
-2.723928689889849590e-23
-4.585652948690355643e-23
-6.418538344849221952e-23
-7.198419458553017832e-23
-6.080480069217190138e-23
-3.376915666522067955e-23
-6.013149708210946926e-24
8.525114584261469117e-24
8.995128767458322934e-24
4.129060868337533184e-24
8.162803391281344747e-25
-6.928515274328371413e-27
9.231712704158750213e-25
4.189282160917980609e-24
8.395442850584814792e-24
6.305749684715192013e-24
-1.026720191980253493e-23
-3.914872293296591589e-23
-6.555489513101409318e-23
-7.487166414026103448e-23
-6.523787802892012585e-23
-4.588207450513526406e-23
-2.698470755435715081e-23
-1.353657886696277955e-23
-5.819735667201626536e-24
-2.129220335326990162e-24
-6.539602563437490619e-25
-1.659927412395439114e-25
-3.425534410713354753e-26
-5.637589145372140077e-27
-7.182031946233347912e-28
-6.642939346974381885e-29
-3.578833201906689325e-30
6.891796542825211226e-32
3.945032818006300685e-32
4.869588088903806059e-33
3.852085876246884452e-34
2.196734995305168615e-35
9.095804820279504806e-37
2.498912182863209235e-38
2.325317578448553130e-40
3.358796443479334666e-40
3.626625897068513650e-38
1.318194659616463377e-36
3.171919087823617439e-35
5.522795054497987880e-34
6.879787651525631640e-33
5.346990897478979908e-32
4.205705338764827008e-32
-5.877373672060950148e-30
-1.026069790550116379e-28
-1.084835431245783844e-27
-8.391711666830222827e-27
-5.034695622988781829e-26
-2.409309314562071226e-25
-9.370781368366149056e-25
-3.012124346178589395e-24
-8.136382761254628639e-24
-1.874716154615145955e-23
-3.713195243209900210e-23
-6.283535656088872756e-23
-8.870047960686073460e-23
-1.000531305371299190e-22
-8.389145783195880837e-23
-4.412037122825591002e-23
-3.365659636235128435e-24
1.701950307298195990e-23
1.588690758220719184e-23
7.091441128539643760e-24
1.394820156852783676e-24
-1.144123624565638066e-26
1.545750634935564727e-24
7.119784785946994500e-24
1.475911060021224950e-23
1.315239392213703207e-23
-1.063463274908507353e-23
-5.327526889612672942e-23
-9.203813522913402207e-23
-1.051515213631602158e-22
-9.076322051411319728e-23
-6.314740096062119654e-23
-3.689465389262049546e-23
-1.851968093930375896e-23
-8.022930492418858460e-24
-2.970797263707375106e-24
-9.249585828615717599e-25
-2.379577677453642690e-25
-4.973624878513284969e-26
-8.289596380285606469e-27
-1.071677978941111924e-27
-1.014450476589864363e-28
-5.837345755083772863e-30
3.523037591496729730e-32
5.196702268467992728e-32
6.712559691024678893e-33
5.394191375503119832e-34
3.099210521518210764e-35
1.288164573057416606e-36
3.544242126077302797e-38
3.283083110075753003e-40
4.663299948933281581e-40
5.059192360737334415e-38
1.836077943704957067e-36
4.400443515253556272e-35
7.601190421033627900e-34
9.307268105771294338e-33
6.860059497989458012e-32
-3.598167052850964697e-32
-9.364300837418610655e-30
-1.543822988786340995e-28
-1.598127741988801160e-27
-1.219916005002469798e-26
-7.237228493472370675e-26
-3.424803821483814672e-25
-1.316497126139438186e-24
-4.181992696778074658e-24
-1.118299237779591606e-23
-2.563026669414959508e-23
-5.089014330365416473e-23
-8.705930795952303534e-23
-1.249276601188291745e-22
-1.432747899600112663e-22
-1.213192650676177279e-22
-6.286288960317895239e-23
-1.600144952086254571e-24
2.892234631029651072e-23
2.615079606186759339e-23
1.160961015316006550e-23
2.289208728838874818e-24
-1.875523398147342030e-26
2.490528544114896831e-24
1.152776577511867335e-23
2.405518281033571074e-23
2.222796729220378689e-23
-1.392592265058412163e-23
-7.830101637582137386e-23
-1.351359280968341863e-22
-1.521302246898801939e-22
-1.287978508948965316e-22
-8.797598843633500652e-23
-5.077370991526268395e-23
-2.540417247425253719e-23
-1.106036941636193803e-23
-4.136292431612384679e-24
-1.302852435820949996e-24
-3.390339873244155672e-25
-7.163598525796781369e-26
-1.207083903882190859e-26
-1.580955516750799316e-27
-1.528107316842858710e-28
-9.305970926406289030e-30
-4.487847723127765263e-32
6.656119159972742163e-32
9.077182540037722728e-33
7.422892645299130385e-34
4.299175809793765299e-35
1.794142354511079901e-36
4.944045616417521702e-38
4.558078272666362578e-40
6.368708601988195626e-40
6.943633197374559784e-38
2.515944098703223646e-36
6.004526450636889956e-35
1.028410160845312195e-33
1.235444824746755793e-32
8.541872982745699452e-32
-1.889691774718491921e-31
-1.459902056134270854e-29
-2.291473826629714087e-28
-2.328316813566113425e-27
-1.757411837473825739e-26
-1.033243410722224136e-25
-4.847685401190996826e-25
-1.847139949320552724e-24
-5.817296279692828257e-24
-1.545227807350612395e-23
-3.536486767191046599e-23
-7.075308928040719769e-23
-1.232312270162466401e-22
-1.814636450084652509e-22
-2.143942989024137084e-22
-1.875113021555326247e-22
-1.017449184821783539e-22
-6.949831926809770284e-24
4.272075032767877791e-23
4.021468226635570150e-23
1.813380775188707531e-23
3.612264204977685219e-24
-3.049263355622690573e-26
3.859111929891897157e-24
1.777747637924024314e-23
3.638459770204466163e-23
3.125322277486616817e-23
-2.761148297597409821e-23
-1.274384275838620986e-22
-2.105838252861328686e-22
-2.294604489420499878e-22
-1.884354906696488080e-22
-1.252975781610628888e-22
-7.095346734715468272e-23
-3.520547674797810809e-23
-1.534127316391803114e-23
-5.773133306193371724e-24
-1.833306653108427275e-24
-4.810551599241460552e-25
-1.024754667888037926e-25
-1.741685052399858768e-26
-2.306196632348539813e-27
-2.270317068038787841e-28
-1.451284024031100625e-29
-2.001185085686097918e-31
8.270918309953364900e-32
1.204348443296027034e-32
1.004101207003236651e-33
5.865761406387861693e-35
2.458318804856756838e-36
6.785256413421003281e-38
6.224834753240263878e-40
8.557926934840227278e-40
9.378261363293026207e-38
3.392461739758691762e-36
8.060826846317283109e-35
1.368111830914683610e-33
1.609201739298961352e-32
1.028940196021248717e-31
-4.569615740152224829e-31
-2.228455275930867912e-29
-3.354657511109336208e-28
-3.354847400502878224e-27
-2.509920114159074869e-26
-1.466496999061091262e-25
-6.844732285768024535e-25
-2.595821095140835212e-24
-8.142732814952516972e-24
-2.159225257673958659e-23
-4.960805017105920352e-23
-1.006079701141987669e-22
-1.797153571340061246e-22
-2.740211670815037634e-22
-3.374961892091734489e-22
-3.109544597516063986e-22
-1.856100922981861681e-22
-3.448304500482018959e-23
5.280799468682138091e-23
5.732404279241822396e-23
2.694377160370229817e-23
5.473165064470721134e-24
-4.911764970136523912e-26
5.733855063642722168e-24
2.599241935848220608e-23
5.045692593814393590e-23
3.343356774212990953e-23
-6.860569672115261793e-23
-2.276623731602603112e-22
-3.487551279853353444e-22
-3.625288465746132524e-22
-2.861105606444268931e-22
-1.838167861994778870e-22
-1.014662781569803758e-22
-4.963724380256643379e-23
-2.153294044269357735e-23
-8.111469080781716524e-24
-2.584352376475058050e-24
-6.809009722097861879e-25
-1.457231306090182559e-25
-2.491098164608212662e-26
-3.326617075883716664e-27
-3.326209290801690114e-28
-2.215570333680585998e-29
-4.702873830676014854e-31
9.937118153980928455e-32
1.567913579835683223e-32
1.335511850618932274e-33
7.873705971362748312e-35
3.314522662634905832e-36
9.163840400908656411e-38
8.364320338555907452e-40
1.131675683945596758e-39
1.246690161830809947e-37
4.502025475802040291e-36
1.064829196370529304e-34
1.789896345031476059e-33
2.056739927250646217e-32
1.193215664125361780e-31
-8.932640377645427127e-31
-3.332216972189086085e-29
-4.842682402621728778e-28
-4.780267930631816154e-27
-3.554375838233398909e-26
-2.070522146825368819e-25
-9.653233249058042811e-25
-3.662170147628506266e-24
-1.150944600820845938e-23
-3.065770446419152016e-23
-7.114108611595956008e-23
-1.471260976219820151e-22
-2.711573478790204506e-22
-4.307247585175066601e-22
-5.567840166092239034e-22
-5.455572775617539437e-22
-3.635534388793454393e-22
-1.162423154685784117e-22
4.520376274058987294e-23
7.398591475319456709e-23
3.778053295922542171e-23
7.931118783421044669e-24
-7.829617066783513608e-26
8.118941067488289676e-24
3.564285959468218712e-23
6.192985920419420918e-23
1.301486863307027605e-23
-1.715849508828787295e-22
-4.310184683085591631e-22
-6.061355160407970397e-22
-5.973177394780213759e-22
-4.509479167359331176e-22
-2.786686253162887212e-22
-1.492026574364958245e-22
-7.156889379185929640e-23
-3.072017595148394014e-23
-1.151070115873084814e-23
-3.657388528836076913e-24
-9.625799571908973995e-25
-2.061111257417813417e-25
-3.532321566825797138e-26
-4.744407362752586509e-27
-4.804358362238986211e-28
-3.312806914584171018e-29
-9.082427997052354113e-31
1.148424951393743387e-31
2.002880573874972248e-32
1.746885966646797082e-33
1.039993511042877547e-34
4.398252468390445403e-36
1.218110881571422465e-37
1.106030664334142611e-39
1.472813606344133379e-39
1.631293025282888813e-37
5.880639683481007530e-36
1.384309133599615414e-34
2.303247145836532373e-33
2.579237923856570162e-32
1.321848280316817125e-31
-1.565849700178528249e-30
-4.882902898982765250e-29
-6.891167042568603554e-28
-6.733941650519633847e-27
-4.990655153047222601e-26
-2.908797201804679579e-25
-1.360846713432111058e-24
-5.193967387444626369e-24
-1.646259852275334130e-23
-4.434920272444681247e-23
-1.045744384358219766e-22
-2.215940362964310431e-22
-4.227831114021446618e-22
-7.008883822337694284e-22
-9.511539656049641091e-22
-9.894330543462577994e-22
-7.273323795314154480e-22
-3.147604058790670435e-22
-9.682185830130425150e-24
8.125283920368060187e-23
4.917184830695930795e-23
1.090492972476700211e-23
-1.233429604203127352e-25
1.083138315291923368e-23
4.481082746898403605e-23
6.056695785887102623e-23
-6.211275467924231826e-23
-4.026198414248488618e-22
-8.330932409966934540e-22
-1.084155701650644389e-21
-1.015031771046947030e-21
-7.335877389819090738e-22
-4.357568513030994586e-22
-2.257696593999419082e-22
-1.057438824451229406e-22
-4.464866799301221005e-23
-1.652802500531636731e-23
-5.202651654376544976e-24
-1.359984139658683257e-24
-2.900202777119903870e-25
-4.965231737525051737e-26
-6.688363230453225130e-27
-6.839333092143905477e-28
-4.853607890630216658e-29
-1.581262164070633054e-30
1.266210040225840105e-31
2.510211692777673451e-32
2.247415303048730501e-33
1.351860864905115725e-34
5.744606703431355591e-36
1.593788768829014081e-37
1.439373223381901172e-39
1.886307728814487874e-39
2.101029225371820895e-37
7.560896182427205433e-36
1.771178062625741570e-34
2.915342376133490913e-33
3.173023594378149871e-32
1.380625154168311990e-31
-2.557628800881660964e-30
-7.013886734744984793e-29
-9.663023295728868415e-28
-9.374787771644074755e-27
-6.945801894757576539e-26
-4.065717987366761477e-25
-1.917878663745084488e-24
-7.408112728973039250e-24
-2.383872263788004049e-23
-6.537232640379257904e-23
-1.574460783546645803e-22
-3.428514232486292548e-22
-6.774307574337859140e-22
-1.169451588678735009e-21
-1.657944420836304390e-21
-1.814917547393123035e-21
-1.440206889747792855e-21
-7.440399212388318535e-22
-1.683646406913151841e-22
6.037691759831439011e-23
5.731219265160152719e-23
1.401544435498881600e-23
-1.917040983700917961e-25
1.332042854848141029e-23
4.900260170396677940e-23
2.578055076075182572e-23
-2.517893844313300184e-22
-8.800604817939760656e-22
-1.601696398603192843e-21
-1.959146693167387859e-21
-1.755873009037365636e-21
-1.220666926811866766e-21
-6.988310888227233816e-22
-3.504635104709752993e-22
-1.598955986894531262e-22
-6.608987643883959224e-23
-2.401692344840910570e-23
-7.440306216804179988e-24
-1.920393251245747377e-24
-4.059236812834327857e-25
-6.916725078301459261e-26
-9.316519592966705628e-27
-9.592580878062368802e-28
-6.969844767756579435e-29
-2.571255698529245639e-30
1.313186863524197116e-31
3.086116373862154686e-32
2.844030001284815990e-33
1.729444373533600854e-34
7.385330093228176550e-36
2.052573718541578742e-37
1.843384310970603910e-39
2.376452087049235468e-39
2.662932461304269330e-37
9.567656467976256463e-36
2.230230378224610746e-34
3.629728226318503492e-33
3.828362029456995697e-32
1.326140103057026114e-31
-3.964916692855630054e-30
-9.877621546443481562e-29
-1.334667167516225290e-27
-1.289203226966276149e-26
-9.577522156667948649e-26
-5.651399038698229048e-25
-2.700834556603453846e-24
-1.061834464888517613e-23
-3.490258555675354181e-23
-9.796919964410916260e-23
-2.419205641833012979e-22
-5.420031377841518332e-22
-1.107078603637817364e-21
-1.980705303981154465e-21
-2.911243383877045005e-21
-3.315180705392125783e-21
-2.779688729278749275e-21
-1.599553756795914358e-21
-5.302781499095213632e-22
-2.341364415249282571e-23
5.440802222065944968e-23
1.634175453979047120e-23
-2.932932910037684218e-25
1.440544330504456754e-23
3.945505578859793618e-23
-7.958500979996746396e-23
-6.593333019692597587e-22
-1.803983264606770038e-21
-3.019111264638686493e-21
-3.528828598547308974e-21
-3.057438437298778860e-21
-2.058628823676064361e-21
-1.141073586735729998e-21
-5.550257389278746252e-22
-2.464690077625715189e-22
-9.937957872156294891e-23
-3.526527429128021427e-23
-1.068823559964351849e-23
-2.708724226022492959e-24
-5.648591693556246520e-25
-9.544089410111729904e-26
-1.281677103285523117e-26
-1.325054442744668117e-27
-9.812007989270979047e-29
-3.973193109659737369e-30
1.246511776759451755e-31
3.720881736955906930e-32
3.540106871058085107e-33
2.177393395103803549e-34
9.344596783959070680e-36
2.601310253677993604e-37
2.322241239267127775e-39
2.941294718714950827e-39
3.319114333701772234e-37
1.191133794865163702e-35
2.763165145847995612e-34
4.444731343292395798e-33
4.528433317730372819e-32
1.106816706056645876e-31
-5.893365445825130422e-30
-1.363930661015536295e-28
-1.815011589815655848e-27
-1.750258417209879301e-26
-1.307586630828334469e-25
-7.806210215197517601e-25
-3.796597128800129108e-24
-1.527046126601470693e-23
-5.153466867857227551e-23
-1.486929181189328055e-22
-3.774005582039914164e-22
-8.699797199309093010e-22
-1.831820628571228980e-21
-3.377462719963795527e-21
-5.103642077235061036e-21
-5.975303379833562362e-21
-5.197429985082702615e-21
-3.196578567125819708e-21
-1.256915278754062238e-21
-2.281941889610473269e-22
2.670864438481528625e-23
1.611480675206373648e-23
-4.401767725674665270e-25
1.198382724743890798e-23
1.250577887854907155e-24
-3.161818170095354846e-22
-1.449762268171841042e-21
-3.493226532826798496e-21
-5.541243496866631239e-21
-6.283620513400742451e-21
-5.316973949495381905e-21
-3.493142113915091224e-21
-1.884165083287408056e-21
-8.912566372457873704e-22
-3.852593483793886389e-22
-1.512003324227947039e-22
-5.218396500995454301e-23
-1.539721955349772454e-23
-3.812364069888825186e-24
-7.808706343674209570e-25
-1.303652198216895886e-25
-1.740410587346464415e-26
-1.801865870079220672e-27
-1.354285046289700898e-28
-5.891024062389759572e-30
1.015429387242457678e-31
4.397895172404705321e-32
4.333925642593702656e-33
2.697331364258719219e-34
1.163245697438606808e-35
3.242030351714064368e-37
2.874014496895514860e-39
3.564438144121612076e-39
4.061402171299058939e-37
1.457584640509916410e-35
3.366680727567496233e-34
5.351383976960034309e-33
5.248537512847922743e-32
6.655047588288408419e-32
-8.450534220842687386e-30
-1.846553598310123203e-28
-2.428923167074180619e-27
-2.344323141505394635e-26
-1.766150878160726494e-25
-1.070401217010352949e-24
-5.319597459282395167e-24
-2.198483738661141682e-23
-7.648014145783572000e-23
-2.275154235125808648e-22
-5.945035224205684509e-22
-1.409630470969098246e-21
-3.051146706483086462e-21
-5.766071910368505768e-21
-8.886512249202542172e-21
-1.058056939084205125e-20
-9.399392810962913392e-21
-6.011321155948467372e-21
-2.586887800178881054e-21
-6.394830110643313747e-22
-4.643114760792305724e-23
1.055078111245555949e-23
-6.443258981749583333e-25
2.980166353080484203e-24
-8.720353718473251845e-23
-7.711860595589589361e-22
-2.862812559350198971e-21
-6.424543026755714096e-21
-9.877832460124761751e-21
-1.101696792978783523e-20
-9.193503282692583785e-21
-5.934818800121689824e-21
-3.129717251177259287e-21
-1.443164318407704330e-21
-6.074175704611410042e-22
-2.316971917974382728e-22
-7.755643063779612940e-23
-2.219317548536595655e-23
-5.346148061555150109e-24
-1.071313306905159300e-24
-1.761320856981179220e-25
-2.331267038786319851e-26
-2.410961433523560053e-27
-1.832607807754149467e-28
-8.430286961229975224e-30
5.638762134473452632e-32
5.092896770262105424e-32
5.216653265424694978e-33
3.285998413854659634e-34
1.423306107297395948e-35
3.966718530637576446e-37
3.482658492953224395e-39
4.195372667829566767e-39
4.859337905726516117e-37
1.749423893533001691e-35
4.029089614108780666e-34
6.330251296185489920e-33
5.955395514571549840e-32
-5.588538220548897267e-33
-1.173406861821712886e-29
-2.450638778215105651e-28
-3.196825440680346652e-27
-3.095531955519548496e-26
-2.357836290061662793e-25
-1.455239851823649589e-24
-7.416213647124982372e-24
-3.160397614031152814e-23
-1.136659380689557849e-22
-3.493731331365479797e-22
-9.410230795539359657e-22
-2.294874715443693247e-21
-5.095209326071455728e-21
-9.824149907309667218e-21
-1.533370543420743649e-20
-1.838416870192463120e-20
-1.645342305877923304e-20
-1.071407210437011052e-20
-4.828400221723262776e-21
-1.358141192254884701e-21
-1.876323396528219080e-22
-3.366807099720429218e-24
-9.104883751518128471e-25
-1.549709231620890579e-23
-2.480772569033817997e-22
-1.543694675393665664e-21
-5.202146765955677476e-21
-1.126479319272791198e-20
-1.710461205795452908e-20
-1.900086345228120228e-20
-1.577695093669688531e-20
-1.006871513664267331e-20
-5.210793816806415684e-21
-2.346154559322736086e-21
-9.614334663591753584e-22
-3.560279965093986091e-22
-1.153547887577021552e-22
-3.192400735739146623e-23
-7.456583865423852473e-24
-1.456852790601323482e-24
-2.351571727915756392e-25
-3.078036438733850325e-26
-3.172391649427701047e-27
-2.430858339892265887e-28
-1.168639997052710628e-29
-1.649075644677414793e-32
5.773336416754121591e-32
6.169262311657886359e-33
3.931951889928936423e-34
1.708091376963422889e-35
4.745596923694481863e-37
4.098803458640242929e-39
4.705470775061166105e-39
5.634057468244546076e-37
2.049859119458778633e-35
4.723863460379113175e-34
7.345936315119637623e-33
6.606204219562985098e-32
-1.109016503698262175e-31
-1.581395037533390208e-29
-3.186881940334163837e-28
-4.134982884601302389e-27
-4.025884093180974352e-26
-3.107736193147833031e-25
-1.958730614879189808e-24
-1.026687116756252642e-23
-4.523883075166546455e-23
-1.685793686607698010e-22
-5.362434096134244532e-22
-1.490638313889666330e-21
-3.740436073680986048e-21
-8.507431114063418654e-21
-1.667599282696779835e-20
-2.620409933960132588e-20
-3.136831419987576193e-20
-2.794863089279662364e-20
-1.819542430331037878e-20
-8.300902271963223320e-21
-2.440849529714198098e-21
-3.966859215028316013e-22
-2.459001640893879312e-23
-1.218333321553376631e-24
-4.083909346819525174e-23
-4.764223578319282458e-22
-2.680478197453945149e-21
-8.774115433003748560e-21
-1.890378224385556464e-20
-2.884267400041278198e-20
-3.227045898756058363e-20
-2.686462823138592931e-20
-1.703377724441532385e-20
-8.674933468543937057e-21
-3.816742559234503771e-21
-1.521841661184712013e-21
-5.464350672777749781e-22
-1.711142649610499645e-22
-4.570449116142024867e-23
-1.032367718175153278e-23
-1.960893935338730871e-24
-3.099157449286228351e-25
-4.002295460906766987e-26
-4.102016276556304486e-27
-3.159413689369288851e-28
-1.572712678169476378e-29
-1.221073098677619550e-31
6.397508864283400627e-32
7.157192610639966104e-33
4.609274974842580323e-34
2.001196351589500321e-35
5.501630623119322553e-37
4.596781476120383447e-39
4.800219774230930669e-39
6.206544541224648832e-37
2.322331562650320482e-35
5.397695462479688499e-34
8.337467546568405013e-33
7.147075363009056079e-32
-2.527781464494672623e-31
-2.070637260628982097e-29
-4.057826661507661035e-28
-5.251108141195731557e-27
-5.151191668278948034e-26
-4.038708914508486440e-25
-2.605805774198657298e-24
-1.408308533669231343e-23
-6.430041015619922859e-23
-2.486710716977175283e-22
-8.197699047484069613e-22
-2.355129080803240081e-21
-6.086538955081553908e-21
-1.417359141450673940e-20
-2.816652408944962685e-20
-4.433277576391447324e-20
-5.261444233421190401e-20
-4.625649060804129866e-20
-2.967117199761862233e-20
-1.324976182844517026e-20
-3.752536986542677470e-21
-5.757935749330052731e-22
-3.411828816042612130e-23
-1.484551475521433412e-24
-4.829565083308287427e-23
-6.582730221715859070e-22
-4.020150084959412389e-21
-1.380616005535188102e-20
-3.059280866344146091e-20
-4.758391327198744951e-20
-5.405746139951856228e-20
-4.538584830676154941e-20
-2.870560683018919531e-20
-1.441396078919265719e-20
-6.197096462163137499e-21
-2.401375100713616528e-21
-8.348443239822857204e-22
-2.523257011632771017e-22
-6.494527213873648941e-23
-1.415757284722089776e-23
-2.608048140659602319e-24
-4.026477339408305053e-25
-5.119377454211251611e-26
-5.207158247100449981e-27
-4.020549992947941180e-28
-2.056681714422968162e-29
-2.636934497353785201e-31
6.913117465070421168e-32
8.121012394865895932e-33
5.265942833052565989e-34
2.266929156289618827e-35
6.060029557033655110e-37
4.688930609971279412e-39
3.869289538097927058e-39
6.208913249205359877e-37
2.494178258846480519e-35
5.950847445167173778e-34
9.203157087772146274e-33
7.511100582785799848e-32
-4.310973194412877794e-31
-2.633604332796983495e-29
-5.052474428842753156e-28
-6.538169953813040276e-27
-6.475105813319432619e-26
-5.166592400764709023e-25
-3.419741926239139512e-24
-1.909510929150912389e-23
-9.049139864055335262e-23
-3.636845789971995276e-22
-1.244247522774153293e-21
-3.700441105808408015e-21
-9.862921458999298607e-21
-2.351464658664398702e-20
-4.726081957354146799e-20
-7.411579918171852586e-20
-8.661672226192941102e-20
-7.481703307577816338e-20
-4.712388071300788247e-20
-2.004849621068907227e-20
-4.817635909618391016e-21
-3.923419041273244282e-22
3.105229353569814577e-23
-1.495034114634822914e-24
4.089801493000264660e-23
-4.179515952255433774e-22
-5.033483557506238694e-21
-2.068237884910748705e-20
-4.850732931508027355e-20
-7.716566276826633226e-20
-8.926461822034872826e-20
-7.596373530374163568e-20
-4.811497929761074963e-20
-2.385831745847082007e-20
-1.001868808321996310e-20
-3.766851306470617645e-21
-1.265780652904055541e-21
-3.687436265330137829e-22
-9.134017823040645194e-23
-1.918566949146176449e-23
-3.421104135547963170e-24
-5.148799561999234094e-25
-6.432451509556858656e-26
-6.480492348170006691e-27
-5.003134076379272269e-28
-2.612928749823243106e-29
-4.409838258827435615e-31
7.255518341985697145e-32
8.961711800210875449e-33
5.804674520695798586e-34
2.434377626514987224e-35
6.061690511922319932e-37
3.779233597158757627e-39
7.808770997991191345e-40
4.961352709895503883e-37
2.434216028572841050e-35
6.210842141576459767e-34
9.781523559648479073e-33
7.618037102421475353e-32
-6.396936942449534826e-31
-3.248523477208324084e-29
-6.139212631337967889e-28
-7.966243911605538565e-27
-7.980936289486770258e-26
-6.493094177788901386e-25
-4.417048814083363644e-24
-2.552422405108284195e-23
-1.257163711516425459e-22
-5.257129778910510864e-22
-1.869345004982937809e-21
-5.765689852048778522e-21
-1.587426389421824530e-20
-3.875834608144313644e-20
-7.857890759927919826e-20
-1.218913615346003840e-19
-1.387620878806471501e-19
-1.173706432175168137e-19
-7.376413370439874959e-20
-3.018223191818923968e-20
-5.080024323548826756e-21
7.488122357276790129e-22
2.467080243035442958e-22
-8.586709389408075582e-25
3.145856836067801172e-22
9.000739353166586981e-22
-5.127017268942040124e-21
-3.111666876267455740e-20
-7.662833624783223029e-20
-1.225203928737894321e-19
-1.443252606813926726e-19
-1.254632107938312978e-19
-8.002266417574044902e-20
-3.925226688214538897e-20
-1.608707776986195759e-20
-5.857773123178258742e-21
-1.898939444900345924e-21
-5.324037547339174436e-22
-1.267700410889756925e-22
-2.562430122605763063e-23
-4.415898493140063940e-24
-6.467195222833879103e-25
-7.924439892541546019e-26
-7.892020369556530160e-27
-6.075670163005909289e-28
-3.219772050942315418e-29
-6.477155603273339713e-31
7.347593599263821718e-32
9.522191699092789302e-33
6.057313307084941774e-34
2.375556428856530737e-35
4.843178611058534658e-37
7.626288370638190810e-40
-6.305843841944522771e-39
1.356731735615907937e-37
1.932078258936357139e-35
5.909349970984968421e-34
9.837110091378036249e-33
7.380319636213744655e-32
-8.631255801344739313e-31
-3.873580443458259389e-29
-7.257960823665120378e-28
-9.473270173866011794e-27
-9.621812577318750619e-26
-7.996426498534062715e-25
-5.599854891298483392e-24
-3.353344438022817573e-23
-1.718543832660572024e-22
-7.486480213736494166e-22
-2.771222288841381676e-21
-8.881601063086236270e-21
-2.530282575188434429e-20
-6.329621761011765788e-20
-1.290680527554608935e-19
-1.959091149596421809e-19
-2.123227908738141971e-19
-1.720335054298274683e-19
-1.089169368009145786e-19
-4.336061926259866479e-20
-2.194463911051853782e-21
3.537426093556268434e-21
1.126150868818832649e-23
6.019688633685010948e-25
1.297636550455217209e-23
3.802489455777494868e-21
-2.354650311903690078e-21
-4.606424182782363790e-20
-1.167804271020576971e-19
-1.848365677572338732e-19
-2.249109690347910574e-19
-2.032774008407830001e-19
-1.316711453275496173e-19
-6.401895752082832718e-20
-2.558341173063931598e-20
-9.003920042680816574e-21
-2.810010080277021238e-21
-7.570084926561427810e-22
-1.730671202073043310e-22
-3.362894461125238392e-23
-5.593725030576838546e-24
-7.959274726214847630e-25
-9.548331469552347466e-26
-9.379996702138285768e-27
-7.178597488412522871e-28
-3.835778863150953346e-29
-8.684508165146096203e-31
7.105800650492021740e-32
9.573548729247338358e-33
5.762346390739679181e-34
1.885281174308157526e-35
1.324267890966517624e-37
-6.157867122210682236e-39
-1.992756357738915490e-38
-6.139907083358620453e-37
6.990198340757778348e-36
4.686134585295290463e-34
9.070583460418942701e-33
6.721890861428287198e-32
-1.073771738342708234e-30
-4.442874723474786385e-29
-8.314735524062894542e-28
-1.095788547042061354e-26
-1.131172096700805727e-25
-9.621258607241409717e-25
-6.946349515583351006e-24
-4.315454100965418029e-23
-2.303414479148333795e-22
-1.046583153562633189e-21
-4.039816318553217086e-21
-1.348088605880904920e-20
-3.981260491840740569e-20
-1.021194400107899733e-19
-2.088920766931892352e-19
-3.061502416305494377e-19
-3.026567104623341490e-19
-2.139284556151613099e-19
-1.164142428972596209e-19
-2.189682497079738869e-20
2.510250096872021458e-20
-4.645172690350913970e-21
-1.611927162022272623e-20
4.408940211325034181e-24
-1.637143237696942041e-20
-4.614414675420604331e-21
2.348126305657667097e-20
-3.047929680697806560e-20
-1.373139161344562079e-19
-2.446142682415565060e-19
-3.308562404240501519e-19
-3.216424751745304039e-19
-2.138156034645470636e-19
-1.032101773069417227e-19
-4.016571515301625033e-20
-1.363393254464580092e-20
-4.087440338358198060e-21
-1.056240783998409049e-21
-2.315896805194121504e-22
-4.322122617085750597e-23
-6.931876949658312277e-24
-9.569312719018848153e-25
-1.121841582385628278e-25
-1.084394239421410895e-26
-8.219002444970243057e-28
-4.395828826397321093e-29
-1.075745187537807247e-30
6.458597462176291255e-32
8.825006248638477357e-33
4.568825512176874869e-34
6.820024025310237788e-36
-5.992317129801107755e-37
-1.945793633794812461e-38
-4.282647681480835297e-38
-1.921072892076787102e-36
-1.579523385040093244e-35
2.155713384578360910e-34
7.179707159583066515e-33
5.613452566494580645e-32
-1.231815601394927745e-30
-4.869183230722646553e-29
-9.185042211361141800e-28
-1.228083066764876863e-26
-1.292305819792454883e-25
-1.127220646823880743e-24
-8.401852585791939890e-24
-5.420174290065539916e-23
-3.015635208088079019e-22
-1.430822391036450292e-21
-5.769596762272008814e-21
-2.008902868121532041e-20
-6.162527026036237764e-20
-1.623181789187652950e-19
-3.328713713382342967e-19
-4.663430570799402372e-19
-3.966564819422724355e-19
-1.710127853977173136e-19
6.212358552474535540e-20
1.939006293679043603e-19
-5.824526224258811909e-21
-4.256206095459529557e-19
-3.117075066112649955e-19
2.911910022376898185e-23
-3.077789876209893783e-19
-4.207740268504805268e-19
-5.754986210258256692e-21
1.845819447895657281e-19
2.787315952941743652e-20
-2.308235287970100783e-19
-4.551922460751634687e-19
-4.983262462843819080e-19
-3.423723764324080936e-19
-1.640135585141063919e-19
-6.203523355190763982e-20
-2.026232941334626647e-20
-5.822366549039043582e-21
-1.440674769233531119e-21
-3.026121717349713136e-22
-5.420362864675798545e-23
-8.374919316140433423e-24
-1.120196819191896062e-24
-1.280802479292372207e-25
-1.214616599162027784e-26
-9.074062313956393582e-28
-4.813911770266422557e-29
-1.230195730956024673e-30
5.380522962130966980e-32
6.983304721451081131e-33
2.101413564948794679e-34
-1.540875943013723435e-35
-1.874683675206671119e-36
-4.181284413837867360e-38
-7.675428779537902562e-38
-3.898005824515193519e-36
-5.113913244294815445e-35
-1.934513967129251278e-34
3.988841590557827529e-33
4.117017514474448235e-32
-1.291939491562734508e-30
-5.060100501658846790e-29
-9.734348135944306735e-28
-1.328367393390900260e-26
-1.429895833057967724e-25
-1.281791592469782346e-24
-9.875805133999149678e-24
-6.620421087165527633e-23
-3.841916673077282066e-22
-1.905672628184479974e-21
-8.042212974377581766e-21
-2.928390527974849486e-20
-9.353213804526404082e-20
-2.536443705207873503e-19
-5.232052824371829974e-19
-7.034502928276810686e-19
-4.969952046554340583e-19
7.541956594249962179e-20
7.213454668999789138e-19
3.167290128122139185e-19
-2.553265220536690512e-18
-5.334587187782269013e-18
-2.805645258842167186e-18
2.438986026052442214e-22
-2.816204371262077808e-18
-5.413377230166813450e-18
-2.643933133614054914e-18
3.332543487703116063e-19
7.389278217872690409e-19
-1.142383869578319608e-21
-6.073329237571041769e-19
-7.671611422074252916e-19
-5.413042321747751544e-19
-2.562561250268199986e-19
-9.391792790543166346e-20
-2.944168114536534204e-20
-8.090170916922895859e-21
-1.913510468107725763e-21
-3.846699709894900283e-22
-6.609441386706284994e-23
-9.831970303024094632e-24
-1.272658358343317089e-24
-1.416192162181341032e-25
-1.313038884261159782e-26
-9.611330364562019498e-28
-4.999112818201316460e-29
-1.287131755362761777e-30
3.934744247775392978e-32
3.878612460577315671e-33
-1.885489453295655614e-34
-4.988165219295779224e-35
-3.803454693381554897e-36
-7.492979460971300555e-38
-1.206697641326913485e-37
-6.493204679849016929e-36
-9.812256701403350873e-35
-7.468964548820941782e-34
-3.717810708853597892e-34
2.416699560154222573e-32
-1.219553848727147677e-30
-4.951101097329851039e-29
-9.860148661667479805e-28
-1.383048808027318724e-26
-1.528706481747198246e-25
-1.411295038371399521e-24
-1.125150626030997038e-23
-7.841078370023295694e-23
-4.747778342432536126e-22
-2.464272648684276532e-21
-1.090346219390087210e-20
-4.162263630288407527e-20
-1.388288172624103675e-19
-3.892261808001781309e-19
-8.145599913812032685e-19
-1.079973601819261444e-18
-6.800636695333615805e-19
5.976881165356736970e-19
1.361997875074765594e-18
-4.453903984076382155e-18
-1.857598029369372634e-17
-2.094010199976650389e-17
-5.681773585037530708e-18
4.345063912330465449e-22
-5.910718481851029876e-18
-2.202958683923471163e-17
-2.001959710707729615e-17
-4.938065524069111329e-18
1.512570882066721444e-18
5.624832167858672604e-19
-8.758660417440906346e-19
-1.201813526525208918e-18
-8.472711507971796284e-19
-3.928151076740217128e-19
-1.389202062907222090e-19
-4.167689334136879722e-20
-1.092646579036620995e-20
-2.466470348143247445e-21
-4.741828836940159035e-22
-7.813602855894693620e-23
-1.118671899411625608e-23
-1.399913203141606773e-24
-1.512985453958369020e-25
-1.366296661403404936e-26
-9.730248741553368464e-28
-4.888229858770906200e-29
-1.212697746806175457e-30
2.301556690406896462e-32
-3.614048152579725554e-34
-7.278567160905555753e-34
-9.569810175886647851e-35
-6.335010350714975549e-36
-1.177890981906327377e-37
-1.690259255624515072e-37
-9.385683589540367456e-36
-1.508912347865659584e-34
-1.374279149393852180e-33
-5.313701453018661027e-33
8.034161978388013503e-33
-1.014200261814876036e-30
-4.548827965410898805e-29
-9.547475722305087809e-28
-1.386587871169783839e-26
-1.579162201246492591e-25
-1.503826481545905800e-24
-1.241236409133404811e-23
-8.991657505624395338e-23
-5.680346912174167153e-22
-3.086887877279096659e-21
-1.434348725292781483e-20
-5.755686939148740666e-20
-2.012278636086378603e-19
-5.867787681327802662e-19
-1.263205028013353440e-18
-1.729256062270546720e-18
-1.133755976713600873e-18
1.176848720759745087e-18
-1.704915608537022331e-18
-2.533144786810853214e-17
-4.360965947869410922e-17
-6.248601118434563027e-18
1.811364327212585947e-17
1.232059481506295176e-19
1.696198111090296368e-17
-1.323864529477095601e-17
-5.074439857316151581e-17
-2.868302474341744616e-17
-1.932180800805800985e-18
1.208127642727099822e-18
-1.476591027933609015e-18
-1.949508637809498857e-18
-1.316117606291673615e-18
-5.899474755755215509e-19
-2.002845798845638292e-19
-5.732474730718444726e-20
-1.430729741666481465e-20
-3.078363227776062104e-21
-5.657772467200233460e-22
-8.942517300038262512e-23
-1.232376757138494044e-23
-1.490243817117708133e-24
-1.561805988345747871e-25
-1.369009162856524022e-26
-9.416777677443915874e-28
-4.488363328807570955e-29
-1.006937771060789763e-30
7.617919069604778246e-33
-5.163967654866563132e-33
-1.339046806256450505e-33
-1.471454756652414043e-34
-9.156044547722818649e-36
-1.649739467740935348e-37
-2.113910881473649052e-37
-1.195727538052696747e-35
-1.981732132639318627e-34
-1.941579945791818521e-33
-9.785625613559134130e-33
-4.056166660790571263e-33
-7.292422049308030233e-31
-3.963107865065288221e-29
-8.911255135846669020e-28
-1.346368248836121546e-26
-1.582341619403746124e-25
-1.554693406940296328e-24
-1.327837410943142011e-23
-9.990282035516966555e-23
-6.580012686531269113e-22
-3.743986149749230073e-21
-1.829297014146725775e-20
-7.737945353701667010e-20
-2.848862541086920285e-19
-8.711102125353371294e-19
-1.964477122309668096e-18
-2.908622224711691643e-18
-2.084982640861502468e-18
1.181507743945066635e-18
-1.655315461272523174e-17
-6.644081053373679561e-17
-4.383261163860244685e-17
5.841315243461827972e-17
4.246689863758077626e-17
-2.675311349467593764e-19
7.881713205330244933e-17
8.169768725730334189e-17
-3.913368282363271634e-17
-7.116374396572407062e-17
-1.842994295049584727e-17
1.210479348421174805e-18
-2.653524589948179680e-18
-3.267732939669293874e-18
-2.032608440882784913e-18
-8.680014926180339399e-19
-2.811946577752613115e-19
-7.653145739434651940e-20
-1.814746968154641296e-20
-3.718603953711032645e-21
-6.534902208107409014e-22
-9.915372161490045584e-23
-1.316485173537184313e-23
-1.539131746909304283e-24
-1.563838647797036616e-25
-1.328558181035651591e-26
-8.784900537750807070e-28
-3.908270004033548910e-29
-7.230948388612208935e-31
-3.824730900495216745e-33
-9.507323537975560199e-33
-1.891533097256642812e-33
-1.932316665835097967e-34
-1.166352069292364827e-35
-2.063028709304192002e-37
-2.345773996843639618e-37
-1.341513658087093251e-35
-2.255383907751238809e-34
-2.279057013153030347e-33
-1.251464799794258900e-32
-9.922752244395382997e-33
-4.708604891692568840e-31
-3.397664274230680720e-29
-8.187953082774723993e-28
-1.282755627777607083e-26
-1.551253222694394879e-25
-1.568687752043964605e-24
-1.383280059216537797e-23
-1.078726802536828359e-22
-7.396029044695946354e-22
-4.403251529594049802e-21
-2.263865850873571587e-20
-1.012187143415779657e-19
-3.945660372227848711e-19
-1.278617261429652866e-18
-3.089002207923584456e-18
-5.134399658560117174e-18
-3.795476175146177376e-18
-4.422618791729356791e-20
-5.154351263067777112e-17
-1.088558037967462570e-16
2.706396282495673997e-17
2.227524727331873025e-16
8.815450781367021555e-17
-9.568828534123292634e-18
8.701737911034638411e-17
1.581033299631633140e-16
2.469134218410207624e-17
-1.105068769251169400e-16
-5.666444233644048298e-17
-4.544564128613092203e-20
-4.596250242065037643e-18
-5.612010264738969949e-18
-3.130829501167131050e-18
-1.253318445997367061e-18
-3.847677460840626071e-19
-9.924230468997218177e-20
-2.232071566565247972e-20
-4.354664225698926036e-21
-7.323420805472713141e-22
-1.068419696653318104e-22
-1.369497560769247504e-23
-1.551464744717949745e-24
-1.532046992293428150e-25
-1.265107756702145651e-26
-8.068074640004391520e-28
-3.348960552742802969e-29
-4.663923415138778645e-31
-9.289394370189318026e-33
-1.215559596790597219e-32
-2.220009296835747879e-33
-2.198906033672224396e-34
-1.308428734077837286e-35
-2.289090387455118687e-37
-2.273553445450582364e-37
-1.307291289749586730e-35
-2.205292090463566762e-34
-2.242097971715604201e-33
-1.247424259422870063e-32
-9.438436448086630392e-33
-3.641312462476198376e-31
-3.081230079504265318e-29
-7.652929974390989329e-28
-1.221607222544015640e-26
-1.505463296292346914e-25
-1.557169038646542040e-24
-1.411323090421030756e-23
-1.136811649244833882e-22
-8.092881299944646825e-22
-5.033799258772682606e-21
-2.723125311987124465e-20
-1.289548145979602958e-19
-5.351232590046266758e-19
-1.860239770894699945e-18
-4.945642445600261513e-18
-9.618977879572629180e-18
-7.356913150511389267e-18
-2.224029102760702321e-18
-9.871562636677118811e-17
-1.119015859519316575e-16
1.567893672139337875e-16
2.773096138086128921e-16
8.312881066104853886e-17
-2.012871434066394504e-17
1.170899827482828506e-16
2.549450600600254944e-16
1.254276660007104630e-16
-1.198182570257993022e-16
-1.077786137761160180e-16
-2.354221392182581437e-18
-8.187768838571655298e-18
-9.964817016632929300e-18
-4.831007655443745746e-18
-1.779026457485201340e-18
-5.136961563810370071e-19
-1.251754040765544593e-19
-2.667373561017395028e-20
-4.956542657222166761e-21
-7.989581940379227656e-22
-1.123643952319287521e-22
-1.395303818547933939e-23
-1.538601760796237039e-24
-1.485826734552231472e-25
-1.204186739526694674e-26
-7.537591833066008171e-28
-3.035671831463102114e-29
-3.603512724280706149e-31
-8.751256885410876593e-33
-1.211338209360691569e-32
-2.183728739972028363e-33
-2.149849063318698353e-34
-1.274933017210663202e-35
-2.218411988425758013e-37
-1.860348323517923709e-37
-1.068986656785552439e-35
-1.788117781597406138e-34
-1.782656486107236065e-33
-9.393769563604539595e-33
-4.676903369062077231e-33
-4.928392113044774775e-31
-3.156146719576441842e-29
-7.483628274193171366e-28
-1.180808091384953472e-26
-1.459766415123954388e-25
-1.529684337982925278e-24
-1.415681749591463475e-23
-1.172213711013715081e-22
-8.634201493854209486e-22
-5.597639188913032297e-21
-3.182613958627342171e-20
-1.597134983238988343e-19
-7.077608628740249189e-19
-2.664241910076235440e-18
-8.002727480371876734e-18
-1.929626511667599578e-17
-1.753673461642579871e-17
2.426724198252388683e-18
-1.197830290258682260e-16
-6.682030258751796815e-17
1.846496137327781048e-16
1.702394913031899319e-16
5.718932553184927946e-17
-1.988362314676557212e-17
1.505284462883454057e-16
3.111818032060158973e-16
1.988025426576963092e-16
-8.136336142615353106e-17
-1.282095503964992886e-16
2.584563945068076806e-18
-1.733304370661037296e-17
-1.857394789215334720e-17
-7.432024316690312790e-18
-2.470155921048724515e-18
-6.674030874061330277e-19
-1.534245696136767959e-19
-3.097374964841050632e-20
-5.488431981458226525e-21
-8.499540371183555572e-22
-1.156352875526495662e-22
-1.397730030797996606e-23
-1.510064763185445862e-24
-1.439810264763731919e-25
-1.163414642401397786e-26
-7.367877432874687461e-28
-3.108199710841170309e-29
-4.873522653621683718e-31
-4.278867384798281479e-33
-9.119929467578564693e-33
-1.736042313436843268e-33
-1.742997780059782152e-34
-1.042437832484893411e-35
-1.815073006403352813e-37
-1.178739843500486052e-37
-6.684238895224444750e-36
-1.080080875525617200e-34
-9.922406095763152996e-34
-4.024808299614092864e-33
1.099698538876724190e-33
-8.431785185421839823e-31
-3.581703375845644815e-29
-7.639311185524050877e-28
-1.157792186481588725e-26
-1.412725341699522027e-25
-1.484370145538752555e-24
-1.392619373985239816e-23
-1.178962980773738372e-22
-8.947577920932649380e-22
-6.026593390823742911e-21
-3.592314409840025826e-20
-1.906423082418329251e-19
-8.999726461740173031e-19
-3.660777200251817962e-18
-1.254548767063961399e-17
-3.965870554572647906e-17
-4.953835050762968866e-17
4.223693495650379400e-17
-5.091418633855735497e-17
4.541055377411265518e-18
2.037187401531687242e-16
1.684256080304872252e-16
6.559943737630954237e-17
-1.303620627399864061e-17
1.295516585945487236e-16
3.554186701900539053e-16
2.794319485624922799e-16
2.938618010548062960e-21
-5.150987304014792922e-17
4.365364689524542581e-17
-4.340290127930267142e-17
-3.537163091977251862e-17
-1.101717208230557298e-17
-3.285189377960311906e-18
-8.341046437780209237e-19
-1.813920141490353977e-19
-3.475661997615699126e-20
-5.886111739965565099e-21
-8.784570835446097353e-22
-1.160867490452811525e-22
-1.373225531829854471e-23
-1.464079461679023385e-24
-1.392589043505551821e-25
-1.140237735698208710e-26
-7.518407802641144675e-28
-3.525998627879920389e-29
-8.332561712743369232e-31
9.868122009552052681e-34
-3.906653651133355457e-33
-9.661902804964299651e-34
-1.052735875508672156e-34
-6.517723315658140561e-36
-1.149962152095791225e-37
-3.974322787079751357e-38
-2.061255556632281417e-36
-2.633515244123221855e-35
-8.389896430163699186e-35
2.045747841156271705e-33
5.067644971921420770e-33
-1.290138170736653369e-30
-4.120263481644940493e-29
-7.842823713245321671e-28
-1.127018295841338477e-26
-1.343485127467707985e-25
-1.404420423575835437e-24
-1.327504061787940692e-23
-1.143192607941484562e-22
-8.900387148136309642e-22
-6.203072680544961583e-21
-3.860481237235272494e-20
-2.154987195811253211e-19
-1.072361759356652004e-18
-4.607119970396889228e-18
-1.753348667168015741e-17
-7.495468403178781811e-17
-1.364570481644916259e-16
1.327902430025692212e-16
1.819983831744765615e-16
-1.515808452384290652e-17
1.095070750911705285e-16
1.286758421889310052e-16
4.084246812136033221e-17
-4.089569588948175889e-18
4.741012249703644595e-17
1.793471344461546065e-16
1.317185497099058323e-16
-1.533734951895575030e-17
1.664788295837486529e-16
1.336119007019555938e-16
-1.116143905978085331e-16
-6.317647913762441074e-17
-1.463386962142885595e-17
-4.019545146391900731e-18
-9.803583768599056965e-19
-2.035122028614957855e-19
-3.717198344576774895e-20
-6.038209929782383332e-21
-8.717486893060145160e-22
-1.123764927932424139e-22
-1.307508785075624426e-23
-1.384140828133718689e-24
-1.323624187710396075e-25
-1.109491938723565425e-26
-7.716189526094692581e-28
-4.054879992423256413e-29
-1.274270306638255216e-30
4.413963777828313514e-33
1.985311964616495655e-33
-8.168836242846045773e-35
-2.566642198813111140e-35
-2.009765495751522138e-36
-3.877018062993776318e-38
2.806008782173870639e-38
1.956085034909553323e-36
4.412829786048853457e-35
6.874719915084893345e-34
7.003547016785218869e-33
6.072799970311911302e-33
-1.645589307838169528e-30
-4.434596721742854867e-29
-7.701300539380090886e-28
-1.051779171304346797e-26
-1.221730063018789544e-25
-1.265749331439411315e-24
-1.200437082728506324e-23
-1.047184729409629720e-22
-8.327880576673941364e-22
-5.977679412662051664e-21
-3.862284204910276978e-20
-2.248794895314832240e-19
-1.158291400175585022e-18
-5.011827286408590835e-18
-1.962901148247618440e-17
-1.155963658370444146e-16
-3.039281121346009944e-16
1.199621338350773581e-16
5.966789614187598836e-16
-5.552640182929694313e-16
-8.204761433149998871e-16
-3.718530395109133509e-16
-7.230639201301222054e-17
3.364915207415791476e-18
-4.139325753733960144e-17
-3.667792197024560717e-16
-8.351638581817669652e-16
-5.402655252893856537e-16
4.861556602275108256e-16
1.340349527106839676e-16
-2.491680199228570214e-16
-9.552807464854529440e-17
-1.575382951711656559e-17
-4.290428743080203942e-18
-1.050681081582480993e-18
-2.113947940164609178e-19
-3.706025202513099036e-20
-5.803093692744149320e-21
-8.140205684729690296e-22
-1.027880783168323835e-22
-1.181148693290125229e-23
-1.246606626209404454e-24
-1.203096338959968487e-25
-1.035063218906905063e-26
-7.574805949552909316e-28
-4.363021558093084953e-29
-1.624625848696208877e-30
5.032580360598280652e-33
6.795500442184074730e-33
6.693014990982625090e-34
4.300482977470082695e-35
1.907105254097387319e-36
2.737136948192479577e-38
6.992926935749555838e-38
4.419811644334177540e-36
8.637386393670312828e-35
1.128703450702493626e-33
9.541860569588208058e-33
4.745148261138999732e-33
-1.747568543681431449e-30
-4.253515602665207344e-29
-6.913052703320784978e-28
-9.053853592347331019e-27
-1.027012336649792528e-25
-1.053586223168504704e-24
-1.000141409927670941e-23
-8.808305161887333822e-23
-7.125767359565683156e-22
-5.240749771493642307e-21
-3.491865340145544157e-20
-2.098682112570984828e-19
-1.093273238996856344e-18
-4.431601940633235813e-18
-1.547923815241804647e-17
-1.337826178576299175e-16
-4.897553110497068857e-16
-2.402819440251591966e-16
1.048346678419460153e-15
-1.934574078041490941e-15
-3.189398661440718722e-15
-1.612141281646469627e-15
-3.615386799769607698e-16
5.083866205885772930e-18
-1.544881000054632808e-17
-1.146765269585456709e-15
-2.853507632282765189e-15
-1.838783373226598537e-15
8.231168603590072703e-16
-1.926086367993277652e-16
-4.249183484417347155e-16
-1.136611392500209630e-16
-1.203942304505936088e-17
-3.761602974350089211e-18
-9.905735630568886650e-19
-1.969741110639504201e-19
-3.343531859970052445e-20
-5.077388207608796565e-21
-6.953683794678265082e-22
-8.635263600756610491e-23
-9.832132506583971785e-24
-1.037034747810558564e-24
-1.010936459415032509e-25
-8.907326059985925618e-27
-6.797879020742595011e-28
-4.183899527014944220e-29
-1.724683263261404390e-30
3.578130324175240889e-33
9.257077272485748243e-33
1.098791891202758404e-33
8.417002429687168191e-35
4.308916956477674150e-36
6.820925903197260239e-38
8.070550141854579852e-38
5.011680569606133265e-36
9.485269309790513182e-35
1.180977223181278887e-33
9.339898947997576675e-33
2.603469177271105206e-33
-1.539873890997242938e-30
-3.511955971059048369e-29
-5.442331206090448293e-28
-6.894484492628877530e-27
-7.661169287093391196e-26
-7.782659169603390527e-25
-7.381309851183445831e-24
-6.543090491392429946e-23
-5.362105647984517257e-22
-4.018434318476937524e-21
-2.740521172078925882e-20
-1.681113951886287269e-19
-8.632053305094996246e-19
-2.948088978853068605e-18
-6.389442156360348417e-18
-1.097382975532462329e-16
-5.509030829730196113e-16
-5.934167784375993226e-16
1.208160081715833288e-15
-3.530127796254514095e-15
-7.319178648029028060e-15
-4.192412981050117512e-15
-1.031324159195216335e-15
-1.222858975851388587e-17
4.820955205053286196e-16
-2.190449816730846772e-15
-6.067741198000639181e-15
-3.390870947972406634e-15
1.094024611281080463e-15
-5.989988442156412045e-16
-5.266856158185330067e-16
-1.013806224618543168e-16
-4.630413280541733434e-18
-2.498889613557217532e-18
-7.856959468368582442e-19
-1.579294058095459948e-19
-2.621644391874658421e-20
-3.887746922945569417e-21
-5.225966479423769554e-22
-6.408209272498879942e-23
-7.251226974325255432e-24
-7.656667326587368972e-25
-7.538737703919503404e-26
-6.781271733371251278e-27
-5.350625077490008032e-28
-3.453839271723491733e-29
-1.519279117856416120e-30
1.567562449168191052e-33
9.060077438365411791e-33
1.149613377306605151e-33
9.242820714962110296e-35
4.885729640101354696e-36
7.871701527534421765e-38
6.619391962289015634e-38
4.080481831724673572e-36
7.609797262228580088e-35
9.251832452515495638e-34
7.055829011737065601e-33
9.249077675798154584e-34
-1.095368739253644640e-30
-2.383968354716571778e-29
-3.557858246020976670e-28
-4.379427949239514655e-27
-4.771867279284808301e-26
-4.794353329629263646e-25
-4.531147467604981662e-24
-4.028012116666821667e-23
-3.328147148385503817e-22
-2.525691919321560650e-21
-1.748095094546823484e-20
-1.080579241850785276e-19
-5.302648672593992311e-19
-1.225463369309827958e-18
1.912153787276350547e-18
-5.744100617123733546e-17
-4.111912438816448661e-16
-6.278494419845673939e-16
7.272951503977308401e-16
-4.273388131485456785e-15
-1.320514263809004327e-14
-9.592866794396547245e-15
-2.260758336990714143e-15
-9.756382279206260514e-18
8.216083979050606942e-16
-6.195304106045472192e-15
-1.238467396496385619e-14
-3.853707201650668340e-15
6.205684906535561927e-16
-7.473830351467155794e-16
-4.445770306967666803e-16
-6.233386585883093327e-17
2.061518121480376874e-18
-1.028410065277982972e-18
-4.862536151709906976e-19
-1.017435916360599010e-19
-1.672013119019069985e-20
-2.441433557769377666e-21
-3.240713440124150847e-22
-3.942075783192163373e-23
-4.448902065723837619e-24
-4.714989289593790090e-25
-4.694417032159052288e-26
-4.306726598660835980e-27
-3.497394591177363915e-28
-2.344192904606543274e-29
-1.080493584891514841e-30
1.900215138467496173e-34
6.843824233389204606e-33
9.005728704260457897e-34
7.415024745186026593e-35
3.977806099114944819e-36
6.456084883125881352e-38
4.201403279536316374e-38
2.577059674970434738e-36
4.757606533623293263e-35
5.687889934585575748e-34
4.224662942207623886e-33
1.983496678914763447e-34
-6.206251388636427032e-31
-1.294925413933717546e-29
-1.860275893673895541e-28
-2.217119414850168144e-27
-2.356705982288513356e-26
-2.328549959684726388e-25
-2.180961839356397856e-24
-1.934740794131538647e-23
-1.604994830494321551e-22
-1.228970496809008149e-21
-8.602229656921092307e-21
-5.327707026491181138e-20
-2.428934949755012347e-19
-1.363674146255681139e-19
4.794923423164117262e-18
-1.400543259270407526e-17
-1.907037869512516216e-16
-2.888800774467611168e-16
9.587137758946375513e-16
-2.133742846277754018e-15
-1.593921643719058404e-14
-1.832247158523713496e-14
-5.639021639045087397e-15
-9.396640036515032649e-18
-5.073102976922505889e-15
-1.759307930097377151e-14
-1.515650683220917145e-14
-1.299056910163197784e-15
7.683916992694211618e-16
-4.617576363909102445e-16
-2.438307672026586229e-16
-2.287162011806504952e-17
4.329454676853493576e-18
-9.158540930645181492e-20
-2.244169277850038475e-19
-5.028534637132604287e-20
-8.229723203092951430e-21
-1.187476986377446643e-21
-1.562060940544924969e-22
-1.892712305608218727e-23
-2.140784532100530762e-24
-2.289598347966372350e-25
-2.318193587134854418e-26
-2.180142829979639399e-27
-1.828546292032812141e-28
-1.273242120410594116e-29
-6.121381465251767959e-31
-2.229434190424803024e-34
4.097440215160452862e-33
5.536402034439002247e-34
4.635714729153178221e-35
2.512155739895307492e-36
4.097651526367176767e-38
1.538629664527207248e-38
9.414387226052097556e-37
1.729179776680469083e-35
2.049523048958047433e-34
1.501073358296859332e-33
4.130765472234821722e-36
-2.136400982512301107e-31
-4.343257830226553429e-30
-6.083711280660203659e-29
-7.085501431208997977e-28
-7.388777337165019330e-27
-7.196974794620773525e-26
-6.679586566047022802e-25
-5.901500023543975347e-24
-4.899783085548918788e-23
-3.771935045703035739e-22
-2.662048028956634522e-21
-1.654516436885571754e-20
-7.159116990327302457e-20
6.365101630259888935e-20
2.369886993625964781e-18
-2.802063695815656101e-19
-5.040867293701879805e-17
-6.101059106428876572e-17
4.015888285322238021e-16
-6.893334055750393479e-16
-1.505569275207051869e-14
-2.384458921952520961e-14
-1.532434640804508245e-14
9.723211336468019398e-18
-1.536841250690259004e-14
-2.291811923506829671e-14
-1.367608079902631866e-14
-3.049832801984299526e-16
2.845609708585631817e-16
-1.479275419955494524e-16
-7.582620135514591191e-17
-4.414712768672029892e-18
2.117352615985434345e-18
6.779830019583404728e-20
-6.637863333997389445e-20
-1.563210589323575295e-20
-2.546735874437227067e-21
-3.643531691781183872e-22
-4.767277273897170424e-23
-5.771911239590056899e-24
-6.555400337383462330e-25
-7.075750964873406039e-26
-7.267454867987283134e-27
-6.966935563734342559e-28
-5.979674707870101607e-29
-4.270348154952395974e-30
-2.107051705911842808e-31
-1.418497595427554980e-34
1.455823697388826421e-33
1.994906566519522462e-34
1.684856938768692782e-35
9.177182478518946803e-37
1.500616795424094374e-38
