6.164285350814869592e-04
5.896403597603076113e-03
9.871878256292657833e-03
1.290686494177559901e-02
1.546456417816211709e-02
1.783309118215010980e-02
2.014686699809101894e-02
2.244140925838580825e-02
2.469113958441668949e-02
2.683286610127040561e-02
2.878252859176951700e-02
3.044948562891216723e-02
3.174954813765946265e-02
3.261610220642355285e-02
3.300796898403259710e-02
3.291293855488973408e-02
3.234682240221263549e-02
3.134888901357474333e-02
2.997523456851447499e-02
2.829179404565279957e-02
2.636838904927685939e-02
2.427469169937253660e-02
2.207857359202973838e-02
1.984724331438478956e-02
1.765187835589967710e-02
1.557679141879953107e-02
1.373313420552264852e-02
1.226918698730386677e-02
1.134398703391174303e-02
1.103685155248291042e-02
1.134398703420535538e-02
1.226918698750294537e-02
1.373313420564391783e-02
1.557679141882091327e-02
1.765187835586822657e-02
1.984724331439038578e-02
2.207857359204985423e-02
2.427469169937253660e-02
2.636838904926001523e-02
2.829179404563710032e-02
2.997523456851077309e-02
3.134888901356765872e-02
3.234682240218517829e-02
3.291293855487961717e-02
3.300796898405614771e-02
3.261610220642015279e-02
3.174954813766296680e-02
3.044948562890851737e-02
2.878252859175793946e-02
2.683286610127868371e-02
2.469113958441668949e-02
2.244140925837096248e-02
2.014686699807999651e-02
1.783309118215010980e-02
1.546456417815493707e-02
1.290686494178420150e-02
9.871878256270167143e-03
5.896403597659562179e-03
6.164285350814869592e-04
1.598177268018389921e-03
1.528477424897170360e-02
2.558321712172556550e-02
3.343884529119098975e-02
4.005399669800452367e-02
4.617575484396292673e-02
5.215232850170722217e-02
5.807573113954146021e-02
6.388011494054418593e-02
6.940279918272615478e-02
7.442768135908503502e-02
7.872209665907162202e-02
8.207025112784201160e-02
8.430159748548880783e-02
8.531078082197171564e-02
8.506653639008991685e-02
8.360921447513418314e-02
8.103915638011878475e-02
7.749984970446570365e-02
7.316016452658220814e-02
6.819920199298626362e-02
6.279600447236348415e-02
5.712535828984079134e-02
5.136076124039796326e-02
4.568639413918979680e-02
4.032077289721987950e-02
3.555206938758164598e-02
3.176459409413041196e-02
2.937052706837602403e-02
2.857569978069239569e-02
2.937052706878810759e-02
3.176459409451144744e-02
3.555206938777530357e-02
4.032077289724191049e-02
4.568639413917521125e-02
5.136076124038065766e-02
5.712535828988161979e-02
6.279600447234580385e-02
6.819920199297647978e-02
7.316016452657006508e-02
7.749984970446285870e-02
8.103915638011055522e-02
8.360921447508100346e-02
8.506653639006248047e-02
8.531078082200167778e-02
8.430159748547826071e-02
8.207025112784471776e-02
7.872209665907162202e-02
7.442768135907160132e-02
6.940279918274695758e-02
6.388011494054418593e-02
5.807573113952041455e-02
5.215232850170296169e-02
4.617575484396292673e-02
4.005399669799620394e-02
3.343884529119432042e-02
2.558321712169952036e-02
1.528477424905886825e-02
1.598177267809985447e-03
2.444652684491207921e-03
2.337349357597567207e-02
3.910330333730956121e-02
5.108474259662264955e-02
6.116120194524977266e-02
7.047611381212000314e-02
7.956171044503507206e-02
8.855892865997781749e-02
9.736856638051817614e-02
1.057448909819604793e-01
1.133619117021113926e-01
1.198692261014015215e-01
1.249422762428146205e-01
1.283247172045679230e-01
1.298580371922738175e-01
1.294946999908719587e-01
1.272944360170742417e-01
1.234070079155120819e-01
1.180472409341889739e-01
1.114686510257832941e-01
1.039408939563638140e-01
9.573440070886163333e-02
8.711409014613294421e-02
7.834385127487068778e-02
6.970467270617915212e-02
6.153055811649361245e-02
5.426223739320777673e-02
4.848742070920276925e-02
4.483643369279146501e-02
4.362426037707808207e-02
4.483643369277164753e-02
4.848742070928981074e-02
5.426223739323029344e-02
6.153055811648457801e-02
6.970467270621102940e-02
7.834385127484656819e-02
8.711409014618398672e-02
9.573440070884303710e-02
1.039408939563573886e-01
1.114686510258032642e-01
1.180472409341870865e-01
1.234070079154859362e-01
1.272944360170349121e-01
1.294946999908564711e-01
1.298580371922789800e-01
1.283247172045540452e-01
1.249422762428208517e-01
1.198692261014126653e-01
1.133619117021143485e-01
1.057448909819741628e-01
9.736856638051588630e-02
8.855892865996527197e-02
7.956171044503507206e-02
7.047611381212158521e-02
6.116120194524614362e-02
5.108474259661829192e-02
3.910330333731808217e-02
2.337349357597567207e-02
2.444652684354964474e-03
3.393820292098234572e-03
3.243386482966795908e-02
5.422074542779533463e-02
7.077798785948116733e-02
8.467342846566797143e-02
9.749548641653549286e-02
1.099818226898597873e-01
1.223282277202410173e-01
1.344001329889538132e-01
1.458631956817716679e-01
1.562750720186874553e-01
1.651617946977889662e-01
1.720855783921963200e-01
1.767012992615293043e-01
1.787955648186237700e-01
1.783038143610775339e-01
1.753052217032710913e-01
1.699998790711674257e-01
1.626758555148403174e-01
1.536744029040653381e-01
1.433601496909315542e-01
1.321007109972787974e-01
1.202582601397943346e-01
1.081954995030090377e-01
9.630026889363521581e-02
8.503482260706858586e-02
7.500994529692660284e-02
6.704052916813696417e-02
6.200069952728638062e-02
6.032740755802475097e-02
6.200069952690293040e-02
6.704052916793144801e-02
7.500994529677697253e-02
8.503482260709080420e-02
9.630026889365485288e-02
1.081954995029555666e-01
1.202582601398470979e-01
1.321007109972923144e-01
1.433601496909284456e-01
1.536744029040762183e-01
1.626758555148368757e-01
1.699998790711326757e-01
1.753052217032335103e-01
1.783038143610850834e-01
1.787955648186125290e-01
1.767012992615059341e-01
1.720855783921950710e-01
1.651617946978112539e-01
1.562750720186867337e-01
1.458631956817525721e-01
1.344001329889621121e-01
1.223282277202455692e-01
1.099818226898425788e-01
9.749548641652865111e-02
8.467342846567191272e-02
7.077798785948430371e-02
5.422074542780352946e-02
3.243386482963715040e-02
3.393820291967381778e-03
4.315008937900742698e-03
4.121311227241040986e-02
6.883088500011048938e-02
8.975744869333272813e-02
1.072723392689349797e-01
1.233971615189870946e-01
1.390682304150435977e-01
1.545351678977860410e-01
1.696324178512879366e-01
1.839461199008509962e-01
1.969302345498821216e-01
2.080016795615251823e-01
2.166234116748821104e-01
2.223726755948751410e-01
2.249876897004571275e-01
2.243878374573890500e-01
2.206674243488326581e-01
2.140684321416649050e-01
2.049412621938227763e-01
1.937032530997555291e-01
1.808030822351980316e-01
1.666962866338872473e-01
1.518349504894046520e-01
1.366747723592370012e-01
1.217053578915485018e-01
1.075119680780960568e-01
9.486919645367597465e-02
8.481134104292027687e-02
7.844838698576998837e-02
7.633571242515714561e-02
7.844838698582666525e-02
8.481134104300286358e-02
9.486919645359159770e-02
1.075119680780940029e-01
1.217053578915064382e-01
1.366747723591791031e-01
1.518349504894567770e-01
1.666962866339240790e-01
1.808030822352184042e-01
1.937032530997232216e-01
2.049412621938009327e-01
2.140684321416382596e-01
2.206674243487996845e-01
2.243878374573915480e-01
2.249876897004541298e-01
2.223726755948484402e-01
2.166234116748712857e-01
2.080016795615370340e-01
1.969302345498747664e-01
1.839461199008194381e-01
1.696324178512905734e-01
1.545351678978011956e-01
1.390682304150227533e-01
1.233971615189600329e-01
1.072723392689349797e-01
8.975744869333394937e-02
6.883088500009756916e-02
4.121311227240501140e-02
4.315008937772095605e-03
5.201209270699568704e-03
4.964175533991532080e-02
8.281133793118136688e-02
1.078554487803096290e-01
1.287491179481296821e-01
1.479326787749981054e-01
1.665332025974041452e-01
1.848533601877438981e-01
2.027021996077730537e-01
2.195971902237861262e-01
2.349031008908460949e-01
2.479437099315660864e-01
2.580976022495453659e-01
2.648757513984931755e-01
2.679740801119370186e-01
2.672960776301553376e-01
2.629458602877155493e-01
2.551977909641909847e-01
2.444526377438631104e-01
2.311911824667438331e-01
2.159343455346589280e-01
1.992155956841469011e-01
1.815689819917142289e-01
1.635367737688313283e-01
1.457044590781287896e-01
1.287739251430365939e-01
1.136757891637068668e-01
1.016541159076636280e-01
9.404511499582551837e-02
9.151850035218025980e-02
9.404511499612344672e-02
1.016541159079152601e-01
1.136757891637783235e-01
1.287739251430668475e-01
1.457044590780844084e-01
1.635367737687931367e-01
1.815689819916933012e-01
1.992155956842002196e-01
2.159343455347123297e-01
2.311911824667166881e-01
2.444526377438415721e-01
2.551977909641852671e-01
2.629458602876763029e-01
2.672960776301259167e-01
2.679740801119433469e-01
2.648757513984711376e-01
2.580976022495188316e-01
2.479437099315674187e-01
2.349031008908480100e-01
2.195971902237555673e-01
2.027021996077746913e-01
1.848533601877789256e-01
1.665332025974001207e-01
1.479326787749966066e-01
1.287491179481210224e-01
1.078554487803013717e-01
8.281133793116123021e-02
4.964175533993545747e-02
5.201209270614187349e-03
6.046090246722268975e-03
5.765770148034417286e-02
9.605480655334316942e-02
1.249280864670931218e-01
1.489284698593099088e-01
1.708982734527879077e-01
1.921466752408172440e-01
2.130290108168488572e-01
2.333355572264056987e-01
2.525271271201635082e-01
2.698946592920978271e-01
2.846850122056094334e-01
2.962068292938847547e-01
3.039151672308841867e-01
3.074684986997721081e-01
3.067534184315914847e-01
3.018776752529741536e-01
2.931380063132528746e-01
2.809733711979233162e-01
2.659153282359315029e-01
2.485453363228937451e-01
2.294649986735947944e-01
2.092825799494693884e-01
1.886205024017369447e-01
1.681538516198381739e-01
1.486938597808988016e-01
1.313180898705353650e-01
1.174692677981666045e-01
1.086988811955189316e-01
1.057862910774754056e-01
1.086988811954319456e-01
1.174692677979904121e-01
1.313180898705557376e-01
1.486938597809961959e-01
1.681538516198640421e-01
1.886205024017837406e-01
2.092825799494121841e-01
2.294649986736397029e-01
2.485453363229357115e-01
2.659153282359290049e-01
2.809733711979092718e-01
2.931380063132590363e-01
3.018776752529543361e-01
3.067534184315745538e-01
3.074684986997904823e-01
3.039151672308845198e-01
2.962068292938626612e-01
2.846850122055971655e-01
2.698946592920965504e-01
2.525271271201515177e-01
2.333355572263951239e-01
2.130290108168509666e-01
1.921466752407986756e-01
1.708982734527931258e-01
1.489284698592956702e-01
1.249280864670699598e-01
9.605480655331423423e-02
5.765770148036150622e-02
6.046090246667181096e-03
6.844088599285590678e-03
6.520714225250440199e-02
1.084706319667834984e-01
1.408572322181862735e-01
1.676708300861564083e-01
1.921370183528986475e-01
2.157379635032265208e-01
2.388817240691183119e-01
2.613471812503347924e-01
2.825510484474897943e-01
3.017257524691261961e-01
3.180566489824104282e-01
3.307953974731703828e-01
3.393496647968016755e-01
3.433435585483985975e-01
3.426444516337600610e-01
3.373568455624926243e-01
3.277897551853170000e-01
3.144085250423643840e-01
2.977834767146398942e-01
2.785457338157250606e-01
2.573561782137940290e-01
2.348904508224949339e-01
2.118453094315414509e-01
1.889791573360595223e-01
1.672046372161291317e-01
1.477360979178493350e-01
1.322026560007205920e-01
1.223592226244809289e-01
1.190898195293968453e-01
1.223592226241934922e-01
1.322026560003761175e-01
1.477360979177776978e-01
1.672046372161637984e-01
1.889791573360819765e-01
2.118453094316180285e-01
2.348904508224467780e-01
2.573561782138053533e-01
2.785457338157513174e-01
2.977834767146625983e-01
3.144085250423589994e-01
3.277897551853369840e-01
3.373568455624819107e-01
3.426444516337501800e-01
3.433435585484147512e-01
3.393496647967866875e-01
3.307953974731492330e-01
3.180566489824193099e-01
3.017257524691183690e-01
2.825510484474786366e-01
2.613471812503317393e-01
2.388817240691004651e-01
2.157379635032228848e-01
1.921370183529044484e-01
1.676708300861391165e-01
1.408572322181490810e-01
1.084706319667609470e-01
6.520714225249418794e-02
6.844088599301812945e-03
7.590468650005983454e-03
7.224510076618970156e-02
1.199855530728330399e-01
1.555511640441817334e-01
1.848725257385258058e-01
2.115381068306863566e-01
2.371936567418269914e-01
2.623003906961099418e-01
2.866335730716549901e-01
3.095783356051640123e-01
3.303231476704981406e-01
3.480057549937368711e-01
3.618317204580809299e-01
3.711676257052258232e-01
3.756043593403458614e-01
3.749864243944622810e-01
3.694076339847693347e-01
3.591793237299059638e-01
3.447820784649859305e-01
3.268139809275878438e-01
3.059462198197412941e-01
2.828915824232897114e-01
2.583877522442510344e-01
2.332011459773186135e-01
2.081675818183162940e-01
1.842927099747237729e-01
1.629165383928629085e-01
1.458413802938047510e-01
1.350132794417016890e-01
1.314161425573377451e-01
1.350132794418279214e-01
1.458413802937933157e-01
1.629165383929087607e-01
1.842927099746934638e-01
2.081675818183501558e-01
2.332011459773570550e-01
2.583877522442266650e-01
2.828915824232821619e-01
3.059462198197294702e-01
3.268139809276240926e-01
3.447820784649793802e-01
3.591793237299129027e-01
3.694076339847763846e-01
3.749864243944528996e-01
3.756043593403458614e-01
3.711676257052126116e-01
3.618317204580790425e-01
3.480057549937281003e-01
3.303231476705101310e-01
3.095783356051545199e-01
2.866335730716396690e-01
2.623003906960924003e-01
2.371936567418179986e-01
2.115381068306821377e-01
1.848725257385179510e-01
1.555511640441559484e-01
1.199855530728237557e-01
7.224510076615124621e-02
7.590468650035236096e-03
8.281352460228761855e-03
7.873563954137625942e-02
1.305437276396545498e-01
1.689439956933533604e-01
2.004642113841869078e-01
2.290338432119300716e-01
2.564526201044937115e-01
2.832355786739902959e-01
3.091621917315813262e-01
3.335980030751971026e-01
3.557008249167594172e-01
3.745727785196166781e-01
3.893819395533024141e-01
3.994578536504204691e-01
4.043574825773569859e-01
4.038976168005377620e-01
3.981534866964098751e-01
3.874289990121593252e-01
3.722095416913782651e-01
3.531110466296927264e-01
3.308366317986612404e-01
3.061454535082419603e-01
2.798338945322154658e-01
2.527349689368930674e-01
2.257566869473390803e-01
1.999889276043477493e-01
1.768852930451920713e-01
1.584073712510959131e-01
1.466800746371287323e-01
1.427831460056172563e-01
1.466800746374439801e-01
1.584073712513710819e-01
1.768852930452886052e-01
1.999889276043309849e-01
2.257566869472899806e-01
2.527349689368575403e-01
2.798338945322275118e-01
3.061454535082500650e-01
3.308366317986342620e-01
3.531110466297126549e-01
3.722095416913899224e-01
3.874289990121542737e-01
3.981534866964222541e-01
4.038976168005451450e-01
4.043574825773422754e-01
3.994578536504093669e-01
3.893819395533073546e-01
3.745727785195905879e-01
3.557008249167731839e-01
3.335980030752042080e-01
3.091621917315711121e-01
2.832355786739946257e-01
2.564526201045010945e-01
2.290338432119246870e-01
2.004642113841852424e-01
1.689439956933296016e-01
1.305437276396630986e-01
7.873563954133108722e-02
8.281352460282387362e-03
8.913721977382443526e-03
8.465175783210741878e-02
1.401061160662881722e-01
1.809941257410537796e-01
2.144079940047525501e-01
2.445950178409050935e-01
2.734991287756694534e-01
3.016898995034580366e-01
3.289585625957632820e-01
3.546621962508845205e-01
3.779397435028486463e-01
3.978676917100738009e-01
4.135830572542789074e-01
4.243803673399619836e-01
4.297803483502000144e-01
4.295662290159421026e-01
4.237863759617053194e-01
4.127276647357035477e-01
3.968704155586393334e-01
3.768394571318474107e-01
3.533631648944219883e-01
3.272435844989823872e-01
2.993348544984330006e-01
2.705355620332369759e-01
2.418215918879133286e-01
2.143578761916370701e-01
1.896985215156194449e-01
1.699498526768458695e-01
1.574038154779290044e-01
1.532331322624957970e-01
1.574038154778857890e-01
1.699498526768130624e-01
1.896985215156082316e-01
2.143578761916736242e-01
2.418215918879374482e-01
2.705355620332008382e-01
2.993348544984555382e-01
3.272435844989758369e-01
3.533631648944013937e-01
3.768394571318570696e-01
3.968704155586533777e-01
4.127276647357058237e-01
4.237863759617147563e-01
4.295662290159457664e-01
4.297803483501821398e-01
4.243803673399768051e-01
4.135830572542949501e-01
3.978676917100551491e-01
3.779397435028323815e-01
3.546621962508998971e-01
3.289585625957597848e-01
3.016898995034625330e-01
2.734991287756785017e-01
2.445950178409014297e-01
2.144079940047645683e-01
1.809941257410186410e-01
1.401061160662762373e-01
8.465175783209560878e-02
8.913721977419809470e-03
9.485396174000567532e-03
8.997502230368893683e-02
1.486493565846929987e-01
1.916819699444584912e-01
2.266936901278935879e-01
2.582253398856139137e-01
2.883550925501673912e-01
3.177076427954300675e-01
3.460930103488462084e-01
3.728698563297924706e-01
3.971684746546113587e-01
4.180478499926224556e-01
4.346184846315884198e-01
4.461402466170686365e-01
4.520940532218972185e-01
4.522229193026298666e-01
4.465397031843653108e-01
4.353046423223745909e-01
4.189834167308104651e-01
3.982014888222398796e-01
3.737071634667578635e-01
3.463441013607265195e-01
3.170260405921654367e-01
2.867185596688703320e-01
2.564621618858988206e-01
2.274870967338799566e-01
2.014335974268769702e-01
1.805375319084702168e-01
1.672467994774471112e-01
1.628259441618803982e-01
1.672467994771236477e-01
1.805375319081579666e-01
2.014335974268214591e-01
2.274870967339060468e-01
2.564621618859387331e-01
2.867185596688475724e-01
3.170260405921910829e-01
3.463441013607425067e-01
3.737071634667612496e-01
3.982014888222444871e-01
4.189834167308063573e-01
4.353046423223942973e-01
4.465397031844023368e-01
4.522229193026359728e-01
4.520940532218728491e-01
4.461402466170583669e-01
4.346184846315609973e-01
4.180478499926079672e-01
3.971684746545932065e-01
3.728698563297814794e-01
3.460930103488223386e-01
3.177076427954201310e-01
2.883550925501693896e-01
2.582253398856091398e-01
2.266936901278926442e-01
1.916819699444445024e-01
1.486493565846532805e-01
8.997502230371610954e-02
9.485396174047387718e-03
9.994987136380820147e-03
9.469498409811701045e-02
1.561642718208364755e-01
2.010072392794370888e-01
2.373346279989922147e-01
2.699555161369007750e-01
3.010721547174465829e-01
3.313646676747702968e-01
3.606681987880996920e-01
3.883518951586498735e-01
4.135461516817351413e-01
4.352990024274816516e-01
4.526975065083567729e-01
4.649660104950275041e-01
4.715411390288769544e-01
4.721184272982137942e-01
4.666662002248220253e-01
4.554082315698643191e-01
4.387859384391489259e-01
4.174174870214436561e-01
3.920669437284400871e-01
3.636206513244705230e-01
3.330570002292539411e-01
3.014128536841325090e-01
2.697912411484295614e-01
2.394771076568378287e-01
2.121806575028072350e-01
1.902512136212986815e-01
1.762825623543078091e-01
1.716322470472644857e-01
1.762825623543103348e-01
1.902512136213191929e-01
2.121806575028288011e-01
2.394771076568162904e-01
2.697912411484649775e-01
3.014128536841141348e-01
3.330570002292563281e-01
3.636206513244895633e-01
3.920669437284662884e-01
4.174174870214419353e-01
4.387859384391306627e-01
4.554082315698663175e-01
4.666662002248390673e-01
4.721184272982226204e-01
4.715411390288715698e-01
4.649660104950312234e-01
4.526975065083588268e-01
4.352990024274858705e-01
4.135461516817182659e-01
3.883518951586492629e-01
3.606681987881019125e-01
3.313646676747610820e-01
3.010721547174451396e-01
2.699555161368986100e-01
2.373346279989742846e-01
2.010072392794448326e-01
1.561642718208064995e-01
9.469498409813462136e-02
9.994987136436359054e-03
1.044183961176066433e-02
9.880843896425223205e-02
1.626541435037147931e-01
2.089860007955510468e-01
2.463633420242273830e-01
2.798374363157000722e-01
3.117242335930858754e-01
3.427592080656599594e-01
3.728081874832955833e-01
4.012585934590570114e-01
4.272484003983605949e-01
4.498200205033758836e-01
4.680391140089482649e-01
4.810928642658181542e-01
4.883685485000538451e-01
4.895065044779698393e-01
4.844210677226076234e-01
4.732892490196204394e-01
4.565181305302797865e-01
4.347105779274772486e-01
4.086432025606621665e-01
3.792486054994596567e-01
3.475785978566724999e-01
3.147489995951659458e-01
2.819245065002527473e-01
2.504327540861269186e-01
2.220352490699469550e-01
1.991773422277790806e-01
1.845898514939042223e-01
1.797276033010206941e-01
1.845898514940899349e-01
1.991773422280899430e-01
2.220352490700669423e-01
2.504327540860686874e-01
2.819245065002607409e-01
3.147489995951573416e-01
3.475785978566754419e-01
3.792486054994596567e-01
4.086432025606985263e-01
4.347105779274872406e-01
4.565181305302689618e-01
4.732892490196233815e-01
4.844210677226186146e-01
4.895065044779781105e-01
4.883685485000652249e-01
4.810928642658164334e-01
4.680391140089509849e-01
4.498200205033692223e-01
4.272484003983389456e-01
4.012585934590541803e-01
3.728081874832937515e-01
3.427592080656592932e-01
3.117242335930971442e-01
2.798374363157185574e-01
2.463633420242141714e-01
2.089860007955660626e-01
1.626541435037086314e-01
9.880843896423648076e-02
1.044183961183509091e-02
1.082595869240661826e-02
1.023185860288405857e-01
1.681328784456226910e-01
2.156477177998745165e-01
2.538274247105236081e-01
2.879387869681833134e-01
3.204008647404242849e-01
3.520039533875954363e-01
3.826493269796623631e-01
4.117494559159211032e-01
4.384563519170239787e-01
4.618112891923865093e-01
4.808599871440806806e-01
4.947504599615368814e-01
5.028153172956174588e-01
5.046316625757188978e-01
5.000498803305095663e-01
4.891891641387827172e-01
4.724113063604873930e-01
4.502953504118322181e-01
4.236279712370172312e-01
3.933943410907391192e-01
3.607328074204217971e-01
3.268498143562478808e-01
2.929721568565561984e-01
2.604561066592426810e-01
2.310923067689181487e-01
2.074027267021175958e-01
1.922477142151518825e-01
1.871876476858921334e-01
1.922477142151425566e-01
2.074027267022982013e-01
2.310923067689850119e-01
2.604561066592184781e-01
2.929721568565465950e-01
3.268498143562606484e-01
3.607328074204306234e-01
3.933943410907573268e-01
4.236279712370393802e-01
4.502953504118439310e-01
4.724113063604902796e-01
4.891891641387846046e-01
5.000498803305108986e-01
5.046316625757232277e-01
5.028153172956336681e-01
4.947504599615273335e-01
4.808599871440801810e-01
4.618112891923977226e-01
4.384563519170173729e-01
4.117494559159028400e-01
3.826493269796507612e-01
3.520039533875838900e-01
3.204008647403883137e-01
2.879387869681829248e-01
2.538274247105276049e-01
2.156477177998578909e-01
1.681328784456419256e-01
1.023185860287927629e-01
1.082595869246815064e-02
1.114793015493158873e-02
1.052341360408608206e-01
1.726231687830719896e-01
2.210324189517454130e-01
2.597857182839024004e-01
2.943382889133425162e-01
3.272015246589183302e-01
3.592195365645244332e-01
3.903330359947524419e-01
4.199854400860366099e-01
4.473485000347092178e-01
4.714663564259454764e-01
4.913660665654043802e-01
5.061544804652309271e-01
5.151042264960195016e-01
5.177209282340399232e-01
5.137804634155991312e-01
5.033321020945542568e-01
4.866800481272517409e-01
4.643700060072992741e-01
4.371967444371464562e-01
4.062073531771362989e-01
3.726449659647513846e-01
3.378230859007230746e-01
3.030324144175574053e-01
2.696409263140983059e-01
2.394414929585446661e-01
2.150104646777687978e-01
1.993316703457811145e-01
1.940843043041695914e-01
1.993316703456235461e-01
2.150104646777094564e-01
2.394414929585259588e-01
2.696409263141250623e-01
3.030324144175637335e-01
3.378230859007015918e-01
3.726449659647498303e-01
4.062073531771526191e-01
4.371967444371522293e-01
4.643700060073049363e-01
4.866800481272710033e-01
5.033321020945719093e-01
5.137804634156006856e-01
5.177209282340529128e-01
5.151042264960170591e-01
5.061544804652364782e-01
4.913660665654215332e-01
4.714663564259538031e-01
4.473485000347192098e-01
4.199854400860283943e-01
3.903330359947536077e-01
3.592195365645244332e-01
3.272015246589055626e-01
2.943382889133367986e-01
2.597857182839223289e-01
2.210324189517241522e-01
1.726231687830758754e-01
1.052341360408660942e-01
1.114793015492162968e-02
1.140883756082373968e-02
1.075684127544851293e-01
1.761547265342422730e-01
2.251880995605856084e-01
2.643049541033801186e-01
2.991216492147480976e-01
3.322309833267813595e-01
3.645294029439618555e-01
3.960003299341195993e-01
4.261232988853362325e-01
4.540949987731979220e-01
4.789662918932745539e-01
4.997470348817523167e-01
5.155012636187347175e-01
5.254365628491928231e-01
5.289787218873026609e-01
5.258178713328891529e-01
5.159198957333884783e-01
4.995172813984831706e-01
4.771113608212927404e-01
4.495032889388865804e-01
4.178148108015318773e-01
3.834181928158160724e-01
3.477561682851857960e-01
3.121866664899394794e-01
2.780685671380449531e-01
2.471637965478046817e-01
2.220769487193094971e-01
2.059108116509462405e-01
2.004828630960900082e-01
2.059108116509196507e-01
2.220769487192873204e-01
2.471637965477479493e-01
2.780685671380141999e-01
3.121866664899235477e-01
3.477561682851695313e-01
3.834181928158172936e-01
4.178148108015439233e-01
4.495032889389013464e-01
4.771113608212925183e-01
4.995172813984950499e-01
5.159198957333979152e-01
5.258178713328797160e-01
5.289787218873129859e-01
5.254365628491888263e-01
5.155012636187360497e-01
4.997470348817604213e-01
4.789662918932715008e-01
4.540949987731926485e-01
4.261232988853418391e-01
3.960003299341069427e-01
3.645294029439773986e-01
3.322309833267925727e-01
2.991216492147363848e-01
2.643049541033830607e-01
2.251880995605508307e-01
1.761547265342270630e-01
1.075684127545099567e-01
1.140883756076535235e-02
1.161017964090371897e-02
1.093384826766325563e-01
1.787626496909197615e-01
2.281684172450855752e-01
2.674568879871750959e-01
3.023782414891280634e-01
3.355956428912709733e-01
3.680559379955367083e-01
3.997878788308522058e-01
4.303117011044194085e-01
4.588539463145935859e-01
4.844761888363670055e-01
5.061730433354814096e-01
5.229647256589941007e-01
5.339891953467311714e-01
5.385840471150087350e-01
5.363416618471295028e-01
5.271294222322175926e-01
5.110916269635009668e-01
4.886721040746417333e-01
4.606766405930650676e-01
4.283181583509198531e-01
3.931296453548726033e-01
3.567121815589238132e-01
3.204960004204543966e-01
2.858050972791483790e-01
2.543291998243720209e-01
2.286698008450065989e-01
2.120457135983814800e-01
2.064398209992912292e-01
2.120457135985255037e-01
2.286698008450438468e-01
2.543291998243489838e-01
2.858050972791302824e-01
3.204960004204486790e-01
3.567121815589041067e-01
3.931296453548743242e-01
4.283181583509316215e-01
4.606766405930712294e-01
4.886721040746405675e-01
5.110916269635052966e-01
5.271294222322244760e-01
5.363416618471315012e-01
5.385840471150094011e-01
5.339891953467359453e-01
5.229647256589825544e-01
5.061730433354785230e-01
4.844761888363700586e-01
4.588539463145883124e-01
4.303117011044172990e-01
3.997878788308488196e-01
3.680559379955388732e-01
3.355956428912814649e-01
3.023782414891206249e-01
2.674568879871582761e-01
2.281684172450654524e-01
1.787626496909054119e-01
1.093384826766559542e-01
1.161017964081765240e-02
1.175379081179240247e-02
1.105643396735635914e-01
1.804859563021422864e-01
2.300307104502442024e-01
2.693159349499121280e-01
3.041984765124562395e-01
3.374007662964415011e-01
3.699176840387221610e-01
4.018253399028028916e-01
4.326887847833283396e-01
4.617692216112455061e-01
4.881432947283593227e-01
5.107931020690604784e-01
5.286949500357457365e-01
5.409132990829692567e-01
5.466893050442568347e-01
5.455047865952862285e-01
5.371115756582759415e-01
5.215464411166050862e-01
4.991798070484302352e-01
4.708198717799673694e-01
4.377914181439771513e-01
4.018283152376242451e-01
3.647275438417889037e-01
3.279988675733662706e-01
2.928993812044227152e-01
2.609951818811437896e-01
2.348465645109884814e-01
2.177870741695852319e-01
2.120014482835168856e-01
2.177870741696150136e-01
2.348465645109708289e-01
2.609951818811136470e-01
2.928993812044369260e-01
3.279988675733624959e-01
3.647275438418084992e-01
4.018283152376225797e-01
4.377914181439792052e-01
4.708198717799790822e-01
4.991798070484448346e-01
5.215464411166269576e-01
5.371115756582848233e-01
5.455047865952898922e-01
5.466893050442408475e-01
5.409132990829788046e-01
5.286949500357559506e-01
5.107931020690638091e-01
4.881432947283630974e-01
4.617692216112382342e-01
4.326887847833386647e-01
4.018253399028105521e-01
3.699176840387237153e-01
3.374007662964656484e-01
3.041984765124813861e-01
2.693159349498862598e-01
2.300307104502344602e-01
1.804859563021219138e-01
1.105643396735877387e-01
1.175379081170738714e-02
1.184176697617013094e-02
1.112681626418107056e-01
1.813663054577556444e-01
2.308343427620816735e-01
2.699572765161736831e-01
3.046717943103428028e-01
3.377484738689546795e-01
3.702274618830314612e-01
4.022337135931561836e-01
4.333808256621358157e-01
4.629694944756833630e-01
4.900963386847392855e-01
5.137346586705596740e-01
5.328179330980471473e-01
5.463341946788156100e-01
5.534201899981157080e-01
5.534335563883933107e-01
5.459913577956558850e-01
5.310000765306265302e-01
5.087372866608504962e-01
4.800103099813328167e-01
4.462809332521973094e-01
4.095341333279195473e-01
3.718106076260183634e-01
3.347096384955791648e-01
2.993818756885636145e-01
2.672058139215728323e-01
2.406539343579073009e-01
2.231749022196653776e-01
2.172029265745688553e-01
2.231749022195158860e-01
2.406539343578421031e-01
2.672058139215534589e-01
2.993818756885907595e-01
3.347096384955785542e-01
3.718106076260324078e-01
4.095341333279248763e-01
4.462809332521940342e-01
4.800103099813279872e-01
5.087372866608496080e-01
5.310000765306372994e-01
5.459913577956638786e-01
5.534335563884009712e-01
5.534201899981090467e-01
5.463341946788197179e-01
5.328179330980600259e-01
5.137346586705642260e-01
4.900963386847399517e-01
4.629694944756826414e-01
4.333808256621374255e-01
4.022337135931726704e-01
3.702274618830200259e-01
3.377484738689490174e-01
3.046717943103521287e-01
2.699572765161503130e-01
2.308343427620734301e-01
1.813663054577445422e-01
1.112681626418157016e-01
1.184176697613262969e-02
1.187639809271166629e-02
1.114736570954420608e-01
1.814469101852762001e-01
2.306393580232931340e-01
2.694553953889199938e-01
3.038851941468889706e-01
3.367363792660452715e-01
3.690912195914453631e-01
4.011244956629645420e-01
4.325017473170422178e-01
4.625680965245937970e-01
4.904457114082291236e-01
5.151039960126736483e-01
5.354360982014962911e-01
5.503518998594100209e-01
5.588762533596379756e-01
5.602282678640919666e-01
5.538686899701239508e-01
5.395470070696767317e-01
5.174240302248155343e-01
4.883009817330390412e-01
4.538063729244121713e-01
4.162382220078707507e-01
3.779412277280785881e-01
3.406178524001876040e-01
3.052639181746067409e-01
2.729912009228588343e-01
2.461272476868481829e-01
2.282379467936787032e-01
2.220677353974604973e-01
2.282379467937091233e-01
2.461272476868827663e-01
2.729912009228604997e-01
3.052639181746055752e-01
3.406178524001676200e-01
3.779412277280924659e-01
4.162382220078735817e-01
4.538063729244108391e-01
4.883009817330340452e-01
5.174240302248135359e-01
5.395470070696808396e-01
5.538686899701312782e-01
5.602282678640924107e-01
5.588762533596342008e-01
5.503518998594121303e-01
5.354360982014970682e-01
5.151039960126772010e-01
4.904457114082270142e-01
4.625680965246034559e-01
4.325017473170475468e-01
4.011244956629435032e-01
3.690912195914164973e-01
3.367363792660274524e-01
3.038851941468697082e-01
2.694553953889291531e-01
2.306393580232892482e-01
1.814469101852460575e-01
1.114736570954480421e-01
1.187639809269296944e-02
1.186010840439222225e-02
1.112054853739926907e-01
1.807716369764071351e-01
2.295054198379401778e-01
2.678829830725462657e-01
3.019222152391461411e-01
3.344567415885997264e-01
3.666074481680497432e-01
3.985994303012021511e-01
4.301532484486657593e-01
4.606635060673280879e-01
4.892842349560765913e-01
5.149871750578751683e-01
5.366292938969856596e-01
5.530420991000696285e-01
5.631318326890105697e-01
5.659641840658866663e-01
5.608196462481302991e-01
5.472595467833498706e-01
5.252984650974431569e-01
4.957231267764835581e-01
4.603628895806157750e-01
4.219041954267694905e-01
3.830711396323563944e-01
3.456879984585277121e-01
3.105373024804943261e-01
2.783670259807897729e-01
2.512899536177568560e-01
2.329930457687947598e-01
2.266069502952181014e-01
2.329930457688793866e-01
2.512899536178104243e-01
2.783670259808144198e-01
3.105373024805201387e-01
3.456879984585264354e-01
3.830711396323581708e-01
4.219041954267662708e-01
4.603628895806160526e-01
4.957231267764858340e-01
5.252984650974462655e-01
5.472595467833530902e-01
5.608196462481349620e-01
5.659641840658825584e-01
5.631318326890101256e-01
5.530420991000708497e-01
5.366292938969848825e-01
5.149871750578799423e-01
4.892842349560796444e-01
4.606635060673308635e-01
4.301532484486694785e-01
3.985994303012053153e-01
3.666074481680702823e-01
3.344567415885930095e-01
3.019222152391196623e-01
2.678829830725479311e-01
2.295054198379435917e-01
1.807716369763904540e-01
1.112054853740036958e-01
1.186010840440158282e-02
1.179540470808103543e-02
1.104887853204766929e-01
1.793842795982355243e-01
2.274910028290278996e-01
2.653101634695513300e-01
2.988622846035374758e-01
3.309960225011951973e-01
3.628670263772162397e-01
3.947507032652671222e-01
4.264253690614627779e-01
4.573402584643920243e-01
4.866883293312704861e-01
5.134513273099831077e-01
5.364560771996692567e-01
5.544573255039170201e-01
5.662371306025141271e-01
5.706926436997676877e-01
5.668978798727131174e-01
5.541899501785532145e-01
5.324009002690379688e-01
5.022896642529622868e-01
4.659243573058723942e-01
4.264704585295951977e-01
3.871250783825683217e-01
3.498597019979778899e-01
3.151739475734218754e-01
2.833339568978490708e-01
2.561528209631886988e-01
2.374442024031513110e-01
2.308182954587796321e-01
2.374442024032278054e-01
2.561528209631882547e-01
2.833339568978713308e-01
3.151739475734293694e-01
3.498597019979681755e-01
3.871250783825765929e-01
4.264704585295989725e-01
4.659243573058758359e-01
5.022896642529676159e-01
5.324009002690405223e-01
5.541899501785467752e-01
5.668978798727127844e-01
5.706926436997759033e-01
5.662371306025191231e-01
5.544573255039217941e-01
5.364560771996753630e-01
5.134513273099846620e-01
4.866883293312668779e-01
4.573402584644051250e-01
4.264253690614587256e-01
3.947507032652601278e-01
3.628670263772215687e-01
3.309960225011808199e-01
2.988622846035088321e-01
2.653101634695474997e-01
2.274910028290406949e-01
1.793842795982230898e-01
1.104887853205129278e-01
1.179540470811868587e-02
1.168483264145652942e-02
1.093487736774314129e-01
1.773279904955659125e-01
2.246528006583050074e-01
2.618039772688455225e-01
2.947803561196797317e-01
3.264347521642095851e-01
3.579533800864960758e-01
3.896614458305181494e-01
4.213973575705213248e-01
4.526701421500164968e-01
4.827194395559670226e-01
5.105461649961264836e-01
5.349551506685896740e-01
5.546282180579407139e-01
5.682192948127595677e-01
5.744421340681288290e-01
5.721360616271355948e-01
5.603727077272799839e-01
5.387569738811124331e-01
5.079994910902253524e-01
4.704476324112361052e-01
4.298534976457059065e-01
3.900026403291448340e-01
3.530482673390895054e-01
3.191255198451251052e-01
2.878766996800902755e-01
2.607126869959259241e-01
2.415813128810652965e-01
2.346849562052613081e-01
2.415813128810467281e-01
2.607126869958703574e-01
2.878766996801035427e-01
3.191255198451208308e-01
3.530482673390952786e-01
3.900026403291527166e-01
4.298534976457053514e-01
4.704476324112322194e-01
5.079994910902235761e-01
5.387569738811156528e-01
5.603727077272694368e-01
5.721360616271221611e-01
5.744421340681288290e-01
5.682192948127666732e-01
5.546282180579397147e-01
5.349551506685903401e-01
5.105461649961270387e-01
4.827194395559674667e-01
4.526701421500208267e-01
4.213973575705099450e-01
3.896614458305155404e-01
3.579533800864960758e-01
3.264347521641968175e-01
2.947803561196506994e-01
2.618039772688498523e-01
2.246528006583199955e-01
1.773279904955621655e-01
1.093487736774721025e-01
1.168483264152303872e-02
1.153094065643430789e-02
1.078104279732426535e-01
1.746448508888618356e-01
2.210453161667284838e-01
2.574280763787848980e-01
2.897467745007548112e-01
3.208476232869114653e-01
3.519428632134563029e-01
3.834064479733378383e-01
4.151387340319115382e-01
4.467135791045069304e-01
4.774256312013205328e-01
5.063056267353112094e-01
5.321468750444688922e-01
5.535647705565857057e-01
5.690834005666146611e-01
5.772192047247564073e-01
5.765471752612553180e-01
5.658268519211969716e-01
5.443814142064937744e-01
5.128424514831367853e-01
4.738777526807721463e-01
4.319521897019442669e-01
3.915810052247866158e-01
3.551457091462495996e-01
3.223230545198316199e-01
2.919625997266128703e-01
2.649505686287274564e-01
2.453784209277040385e-01
2.381740887808634632e-01
2.453784209276167194e-01
2.649505686286600659e-01
2.919625997266067086e-01
3.223230545198305652e-01
3.551457091462479898e-01
3.915810052247845618e-01
4.319521897019508727e-01
4.738777526807738671e-01
5.128424514831354530e-01
5.443814142064991035e-01
5.658268519212013015e-01
5.765471752612459921e-01
5.772192047247510782e-01
5.690834005666157713e-01
5.535647705565810428e-01
5.321468750444736662e-01
5.063056267353071016e-01
4.774256312013307468e-01
4.467135791045010462e-01
4.151387340318927754e-01
3.834064479733417241e-01
3.519428632134502521e-01
3.208476232868966438e-01
2.897467745007279993e-01
2.574280763787766269e-01
2.210453161667264577e-01
1.746448508888867324e-01
1.078104279732560733e-01
1.153094065652096427e-02
1.133625113176153949e-02
1.058982391516363475e-01
1.713755600742340457e-01
2.167206010901208679e-01
2.522425834541685563e-01
2.838273079460927328e-01
3.143037472664864107e-01
3.449052864555769427e-01
3.760530021743770934e-01
4.077104708090497631e-01
4.395211178160816079e-01
4.708432957799094098e-01
5.007496148085732735e-01
5.280348209112104563e-01
5.512575296908955869e-01
5.688132732990298646e-01
5.790091267332755365e-01
5.801255268242369034e-01
5.705580734255724096e-01
5.492818712922284963e-01
5.168047406690997603e-01
4.761539287533242959e-01
4.326531751571469631e-01
3.917188053243014778e-01
3.560227456664329937e-01
3.246770554020668720e-01
2.955400535207326485e-01
2.688291132767436364e-01
2.487913075931575679e-01
2.412347964504312492e-01
2.487913075931751650e-01
2.688291132767369196e-01
2.955400535207249879e-01
3.246770554020505517e-01
3.560227456664192824e-01
3.917188053243046975e-01
4.326531751571546236e-01
4.761539287533167464e-01
5.168047406690932100e-01
5.492818712922262758e-01
5.705580734255732978e-01
5.801255268242387908e-01
5.790091267332785341e-01
5.688132732990409668e-01
5.512575296908999167e-01
5.280348209112131208e-01
5.007496148085672782e-01
4.708432957799147944e-01
4.395211178160740029e-01
4.077104708090382723e-01
3.760530021743885842e-01
3.449052864555743336e-01
3.143037472664763077e-01
2.838273079460686410e-01
2.522425834541783263e-01
2.167206010901012725e-01
1.713755600742782881e-01
1.058982391516227056e-01
1.133625113185947678e-02
1.110323794079428120e-02
1.036360264464027403e-01
1.675592249639184239e-01
2.117281159120364686e-01
2.463040778389122831e-01
2.770833029432541172e-01
3.068670194826112474e-01
3.369045361478282818e-01
3.676618176835831919e-01
3.991662317881815025e-01
4.311349878268659341e-01
4.629989314638224829e-01
4.938858094364275142e-01
5.226073566122854119e-01
5.476787330646288865e-01
5.673721162313360988e-01
5.797762193454683022e-01
5.828473273812956323e-01
5.745604256659310183e-01
5.534625199273824903e-01
5.198744115062545745e-01
4.772160786908025698e-01
4.318373263418353591e-01
3.902616554933036608e-01
3.555328094167715669e-01
3.260794190839034212e-01
2.985378906124460663e-01
2.722900543541195706e-01
2.517546395748678223e-01
2.437956287528535437e-01
2.517546395748950228e-01
2.722900543541307283e-01
2.985378906124355192e-01
3.260794190839075846e-01
3.555328094167699571e-01
3.902616554932992199e-01
4.318373263418409658e-01
4.772160786908061780e-01
5.198744115062543525e-01
5.534625199273756069e-01
5.745604256659362363e-01
5.828473273813042921e-01
5.797762193454764068e-01
5.673721162313420940e-01
5.476787330646341045e-01
5.226073566122880765e-01
4.938858094364244611e-01
4.629989314638341957e-01
4.311349878268672664e-01
3.991662317881855548e-01
3.676618176835770302e-01
3.369045361478430478e-01
3.068670194826024211e-01
2.770833029432467898e-01
2.463040778389195828e-01
2.117281159120306677e-01
1.675592249639410447e-01
1.036360264463823538e-01
1.110323794089427760e-02
1.083430971866956340e-02
1.010468058410852327e-01
1.632332321752320292e-01
2.061146839965221356e-01
2.396656754251408894e-01
2.695719235010576864e-01
2.985965521056723193e-01
3.279992389035644162e-01
3.582879595739577039e-01
3.895536257521883816e-01
4.215906790438230245e-01
4.539109804754623556e-01
4.857115673298463276e-01
5.158392984470363540e-01
5.427834073486588196e-01
5.647029283835331981e-01
5.794637738944214966e-01
5.846707059244760085e-01
5.778173823881587179e-01
5.569270984462337815e-01
5.220465711412592968e-01
4.770115319833348466e-01
4.293872905317200339e-01
3.870501664876542791e-01
3.535201153045798850e-01
3.264101846505222393e-01
3.008688281279149335e-01
2.752541736643475123e-01
2.541804982914394606e-01
2.457631418243608201e-01
2.541804982914059319e-01
2.752541736643573378e-01
3.008688281279044974e-01
3.264101846505257365e-01
3.535201153045869349e-01
3.870501664876507819e-01
4.293872905317144273e-01
4.770115319833290735e-01
5.220465711412589638e-01
5.569270984462333374e-01
5.778173823881552762e-01
5.846707059244727889e-01
5.794637738944224958e-01
5.647029283835314217e-01
5.427834073486599298e-01
5.158392984470306919e-01
4.857115673298525449e-01
4.539109804754603017e-01
4.215906790438211371e-01
3.895536257521892143e-01
3.582879595739634770e-01
3.279992389035658040e-01
2.985965521056896943e-01
2.695719235010914927e-01
2.396656754251338950e-01
2.061146839965568578e-01
1.632332321752245075e-01
1.010468058410764342e-01
1.083430971874129768e-02
1.053179805313736103e-02
9.815270371625975376e-02
1.584331866777881626e-01
1.999245178281308655e-01
2.323771756781779219e-01
2.613464448180800592e-01
2.895471422501706416e-01
3.182434384526290350e-01
3.479817781066739113e-01
3.789154398120717082e-01
4.109185173346026065e-01
4.435917129993986463e-01
4.762159269269444217e-01
5.076936753113792111e-01
5.365104770103878984e-01
5.607287172550795562e-01
5.779935041320068967e-01
5.855350004331453251e-01
5.803020157804792412e-01
5.596810652085897342e-01
5.233278429932147757e-01
4.755014333233970047e-01
4.251960187633925803e-01
3.819317295752445163e-01
3.498355564530957751e-01
3.255552650677568938e-01
3.024440220570221993e-01
2.776301819524616410e-01
2.559636723502086708e-01
2.470264242084783957e-01
2.559636723501810818e-01
2.776301819524652492e-01
3.024440220570150939e-01
3.255552650677520088e-01
3.498355564530954420e-01
3.819317295752379104e-01
4.251960187633869181e-01
4.755014333233945623e-01
5.233278429932153308e-01
5.596810652085871807e-01
5.803020157804809065e-01
5.855350004331513203e-01
5.779935041320042322e-01
5.607287172550808885e-01
5.365104770103901188e-01
5.076936753113718837e-01
4.762159269269478079e-01
4.435917129994025876e-01
4.109185173346051045e-01
3.789154398120843092e-01
3.479817781066764648e-01
3.182434384526088289e-01
2.895471422501842418e-01
2.613464448181097022e-01
2.323771756781808362e-01
1.999245178281565671e-01
1.584331866777726749e-01
9.815270371626089174e-02
1.053179805316898678e-02
1.019794984062710221e-02
9.497490783694256811e-02
1.531929029130097153e-01
1.931992987335693912e-01
2.244852542203500390e-01
2.524565779773311203e-01
2.797697511042755436e-01
3.076872596852367470e-01
3.367898025268016293e-01
3.672908259539507392e-01
3.991452117695408752e-01
4.320491490681915847e-01
4.653817506922134362e-01
4.981236845483958398e-01
5.287839703686835202e-01
5.553525338074609685e-01
5.752644429529364389e-01
5.853591510222136973e-01
5.819760798434820970e-01
5.617326563227046377e-01
5.237398064173596213e-01
4.726664128119950625e-01
4.191761859879819530e-01
3.747781555285839006e-01
3.443673463978108584e-01
3.234473704737358402e-01
3.032134474419624359e-01
2.793465683708790670e-01
2.570058069557708547e-01
2.474786731016815899e-01
2.570058069557874525e-01
2.793465683708855063e-01
3.032134474419598269e-01
3.234473704737326760e-01
3.443673463978029758e-01
3.747781555285781274e-01
4.191761859879723495e-01
4.726664128119916208e-01
5.237398064173580670e-01
5.617326563227040825e-01
5.819760798434799876e-01
5.853591510222186933e-01
5.752644429529382153e-01
5.553525338074628559e-01
5.287839703686904036e-01
4.981236845483923426e-01
4.653817506922107161e-01
4.320491490681910851e-01
3.991452117695383217e-01
3.672908259539634512e-01
3.367898025268063478e-01
3.076872596852286978e-01
2.797697511042940288e-01
2.524565779773506602e-01
2.244852542203714940e-01
1.931992987335769130e-01
1.531929029130119080e-01
9.497490783693905703e-02
1.019794984063798760e-02
9.834923093634274568e-03
9.153364855690729329e-02
1.475444362454396974e-01
1.859782947285598398e-01
2.160336838378606461e-01
2.429488077633126242e-01
2.693119759946019931e-01
2.963775417387169986e-01
3.247555800394582581e-01
3.547164187628469301e-01
3.862953495533961723e-01
4.192890050796358459e-01
4.531880338856688617e-01
4.870749377155436100e-01
5.195144578549687475e-01
5.484573968284536249e-01
5.711511901396121305e-01
5.840389600560205174e-01
5.827877859373046254e-01
5.630928242546603402e-01
5.233215075598214305e-01
4.685114239162025962e-01
4.112706237292770850e-01
3.655126843820782900e-01
3.370991198275070100e-01
3.201539236413553091e-01
3.032618217126880622e-01
2.804351435985416030e-01
2.572828806675743762e-01
2.470779848203696893e-01
2.572828806675835356e-01
2.804351435985303342e-01
3.032618217126876736e-01
3.201539236413531997e-01
3.370991198274982392e-01
3.655126843820736271e-01
4.112706237292675926e-01
4.685114239162021521e-01
5.233215075598161015e-01
5.630928242546580087e-01
5.827877859373032932e-01
5.840389600560205174e-01
5.711511901396137958e-01
5.484573968284590650e-01
5.195144578549764081e-01
4.870749377155476623e-01
4.531880338856693058e-01
4.192890050796421186e-01
3.862953495533953396e-01
3.547164187628542575e-01
3.247555800394729131e-01
2.963775417387246036e-01
2.693119759945903358e-01
2.429488077633190912e-01
2.160336838378948132e-01
1.859782947285676391e-01
1.475444362454449709e-01
9.153364855690364343e-02
9.834923093600407562e-03
9.444785547079751972e-03
8.784820392964212687e-02
1.415181444821910772e-01
1.782985040522018505e-01
2.070635705759542866e-01
2.328667302259715410e-01
2.582185024224037950e-01
2.843584273829880549e-01
3.119204459353091541e-01
3.412273660601273240e-01
3.723928136445202042e-01
4.053166414504391080e-01
4.396123966164988128e-01
4.744881093130979832e-01
5.086009215171073405e-01
5.399062487096430996e-01
5.655014082708051948e-01
5.814428606100615626e-01
5.826679701538641787e-01
5.637742816783666289e-01
5.221318444486264809e-01
4.630705178704404568e-01
4.014645992047913836e-01
3.541524649018949478e-01
3.282186192960744320e-01
3.160571731670923090e-01
3.030178521823641558e-01
2.812224857495063679e-01
2.570032704073188512e-01
2.459896781430681301e-01
2.570032704073376140e-01
2.812224857495003172e-01
3.030178521823559956e-01
3.160571731670833717e-01
3.282186192960682702e-01
3.541524649018913951e-01
4.014645992047802814e-01
4.630705178704404568e-01
5.221318444486313659e-01
5.637742816783641864e-01
5.826679701538656220e-01
5.814428606100581209e-01
5.655014082708010870e-01
5.399062487096516483e-01
5.086009215171086728e-01
4.744881093131035898e-01
4.396123966164938723e-01
4.053166414504365545e-01
3.723928136445192605e-01
3.412273660601366498e-01
3.119204459353196457e-01
2.843584273830070397e-01
2.582185024223929704e-01
2.328667302259599392e-01
2.070635705759731882e-01
1.782985040522300224e-01
1.415181444821768941e-01
8.784820392966111169e-02
9.444785547009221585e-03
9.029515481678707448e-03
8.393692325369771223e-02
1.351427709358471174e-01
1.701948144964416654e-01
1.976135947608191890e-01
2.222513802913963776e-01
2.465315271522705853e-01
2.716719002584265796e-01
2.983242150988184016e-01
3.268582572096298544e-01
3.574620966540720812e-01
3.901389744936381021e-01
4.246337494421056347e-01
4.603020979085648001e-01
4.959333325690347127e-01
5.295422237628808482e-01
5.581325050439881474e-01
5.774056218462783052e-01
5.815240317705476780e-01
5.637900038166893113e-01
5.202536905300282344e-01
4.564140504031882761e-01
3.898025424210639911e-01
3.408772491624367240e-01
3.183171758167315235e-01
3.122058597979450179e-01
3.036795779213029567e-01
2.827304746530644453e-01
2.569414445431118521e-01
2.448860365748518619e-01
2.569414445430978633e-01
2.827304746530477364e-01
3.036795779212865809e-01
3.122058597979265882e-01
3.183171758167290255e-01
3.408772491624270651e-01
3.898025424210607714e-01
4.564140504031842793e-01
5.202536905300297887e-01
5.637900038166907546e-01
5.815240317705488993e-01
5.774056218462791934e-01
5.581325050439897018e-01
5.295422237628830686e-01
4.959333325690373218e-01
4.603020979085660769e-01
4.246337494421045800e-01
3.901389744936369364e-01
3.574620966540657530e-01
3.268582572096439542e-01
2.983242150988315577e-01
2.716719002584431220e-01
2.465315271522701412e-01
2.222513802914024283e-01
1.976135947608045063e-01
1.701948144964678666e-01
1.351427709358223872e-01
8.393692325372684171e-02
9.029515481592639142e-03
8.591004257147368678e-03
7.981726439878779333e-02
1.284455420727597386e-01
1.617001708122246528e-01
1.877202494012550626e-01
2.111415426547131324e-01
2.342911466481070182e-01
2.583582649213698179e-01
2.840057887646058599e-01
3.116439367816987160e-01
3.415294839396739723e-01
3.737663021259896023e-01
4.082350827551371464e-01
4.444577720637021279e-01
4.813962865638156119e-01
5.171897444904607344e-01
5.488276214638595496e-01
5.717191415024497347e-01
5.792302431583586930e-01
5.631511557097517162e-01
5.178028781875634312e-01
4.486638941372807499e-01
3.764160552116944114e-01
3.261439861503039883e-01
3.087413046778789694e-01
3.109456248848423976e-01
3.079904770085138965e-01
2.874238054344575022e-01
2.590680270483404768e-01
2.455129482810263775e-01
2.590680270483278758e-01
2.874238054344430138e-01
3.079904770084944676e-01
3.109456248848293525e-01
3.087413046778709758e-01
3.261439861502918869e-01
3.764160552116914138e-01
4.486638941372784739e-01
5.178028781875650965e-01
5.631511557097554910e-01
5.792302431583600253e-01
5.717191415024499568e-01
5.488276214638639905e-01
5.171897444904612895e-01
4.813962865638204414e-01
4.444577720637086227e-01
4.082350827551491368e-01
3.737663021259780560e-01
3.415294839396753601e-01
3.116439367817106509e-01
2.840057887646122436e-01
2.583582649213742033e-01
2.342911466481280569e-01
2.111415426547184060e-01
1.877202494012502887e-01
1.617001708122350057e-01
1.284455420727605990e-01
7.981726439878084056e-02
8.591004257082751963e-03
8.131060120524681231e-03
7.550584102196407355e-02
1.214522741776722509e-01
1.528457442855198634e-01
1.774180705667544600e-01
1.995740414923400097e-01
2.215357076947996884e-01
2.444565673687680296e-01
2.690036735175282412e-01
2.956201946127168800e-01
3.246240796001807483e-01
3.562139829210089204e-01
3.904062828381268946e-01
4.269022879607538568e-01
4.648740669811582404e-01
5.026572974330340005e-01
5.373315293513657442e-01
5.641193077899808728e-01
5.756115364543945567e-01
5.618626678706540867e-01
5.149459548662347341e-01
4.400273372021922813e-01
3.615803739549684481e-01
3.108867974907311149e-01
3.021583598794882475e-01
3.168418323477050214e-01
3.213374960444607686e-01
3.002967083640298296e-01
2.674998110720742117e-01
2.515569622000375372e-01
2.674998110720497868e-01
3.002967083640035728e-01
3.213374960444445594e-01
3.168418323476932530e-01
3.021583598794770342e-01
3.108867974907260634e-01
3.615803739549659501e-01
4.400273372021888951e-01
5.149459548662314035e-01
5.618626678706555300e-01
5.756115364543998858e-01
5.641193077899842034e-01
5.373315293513719615e-01
5.026572974330348886e-01
4.648740669811617376e-01
4.269022879607616283e-01
3.904062828381315020e-01
3.562139829210076991e-01
3.246240796001856332e-01
2.956201946127233748e-01
2.690036735175311833e-01
2.444565673687703333e-01
2.215357076948178960e-01
1.995740414923416750e-01
1.774180705667462721e-01
1.528457442855162551e-01
1.214522741776850878e-01
7.550584102196260250e-02
8.131060120456411189e-03
7.651412923986538987e-03
7.101847646823937488e-02
1.141874846812936245e-01
1.436611000670502403e-01
1.667398560550774900e-01
1.875840063567819904e-01
2.083021189556117092e-01
2.300049560109254099e-01
2.533564121147590664e-01
2.788243273271943101e-01
3.067786520682918017e-01
3.375039035517533037e-01
3.711468349525360866e-01
4.075938300671110848e-01
4.462574009802707242e-01
4.857431014464718144e-01
5.233480350497590194e-01
5.542683709942544112e-01
5.704156361793296659e-01
5.599100374510406208e-01
5.119288561286380324e-01
4.308677171379113324e-01
3.458408314508428227e-01
2.968898006947378598e-01
3.032981816895420346e-01
3.373888242631493117e-01
3.523100236116044615e-01
3.294683451336972713e-01
2.891461815263606239e-01
2.692914673922349178e-01
2.891461815263648982e-01
3.294683451336931634e-01
3.523100236116031847e-01
3.373888242631465917e-01
3.032981816895368166e-01
2.968898006947385815e-01
3.458408314508432113e-01
4.308677171379094450e-01
5.119288561286400308e-01
5.599100374510413980e-01
5.704156361793331076e-01
5.542683709942552994e-01
5.233480350497656808e-01
4.857431014464710373e-01
4.462574009802727781e-01
4.075938300671158587e-01
3.711468349525327559e-01
3.375039035517502506e-01
3.067786520683046803e-01
2.788243273271938660e-01
2.533564121147612314e-01
2.300049560109351521e-01
2.083021189556304997e-01
1.875840063567778548e-01
1.667398560550681363e-01
1.436611000670533489e-01
1.141874846813053096e-01
7.101847646823625237e-02
7.651412923943007836e-03
7.153719455830801280e-03
6.637026180717105206e-02
1.066745047442638900e-01
1.341743591768201904e-01
1.557168698763452264e-01
1.752051131955116858e-01
1.946261235000083245e-01
2.150409850389354838e-01
2.371029279814613200e-01
2.612955704721572903e-01
2.880302825323372007e-01
3.176656710197858224e-01
3.504682496179787887e-01
3.865064683364374254e-01
4.254518589268549422e-01
4.662450304493618858e-01
5.065420633743134005e-01
5.417343974311197297e-01
5.632664551471512349e-01
5.572212294361886809e-01
5.091085425418510058e-01
4.218355026516026340e-01
3.303001329136833197e-01
2.875242203939672447e-01
3.195490546696153067e-01
3.820317776691746769e-01
4.104122132460089611e-01
3.838874254548932941e-01
3.319963729656345008e-01
3.061564271090334577e-01
3.319963729656457141e-01
3.838874254548989562e-01
4.104122132460331640e-01
3.820317776691806722e-01
3.195490546696185263e-01
2.875242203939668562e-01
3.303001329136792119e-01
4.218355026516050765e-01
5.091085425418560018e-01
5.572212294361919005e-01
5.632664551471543435e-01
5.417343974311217281e-01
5.065420633743156209e-01
4.662450304493641062e-01
4.254518589268552198e-01
3.865064683364415887e-01
3.504682496179839513e-01
3.176656710197748867e-01
2.880302825323496907e-01
2.612955704721534045e-01
2.371029279814707846e-01
2.150409850389349842e-01
1.946261235000146250e-01
1.752051131955193464e-01
1.557168698763466419e-01
1.341743591768102262e-01
1.066745047442711897e-01
6.637026180715933921e-02
7.153719455830801280e-03
6.639569141347204453e-03
6.157561603393218314e-02
9.893559051984975039e-02
1.244123530928197968e-01
1.443790312054936131e-01
1.624698003331126184e-01
1.805425337826354615e-01
1.996018629190368376e-01
2.202827883439220369e-01
2.430754031144991834e-01
2.684208099461921626e-01
2.967374750039654674e-01
3.283960457736714300e-01
3.636347065987676763e-01
4.023873301360584298e-01
4.439756872163719836e-01
4.865512859686170200e-01
5.259745201672670900e-01
5.535937842524988328e-01
5.535723798291152242e-01
5.069482088142950316e-01
4.140647892936269447e-01
3.172140345084987767e-01
2.891512249321462336e-01
3.610277354830888075e-01
4.583559950035933084e-01
4.993513794300651898e-01
4.663007746145337862e-01
3.989986014511966439e-01
3.651938457494999235e-01
3.989986014511963663e-01
4.663007746145515497e-01
4.993513794300846742e-01
4.583559950036025787e-01
3.610277354830944696e-01
2.891512249321465666e-01
3.172140345084969448e-01
4.140647892936236141e-01
5.069482088143006937e-01
5.535723798291213305e-01
5.535937842525006092e-01
5.259745201672715309e-01
4.865512859686189073e-01
4.439756872163774792e-01
4.023873301360575971e-01
3.636347065987610705e-01
3.283960457736824767e-01
2.967374750039760700e-01
2.684208099461951047e-01
2.430754031145088978e-01
2.202827883439296419e-01
1.996018629190345894e-01
1.805425337826329912e-01
1.624698003331283835e-01
1.443790312055044101e-01
1.244123530928108456e-01
9.893559051986547392e-02
6.157561603391234484e-02
6.639569141397369187e-03
6.110489917279623984e-03
5.664834671865490168e-02
9.099203156370586076e-02
1.144007692112004870e-01
1.327550877429685139e-01
1.494094595376750656e-01
1.660854318641143690e-01
1.837246493754129961e-01
2.029363928296860908e-01
2.242077315467906617e-01
2.479970736101251017e-01
2.747665915523385127e-01
3.049711343426633192e-01
3.389972732061133920e-01
3.770274565070046435e-01
4.187820728575485374e-01
4.630125088982292025e-01
5.063368708576289068e-01
5.405483224701388423e-01
5.483958868113448792e-01
5.058671561695493590e-01
4.093178725742660506e-01
3.108843423388339411e-01
3.130116392607456555e-01
4.409152169144706646e-01
5.668898183571853266e-01
6.092059746981656199e-01
5.652020119935192710e-01
4.801850395826690598e-01
4.374404399097627238e-01
4.801850395826975926e-01
5.652020119935464715e-01
6.092059746981799417e-01
5.668898183571892124e-01
4.409152169144652245e-01
3.130116392607369957e-01
3.108843423388317206e-01
4.093178725742658286e-01
5.058671561695564645e-01
5.483958868113483209e-01
5.405483224701439493e-01
5.063368708576312383e-01
4.630125088982297021e-01
4.187820728575577522e-01
3.770274565070028672e-01
3.389972732061043437e-01
3.049711343426700361e-01
2.747665915523499480e-01
2.479970736101232975e-01
2.242077315468016530e-01
2.029363928296872288e-01
1.837246493754087218e-01
1.660854318641123428e-01
1.494094595376884715e-01
1.327550877429760634e-01
1.144007692112024299e-01
9.099203156372540069e-02
5.664834671864312637e-02
6.110489917334132465e-03
5.567954143934727811e-03
5.160171006774496444e-02
8.286425491063385829e-02
1.041642868589660181e-01
1.208727729878650153e-01
1.360546042853021942e-01
1.512883363014391469e-01
1.674464075157301723e-01
1.851050923031995477e-01
2.047389669041801141e-01
2.268109585989230292e-01
2.518095303893039816e-01
2.802504931414498413e-01
3.126397373796185875e-01
3.493776787262726780e-01
3.905670386562495322e-01
4.356047660261003762e-01
4.821030093838922226e-01
5.229439093706639285e-01
5.404814458445383885e-01
5.057574681030830854e-01
4.095973544237611064e-01
3.175568310075458922e-01
3.741583169813978427e-01
5.755939705380235250e-01
6.950856101314453195e-01
7.146757875792283388e-01
6.548852048515687585e-01
5.518001103197122115e-01
5.006426122646666643e-01
5.518001103197237578e-01
6.548852048515831914e-01
7.146757875792383308e-01
6.950856101314438762e-01
5.755939705380115345e-01
3.741583169813786913e-01
3.175568310075405631e-01
4.095973544237652697e-01
5.057574681030881925e-01
5.404814458445431624e-01
5.229439093706718111e-01
4.821030093838951092e-01
4.356047660261014309e-01
3.905670386562544727e-01
3.493776787262661832e-01
3.126397373796142021e-01
2.802504931414494527e-01
2.518095303893106429e-01
2.268109585989250276e-01
2.047389669041888294e-01
1.851050923031989370e-01
1.674464075157215404e-01
1.512883363014391469e-01
1.360546042853144899e-01
1.208727729878650153e-01
1.041642868589756216e-01
8.286425491064057514e-02
5.160171006773420915e-02
5.567954144014486927e-03
5.013384442820075816e-03
4.644846984160422299e-02
7.457192371004982279e-02
9.372670395619094041e-02
1.087589477533522642e-01
1.224350168831939006e-01
1.361843390926323616e-01
1.508043153420397520e-01
1.668312484858572031e-01
1.847180062481424134e-01
2.049192719657618456e-01
2.279318314934564715e-01
2.543071328836574718e-01
2.846356059287615259e-01
3.194907250655241171e-01
3.593080883012739757e-01
4.041027904203929322e-01
4.525879478621299690e-01
4.993100569913930808e-01
5.276850596462386855e-01
5.050797798581037057e-01
4.154228745895707786e-01
3.403074117022761302e-01
4.734508784964545081e-01
7.620781823751535677e-01
8.065711886602472402e-01
7.840809987989036944e-01
7.082920931447983515e-01
5.892571171004777897e-01
5.318956226089036621e-01
5.892571171004864494e-01
7.082920931448121182e-01
7.840809987989186824e-01
8.065711886602562330e-01
7.620781823751212603e-01
4.734508784964447936e-01
3.403074117022735212e-01
4.154228745895763297e-01
5.050797798581081466e-01
5.276850596462444587e-01
4.993100569914002973e-01
4.525879478621340213e-01
4.041027904203991494e-01
3.593080883012774729e-01
3.194907250655220077e-01
2.846356059287714069e-01
2.543071328836525868e-01
2.279318314934613843e-01
2.049192719657650930e-01
1.847180062481502960e-01
1.668312484858605615e-01
1.508043153420338678e-01
1.361843390926299191e-01
1.224350168832011865e-01
1.087589477533481841e-01
9.372670395620992523e-02
7.457192371004386922e-02
4.644846984158509939e-02
5.013384442908656868e-03
4.448159376730649421e-03
4.120095376788927150e-02
6.613403131583184269e-02
8.311105287605233261e-02
9.643972869615084764e-02
1.085798741424773978e-01
1.208062184347019757e-01
1.338357391661172124e-01
1.481582463987849152e-01
1.641961296504073076e-01
1.823834790182909671e-01
2.032075560714405038e-01
2.272293915578876833e-01
2.550858466631548693e-01
2.874685962891651569e-01
3.250696236539127315e-01
3.684255481439577817e-01
4.172860472360940265e-01
4.681425154496847707e-01
5.069515181833034179e-01
4.999692186198286814e-01
4.232069462864052611e-01
3.699769017836112006e-01
5.605724691478191080e-01
9.033824312796214784e-01
8.343637884964864027e-01
7.923435702566656857e-01
7.099233671456283146e-01
5.817728506071971895e-01
5.224417947120545413e-01
5.817728506072006311e-01
7.099233671456426364e-01
7.923435702566956618e-01
8.343637884965173779e-01
9.033824312796118194e-01
5.605724691478253252e-01
3.699769017836053719e-01
4.232069462864047060e-01
4.999692186198372301e-01
5.069515181833124107e-01
4.681425154496902108e-01
4.172860472360954143e-01
3.684255481439623892e-01
3.250696236539141193e-01
2.874685962891670998e-01
2.550858466631641397e-01
2.272293915578862122e-01
2.032075560714465268e-01
1.823834790182977117e-01
1.641961296504161338e-01
1.481582463987909382e-01
1.338357391661163798e-01
1.208062184346955364e-01
1.085798741424763569e-01
9.643972869615430321e-02
8.311105287606303238e-02
6.613403131583352190e-02
4.120095376787848152e-02
4.448159376755608622e-03
3.873618940298372698e-03
3.587110808315291388e-02
5.756898913083849378e-02
7.233970811248295607e-02
8.394060215166733452e-02
9.451785728843715984e-02
1.051865257605948123e-01
1.165782806739748545e-01
1.291304598730367847e-01
1.432268416548271583e-01
1.592693143648344356e-01
1.777185577882705592e-01
1.991196356532503875e-01
2.241170235981320424e-01
2.534607912476770086e-01
2.880061488306896456e-01
3.286645681691032217e-01
3.760074009210387369e-01
4.283347356311129062e-01
4.750090180734232170e-01
4.843990449672884169e-01
4.246075594661791741e-01
3.877933544800488130e-01
5.916256621193193288e-01
8.649738122326159351e-01
7.393896277811023987e-01
7.329366345448893316e-01
6.580200909477750271e-01
5.326619409647788128e-01
4.768822444858337728e-01
5.326619409647788128e-01
6.580200909477855742e-01
7.329366345449251918e-01
7.393896277811456974e-01
8.649738122326279255e-01
5.916256621193226595e-01
3.877933544800429289e-01
4.246075594661797847e-01
4.843990449672941345e-01
4.750090180734306000e-01
4.283347356311191234e-01
3.760074009210392920e-01
3.286645681691032217e-01
2.880061488306888129e-01
2.534607912476787850e-01
2.241170235981345682e-01
1.991196356532537459e-01
1.777185577882762213e-01
1.592693143648400422e-01
1.432268416548333756e-01
1.291304598730324826e-01
1.165782806739891764e-01
1.051865257605810733e-01
9.451785728842893031e-02
8.394060215166865291e-02
7.233970811249218480e-02
5.756898913084428776e-02
3.587110808316529981e-02
3.873618940241050062e-03
3.291069802500111267e-03
3.047054994971466410e-02
4.889470876692008500e-02
6.143448555679540540e-02
7.128652596656719076e-02
8.027724593262312858e-02
8.935765377586706026e-02
9.906979729694034842e-02
1.097931871428698553e-01
1.218656598307623490e-01
1.356463219281509314e-01
1.515535707507944807e-01
1.700925851746182826e-01
1.918782632622638429e-01
2.176594637908020047e-01
2.483559872068223928e-01
2.850850356677585018e-01
3.289409995588055691e-01
3.795721917705088821e-01
4.296667341841755028e-01
4.522667616603434637e-01
4.096069035687709969e-01
3.774480663981776840e-01
5.905730736407047710e-01
7.351770128660078951e-01
5.957045102009914661e-01
6.347659735978495865e-01
5.686747773746289036e-01
4.557766730946752887e-01
4.076522826149360235e-01
4.557766730946674061e-01
5.686747773746300139e-01
6.347659735978693485e-01
5.957045102010237736e-01
7.351770128660215509e-01
5.905730736407215353e-01
3.774480663981795714e-01
4.096069035687777138e-01
4.522667616603495699e-01
4.296667341841811649e-01
3.795721917705124904e-01
3.289409995588076230e-01
2.850850356677604447e-01
2.483559872068219487e-01
2.176594637908060847e-01
1.918782632622656192e-01
1.700925851746163120e-01
1.515535707508003926e-01
1.356463219281623944e-01
1.218656598307586991e-01
1.097931871428657891e-01
9.906979729695045145e-02
8.935765377586082914e-02
8.027724593261068020e-02
7.128652596656719076e-02
6.143448555679179718e-02
4.889470876693145091e-02
3.047054994972559633e-02
3.291069802432642234e-03
2.701790375393681772e-03
2.501061612773954751e-02
4.012868106668852214e-02
5.041673179080637113e-02
5.850202309818800656e-02
6.588599586248287954e-02
7.335189064444254392e-02
8.134839909094311594e-02
9.019256461875785336e-02
1.001698673403897399e-01
1.115873478786033324e-01
1.248072035509482924e-01
1.402734009673866356e-01
1.585375651516983397e-01
1.802923546881003980e-01
2.064280947826407642e-01
2.381017193015280420e-01
2.766249518509292238e-01
3.224282202628465099e-01
3.708117092960732664e-01
4.005775668247473775e-01
3.724332756812831491e-01
3.379913393554951906e-01
5.333287993349853373e-01
5.955415087189696033e-01
4.717782282505456060e-01
5.337729916953924958e-01
4.690600733664362365e-01
3.700957282694578576e-01
3.300021520592587576e-01
3.700957282694501416e-01
4.690600733664323507e-01
5.337729916953947162e-01
4.717782282505594837e-01
5.955415087189711576e-01
5.333287993349884459e-01
3.379913393555136203e-01
3.724332756812911427e-01
4.005775668247516519e-01
3.708117092960790395e-01
3.224282202628475091e-01
2.766249518509284466e-01
2.381017193015322886e-01
2.064280947826397095e-01
1.802923546880998151e-01
1.585375651516983397e-01
1.402734009673858584e-01
1.248072035509491945e-01
1.115873478786162942e-01
1.001698673403841888e-01
9.019256461875045650e-02
8.134839909095131771e-02
7.335189064443953244e-02
6.588599586247276263e-02
5.850202309818609836e-02
5.041673179079976530e-02
4.012868106669405244e-02
2.501061612774398840e-02
2.701790375352590076e-03
2.107035523045859386e-03
1.950241153336408281e-02
3.128804744328157056e-02
3.930741012513935817e-02
4.561126179923775253e-02
5.137181024076033914e-02
5.720145440233993794e-02
6.345243673626341230e-02
7.037545327835242892e-02
7.819825686785576713e-02
8.716799597929643373e-02
9.757892357452969956e-02
1.097956813134299825e-01
1.242779204622997125e-01
1.416147550268958000e-01
1.625852971496763166e-01
1.882409084760667817e-01
2.198512927676986584e-01
2.581435679499373137e-01
3.002227415605961958e-01
3.306699013165093626e-01
3.137409286735197700e-01
2.790697614623386391e-01
4.239379986325196303e-01
4.509849554122016824e-01
3.590650597844774472e-01
4.301617721412281381e-01
3.686113983811686867e-01
2.848440484131915529e-01
2.524549582535733916e-01
2.848440484131880002e-01
3.686113983811644124e-01
4.301617721412390738e-01
3.590650597844827763e-01
4.509849554122054571e-01
4.239379986325244598e-01
2.790697614623418032e-01
3.137409286735291514e-01
3.306699013165131373e-01
3.002227415605973615e-01
2.581435679499377578e-01
2.198512927676981588e-01
1.882409084760703621e-01
1.625852971496776767e-01
1.416147550268942457e-01
1.242779204622961320e-01
1.097956813134330079e-01
9.757892357452627174e-02
8.716799597930281751e-02
7.819825686785435159e-02
7.037545327835084685e-02
6.345243673626865810e-02
5.720145440233605910e-02
5.137181024074737035e-02
4.561126179923531004e-02
3.930741012513653404e-02
3.128804744326382781e-02
1.950241153336977618e-02
2.107035522993168462e-03
1.508041272933928392e-03
1.395685345696555044e-02
2.238967038120984188e-02
2.812717703044997214e-02
3.263813227663869831e-02
3.676219621443333613e-02
4.093852233457104250e-02
4.542046932716953950e-02
5.038932245201884624e-02
5.601085089084421181e-02
6.246609939816900187e-02
6.997203565852842810e-02
7.879956415535280256e-02
8.929351178898793651e-02
1.019017023331400401e-01
1.172268161205523157e-01
1.360992449373255031e-01
1.595511109616187251e-01
1.882715077883428401e-01
2.205430770414839592e-01
2.461414590776114797e-01
2.364170570102620272e-01
2.053808493024143200e-01
3.002854744180821767e-01
3.134780640177505795e-01
2.528772827963084446e-01
3.168544973297178213e-01
2.656942244568752387e-01
2.012228013560775630e-01
1.772183910700931841e-01
2.012228013560803386e-01
2.656942244568786249e-01
3.168544973297242606e-01
2.528772827963155501e-01
3.134780640177545208e-01
3.002854744180825652e-01
2.053808493024126824e-01
2.364170570102639424e-01
2.461414590776110356e-01
2.205430770414844588e-01
1.882715077883440336e-01
1.595511109616173651e-01
1.360992449373246982e-01
1.172268161205542170e-01
1.019017023331400401e-01
8.929351178898793651e-02
7.879956415535703529e-02
6.997203565853001017e-02
6.246609939817078516e-02
5.601085089084024277e-02
5.038932245202545901e-02
4.542046932716953950e-02
4.093852233456833634e-02
3.676219621441823016e-02
3.263813227663189820e-02
2.812717703045392384e-02
2.238967038119992620e-02
1.395685345694963955e-02
1.508041272933928392e-03
9.817810326677182866e-04
9.085730374101265786e-03
1.457478390000392296e-02
1.830940378104811347e-02
2.124629119108787170e-02
2.393245881463020031e-02
2.665428227510850331e-02
2.957740978325958808e-02
3.282091276886460463e-02
3.649427954001676494e-02
4.071774850175264443e-02
4.563622868001778604e-02
5.143182430397027355e-02
5.833824993546098125e-02
6.666232649543996081e-02
7.682271235813295518e-02
8.940511373084425450e-02
1.051515844356109564e-01
1.245887185552134874e-01
1.467101019610023982e-01
1.651281065509142554e-01
1.592457057944628163e-01
1.357076219612593782e-01
1.944575107430910610e-01
2.025406948024516818e-01
1.662014860465310384e-01
2.134410805184028259e-01
1.764705679942054628e-01
1.318481981094451749e-01
1.156386554846841608e-01
1.318481981094519195e-01
1.764705679942149830e-01
2.134410805184143445e-01
1.662014860465330368e-01
2.025406948024539022e-01
1.944575107430950855e-01
1.357076219612602108e-01
1.592457057944649257e-01
1.651281065509135615e-01
1.467101019610046742e-01
1.245887185552179699e-01
1.051515844356120249e-01
8.940511373084177038e-02
7.682271235813439847e-02
6.666232649543996081e-02
5.833824993546479071e-02
5.143182430396379956e-02
4.563622868002265714e-02
4.071774850174446347e-02
3.649427954001067259e-02
3.282091276888152165e-02
2.957740978325583414e-02
2.665428227510433651e-02
2.393245881462092300e-02
2.124629119108265018e-02
1.830940378105417807e-02
1.457478390002677447e-02
9.085730374064607609e-03
9.817810326677182866e-04
3.778697270951251802e-04
3.496829658721427141e-03
5.609307002104529233e-03
7.046576294335774211e-03
8.176936100217489789e-03
9.210985972927037205e-03
1.025902923364490488e-02
1.138494135551627005e-02
1.263472994064743747e-02
1.405080075225637395e-02
1.567983401998369539e-02
1.757822035064424832e-02
1.981701832745437139e-02
2.248773983829109244e-02
2.571108057089535257e-02
2.965275943085549787e-02
3.454634656580420071e-02
4.069099103928507100e-02
4.830646683995893503e-02
5.703303889344345928e-02
6.445588467441340508e-02
6.212836123694106399e-02
5.247680763738178655e-02
7.482650452077413417e-02
7.808817975436870007e-02
6.470617472401718473e-02
8.393249209865585869e-02
6.895210659065725833e-02
5.113719333191336230e-02
4.475085572762706881e-02
5.113719333191771299e-02
6.895210659066533521e-02
8.393249209866247840e-02
6.470617472401547776e-02
7.808817975436870007e-02
7.482650452077709013e-02
5.247680763738389598e-02
6.212836123694463752e-02
6.445588467441340508e-02
5.703303889344735894e-02
4.830646683996352858e-02
4.069099103928507100e-02
3.454634656580098800e-02
2.965275943085549787e-02
2.571108057089535257e-02
2.248773983829602599e-02
1.981701832745437139e-02
1.757822035065056271e-02
1.567983401997661425e-02
1.405080075226427562e-02
1.263472994065622385e-02
1.138494135551627005e-02
1.025902923364490488e-02
9.210985972914984346e-03
8.176936100217489789e-03
7.046576294320018585e-03
5.609307002124322428e-03
3.496829658689677364e-03
3.778697270951251802e-04
