3.426509235794762191e-13
4.161791904178906021e-13
5.475263975256102983e-13
7.283844855987455950e-13
9.454623739034317944e-13
1.181396200893353468e-12
1.416018111065204114e-12
1.628229679256949954e-12
1.798404911909149997e-12
1.910931225561621019e-12
1.956318731059017975e-12
1.932353652811454452e-12
1.844022903900171644e-12
1.702276614525689747e-12
1.521978853811018472e-12
1.319533963639089498e-12
1.110661584820106212e-12
9.086759831049874849e-13
7.234607276202594241e-13
5.611610860037236989e-13
4.244762252239195352e-13
3.133466182576538999e-13
2.258105316402416672e-13
1.588388850381666560e-13
1.090258474104401387e-13
7.308505776379805682e-14
4.815790819225196394e-14
3.197297954863184699e-14
2.290669177864127501e-14
1.999149984060463661e-14
2.290669177862492665e-14
3.197297954861370950e-14
4.815790819225580096e-14
7.308505776379281878e-14
1.090258474104692445e-13
1.588388850381801613e-13
2.258105316402246782e-13
3.133466182576469327e-13
4.244762252239390232e-13
5.611610860037152171e-13
7.234607276203151619e-13
9.086759831050838143e-13
1.110661584820132263e-12
1.319533963638942681e-12
1.521978853810932442e-12
1.702276614525731550e-12
1.844022903900250808e-12
1.932353652811520287e-12
1.956318731059026860e-12
1.910931225561629905e-12
1.798404911909296612e-12
1.628229679257057996e-12
1.416018111065222087e-12
1.181396200893399109e-12
9.454623739034182639e-13
7.283844855987891149e-13
5.475263975256462451e-13
4.161791904179365958e-13
3.426509235793372786e-13
3.440203137105147189e-13
4.179332000999639458e-13
5.500815463221325513e-13
7.321921364270323975e-13
9.509992379239799966e-13
1.189129208957459433e-12
1.426343587222067122e-12
1.641396306136552403e-12
1.814439188398142073e-12
1.929588634090022728e-12
1.977079831817357847e-12
1.954471911097705249e-12
1.866615255246280410e-12
1.724435666063504773e-12
1.542881809233578893e-12
1.338527623082626839e-12
1.127311532121958675e-12
9.227774933556834454e-13
7.350166797948844256e-13
5.703372486287427522e-13
4.315463006540897358e-13
3.186384419260005139e-13
2.296615699235270013e-13
1.615650023726590941e-13
1.109036018484854623e-13
7.434536545053921462e-14
4.898790648523977776e-14
3.252297263717308020e-14
2.329973413518644934e-14
2.033407426495283038e-14
2.329973413520152290e-14
3.252297263715821806e-14
4.898790648524285116e-14
7.434536545053011432e-14
1.109036018484848943e-13
1.615650023726828483e-13
2.296615699235265974e-13
3.186384419260010693e-13
4.315463006540826676e-13
5.703372486288108088e-13
7.350166797949343069e-13
9.227774933557284799e-13
1.127311532122012595e-12
1.338527623082694088e-12
1.542881809233665933e-12
1.724435666063539508e-12
1.866615255246305048e-12
1.954471911097757352e-12
1.977079831817426106e-12
1.929588634090132992e-12
1.814439188398279600e-12
1.641396306136625306e-12
1.426343587222102665e-12
1.189129208957566465e-12
9.509992379240189727e-13
7.321921364271189324e-13
5.500815463221870773e-13
4.179332000998842772e-13
3.440203137104027890e-13
3.467640145941541561e-13
4.214485104839110230e-13
5.552054676276546711e-13
7.398334728205687918e-13
9.621205983297229060e-13
1.204677263693666161e-12
1.447126991865477583e-12
1.667929848506313819e-12
1.846791513514420815e-12
1.967280592099464701e-12
2.019073097618729145e-12
1.999262819196267491e-12
1.912416634776634779e-12
1.769404296979512806e-12
1.585340698102124949e-12
1.377140556716968542e-12
1.161185127152359735e-12
9.514852593899785199e-13
7.585555485410601006e-13
5.890375035513618809e-13
4.459600814344909090e-13
3.294301153469388820e-13
2.375167295184034236e-13
1.671263811575514058e-13
1.147345716357462075e-13
7.691668568075177092e-14
5.068126819775510104e-14
3.364499862250768950e-14
2.410147675281470650e-14
2.103281871924573883e-14
2.410147675279495658e-14
3.364499862253091988e-14
5.068126819775087275e-14
7.691668568076886081e-14
1.147345716357541340e-13
1.671263811575426715e-13
2.375167295184015556e-13
3.294301153469132850e-13
4.459600814345126690e-13
5.890375035513649101e-13
7.585555485411447170e-13
9.514852593900873701e-13
1.161185127152343983e-12
1.377140556717112734e-12
1.585340698102257629e-12
1.769404296979465348e-12
1.912416634776556827e-12
1.999262819196300611e-12
2.019073097618743281e-12
1.967280592099449757e-12
1.846791513514642150e-12
1.667929848506445490e-12
1.447126991865425076e-12
1.204677263693704127e-12
9.621205983296504066e-13
7.398334728204910417e-13
5.552054676277191936e-13
4.214485104839354083e-13
3.467640145941406761e-13
3.508917428409932102e-13
4.267395437926924922e-13
5.629251824409376799e-13
7.513602635457777220e-13
9.789214003567654957e-13
1.228204287190739068e-12
1.478633627507280366e-12
1.708232483845589063e-12
1.896033123976224381e-12
2.024768158600100102e-12
2.083251369989015398e-12
2.067850247792183518e-12
1.982679699954688857e-12
1.838506307741677757e-12
1.650686417031877468e-12
1.436649659428546260e-12
1.213454719263880646e-12
9.958317921933404316e-13
7.949514890992394225e-13
6.179746600778248369e-13
4.682783789440619567e-13
3.461480335872616456e-13
2.496897389888635278e-13
1.757466490848443250e-13
1.206733464690622435e-13
8.090287443972461291e-14
5.330631158550558049e-14
3.538421515726680029e-14
2.534411005122535889e-14
2.211576154020378248e-14
2.534411005124807808e-14
3.538421515726111418e-14
5.330631158551264868e-14
8.090287443973534142e-14
1.206733464690681504e-13
1.757466490848904197e-13
2.496897389888843790e-13
3.461480335872213065e-13
4.682783789440873012e-13
6.179746600778117103e-13
7.949514890992377059e-13
9.958317921933406335e-13
1.213454719263943048e-12
1.436649659428563830e-12
1.650686417031824557e-12
1.838506307741719762e-12
1.982679699954814873e-12
2.067850247792216637e-12
2.083251369989136163e-12
2.024768158600273374e-12
1.896033123976221958e-12
1.708232483845599564e-12
1.478633627507368011e-12
1.228204287190707766e-12
9.789214003565748564e-13
7.513602635458126591e-13
5.629251824409455559e-13
4.267395437926935019e-13
3.508917428410193625e-13
3.564177619413105626e-13
4.338275334982938877e-13
5.732806540557565400e-13
7.668494033505126063e-13
1.001543247592332348e-12
1.259955745184713250e-12
1.521262396800160544e-12
1.762911425285393692e-12
1.963030071646396953e-12
2.103209901526670695e-12
2.171070871325956602e-12
2.161958111369938330e-12
2.079332344764382860e-12
1.933785174558358683e-12
1.740978803370899364e-12
1.519035735112341264e-12
1.285942575753625297e-12
1.057424783113102843e-12
8.455676486978642929e-13
6.582616573671801298e-13
4.993777039335214147e-13
3.694591449948772702e-13
2.666715840992419646e-13
1.877758878505025703e-13
1.289619501440173020e-13
8.646652263426304164e-14
5.696999444855224008e-14
3.781131563837646909e-14
2.707799559342674178e-14
2.362672738213630645e-14
2.707799559338781623e-14
3.781131563834609479e-14
5.696999444853881051e-14
8.646652263430124775e-14
1.289619501440539304e-13
1.877758878504927000e-13
2.666715840992247485e-13
3.694591449948269345e-13
4.993777039335611986e-13
6.582616573672478835e-13
8.455676486978786312e-13
1.057424783113075176e-12
1.285942575753607727e-12
1.519035735112274622e-12
1.740978803370815152e-12
1.933785174558426537e-12
2.079332344764489085e-12
2.161958111370138663e-12
2.171070871326141183e-12
2.103209901526740569e-12
1.963030071646508025e-12
1.762911425285490223e-12
1.521262396800341894e-12
1.259955745185054947e-12
1.001543247592344667e-12
7.668494033505703635e-13
5.732806540558179324e-13
4.338275334983499283e-13
3.564177619414177972e-13
3.633605090437075204e-13
4.427400436858453527e-13
5.863241003796515802e-13
7.864019845190895675e-13
1.030173381579633266e-12
1.300258063268847867e-12
1.575546812004421943e-12
1.832783504443829318e-12
2.048954158165370479e-12
2.204182368848642054e-12
2.284524049971697295e-12
2.283957191910881532e-12
2.205038221347390385e-12
2.058075970362120838e-12
1.859086063026719833e-12
1.627065721651951946e-12
1.381201218494494196e-12
1.138521575387691011e-12
9.123219277648031283e-13
7.114670490148170965e-13
5.404951018790741158e-13
4.003057167494138478e-13
2.891564228033310146e-13
2.037092448377812443e-13
1.399427555615952508e-13
9.383764405542807037e-14
6.182361692282910205e-14
4.102627534845686164e-14
2.937432151086691252e-14
2.562764618444651046e-14
2.937432151086456487e-14
4.102627534845658396e-14
6.182361692278174515e-14
9.383764405541578938e-14
1.399427555615983305e-13
2.037092448378239564e-13
2.891564228033866514e-13
4.003057167493535157e-13
5.404951018790524064e-13
7.114670490147961948e-13
9.123219277648103984e-13
1.138521575387679500e-12
1.381201218494590930e-12
1.627065721652139355e-12
1.859086063026818788e-12
2.058075970362251296e-12
2.205038221347598392e-12
2.283957191910936462e-12
2.284524049971734050e-12
2.204182368848853292e-12
2.048954158165371691e-12
1.832783504443670587e-12
1.575546812004262807e-12
1.300258063268897749e-12
1.030173381579729192e-12
7.864019845190778545e-13
5.863241003796823774e-13
4.427400436858941232e-13
3.633605090436875780e-13
3.717420983017752710e-13
4.535103271073523079e-13
6.021190677298818630e-13
8.101420290253300346e-13
1.065043249849588365e-12
1.349517710063941768e-12
1.642156122402220431e-12
1.918881017102976348e-12
2.155297328797771162e-12
2.329707522090573102e-12
2.426184180589800676e-12
2.436929403343514780e-12
2.363280545498206354e-12
2.215105694176901106e-12
2.008796251389435974e-12
1.764408680712214257e-12
1.502627222949053375e-12
1.242135022009308656e-12
9.977807291948261811e-13
7.796942941263560084e-13
5.932923504205315076e-13
4.399551846198925883e-13
3.180787741720897917e-13
2.242136396227484002e-13
1.540769916229003768e-13
1.033260973889633962e-13
6.807097204101581523e-14
4.516372744878564292e-14
3.232893543462002733e-14
2.820189368201944501e-14
3.232893543461539514e-14
4.516372744879827731e-14
6.807097204101206657e-14
1.033260973889356662e-13
1.540769916228656669e-13
2.242136396227829334e-13
3.180787741721214976e-13
4.399551846198766849e-13
5.932923504205222180e-13
7.796942941262861343e-13
9.977807291948625318e-13
1.242135022009349046e-12
1.502627222949021871e-12
1.764408680712283324e-12
2.008796251389531697e-12
2.215105694176925744e-12
2.363280545498223318e-12
2.436929403343726826e-12
2.426184180589861260e-12
2.329707522090659939e-12
2.155297328797988863e-12
1.918881017103120540e-12
1.642156122402373104e-12
1.349517710064037492e-12
1.065043249849704687e-12
8.101420290253593171e-13
6.021190677299608248e-13
4.535103271073192388e-13
3.717420983019699493e-13
3.815877019488734981e-13
4.661765214713502502e-13
6.207392590184462962e-13
8.382148570097439822e-13
1.106426602582091354e-12
1.408219828344479161e-12
1.721896366120297198e-12
2.022458586861264944e-12
2.283889332925200373e-12
2.482287207621713974e-12
2.599262379558466876e-12
2.624751085450092477e-12
2.558471963019797414e-12
2.409626047863021543e-12
2.194965960192401137e-12
1.935791488346770641e-12
1.654614771592814062e-12
1.372176946552048646e-12
1.105286471632597015e-12
8.656899302020923000e-13
6.599437498371399887e-13
4.900684374116865119e-13
3.546645039758588088e-13
2.501643788361524962e-13
1.719701004205223923e-13
1.153385955911935650e-13
7.597950921560358831e-14
5.040033202842596721e-14
3.606759358691568379e-14
3.145885953624379093e-14
3.606759358691190357e-14
5.040033202842734298e-14
7.597950921562220543e-14
1.153385955912089635e-13
1.719701004205588440e-13
2.501643788361653200e-13
3.546645039758837999e-13
4.900684374117107457e-13
6.599437498370685999e-13
8.656899302019821372e-13
1.105286471632593784e-12
1.372176946551980791e-12
1.654614771592828400e-12
1.935791488346817089e-12
2.194965960192570774e-12
2.409626047863267920e-12
2.558471963019848305e-12
2.624751085450034720e-12
2.599262379558612683e-12
2.482287207621807678e-12
2.283889332925412823e-12
2.022458586861420848e-12
1.721896366120325471e-12
1.408219828344544391e-12
1.106426602582242614e-12
8.382148570098506109e-13
6.207392590184973891e-13
4.661765214713183424e-13
3.815877019489818939e-13
3.929248109291673128e-13
4.807806839915236203e-13
6.422671085408207610e-13
8.707850629911247013e-13
1.154637045089802902e-12
1.476926265260576467e-12
1.815711097132006260e-12
2.145000718469108426e-12
2.436918367579286743e-12
2.664944701938722372e-12
2.807677813837313516e-12
2.852197328584406617e-12
2.796094085335206531e-12
2.647584014932815131e-12
2.423713140573715281e-12
2.147202295159446183e-12
1.842757582601396766e-12
1.533647776111545517e-12
1.239126866095450795e-12
9.729876830821242284e-13
7.432534044786037606e-13
5.527912149919807555e-13
4.004991338626386185e-13
2.826942167378591199e-13
1.944057029889351204e-13
1.304014855420979527e-13
8.589528165321115083e-14
5.696463236816758502e-14
4.075296937698806768e-14
3.554004159561026483e-14
4.075296937697184239e-14
5.696463236816488396e-14
8.589528165316734065e-14
1.304014855421197126e-13
1.944057029888746369e-13
2.826942167378290801e-13
4.004991338626566929e-13
5.527912149919785340e-13
7.432534044785606447e-13
9.729876830820186094e-13
1.239126866095501484e-12
1.533647776111553797e-12
1.842757582601390708e-12
2.147202295159630764e-12
2.423713140573948330e-12
2.647584014932850674e-12
2.796094085335267923e-12
2.852197328584437717e-12
2.807677813837221428e-12
2.664944701938844752e-12
2.436918367579640961e-12
2.145000718469377421e-12
1.815711097132161761e-12
1.476926265260656438e-12
1.154637045089867525e-12
8.707850629910227173e-13
6.422671085409346599e-13
4.807806839915375548e-13
3.929248109293249840e-13
4.057823778437515975e-13
4.973676650717020948e-13
6.667920956230237000e-13
9.080340681310923437e-13
1.210024961820912349e-12
1.556272823420981082e-12
1.924681478486603720e-12
2.288229614770577271e-12
2.616954299268676342e-12
2.881273283810887741e-12
3.056141959592106599e-12
3.125069742270202344e-12
3.082871221295414748e-12
2.936337128752982198e-12
2.702663133948179660e-12
2.406152453953522260e-12
2.074110752372326091e-12
1.732883897278207444e-12
1.404756797634265603e-12
1.106098117088503158e-12
8.468100488948064596e-13
6.308750211619829214e-13
4.576182988596552406e-13
3.232583193240248908e-13
2.223905439059737906e-13
1.491908675462991471e-13
9.826270234726193026e-14
6.515008205243542327e-14
4.659391533815289054e-14
4.062709743061230742e-14
4.659391533817728212e-14
6.515008205238439343e-14
9.826270234725683107e-14
1.491908675463175244e-13
2.223905439060150133e-13
3.232583193240285259e-13
4.576182988596077827e-13
6.308750211619112297e-13
8.468100488948234232e-13
1.106098117088548798e-12
1.404756797634332045e-12
1.732883897278291858e-12
2.074110752372353556e-12
2.406152453953690685e-12
2.702663133948303656e-12
2.936337128753062977e-12
3.082871221295555304e-12
3.125069742270237887e-12
3.056141959591986642e-12
2.881273283810874412e-12
2.616954299268721983e-12
2.288229614770657647e-12
1.924681478486589180e-12
1.556272823421007739e-12
1.210024961820945064e-12
9.080340681309904607e-13
6.667920956229841181e-13
4.973676650718096323e-13
4.057823778437177711e-13
4.201898461532606437e-13
5.159838232976592452e-13
6.944087902579353470e-13
9.501572152913729473e-13
1.272973718120367428e-12
1.646965526307100303e-12
2.050025369058078585e-12
2.454112716739670085e-12
2.826973900726169914e-12
3.135491644192018118e-12
3.350257784698041027e-12
3.450350478209852967e-12
3.426983848679664853e-12
3.284922122114555034e-12
3.041259599840534764e-12
2.722010907427368765e-12
2.357527769322256792e-12
1.977878131858729383e-12
1.609087351012050681e-12
1.270756763826347033e-12
9.751903073599152099e-13
7.278362220683810307e-13
5.286268848831198837e-13
3.737197972646983280e-13
2.572135980414419734e-13
1.725721578477113928e-13
1.136504809116125238e-13
7.533215916683462967e-14
5.385765125506434382e-14
4.695245089330439021e-14
5.385765125509119665e-14
7.533215916684142018e-14
1.136504809116356974e-13
1.725721578476739819e-13
2.572135980413985040e-13
3.737197972646832324e-13
5.286268848831022132e-13
7.278362220684240458e-13
9.751903073600048750e-13
1.270756763826458913e-12
1.609087351012139134e-12
1.977878131858755636e-12
2.357527769322423602e-12
2.722010907427615546e-12
3.041259599840582020e-12
3.284922122114394687e-12
3.426983848679472599e-12
3.450350478209928092e-12
3.350257784698255092e-12
3.135491644191846058e-12
2.826973900726076209e-12
2.454112716739678567e-12
2.050025369058095145e-12
1.646965526307121508e-12
1.272973718120248076e-12
9.501572152915157248e-13
6.944087902579103054e-13
5.159838232977449723e-13
4.201898461533127968e-13
4.361760710753709235e-13
5.366755856734034223e-13
7.252146257199108177e-13
9.973603738450176845e-13
1.343895039155759639e-12
1.749775665218890129e-12
2.193094963973982068e-12
2.644869293352731581e-12
3.070387335488380644e-12
3.432505726870608611e-12
3.696634661125852303e-12
3.836385678619255161e-12
3.838328487392116543e-12
3.704387786328184830e-12
3.451155259336329910e-12
3.106429203172491766e-12
2.704092753269839725e-12
2.278693749561191591e-12
1.860861386171878932e-12
1.474248084944282932e-12
1.134225045897641448e-12
8.481650254883102677e-13
6.168556516595895397e-13
4.364620784371435292e-13
3.005236017686869097e-13
2.016519035858769181e-13
1.327855759308759144e-13
8.799079407206145426e-14
6.288577288849292833e-14
5.481324223207466673e-14
6.288577288849003794e-14
8.799079407207364690e-14
1.327855759308829826e-13
2.016519035858752015e-13
3.005236017687090230e-13
4.364620784371725593e-13
6.168556516595555114e-13
8.481650254882750277e-13
1.134225045897701225e-12
1.474248084944368761e-12
1.860861386171944767e-12
2.278693749561068403e-12
2.704092753269775505e-12
3.106429203172639188e-12
3.451155259336616273e-12
3.704387786328608922e-12
3.838328487392699770e-12
3.836385678619521733e-12
3.696634661125906425e-12
3.432505726870921227e-12
3.070387335488693260e-12
2.644869293352877792e-12
2.193094963974062444e-12
1.749775665218949502e-12
1.343895039155758629e-12
9.973603738450308112e-13
7.252146257200471329e-13
5.366755856733886800e-13
4.361760710754552369e-13
4.537681394033130337e-13
5.594878593196008590e-13
7.593073960826258335e-13
1.049856023558211731e-12
1.423223461948423252e-12
1.865533371924985515e-12
2.355372479663062384e-12
2.862975256163407632e-12
3.351064866644520242e-12
3.777976278371531928e-12
4.103019624510578684e-12
4.293101807791026966e-12
4.328831849368649249e-12
4.208205397720686524e-12
3.946701378575865156e-12
3.573880632759705870e-12
3.127674214329166288e-12
2.647999045472064099e-12
2.171141529167947878e-12
1.725828519968684309e-12
1.331348529341329747e-12
9.976000983319040299e-13
7.265671960362291658e-13
5.145365329563915759e-13
3.544307005123341695e-13
2.378455915544385140e-13
1.565976072478864679e-13
1.037397458668822875e-13
7.411527057763886370e-14
6.458966780283791352e-14
7.411527057757434119e-14
1.037397458668123376e-13
1.565976072479419028e-13
2.378455915544997044e-13
3.544307005123358356e-13
5.145365329564311578e-13
7.265671960362110914e-13
9.976000983318440512e-13
1.331348529341330958e-12
1.725828519968755799e-12
2.171141529167976555e-12
2.647999045472205059e-12
3.127674214329345214e-12
3.573880632759763224e-12
3.946701378576027522e-12
4.208205397720822233e-12
4.328831849368609667e-12
4.293101807790950225e-12
4.103019624510721663e-12
3.777976278371584434e-12
3.351064866644411190e-12
2.862975256163526378e-12
2.355372479663173859e-12
1.865533371925129706e-12
1.423223461948555731e-12
1.049856023558157003e-12
7.593073960827517483e-13
5.594878593195825827e-13
4.537681394033430735e-13
4.729900975751209877e-13
5.844623036562562762e-13
7.967824806716276641e-13
1.107858791635824095e-12
1.511409757126822738e-12
1.995119443065695418e-12
2.538463305344944210e-12
3.111165202927846184e-12
3.673362449471400298e-12
4.178390950697539917e-12
4.578445243515762913e-12
4.832258483708127115e-12
4.912828421977532205e-12
4.812773053103625727e-12
4.545559896429132193e-12
4.142343829007032205e-12
3.645634791086305385e-12
3.101758270097874161e-12
2.553945071228140843e-12
2.037279785217033468e-12
1.576056905815325759e-12
1.183490063236049255e-12
8.632272180469767116e-13
6.118566259663293659e-13
4.216397906301257925e-13
2.829664062747003586e-13
1.862769653832321869e-13
1.233651063910649256e-13
8.810615817114948256e-14
7.676912458457539376e-14
8.810615817114899031e-14
1.233651063910417016e-13
1.862769653832223924e-13
2.829664062747535720e-13
4.216397906300946420e-13
6.118566259663211870e-13
8.632272180469222865e-13
1.183490063236069853e-12
1.576056905815265982e-12
2.037279785217021755e-12
2.553945071228157403e-12
3.101758270098055106e-12
3.645634791086355469e-12
4.142343829006999086e-12
4.545559896429233167e-12
4.812773053103603916e-12
4.912828421977517664e-12
4.832258483708461542e-12
4.578445243516184581e-12
4.178390950697470447e-12
3.673362449471607093e-12
3.111165202927817911e-12
2.538463305344731357e-12
1.995119443065741462e-12
1.511409757126889785e-12
1.107858791635843482e-12
7.967824806716563407e-13
5.844623036562268927e-13
4.729900975751212906e-13
4.938615997045198091e-13
6.116354754079184039e-13
8.377298028213277732e-13
1.171580424511092218e-12
1.608913222746021386e-12
2.139455131102725975e-12
2.744085977005590244e-12
3.392430507741354950e-12
4.042144485089888668e-12
4.641139218311884178e-12
5.133393782716177800e-12
5.467741377763869598e-12
5.607511938360857639e-12
5.538033744711575168e-12
5.269468288926801318e-12
4.834169954015632456e-12
4.279742163401485235e-12
3.660126365639186771e-12
3.027071843975872005e-12
2.423634260391062114e-12
1.880511754467317975e-12
1.415270546148642424e-12
1.033862602234386577e-12
7.334537050069276659e-13
5.056256223398297976e-13
3.393414754805141244e-13
2.233508899085724411e-13
1.478758363461108561e-13
1.055778812264786080e-13
9.197809470035580348e-14
1.055778812265435597e-13
1.478758363461082307e-13
2.233508899085104682e-13
3.393414754804946364e-13
5.056256223398271723e-13
7.334537050068543587e-13
1.033862602234313876e-12
1.415270546148566896e-12
1.880511754467330496e-12
2.423634260391091598e-12
3.027071843975973787e-12
3.660126365639417800e-12
4.279742163401588633e-12
4.834169954015719698e-12
5.269468288926796471e-12
5.538033744711699568e-12
5.607511938361147637e-12
5.467741377763807398e-12
5.133393782716311086e-12
4.641139218312106322e-12
4.042144485090364458e-12
3.392430507741585171e-12
2.744085977006154488e-12
2.139455131102997798e-12
1.608913222746050063e-12
1.171580424511240448e-12
8.377298028212408344e-13
6.116354754081834612e-13
4.938615997045181935e-13
5.163964899219334304e-13
6.410368625858373250e-13
8.822305368853118837e-13
1.241224186409913510e-12
1.716192764189774653e-12
2.299489614645553137e-12
2.974058271878114311e-12
3.710012076542587483e-12
4.462801560251307506e-12
5.174587612365208235e-12
5.779976466722479704e-12
6.215898381604515024e-12
6.433472403146064554e-12
6.408231027745743885e-12
6.145194932900407288e-12
5.677183951083808255e-12
5.057340498961647025e-12
4.348610561650719274e-12
3.613186729828743973e-12
2.904128733410283488e-12
2.260336936906248190e-12
1.705095548879808155e-12
1.247535347269996709e-12
8.858146668563940574e-13
6.108630192328842622e-13
4.099642125298678746e-13
2.697831486932311233e-13
1.785702073873890269e-13
1.274574445170042910e-13
1.110244146614209344e-13
1.274574445170566209e-13
1.785702073874102315e-13
2.697831486931844733e-13
4.099642125297812387e-13
6.108630192328572011e-13
8.858146668564863479e-13
1.247535347270028617e-12
1.705095548879823099e-12
2.260336936906357646e-12
2.904128733410308125e-12
3.613186729828740742e-12
4.348610561650717658e-12
5.057340498961701955e-12
5.677183951083943964e-12
6.145194932900516340e-12
6.408231027745723691e-12
6.433472403145966811e-12
6.215898381604396278e-12
5.779976466722263215e-12
5.174587612365335059e-12
4.462801560251246922e-12
3.710012076542747426e-12
2.974058271878447929e-12
2.299489614645638763e-12
1.716192764189796059e-12
1.241224186409789514e-12
8.822305368854238641e-13
6.410368625857380673e-13
5.163964899218798131e-13
5.406013362148024579e-13
6.726868278320327824e-13
9.303535852688850935e-13
1.316978690330719248e-12
1.833696692735348738e-12
2.476184871001188032e-12
3.230278676939543744e-12
4.067386184268369247e-12
4.941260477699067884e-12
5.788151811562830181e-12
6.532125391227071589e-12
7.095921395555427222e-12
7.415331316065001037e-12
7.452830673777224144e-12
7.205732188417711536e-12
6.706084955975603300e-12
6.012860531273291508e-12
5.199582816864468204e-12
4.341239536454972734e-12
3.503462354201099113e-12
2.735674010722906345e-12
2.068675693709095115e-12
1.515971591611369119e-12
1.077328641494227618e-12
7.431299060756764635e-13
4.986940682676067800e-13
3.281047367128756428e-13
2.171233195085268281e-13
1.549432425798249616e-13
1.349535377622115265e-13
1.549432425797707385e-13
2.171233195084853529e-13
3.281047367129277455e-13
4.986940682677093698e-13
7.431299060757659266e-13
1.077328641494226811e-12
1.515971591611473527e-12
2.068675693709133486e-12
2.735674010722878880e-12
3.503462354201073668e-12
4.341239536455067246e-12
5.199582816864699233e-12
6.012860531273645321e-12
6.706084955975795554e-12
7.205732188417776160e-12
7.452830673777358237e-12
7.415331316065201370e-12
7.095921395555670368e-12
6.532125391227252534e-12
5.788151811562763134e-12
4.941260477699348188e-12
4.067386184268340167e-12
3.230278676939586557e-12
2.476184871001310008e-12
1.833696692735505854e-12
1.316978690330851929e-12
9.303535852690052528e-13
6.726868278319717940e-13
5.406013362147232941e-13
5.664739359312017433e-13
7.065944861153627501e-13
9.821518562103574011e-13
1.399011183926282074e-12
1.961851201666159507e-12
2.670497698834095253e-12
3.514702461139006140e-12
4.468241615016378818e-12
5.483983299146237032e-12
6.492360934162716949e-12
7.405793873677318315e-12
8.130274563809268641e-12
8.582488219500840584e-12
8.707641664440953451e-12
8.491785987052196621e-12
7.964229800718622617e-12
7.189771211799812475e-12
6.254255276840053729e-12
5.248333526940112271e-12
4.253461279989355810e-12
3.332584686735315753e-12
2.526394723400500078e-12
1.854398888785305405e-12
1.318879065941326807e-12
9.099065111520420576e-13
6.105184882940730346e-13
4.015853360430018706e-13
2.657025944427228196e-13
1.895900096324668150e-13
1.651237349650942782e-13
1.895900096323956030e-13
2.657025944427399852e-13
4.015853360429981346e-13
6.105184882940693996e-13
9.099065111520572037e-13
1.318879065941380324e-12
1.854398888785390627e-12
2.526394723400523504e-12
3.332584686735432883e-12
4.253461279989443051e-12
5.248333526940416001e-12
6.254255276840241945e-12
7.189771211799969187e-12
7.964229800718667853e-12
8.491785987052340409e-12
8.707641664441572221e-12
8.582488219501410886e-12
8.130274563809410813e-12
7.405793873677284388e-12
6.492360934163069147e-12
5.483983299146594885e-12
4.468241615016585613e-12
3.514702461139123270e-12
2.670497698834424429e-12
1.961851201666325912e-12
1.399011183926408090e-12
9.821518562102602639e-13
7.065944861154049573e-13
5.664739359312362765e-13
5.940018161341585773e-13
7.427555465869578906e-13
1.037658383016612136e-12
1.487460332865907822e-12
2.101047513582183671e-12
2.883358681960734939e-12
3.829311586517630202e-12
4.916446155369757973e-12
6.097951494745800791e-12
7.298907931136389755e-12
8.419158674025825077e-12
9.345167292762275370e-12
9.969991311305736948e-12
1.021617503073006039e-11
1.005363469618081960e-11
9.505907757412119240e-12
8.643108874137636010e-12
7.565268976613885464e-12
6.382192738510100069e-12
5.195288818732222174e-12
4.084920602172895900e-12
3.104801499939061180e-12
2.282663872155512983e-12
1.624629870286387054e-12
1.120901453264367948e-12
7.518962756537034377e-13
4.944582496583915675e-13
3.271204544463339208e-13
2.334222993307710440e-13
2.033070745709907036e-13
2.334222993308049713e-13
3.271204544463393734e-13
4.944582496583765224e-13
7.518962756536533545e-13
1.120901453264386931e-12
1.624629870286249527e-12
2.282663872155563067e-12
3.104801499939156903e-12
4.084920602172874090e-12
5.195288818732131701e-12
6.382192738510014443e-12
7.565268976613900005e-12
8.643108874137897735e-12
9.505907757412521521e-12
1.005363469618094562e-11
1.021617503073007978e-11
9.969991311305854886e-12
9.345167292762477318e-12
8.419158674026035104e-12
7.298907931136425298e-12
6.097951494746099674e-12
4.916446155369736970e-12
3.829311586517326472e-12
2.883358681960735343e-12
2.101047513582416719e-12
1.487460332865825831e-12
1.037658383016620214e-12
7.427555465869172989e-13
5.940018161341865472e-13
6.231607549648774527e-13
7.811501533312488284e-13
1.096882336236576736e-12
1.582428567410573793e-12
2.251627736285003427e-12
3.115647949648953500e-12
4.176077737852335340e-12
5.416000364919588264e-12
6.790630647009908983e-12
8.220678283141053306e-12
9.592814418944662621e-12
1.077106658943989779e-11
1.161954305802418400e-11
1.203128393461079328e-11
1.195344664826690052e-11
1.139924567455580305e-11
1.044276371383413282e-11
9.200097570851640922e-12
7.804431217765862466e-12
6.382389581790061083e-12
5.036824376350525871e-12
3.838610437043527355e-12
2.826728488424081457e-12
2.013070987438916053e-12
1.388744798726698166e-12
9.312069949279885048e-13
6.122152487353546160e-13
4.050364547162595532e-13
2.890866858857393028e-13
2.518257177782364061e-13
2.890866858858182142e-13
4.050364547161941219e-13
6.122152487353255354e-13
9.312069949280171815e-13
1.388744798726701599e-12
2.013070987438909590e-12
2.826728488424079841e-12
3.838610437043638830e-12
5.036824376350787596e-12
6.382389581790322808e-12
7.804431217765964248e-12
9.200097570851733010e-12
1.044276371383421683e-11
1.139924567455598723e-11
1.195344664826713155e-11
1.203128393461069473e-11
1.161954305802425347e-11
1.077106658944025322e-11
9.592814418944980892e-12
8.220678283141424891e-12
6.790630647009770850e-12
5.416000364919791020e-12
4.176077737852632608e-12
3.115647949649157064e-12
2.251627736285292213e-12
1.582428567410471809e-12
1.096882336236540587e-12
7.811501533313109275e-13
6.231607549649896350e-13
6.539133529732444720e-13
8.217407646013113117e-13
1.159804991544802141e-12
1.683974083799294186e-12
2.413869517432957230e-12
3.368167677092809002e-12
4.556917844659537289e-12
5.970976493698573301e-12
7.569910536892522991e-12
9.271747274772598428e-12
1.094994661072457099e-11
1.244323771287823691e-11
1.358064772617979684e-11
1.421713223188794275e-11
1.426816499117707683e-11
1.372992212066266244e-11
1.267776172824602765e-11
1.124553791798276693e-11
9.594899879727832953e-12
7.884424446207216329e-12
6.246086302207634771e-12
4.773392939186993863e-12
3.520678945342596415e-12
2.508410405811901079e-12
1.729899931526940605e-12
1.159337541777846103e-12
7.619923300366707376e-13
5.042251444078551527e-13
3.600567215609665234e-13
3.137368650607582555e-13
3.600567215607997645e-13
5.042251444077630643e-13
7.619923300367078961e-13
1.159337541778051282e-12
1.729899931527111655e-12
2.508410405811851400e-12
3.520678945342638421e-12
4.773392939187199042e-12
6.246086302207891649e-12
7.884424446207482901e-12
9.594899879728031670e-12
1.124553791798293980e-11
1.267776172824627645e-11
1.372992212066304211e-11
1.426816499117751466e-11
1.421713223188829172e-11
1.358064772618005210e-11
1.244323771287888314e-11
1.094994661072449829e-11
9.271747274772753524e-12
7.569910536893631284e-12
5.970976493699499033e-12
4.556917844659989653e-12
3.368167677093165239e-12
2.413869517432658751e-12
1.683974083799324075e-12
1.159804991544997223e-12
8.217407646013217121e-13
6.539133529732884967e-13
6.862076858699377498e-13
8.644701146932876860e-13
1.226375727562289515e-12
1.792102620082509918e-12
2.587969649787055244e-12
3.641611384096821302e-12
4.973641624181758763e-12
6.585440465887450943e-12
8.444014907646998486e-12
1.046733401667818690e-11
1.251646470085005132e-11
1.440229432922690473e-11
1.591190042411482054e-11
1.685154024100794660e-11
1.709309002732010776e-11
1.660591893048438535e-11
1.546185781798513003e-11
1.381365480452225311e-11
1.185748653301165198e-11
9.792547438083131682e-12
7.788665116600301356e-12
5.969212203310737719e-12
4.409431742506321146e-12
3.142429402912490040e-12
2.165860444524881508e-12
1.450444305825430859e-12
9.530727068294247157e-13
6.309310823318682677e-13
4.509099375140265360e-13
3.930849767537407571e-13
4.509099375140580400e-13
6.309310823319491480e-13
9.530727068294350151e-13
1.450444305825393701e-12
2.165860444524839503e-12
3.142429402912658465e-12
4.409431742506420505e-12
5.969212203310997020e-12
7.788665116600409600e-12
9.792547438083315859e-12
1.185748653301183938e-11
1.381365480452246475e-11
1.546185781798564378e-11
1.660591893048479248e-11
1.709309002732071845e-11
1.685154024100857345e-11
1.591190042411492394e-11
1.440229432922735225e-11
1.251646470085048591e-11
1.046733401667819336e-11
8.444014907646806231e-12
6.585440465887018773e-12
4.973641624181784612e-12
3.641611384096989323e-12
2.587969649786915091e-12
1.792102620082622202e-12
1.226375727562266493e-12
8.644701146934205680e-13
6.862076858700882014e-13
7.199760722162589376e-13
9.092593067027511371e-13
1.296508139001260344e-12
1.906759155442185797e-12
2.774026848431039765e-12
3.936530231563898807e-12
5.427890899865890034e-12
7.263355039404975367e-12
9.421374841965102203e-12
1.182369821976981371e-11
1.432107082291083153e-11
1.669472872941578532e-11
1.868240513598893790e-11
2.002875349899397577e-11
2.054631179925332384e-11
2.016360053329882009e-11
1.894085869018194389e-11
1.704967759277689727e-11
1.472788263560878719e-11
1.222650675731866052e-11
9.764799574811352243e-12
7.505553314338793377e-12
5.552392445613585746e-12
3.956957155174176800e-12
2.724715118859880459e-12
1.822936651371297021e-12
1.197539037889837555e-12
7.933388518863479989e-13
5.677032920037029584e-13
4.952472321402405652e-13
5.677032920036011764e-13
7.933388518864050493e-13
1.197539037889778586e-12
1.822936651371398399e-12
2.724715118859961238e-12
3.956957155174223652e-12
5.552392445613499312e-12
7.505553314338825688e-12
9.764799574811431406e-12
1.222650675731897718e-11
1.472788263560948189e-11
1.704967759277714607e-11
1.894085869018175649e-11
2.016360053329923691e-11
2.054631179925360173e-11
2.002875349899430211e-11
1.868240513598955828e-11
1.669472872941665451e-11
1.432107082291061827e-11
1.182369821976990256e-11
9.421374841965262146e-12
7.263355039405365531e-12
5.427890899866253541e-12
3.936530231564024823e-12
2.774026848431190822e-12
1.906759155442154697e-12
1.296508139001232475e-12
9.092593067027181186e-13
7.199760722164982464e-13
7.551339910313083662e-13
9.560060877460382149e-13
1.370076360897862301e-12
2.027819711802944806e-12
2.972023997279708290e-12
4.253296683800520506e-12
5.921070755390684314e-12
8.008462621320408505e-12
1.051045960697400639e-11
1.335796367517900328e-11
1.639523298159163257e-11
1.937337862891845918e-11
2.197329040850041392e-11
2.386266973850255824e-11
2.477416685896104977e-11
2.457548715640093189e-11
2.330223039861774362e-11
2.114252549545120922e-11
1.838402226327634167e-11
1.534423589627815386e-11
1.230730606447866221e-11
9.488045417663067436e-12
7.028426459615659725e-12
5.007174915956850351e-12
3.443182725858751037e-12
2.300732808966171776e-12
1.511111778161179182e-12
1.002193481755289804e-12
7.184830137543926471e-13
6.274083762170668430e-13
7.184830137543849731e-13
1.002193481755246587e-12
1.511111778161051955e-12
2.300732808966133406e-12
3.443182725858596748e-12
5.007174915956842273e-12
7.028426459615739696e-12
9.488045417663411556e-12
1.230730606447906126e-11
1.534423589627869023e-11
1.838402226327758890e-11
2.114252549545229166e-11
2.330223039861842540e-11
2.457548715640165244e-11
2.477416685896202235e-11
2.386266973850355344e-11
2.197329040850145436e-11
1.937337862891917004e-11
1.639523298159181998e-11
1.335796367517915515e-11
1.051045960697446037e-11
8.008462621320862485e-12
5.921070755390912112e-12
4.253296683800866241e-12
2.972023997279726466e-12
2.027819711802751743e-12
1.370076360897962871e-12
9.560060877458861478e-13
7.551339910317414445e-13
7.915791850479868351e-13
1.004583360606375843e-12
1.446911708702703927e-12
2.155083465384620045e-12
3.181810242241233558e-12
4.592066097681823921e-12
6.454272975122451633e-12
8.824146808701805434e-12
1.171955914843351552e-11
1.508785072371306427e-11
1.877302402636377871e-11
2.249776913894385838e-11
2.587926342301651711e-11
2.849053646012734779e-11
2.995790823910062086e-11
3.006017784253690674e-11
2.878772458736405669e-11
2.633888414115480274e-11
2.306016732309035455e-11
1.935486065916021038e-11
1.559290114469721064e-11
1.205768837507868148e-11
8.942656288057515757e-12
6.366035945712514362e-12
4.369237541689121172e-12
2.914839063365399741e-12
1.914212160056519189e-12
1.271614665393208723e-12
9.139772415256769343e-13
7.992150309676587412e-13
9.139772415257914390e-13
1.271614665393165910e-12
1.914212160056608047e-12
2.914839063365197793e-12
4.369237541689270614e-12
6.366035945712738121e-12
8.942656288057488292e-12
1.205768837507875741e-11
1.559290114469740451e-11
1.935486065916075322e-11
2.306016732309086184e-11
2.633888414115607905e-11
2.878772458736551718e-11
3.006017784253900054e-11
2.995790823910208135e-11
2.849053646012812974e-11
2.587926342301744446e-11
2.249776913894390361e-11
1.877302402636469313e-11
1.508785072371359419e-11
1.171955914843430231e-11
8.824146808702642308e-12
6.454272975122421744e-12
4.592066097682491159e-12
3.181810242241313530e-12
2.155083465384667301e-12
1.446911708702714024e-12
1.004583360606356052e-12
7.915791850482787515e-13
8.291909852189121243e-13
1.054837986906428467e-12
1.526799746046391483e-12
2.288265402301620031e-12
3.403083389411695187e-12
4.952737012888748281e-12
7.028192698716743288e-12
9.713272568604915770e-12
1.305651329576782567e-11
1.703129907287321142e-11
2.149078009380637479e-11
2.613424645909416745e-11
3.051010334738479391e-11
3.407708953982141523e-11
3.632177839461937372e-11
3.689498104079519167e-11
3.570999137538520543e-11
3.296209492195428400e-11
2.906599132837259124e-11
2.453641898416662651e-11
1.985774571223065116e-11
1.540362525398228693e-11
1.143584078570891155e-11
8.130199708454722153e-12
5.565464681776342609e-12
3.705291379342707347e-12
2.433282247133201613e-12
1.620154673405984580e-12
1.168535125536017884e-12
1.023677758837584992e-12
1.168535125535761611e-12
1.620154673406175017e-12
2.433282247133356710e-12
3.705291379342932721e-12
5.565464681776739236e-12
8.130199708454557363e-12
1.143584078570913774e-11
1.540362525398298810e-11
1.985774571223136201e-11
2.453641898416767987e-11
2.906599132837375123e-11
3.296209492195527920e-11
3.570999137538626525e-11
3.689498104079565696e-11
3.632177839461963868e-11
3.407708953982270123e-11
3.051010334738562109e-11
2.613424645909468121e-11
2.149078009380741523e-11
1.703129907287382211e-11
1.305651329576748801e-11
9.713272568606020832e-12
7.028192698716562342e-12
4.952737012889501145e-12
3.403083389411565940e-12
2.288265402301825210e-12
1.526799746046364018e-12
1.054837986906451691e-12
8.291909852189983563e-13
8.678298909717291179e-13
1.106589936603468692e-12
1.609477896443037865e-12
2.426989774696085657e-12
3.635373144768737230e-12
5.334911143517839309e-12
7.643039774555154531e-12
1.067800609432417565e-11
1.452838432557368612e-11
1.920596260407853979e-11
2.458652521736789763e-11
3.035579400387229834e-11
3.599194014349185310e-11
4.081903294797983762e-11
4.414264752731053973e-11
4.543191702257403683e-11
4.447444800092376510e-11
4.143758595789273630e-11
3.681255046029778202e-11
3.126012535550035702e-11
2.541894046268627376e-11
1.978101525439267615e-11
1.469747936957810062e-11
1.042805535307561588e-11
7.113301814993670281e-12
4.723466840777288838e-12
3.102373635775819477e-12
2.072150927965841889e-12
1.501392571973804965e-12
1.318410959264265317e-12
1.501392571973933606e-12
2.072150927966403709e-12
3.102373635776053334e-12
4.723466840777052962e-12
7.113301814993592733e-12
1.042805535307594708e-11
1.469747936957827511e-11
1.978101525439253721e-11
2.541894046268687476e-11
3.126012535550204369e-11
3.681255046029789835e-11
4.143758595789296894e-11
4.447444800092498002e-11
4.543191702257452150e-11
4.414264752731145092e-11
4.081903294798058079e-11
3.599194014349379181e-11
3.035579400387150347e-11
2.458652521736792025e-11
1.920596260407852364e-11
1.452838432557392522e-11
1.067800609432433721e-11
7.643039774555597202e-12
5.334911143518232704e-12
3.635373144769236850e-12
2.426989774696129277e-12
1.609477896443179229e-12
1.106589936603434966e-12
8.678298909715260588e-13
9.073374385144556201e-13
1.159631836631953139e-12
1.694633716436440597e-12
2.570784630439317082e-12
3.878025802333590190e-12
5.737854300367560502e-12
8.298446919681339216e-12
1.171961678613049896e-11
1.614107196585091828e-11
2.162855986438130841e-11
2.809910374356407261e-11
3.524139325500797822e-11
4.246809282351055453e-11
4.894964851910921337e-11
5.376130207100692769e-11
5.611785054423796724e-11
5.560805237528511890e-11
5.232721820471102485e-11
4.684779623300535240e-11
4.002378865301289782e-11
3.270450453290386184e-11
2.553637609624816891e-11
1.898442427991360233e-11
1.343070294345061756e-11
9.118345923802362720e-12
6.034710395311161503e-12
3.964970887025453515e-12
2.659413098745883167e-12
1.938358396188810683e-12
1.707322859342120958e-12
1.938358396188994860e-12
2.659413098745726859e-12
3.964970887025669196e-12
6.034710395311065376e-12
9.118345923802312637e-12
1.343070294345096653e-11
1.898442427991424533e-11
2.553637609624927720e-11
3.270450453290508322e-11
4.002378865301397703e-11
4.684779623300718770e-11
5.232721820471379720e-11
5.560805237528743888e-11
5.611785054424059095e-11
5.376130207100987452e-11
4.894964851911142350e-11
4.246809282351175653e-11
3.524139325500925130e-11
2.809910374356497734e-11
2.162855986438209681e-11
1.614107196585055639e-11
1.171961678613068637e-11
8.298446919681142115e-12
5.737854300367018473e-12
3.878025802334228347e-12
2.570784630439073936e-12
1.694633716436521579e-12
1.159631836632011906e-12
9.073374385141564335e-13
9.475363861447428761e-13
1.213728967721719916e-12
1.781903945146220456e-12
2.719077698283803436e-12
4.130191045414495188e-12
6.160459692183083449e-12
8.993377458904402937e-12
1.283826548737542390e-11
1.789887331663079896e-11
2.431406836770656263e-11
3.206696081239273165e-11
4.087476323179702958e-11
5.009915033495788458e-11
5.874315756989605015e-11
6.559530578202580101e-11
6.951955953720660051e-11
6.979709477309774444e-11
6.637580840555083908e-11
5.990538395235987763e-11
5.149812803232332488e-11
4.229558301663877187e-11
3.314406842051900112e-11
2.464785781693370333e-11
1.736726614437905002e-11
1.171694702301253739e-11
7.721122310491306431e-12
5.075935560162951571e-12
3.423252174620179931e-12
2.514017589425154678e-12
2.222883397258291946e-12
2.514017589425186182e-12
3.423252174620011102e-12
5.075935560163022657e-12
7.721122310491543922e-12
1.171694702301274742e-11
1.736726614437928913e-11
2.464785781693414600e-11
3.314406842051971198e-11
4.229558301664003849e-11
5.149812803232505679e-11
5.990538395236095038e-11
6.637580840555226080e-11
6.979709477310048448e-11
6.951955953720949564e-11
6.559530578202912266e-11
5.874315756989920377e-11
5.009915033495904781e-11
4.087476323179748840e-11
3.206696081239344898e-11
2.431406836770637846e-11
1.789887331663117054e-11
1.283826548737629470e-11
8.993377458905060480e-12
6.160459692183007516e-12
4.130191045414727832e-12
2.719077698283815149e-12
1.781903945146276396e-12
1.213728967721799887e-12
9.475363861445011438e-13
9.882312409687990929e-13
1.268619752673124781e-12
1.870874438370565813e-12
2.871193909760800129e-12
4.390811564690538286e-12
6.601215247567730845e-12
9.726036088123110741e-12
1.403278501297985399e-11
1.980399456300813499e-11
2.727475824192798565e-11
3.652651568765448818e-11
4.734228862304793153e-11
5.906187079586163630e-11
7.051821620473416489e-11
8.015305751869852108e-11
8.635448104132430154e-11
8.793665647628426759e-11
8.457431024123031220e-11
7.697212302044963453e-11
6.659139959001947757e-11
5.498646533185424129e-11
4.325968214688192989e-11
3.217329781407299924e-11
2.254678580817765445e-11
1.508440842956105677e-11
9.884216113920648210e-12
6.503341017059254154e-12
4.416799171487018717e-12
3.274530939295786006e-12
2.909095917777659752e-12
3.274530939295861534e-12
4.416799171487042951e-12
6.503341017059212149e-12
9.884216113920640132e-12
1.508440842956106324e-11
2.254678580817763506e-11
3.217329781407382642e-11
4.325968214688289278e-11
5.498646533185533343e-11
6.659139959002080882e-11
7.697212302045189636e-11
8.457431024123222506e-11
8.793665647628647772e-11
8.635448104132705450e-11
8.015305751870080875e-11
7.051821620473721512e-11
5.906187079586442803e-11
4.734228862305014165e-11
3.652651568765642042e-11
2.727475824192781763e-11
1.980399456300844841e-11
1.403278501298023365e-11
9.726036088122973416e-12
6.601215247567654913e-12
4.390811564690821821e-12
2.871193909760689865e-12
1.870874438370594893e-12
1.268619752673228179e-12
9.882312409684513377e-13
1.029209145714984432e-12
1.324016771637811716e-12
1.961081083969094113e-12
3.026354827478941028e-12
4.658616211840572696e-12
7.058176749458712337e-12
1.049378674132975212e-11
1.530046105059155472e-11
2.185602671564193998e-11
3.051907163954918090e-11
4.151008574272521152e-11
5.472993425506515047e-11
6.954635839718488427e-11
8.463959865200397809e-11
9.804816273100859966e-11
1.075275819104020604e-10
1.111949369124822679e-10
1.082457993026674275e-10
9.938174177004193594e-11
8.654021177715416843e-11
7.187076491913708702e-11
5.679941123174636765e-11
4.224131556587820305e-11
2.939043477053618883e-11
1.944531174329768293e-11
1.264701496366059406e-11
8.329851631053145581e-12
5.707490859759877021e-12
4.281072197279503648e-12
3.825273045825257880e-12
4.281072197279796877e-12
5.707490859760076546e-12
8.329851631053119732e-12
1.264701496366063768e-11
1.944531174329769908e-11
2.939043477053643439e-11
4.224131556587860371e-11
5.679941123174745979e-11
7.187076491913940054e-11
8.654021177715636563e-11
9.938174177004501202e-11
1.082457993026705424e-10
1.111949369124850984e-10
1.075275819104048521e-10
9.804816273101176621e-11
8.463959865200611067e-11
6.954635839718723656e-11
5.472993425506623614e-11
4.151008574272692405e-11
3.051907163954892887e-11
2.185602671564166210e-11
1.530046105059232697e-11
1.049378674133079256e-11
7.058176749458495848e-12
4.658616211840504033e-12
3.026354827478940220e-12
1.961081083969151870e-12
1.324016771637879773e-12
1.029209145714785311e-12
1.070241137472616749e-12
1.379608330247975359e-12
2.052011778994962546e-12
3.183680225522195879e-12
4.932117392784922261e-12
7.528948662327386408e-12
1.129308218212937137e-11
1.663682356666624523e-11
2.405140375165686986e-11
3.405036892252255552e-11
4.704334306660620888e-11
6.311895217264228747e-11
8.175086867612448120e-11
1.015167031423725874e-10
1.200124247962519784e-10
1.341740763734239807e-10
1.410960741411633909e-10
1.391626501099931324e-10
1.289460888543805034e-10
1.130380940895493353e-10
9.446627697115803515e-11
7.505978165499395313e-11
5.582167042488100698e-11
3.848025008570186464e-11
2.508680837667394626e-11
1.615508621627210900e-11
1.065331387748178840e-11
7.379617601539363976e-12
5.613940840029499215e-12
5.050706439500907045e-12
5.613940840029002422e-12
7.379617601539299352e-12
1.065331387748206467e-11
1.615508621627240950e-11
2.508680837667409813e-11
3.848025008570190341e-11
5.582167042488246101e-11
7.505978165499471568e-11
9.446627697115819025e-11
1.130380940895522175e-10
1.289460888543840965e-10
1.391626501099989227e-10
1.410960741411692587e-10
1.341740763734281941e-10
1.200124247962590870e-10
1.015167031423767491e-10
8.175086867613014222e-11
6.311895217264497580e-11
4.704334306660815405e-11
3.405036892252262660e-11
2.405140375165752902e-11
1.663682356666724043e-11
1.129308218213005477e-11
7.528948662327635209e-12
4.932117392784984461e-12
3.183680225522413176e-12
2.052011778995042921e-12
1.379608330247859441e-12
1.070241137472493763e-12
1.111083782315425703e-12
1.435060594880781227e-12
2.143109527984791850e-12
3.342192030527233250e-12
5.209613355745406267e-12
8.010674539942275425e-12
1.211941032656803126e-11
1.803546074021974117e-11
2.638286810509376040e-11
3.786558076384629010e-11
5.314232318699942881e-11
7.258022879447933128e-11
9.587352124399926623e-11
1.215970217992740765e-10
1.469045395364278109e-10
1.677062204039499790e-10
1.796250353417683730e-10
1.797062338381515178e-10
1.681401109631040417e-10
1.484190314585932542e-10
1.248973502507097437e-10
9.990051498148266256e-11
7.432194193312485612e-11
5.063448678814048783e-11
3.237605938710072796e-11
2.057618523092840250e-11
1.358673511882400129e-11
9.537269136362840844e-12
7.377680516480688372e-12
6.690552240080140394e-12
7.377680516481832208e-12
9.537269136363542008e-12
1.358673511882445043e-11
2.057618523092880317e-11
3.237605938709966814e-11
5.063448678814027457e-11
7.432194193312475272e-11
9.990051498148528628e-11
1.248973502507125354e-10
1.484190314585950120e-10
1.681401109631077898e-10
1.797062338381564033e-10
1.796250353417736722e-10
1.677062204039576304e-10
1.469045395364342991e-10
1.215970217992826327e-10
9.587352124400534084e-11
7.258022879448000337e-11
5.314232318700245319e-11
3.786558076384741455e-11
2.638286810509359884e-11
1.803546074022023554e-11
1.211941032656849008e-11
8.010674539941984620e-12
5.209613355746247180e-12
3.342192030527727215e-12
2.143109527984953004e-12
1.435060594880426000e-12
1.111083782315706815e-12
1.151481181054875780e-12
1.490020296134966193e-12
2.233776696139551628e-12
3.500820781527468475e-12
5.489195942814275315e-12
8.500038811943508507e-12
1.296726246928431973e-11
1.948786896946882465e-11
2.883897495479657993e-11
4.195382621986138178e-11
5.981005744951075241e-11
8.316720571392240103e-11
1.121002081438515002e-10
1.453522139934412520e-10
1.797098546031845992e-10
2.098596353796894872e-10
2.293568913433185913e-10
2.330840743144216881e-10
2.203650336617360173e-10
1.959222091304514322e-10
1.661634772335739964e-10
1.340270804610941216e-10
9.982612027830683191e-11
6.702580340324296256e-11
4.178283990108264174e-11
2.609891303145676268e-11
1.725973539967381891e-11
1.230984150316923875e-11
9.709018722858354505e-12
8.884592371920926767e-12
9.709018722858351274e-12
1.230984150316867007e-11
1.725973539967359919e-11
2.609891303145587734e-11
4.178283990108167885e-11
6.702580340324253605e-11
9.982612027830736183e-11
1.340270804610963705e-10
1.661634772335749270e-10
1.959222091304527247e-10
2.203650336617401791e-10
2.330840743144290810e-10
2.293568913433261393e-10
2.098596353796954842e-10
1.797098546031901568e-10
1.453522139934470681e-10
1.121002081438523403e-10
8.316720571392935451e-11
5.981005744951157959e-11
4.195382621986244807e-11
2.883897495479671564e-11
1.948786896946972292e-11
1.296726246928415494e-11
8.500038811943847780e-12
5.489195942814223616e-12
3.500820781527615897e-12
2.233776696139526587e-12
1.490020296135334143e-12
1.151481181054846901e-12
1.191167331959834800e-12
1.544117987073616806e-12
2.323380421333033608e-12
3.658414703261419923e-12
5.768764247852724532e-12
8.993281547142259319e-12
1.383012846716213703e-11
2.098335341880197546e-11
3.140367249564557893e-11
4.629507902861690187e-11
6.703296633052398238e-11
9.490744930876459520e-11
1.305881323694514245e-10
1.732540462719240642e-10
2.195243494674508066e-10
2.627298334310902759e-10
2.936087910118966291e-10
3.036230685978108421e-10
2.903269544844111904e-10
2.600795851839332329e-10
2.225391837129922466e-10
1.814333291491478665e-10
1.354849791903772129e-10
8.936833477210432165e-11
5.390604797172252477e-11
3.293275736769189404e-11
2.182903176806548456e-11
1.586803523933745529e-11
1.279483469003979001e-11
1.182573730324225812e-11
1.279483469003999358e-11
1.586803523933749407e-11
2.182903176806470262e-11
3.293275736769160324e-11
5.390604797172177514e-11
8.936833477210308088e-11
1.354849791903782211e-10
1.814333291491511494e-10
2.225391837129972355e-10
2.600795851839373688e-10
2.903269544844166705e-10
3.036230685978174596e-10
2.936087910119060383e-10
2.627298334310979790e-10
2.195243494674587683e-10
1.732540462719303715e-10
1.305881323694553795e-10
9.490744930876858893e-11
6.703296633052642515e-11
4.629507902861706989e-11
3.140367249564550138e-11
2.098335341880320007e-11
1.383012846716356036e-11
8.993281547142325558e-12
5.768764247853148623e-12
3.658414703261554824e-12
2.323380421333073998e-12
1.544117987073573589e-12
1.191167331960020189e-12
1.229868826392263936e-12
1.596971827420445233e-12
2.411259155555963643e-12
3.813751412574877202e-12
6.046044459139158007e-12
9.486227471653560271e-12
1.470052348262030853e-11
2.250899365709927830e-11
3.405599953635351921e-11
5.085898561488657102e-11
7.477722669614279637e-11
1.077931464735686332e-10
1.514447562860752207e-10
2.057374348213413479e-10
2.675135637529901734e-10
3.287820536368881168e-10
3.766033301565945119e-10
3.971587093531779970e-10
3.845881281753612222e-10
3.472959219352135506e-10
3.001800555839191281e-10
2.481097045666664573e-10
1.861738862761672459e-10
1.202180036463182859e-10
6.949434249555441468e-11
4.131679674338068097e-11
2.751963403123417941e-11
2.047439005118487240e-11
1.692424241059837232e-11
1.581225972522364871e-11
1.692424241059747406e-11
2.047439005118356055e-11
2.751963403123354610e-11
4.131679674337965992e-11
6.949434249555340655e-11
1.202180036463169159e-10
1.861738862761670133e-10
2.481097045666717306e-10
3.001800555839210927e-10
3.472959219352209952e-10
3.845881281753742503e-10
3.971587093531914904e-10
3.766033301566070747e-10
3.287820536369036264e-10
2.675135637530000479e-10
2.057374348213554100e-10
1.514447562860840612e-10
1.077931464735721745e-10
7.477722669614451536e-11
5.085898561488767608e-11
3.405599953635495385e-11
2.250899365709907150e-11
1.470052348262092246e-11
9.486227471654450460e-12
6.046044459139603102e-12
3.813751412574917591e-12
2.411259155556056944e-12
1.596971827420464216e-12
1.229868826392553126e-12
1.267307843539677966e-12
1.648191848761689141e-12
2.496730271210701126e-12
3.965552191829594442e-12
6.318615966754463815e-12
9.974330077886233503e-12
1.557005006793607298e-11
2.404968797227739835e-11
3.676994343421963383e-11
5.560395559660968027e-11
8.298540440881938586e-11
1.217710613180408854e-10
1.747025352374144306e-10
2.431484525881431417e-10
3.248352604397726569e-10
4.108068366807303112e-10
4.836119322498285540e-10
5.215321028793351704e-10
5.123773277669837912e-10
4.667443939515411477e-10
4.080691481321733987e-10
3.432168964238842038e-10
2.596593000311154275e-10
1.634756315330299187e-10
8.942785547833338802e-11
5.155855784752155398e-11
3.475342939797767763e-11
2.663428230194526990e-11
2.264730540387388969e-11
2.140888472190025562e-11
2.264730540387330162e-11
2.663428230194438779e-11
3.475342939797460155e-11
5.155855784751989316e-11
8.942785547833337509e-11
1.634756315330325036e-10
2.596593000311223552e-10
3.432168964238886499e-10
4.080691481321757251e-10
4.667443939515534521e-10
5.123773277669959921e-10
5.215321028793553329e-10
4.836119322498501641e-10
4.108068366807493364e-10
3.248352604397880115e-10
2.431484525881522924e-10
1.747025352374227282e-10
1.217710613180497000e-10
8.298540440882195788e-11
5.560395559661274989e-11
3.676994343422163716e-11
2.404968797227826108e-11
1.557005006793663843e-11
9.974330077886789265e-12
6.318615966754570444e-12
3.965552191830102545e-12
2.496730271210998798e-12
1.648191848761702874e-12
1.267307843539934037e-12
1.303205401903267897e-12
1.697384638725228198e-12
2.579098632110174541e-12
4.112498670354798985e-12
6.583943585193298986e-12
1.045273111162429146e-11
1.642949815289632885e-11
2.558828781003395867e-11
3.951449961985623864e-11
6.047665561579266393e-11
9.157371373587074713e-11
1.367327795688502307e-10
2.002906772195033200e-10
2.856767715020313907e-10
3.925144680067881456e-10
5.117812188027933969e-10
6.210099948139039947e-10
6.871712899449274250e-10
6.867766837907102294e-10
6.318017840881818745e-10
5.595634252055498690e-10
4.811375623874718008e-10
3.688462685519118253e-10
2.253329107077825181e-10
1.145814833768100983e-10
6.417862845507535391e-11
4.451027591667058862e-11
3.551704378248281885e-11
3.124316537582547718e-11
2.993411317079767751e-11
3.124316537582563874e-11
3.551704378248120972e-11
4.451027591666889548e-11
6.417862845507506957e-11
1.145814833768114037e-10
2.253329107077819235e-10
3.688462685519201488e-10
4.811375623874876206e-10
5.595634252055573137e-10
6.318017840881932482e-10
6.867766837907341142e-10
6.871712899449488283e-10
6.210099948139273626e-10
5.117812188028173852e-10
3.925144680068107380e-10
2.856767715020418856e-10
2.002906772195110489e-10
1.367327795688496103e-10
9.157371373587422387e-11
6.047665561579400809e-11
3.951449961985800932e-11
2.558828781003454675e-11
1.642949815289733375e-11
1.045273111162439486e-11
6.583943585193457314e-12
4.112498670354924193e-12
2.579098632110300961e-12
1.697384638725407932e-12
1.303205401903654628e-12
1.337284812243783314e-12
1.744158371148458431e-12
2.657665986888891272e-12
4.253251667981511074e-12
6.839415477878724408e-12
1.091633509913183226e-11
1.726898389291127583e-11
2.710583038181147534e-11
4.225396820098767234e-11
6.541203609655115385e-11
1.004303138313528749e-10
1.525063517490625468e-10
2.280062651771791714e-10
3.332748488349777562e-10
4.712630278073310751e-10
6.345855830416524397e-10
7.961180052260902184e-10
9.076355524427695133e-10
9.263937968767812959e-10
8.624144940409173619e-10
7.750583054997561669e-10
6.853011325253840331e-10
5.366190578233752417e-10
3.164919548449868523e-10
1.454694758210659159e-10
8.048636668426336483e-11
5.930965936149736983e-11
5.006654388996156860e-11
4.602959682165305666e-11
4.485985886823609002e-11
4.602959682164849424e-11
5.006654388995979145e-11
5.930965936149674945e-11
8.048636668426583345e-11
1.454694758210738000e-10
3.164919548449966234e-10
5.366190578233871324e-10
6.853011325253937525e-10
7.750583054997671270e-10
8.624144940409404196e-10
9.263937968768143831e-10
9.076355524428036345e-10
7.961180052261218581e-10
6.345855830416753940e-10
4.712630278073575449e-10
3.332748488349912495e-10
2.280062651771911138e-10
1.525063517490695778e-10
1.004303138313565714e-10
6.541203609655580674e-11
4.225396820098979199e-11
2.710583038181281305e-11
1.726898389291252953e-11
1.091633509913205036e-11
6.839415477879066912e-12
4.253251667981642744e-12
2.657665986888825033e-12
1.744158371148495589e-12
1.337284812244046048e-12
1.369275272445824290e-12
1.788128090553247114e-12
2.731741015467350110e-12
4.386471845602017449e-12
7.082386138369698289e-12
1.135989780406293268e-11
1.807812656905074162e-11
2.858187256625153664e-11
4.494851345069992754e-11
7.033400429875648163e-11
1.094150652875533486e-10
1.688506669238979306e-10
2.574882586452748298e-10
3.855702824760545796e-10
5.612446798696371424e-10
7.815281981332142792e-10
1.016633784648750409e-09
1.199790501644703689e-09
1.257448149974117793e-09
1.188957759266837715e-09
1.086737660611940184e-09
9.956407643684658857e-10
8.074384908526267043e-10
4.589102797728937130e-10
1.820733961200065556e-10
1.051293107339788954e-10
8.595073159094347751e-11
7.781917658324186895e-11
7.581525909886962830e-11
7.557824761503687249e-11
7.581525909887020991e-11
7.781917658324343284e-11
8.595073159094298637e-11
1.051293107339823592e-10
1.820733961200110276e-10
4.589102797729218888e-10
8.074384908526455226e-10
9.956407643684836701e-10
1.086737660611969136e-09
1.188957759266870388e-09
1.257448149974159979e-09
1.199790501644756215e-09
1.016633784648788873e-09
7.815281981332527431e-10
5.612446798696764335e-10
3.855702824760740183e-10
2.574882586452902360e-10
1.688506669239058147e-10
1.094150652875582341e-10
7.033400429875865298e-11
4.494851345070297131e-11
2.858187256625310699e-11
1.807812656905196946e-11
1.135989780406300054e-11
7.082386138370169233e-12
4.386471845602509395e-12
2.731741015467486627e-12
1.788128090553194406e-12
1.369275272445515712e-12
1.398915545339904663e-12
1.828921139606676848e-12
2.800649834286367064e-12
4.510841715971597838e-12
7.310223515647509001e-12
1.177812680074253656e-11
1.884626050429068398e-11
2.999492381130078983e-11
4.755499664083239009e-11
7.515682767334819183e-11
1.183611241266820855e-10
1.854539934876663347e-10
2.881988847344912503e-10
4.417827728488593839e-10
6.618021224128660600e-10
9.536550562778726457e-10
1.289419485536174710e-09
1.582934366890744151e-09
1.715566455588402861e-09
1.657936987340808922e-09
1.546776998832373750e-09
1.482680208363420673e-09
1.276152261428665119e-09
7.095352203722472182e-10
2.288049927723890610e-10
1.579525897520507150e-10
1.435967943642460338e-10
1.379076180101877891e-10
1.433685417125861087e-10
1.467019252065487190e-10
1.433685417125853073e-10
1.379076180101842478e-10
1.435967943642398817e-10
1.579525897520466050e-10
2.288049927724093269e-10
7.095352203722526982e-10
1.276152261428690555e-09
1.482680208363452106e-09
1.546776998832423174e-09
1.657936987340864343e-09
1.715566455588454146e-09
1.582934366890815082e-09
1.289419485536206143e-09
9.536550562779065601e-10
6.618021224128945977e-10
4.417827728488633130e-10
2.881988847345086211e-10
1.854539934876725902e-10
1.183611241266880826e-10
7.515682767334826938e-11
4.755499664083562773e-11
2.999492381130111294e-11
1.884626050429165333e-11
1.177812680074292591e-11
7.310223515648387881e-12
4.510841715971516251e-12
2.800649834286763691e-12
1.828921139606660693e-12
1.398915545339881641e-12
1.425957623196105237e-12
1.866182643467603187e-12
2.863746696258545266e-12
4.625088548176467018e-12
7.520359044094654950e-12
1.216579174469790052e-11
1.956267658245288404e-11
3.132296947791471697e-11
5.002807426506722949e-11
7.978730357427747223e-11
1.270786510732617766e-10
2.019380073087481323e-10
3.194175093348173250e-10
5.006617651105104097e-10
7.711840454521277675e-10
1.149880529904639566e-09
1.618465589859485068e-09
2.075838956156837457e-09
2.345141915381657805e-09
2.338140799672711722e-09
2.239317526935254095e-09
2.269390412455579248e-09
2.150528799558999458e-09
1.232118262716135207e-09
3.406032163903743843e-10
3.272698163887907545e-10
2.874547340420501715e-10
2.780069156914456129e-10
3.039911273311866121e-10
3.179559331499522881e-10
3.039911273311808218e-10
2.780069156914260190e-10
2.874547340420173428e-10
3.272698163887522389e-10
3.406032163903828629e-10
1.232118262716081233e-09
2.150528799559111955e-09
2.269390412455671479e-09
2.239317526935273947e-09
2.338140799672775001e-09
2.345141915381736388e-09
2.075838956156941682e-09
1.618465589859536146e-09
1.149880529904675341e-09
7.711840454521606479e-10
5.006617651105252989e-10
3.194175093348324728e-10
2.019380073087578517e-10
1.270786510732603549e-10
7.978730357428047076e-11
5.002807426506904541e-11
3.132296947791606760e-11
1.956267658245352381e-11
1.216579174469811539e-11
7.520359044094905366e-12
4.625088548176941192e-12
2.863746696258444292e-12
1.866182643467922669e-12
1.425957623195791813e-12
1.450170327439445549e-12
1.899580903787398284e-12
2.920424676609548536e-12
4.728007513754160040e-12
7.710339342446120881e-12
1.251784086021512156e-11
2.021688654562128381e-11
3.254406789871331802e-11
5.232153555887104303e-11
8.412766477370184155e-11
1.353607588978259434e-10
2.178682537100566838e-10
3.502518454622564995e-10
5.604637569131732421e-10
8.863326493966219901e-10
1.366068055450684744e-09
2.002078919233217970e-09
2.690718077413697927e-09
3.192109737107083596e-09
3.320633781968808790e-09
3.290267617259475149e-09
3.548168253576384470e-09
3.836877907823304498e-09
2.295911210068124939e-09
8.397994167331109028e-10
9.555174555576317747e-10
6.588266406319550411e-10
6.080593038266232834e-10
6.767539832348896651e-10
7.147455706272322941e-10
6.767539832348696060e-10
6.080593038265797530e-10
6.588266406318593983e-10
9.555174555574799870e-10
8.397994167330835024e-10
2.295911210068119562e-09
3.836877907823484824e-09
3.548168253576509374e-09
3.290267617259564484e-09
3.320633781968927077e-09
3.192109737107197747e-09
2.690718077413847234e-09
2.002078919233295725e-09
1.366068055450746990e-09
8.863326493966802029e-10
5.604637569131999187e-10
3.502518454622674080e-10
2.178682537100700221e-10
1.353607588978313459e-10
8.412766477370366393e-11
5.232153555887541157e-11
3.254406789871339557e-11
2.021688654562239533e-11
1.251784086021571287e-11
7.710339342446705724e-12
4.728007513754064720e-12
2.920424676609537631e-12
1.899580903787395861e-12
1.450170327439304185e-12
1.471342782687779309e-12
1.928812564501558981e-12
2.970126090618807507e-12
4.818484459244244204e-12
7.877877989664656944e-12
1.282952004554400235e-11
2.079890033509037517e-11
3.363700013070760987e-11
5.438982667017971160e-11
8.807913089994184558e-11
1.429915767044456153e-10
2.327714337525622856e-10
3.796698708211013344e-10
6.189879707766928207e-10
1.002806837043288354e-09
1.594301091565842830e-09
2.429760528931225342e-09
3.424086512879619070e-09
4.285650485722284982e-09
4.697465222185094905e-09
4.852023930762223663e-09
5.544287920644519621e-09
6.940405436098239486e-09
3.764237650074142159e-09
2.208103275125034621e-09
2.671438014616392487e-09
1.452893190372395759e-09
1.308622129576131305e-09
1.453967347452828079e-09
1.532890826513417633e-09
1.453967347452834283e-09
1.308622129576089946e-09
1.452893190372266512e-09
2.671438014616074849e-09
2.208103275125004842e-09
3.764237650074065231e-09
6.940405436098500048e-09
5.544287920644665205e-09
4.852023930762399025e-09
4.697465222185286811e-09
4.285650485722481851e-09
3.424086512879767962e-09
2.429760528931293998e-09
1.594301091565912313e-09
1.002806837043329092e-09
6.189879707767219788e-10
3.796698708211185501e-10
2.327714337525704024e-10
1.429915767044502424e-10
8.807913089994454684e-11
5.438982667018155337e-11
3.363700013071012372e-11
2.079890033509095032e-11
1.282952004554464535e-11
7.877877989664917053e-12
4.818484459244527740e-12
2.970126090618924637e-12
1.928812564501776277e-12
1.471342782687435391e-12
1.489287568127701098e-12
1.953607556236058892e-12
3.012352225707674274e-12
4.895517846051633985e-12
8.020905495398091559e-12
1.309649073181905531e-11
2.129950529737129968e-11
3.458194494096531847e-11
5.618969150193345220e-11
9.154593496833817160e-11
1.497560836729633879e-10
2.461590074014767712e-10
4.065535214330846959e-10
6.736829247201606586e-10
1.114916049931861095e-09
1.822660003101178689e-09
2.879781573021910725e-09
4.246463792830633112e-09
5.609097756030018146e-09
6.504206880611851415e-09
7.020056111059560972e-09
8.339038845734905622e-09
1.174463629012862194e-08
5.967411140329768253e-09
4.551360195582952670e-09
5.459871384726218472e-09
2.626511683947819458e-09
2.469634874059964432e-09
2.776444279252033118e-09
2.924470545036950760e-09
2.776444279252062069e-09
2.469634874059947888e-09
2.626511683947770241e-09
5.459871384725953774e-09
4.551360195583128860e-09
5.967411140330152065e-09
1.174463629012841183e-08
8.339038845735248075e-09
7.020056111059916660e-09
6.504206880612090470e-09
5.609097756030298560e-09
4.246463792830846525e-09
2.879781573022019913e-09
1.822660003101272367e-09
1.114916049931920445e-09
6.736829247201970545e-10
4.065535214331009293e-10
2.461590074014890755e-10
1.497560836729643960e-10
9.154593496834475027e-11
5.618969150193531336e-11
3.458194494096685005e-11
2.129950529737285064e-11
1.309649073181929442e-11
8.020905495398653783e-12
4.895517846052062116e-12
3.012352225707804329e-12
1.953607556235926818e-12
1.489287568127674845e-12
1.503843744128540469e-12
1.973733406831796817e-12
3.046672491712736150e-12
4.958238704068168099e-12
8.137616562157404094e-12
1.331494087788555041e-11
2.171053749945261189e-11
3.536114368347227122e-11
5.768184829007183463e-11
9.443958130724183671e-11
1.554511219741338604e-10
2.575556632726381330e-10
4.297717811584876697e-10
7.218256514639459409e-10
1.216111724661010408e-09
2.035813288657316499e-09
3.318829031326960891e-09
5.095409761553125125e-09
7.070307720259761117e-09
8.640113479403508531e-09
9.681963829939572630e-09
1.163104888359253251e-08
1.736608768211743839e-08
9.392505620070829195e-09
7.795953884060319915e-09
8.832170598560186987e-09
3.947825810804488311e-09
3.972830859106217209e-09
4.582388633633362955e-09
4.845730922600284379e-09
4.582388633633419203e-09
3.972830859106290828e-09
3.947825810804328665e-09
8.832170598560345806e-09
7.795953884060577995e-09
9.392505620071201426e-09
1.736608768211852034e-08
1.163104888359289647e-08
9.681963829940032542e-09
8.640113479403978370e-09
7.070307720260161472e-09
5.095409761553346809e-09
3.318829031327139562e-09
2.035813288657405007e-09
1.216111724661069344e-09
7.218256514639747888e-10
4.297717811585083492e-10
2.575556632726564344e-10
1.554511219741384615e-10
9.443958130724530053e-11
5.768184829007330159e-11
3.536114368347462352e-11
2.171053749945385589e-11
1.331494087788615949e-11
8.137616562157780526e-12
4.958238704068537261e-12
3.046672491713050382e-12
1.973733406831829532e-12
1.503843744128582878e-12
1.514879266792167984e-12
1.988999266078659277e-12
3.072732164203335336e-12
5.005928808864030660e-12
8.226511711693926257e-12
1.348168690309489577e-11
2.202512922262015840e-11
3.595952797646032355e-11
5.883259141664449783e-11
9.668307728213932083e-11
1.598967208415148303e-10
2.665304256149740851e-10
4.482667917509656990e-10
7.607608427163162574e-10
1.299628831343013077e-09
2.216584631401770415e-09
3.704950050482986755e-09
5.877665425461854869e-09
8.491459167201893849e-09
1.082219805118124236e-08
1.244056908272359372e-08
1.486208280678666051e-08
2.275647433494148160e-08
1.326318445387899180e-08
1.128945418074361442e-08
1.213879091135312824e-08
5.234297038889988610e-09
5.574709181228724421e-09
6.599822654661752615e-09
7.016369742279494203e-09
6.599822654661882483e-09
5.574709181228907228e-09
5.234297038890147428e-09
1.213879091135360801e-08
1.128945418074420007e-08
1.326318445387961715e-08
2.275647433494295729e-08
1.486208280678748272e-08
1.244056908272435307e-08
1.082219805118181808e-08
8.491459167202328946e-09
5.877665425462239508e-09
3.704950050483206371e-09
2.216584631401896974e-09
1.299628831343087730e-09
7.607608427163442781e-10
4.482667917509867404e-10
2.665304256149850969e-10
1.598967208415196124e-10
9.668307728214482675e-11
5.883259141664564812e-11
3.595952797646395539e-11
2.202512922262131839e-11
1.348168690309552423e-11
8.226511711694136283e-12
5.005928808864184140e-12
3.072732164203773968e-12
1.988999266078977548e-12
1.514879266792233819e-12
1.522293229759075625e-12
1.999258999499570203e-12
3.090259195610154250e-12
5.038035507677184874e-12
8.286433381501915670e-12
1.359425968058688538e-11
2.223792586716330176e-11
3.636526728925788790e-11
5.961523516835452464e-11
9.821479827998345392e-11
1.629468459941917625e-10
2.727272431007708027e-10
4.611438064755917938e-10
7.881704695034055351e-10
1.359302741496612149e-09
2.348367943956062162e-09
3.994136030176271277e-09
6.484253510833601128e-09
9.636912209936691411e-09
1.263339717461984615e-08
1.472773340148206511e-08
1.743534865489569798e-08
2.696047281493194318e-08
1.649402357590990941e-08
1.416506228425466977e-08
1.468981798846485989e-08
6.308007758206277004e-09
6.965485637707872720e-09
8.396035697931736793e-09
8.959134495317619285e-09
8.396035697932029615e-09
6.965485637708165542e-09
6.308007758206545010e-09
1.468981798846592695e-08
1.416506228425544732e-08
1.649402357591061086e-08
2.696047281493325344e-08
1.743534865489659796e-08
1.472773340148285424e-08
1.263339717462051451e-08
9.636912209937204263e-09
6.484253510833960951e-09
3.994136030176454911e-09
2.348367943956153151e-09
1.359302741496685975e-09
7.881704695034459635e-10
4.611438064756123182e-10
2.727272431007867776e-10
1.629468459941976821e-10
9.821479827998845578e-11
5.961523516835557154e-11
3.636526728925974905e-11
2.223792586716400939e-11
1.359425968058739429e-11
8.286433381502697615e-12
5.038035507677735789e-12
3.090259195610319848e-12
1.999258999499599283e-12
1.522293229759300999e-12
1.526017403540739249e-12
2.004413792116403419e-12
3.099069237541308549e-12
5.054183674557892439e-12
8.316593641789103018e-12
1.365097356546845272e-11
2.234525710495996679e-11
3.657021402080645222e-11
6.001128798618418556e-11
9.899171762866697327e-11
1.644985282710377257e-10
2.758918758336028363e-10
4.677531972433084733e-10
8.023338050750312295e-10
1.390417787298353591e-09
2.417927370577091460e-09
4.149297221041230714e-09
6.816544835622195172e-09
1.027791429500815386e-08
1.365710996402221249e-08
1.600455760921763221e-08
1.885378464714765588e-08
2.921911924524390429e-08
1.830725964464681858e-08
1.578519732948423793e-08
1.608097719747207935e-08
6.945626663031232040e-09
7.765980758631749973e-09
9.434939744256575243e-09
1.008427201286870375e-08
9.434939744256783692e-09
7.765980758632110624e-09
6.945626663031654729e-09
1.608097719747303888e-08
1.578519732948505850e-08
1.830725964464756304e-08
2.921911924524572409e-08
1.885378464714864519e-08
1.600455760921846931e-08
1.365710996402290567e-08
1.027791429500869649e-08
6.816544835622499575e-09
4.149297221041415175e-09
2.417927370577214296e-09
1.390417787298427417e-09
8.023338050750652473e-10
4.677531972433274985e-10
2.758918758336173119e-10
1.644985282710470832e-10
9.899171762867309958e-11
6.001128798618740381e-11
3.657021402080682057e-11
2.234525710496100400e-11
1.365097356546893416e-11
8.316593641789133714e-12
5.054183674558427198e-12
3.099069237541344900e-12
2.004413792116373127e-12
1.526017403541083167e-12
