4.634767228551572120e-13
5.461266831080378095e-13
6.956563883653230305e-13
9.028381635475860448e-13
1.153255311099007262e-12
1.428414944133987697e-12
1.707114111158261483e-12
1.967218353759102128e-12
2.187795493886393572e-12
2.351335274402295419e-12
2.445660521045964188e-12
2.465149848927248696e-12
2.411038410745396527e-12
2.290777210909773207e-12
2.116629225828143498e-12
1.903804501915910846e-12
1.668473983570131894e-12
1.425970524529563576e-12
1.189408507796799093e-12
9.688493968967391504e-13
7.710279206667641881e-13
5.995549026318186095e-13
4.554490710891229958e-13
3.378316918213691337e-13
2.446393467030497113e-13
1.732552057914383822e-13
1.210089226006933314e-13
8.553612000704452672e-14
6.501427984403206832e-14
5.830279296892257571e-14
6.501427984402912744e-14
8.553612000704438788e-14
1.210089226006950228e-13
1.732552057914388114e-13
2.446393467030472879e-13
3.378316918213670637e-13
4.554490710891222890e-13
5.995549026318208309e-13
7.710279206667620677e-13
9.688493968967359192e-13
1.189408507796793236e-12
1.425970524529567817e-12
1.668473983570126845e-12
1.903804501915915693e-12
2.116629225828145114e-12
2.290777210909760687e-12
2.411038410745403393e-12
2.465149848927259601e-12
2.445660521045964188e-12
2.351335274402290573e-12
2.187795493886407305e-12
1.967218353759115861e-12
1.707114111158291170e-12
1.428414944134010719e-12
1.153255311099040583e-12
9.028381635476094708e-13
6.956563883653332289e-13
5.461266831080504312e-13
4.634767228551791234e-13
4.647893703200143700e-13
5.477545356786085299e-13
6.979474444442365810e-13
9.061632840948788255e-13
1.158002679952129634e-12
1.434966982386136578e-12
1.715806758706259193e-12
1.978288351798040540e-12
2.201326842315897693e-12
2.367219123957962035e-12
2.463581269383298055e-12
2.484603923541003628e-12
2.431383456013486386e-12
2.311301760149235765e-12
2.136629105223439419e-12
1.922652587966792773e-12
1.685673164367170435e-12
1.441184136688285696e-12
1.202467070095197977e-12
9.797365506822528048e-13
7.798515576726261966e-13
6.065109371486769902e-13
4.607849642422604931e-13
3.418150522085796285e-13
2.475345543134399911e-13
1.753088363262825334e-13
1.224431977814598551e-13
8.654873429617509602e-14
6.578269517650536737e-14
5.899132373377992760e-14
6.578269517650729850e-14
8.654873429617807476e-14
1.224431977814615212e-13
1.753088363262791003e-13
2.475345543134397892e-13
3.418150522085770537e-13
4.607849642422561512e-13
6.065109371486699220e-13
7.798515576726236723e-13
9.797365506822528048e-13
1.202467070095183033e-12
1.441184136688264289e-12
1.685673164367178311e-12
1.922652587966789138e-12
2.136629105223432957e-12
2.311301760149262018e-12
2.431383456013514659e-12
2.484603923541035132e-12
2.463581269383325520e-12
2.367219123957981422e-12
2.201326842315893654e-12
1.978288351798039732e-12
1.715806758706304430e-12
1.434966982386162225e-12
1.158002679952166792e-12
9.061632840948901346e-13
6.979474444442557661e-13
5.477545356786187283e-13
4.647893703200355746e-13
4.674168886003978662e-13
5.510136726851858385e-13
7.025364086014309305e-13
9.128272558091633118e-13
1.167523348860222030e-12
1.448116745672329203e-12
1.733267168745446595e-12
2.000543840737970709e-12
2.228555999708523505e-12
2.399212293361915517e-12
2.499710572162008333e-12
2.523859367192219736e-12
2.472471058376053971e-12
2.352783927091349920e-12
2.177079421447332698e-12
1.960797726429778644e-12
1.720501102319660429e-12
1.472006855488594492e-12
1.228935174253992396e-12
1.001811557792332818e-12
7.977478779184929217e-13
6.206226285735129766e-13
4.716117292365021728e-13
3.498983802283618957e-13
2.534100871063407152e-13
1.794765724191394390e-13
1.253539700314189497e-13
8.860367501656133029e-14
6.734191707091151029e-14
6.038835884697967169e-14
6.734191707090965489e-14
8.860367501655837680e-14
1.253539700314184196e-13
1.794765724191348446e-13
2.534100871063377365e-13
3.498983802283582606e-13
4.716117292365014660e-13
6.206226285735122698e-13
7.977478779184840360e-13
1.001811557792325548e-12
1.228935174253986943e-12
1.472006855488587827e-12
1.720501102319650736e-12
1.960797726429783895e-12
2.177079421447352489e-12
2.352783927091400407e-12
2.472471058376080224e-12
2.523859367192226198e-12
2.499710572162016007e-12
2.399212293361923999e-12
2.228555999708523101e-12
2.000543840737998174e-12
1.733267168745480118e-12
1.448116745672364746e-12
1.167523348860251717e-12
9.128272558091831028e-13
7.025364086014483991e-13
5.510136726851970466e-13
4.674168886004147288e-13
4.713636291849373392e-13
5.559108369621480007e-13
7.094368098973850850e-13
9.228572901433647166e-13
1.181868859708275976e-12
1.467955276339774943e-12
1.759645385797656082e-12
2.034216054996740729e-12
2.269816994822808621e-12
2.447768204001803626e-12
2.554628396046180348e-12
2.583617353811573477e-12
2.535105161613280683e-12
2.416100909245711422e-12
2.238894024717875538e-12
2.019151606623624571e-12
1.773830992503064903e-12
1.519243279586433334e-12
1.269527328877181944e-12
1.035686816807463856e-12
8.252241078316912466e-13
6.422963893835006898e-13
4.882446619326797250e-13
3.623187235732251573e-13
2.624388776235506314e-13
1.858812160796251154e-13
1.298269418825878067e-13
9.176136380264882363e-14
6.973777095659742067e-14
6.253496667937141826e-14
6.973777095660143440e-14
9.176136380265028775e-14
1.298269418825902049e-13
1.858812160796158258e-13
2.624388776235476527e-13
3.623187235732156152e-13
4.882446619326833601e-13
6.422963893834986703e-13
8.252241078316901359e-13
1.035686816807458605e-12
1.269527328877167000e-12
1.519243279586418188e-12
1.773830992503067730e-12
2.019151606623619320e-12
2.238894024717858978e-12
2.416100909245701728e-12
2.535105161613298859e-12
2.583617353811576305e-12
2.554628396046173482e-12
2.447768204001827860e-12
2.269816994822821545e-12
2.034216054996762943e-12
1.759645385797696472e-12
1.467955276339788877e-12
1.181868859708307480e-12
9.228572901433814783e-13
7.094368098973981107e-13
5.559108369621595118e-13
4.713636291849499610e-13
4.766358818591769419e-13
5.624558409832000332e-13
7.186685043632457062e-13
9.362935776462528501e-13
1.201115717574958222e-12
1.494618295861330219e-12
1.795165988755448548e-12
2.079652433346950431e-12
2.325613603080756523e-12
2.513573169066309114e-12
2.629215600900561250e-12
2.664946208412472164e-12
2.620514189165611066e-12
2.502596483507850518e-12
2.323475980174029080e-12
2.099116717487959038e-12
1.847008398488037946e-12
1.584135105649898798e-12
1.325347608493800349e-12
1.082309645391486466e-12
8.630655734108959209e-13
6.721618911335890677e-13
5.111724919437786911e-13
3.794436058707767747e-13
2.748890491576440865e-13
1.947131629870175483e-13
1.359950056029515935e-13
9.611547245541764840e-14
7.304120345190755390e-14
6.549465824469136318e-14
7.304120345190555966e-14
9.611547245541615903e-14
1.359950056029485895e-13
1.947131629870168415e-13
2.748890491576415621e-13
3.794436058707704638e-13
5.111724919437775804e-13
6.721618911335868463e-13
8.630655734108844099e-13
1.082309645391472330e-12
1.325347608493798329e-12
1.584135105649895365e-12
1.847008398488036734e-12
2.099116717487959038e-12
2.323475980174044024e-12
2.502596483507854153e-12
2.620514189165619144e-12
2.664946208412476607e-12
2.629215600900584272e-12
2.513573169066309922e-12
2.325613603080771468e-12
2.079652433346965375e-12
1.795165988755475003e-12
1.494618295861354453e-12
1.201115717574985687e-12
9.362935776462833443e-13
7.186685043632551977e-13
5.624558409832169969e-13
4.766358818591821926e-13
4.832415914319717159e-13
5.706612060664599145e-13
7.302571494102757904e-13
9.531885300854426482e-13
1.225364403559720932e-12
1.528285155301101835e-12
1.840127436696820440e-12
2.137317225708191043e-12
2.396622519736622483e-12
2.597553749021806134e-12
2.724667094371088724e-12
2.769301565507717986e-12
2.730378634056625173e-12
2.614115503388635044e-12
2.432757564171330981e-12
2.202629809300077012e-12
1.941895865779997785e-12
1.668404637261539835e-12
1.397930129696556786e-12
1.142998298836036421e-12
9.123664142775606775e-13
7.110971923199828039e-13
5.410771324066753804e-13
4.017859779136801913e-13
2.911348638329468012e-13
2.062381901256967411e-13
1.440436599311230095e-13
1.017967148017694755e-13
7.735116210567092113e-14
6.935598258783869751e-14
7.735116210566998711e-14
1.017967148017681755e-13
1.440436599311222775e-13
2.062381901256961353e-13
2.911348638329451856e-13
4.017859779136714066e-13
5.410771324066665956e-13
7.110971923199776542e-13
9.123664142775580521e-13
1.142998298836035411e-12
1.397930129696542851e-12
1.668404637261528122e-12
1.941895865779981226e-12
2.202629809300058837e-12
2.432757564171313614e-12
2.614115503388621312e-12
2.730378634056633251e-12
2.769301565507759991e-12
2.724667094371113362e-12
2.597553749021803710e-12
2.396622519736633388e-12
2.137317225708215681e-12
1.840127436696868503e-12
1.528285155301147273e-12
1.225364403559739713e-12
9.531885300854713249e-13
7.302571494102831615e-13
5.706612060664711226e-13
4.832415914319761587e-13
4.911899828876858814e-13
5.805416836681535993e-13
7.442335024153586557e-13
9.736057604983268260e-13
1.254738029342983199e-12
1.569177371253580748e-12
1.894901081618408344e-12
2.207792136458816543e-12
2.483697408414198849e-12
2.700886445734839653e-12
2.842509464822444738e-12
2.898553710166928727e-12
2.866868820501588274e-12
2.753051457906030227e-12
2.569255727779332771e-12
2.332222449404561763e-12
2.060935324177333366e-12
1.774315838586287343e-12
1.489296002511938947e-12
1.219492763722302401e-12
9.745729753964396949e-13
7.602642843204724026e-13
5.788616337296867921e-13
4.300253588890578790e-13
3.116721449865328797e-13
2.208083687860142520e-13
1.542186052593339616e-13
1.089782235332252320e-13
8.279872267155764300e-14
7.423625371449250783e-14
8.279872267155917023e-14
1.089782235332260776e-13
1.542186052593315635e-13
2.208083687860081431e-13
3.116721449865278815e-13
4.300253588890507603e-13
5.788616337296766947e-13
7.602642843204636178e-13
9.745729753964285877e-13
1.219492763722294121e-12
1.489296002511930869e-12
1.774315838586266744e-12
2.060935324177316403e-12
2.332222449404552878e-12
2.569255727779345292e-12
2.753051457906015283e-12
2.866868820501552731e-12
2.898553710166914591e-12
2.842509464822450797e-12
2.700886445734844500e-12
2.483697408414222275e-12
2.207792136458849663e-12
1.894901081618461658e-12
1.569177371253609425e-12
1.254738029343010059e-12
9.736057604983591378e-13
7.442335024153652191e-13
5.805416836681725824e-13
4.911899828876765918e-13
5.004910975608162820e-13
5.921136610235773024e-13
7.606325434182908964e-13
9.976187939167789324e-13
1.289380609627145041e-12
1.617556692767712658e-12
1.959929748626987183e-12
2.291776856766708142e-12
2.587873655874141982e-12
2.825009617630507449e-12
2.984623149679950230e-12
3.055022485385761356e-12
3.032693686196439876e-12
2.922408486995762937e-12
2.736144964082886569e-12
2.491101062864700181e-12
2.207230976794598060e-12
1.904755761973306105e-12
1.602029543998970792e-12
1.314022921313868480e-12
1.051542164528008782e-12
8.211569652357631269e-13
6.256878492987646065e-13
4.650363068293850829e-13
3.371390262731924789e-13
2.388767462250533634e-13
1.668359715352090790e-13
1.178827775639662256e-13
8.955259372841844680e-14
8.028649357567948583e-14
8.955259372841670499e-14
1.178827775639627672e-13
1.668359715352058478e-13
2.388767462250521012e-13
3.371390262731859661e-13
4.650363068293765001e-13
6.256878492987560236e-13
8.211569652357508081e-13
1.051542164528012013e-12
1.314022921313856161e-12
1.602029543998950799e-12
1.904755761973289546e-12
2.207230976794587962e-12
2.491101062864751880e-12
2.736144964082913630e-12
2.922408486995848159e-12
3.032693686196483093e-12
3.055022485385724198e-12
2.984623149679962347e-12
2.825009617630549050e-12
2.587873655874137943e-12
2.291776856766736818e-12
1.959929748627043324e-12
1.617556692767736488e-12
1.289380609627169476e-12
9.976187939167965019e-13
7.606325434183034172e-13
5.921136610235951748e-13
5.004910975608124450e-13
5.111552437629327708e-13
6.053944542521272423e-13
7.794924224323082204e-13
1.025309500755864471e-12
1.329454924167724806e-12
1.673722632476449714e-12
2.035725758428099863e-12
2.390089295044288619e-12
2.710373605493011552e-12
2.971637442221812885e-12
3.153269179493095121e-12
3.241520225684110106e-12
3.231161660533470876e-12
3.125879666344704197e-12
2.937350137525486572e-12
2.683249651983203184e-12
2.384656308507016572e-12
2.063340181488095412e-12
1.739377545447682388e-12
1.429397622010186564e-12
1.145617905459234239e-12
8.956636580856499254e-13
6.830258826378156154e-13
5.079257783162202105e-13
3.683431636013122577e-13
2.610166002708596340e-13
1.822957293485040774e-13
1.287922539687688429e-13
9.782627769060843673e-14
8.769784253244513108e-14
9.782627769060521818e-14
1.287922539687655612e-13
1.822957293485106912e-13
2.610166002708546863e-13
3.683431636013024632e-13
5.079257783162110219e-13
6.830258826378053161e-13
8.956636580856347793e-13
1.145617905459228989e-12
1.429397622010150415e-12
1.739377545447669463e-12
2.063340181488081275e-12
2.384656308506990319e-12
2.683249651983249228e-12
2.937350137525524538e-12
3.125879666344717930e-12
3.231161660533458759e-12
3.241520225684129494e-12
3.153269179493074926e-12
2.971637442221784612e-12
2.710373605493002263e-12
2.390089295044318911e-12
2.035725758428143080e-12
1.673722632476456176e-12
1.329454924167755502e-12
1.025309500755883656e-12
7.794924224323277084e-13
6.053944542521383495e-13
5.111552437629376175e-13
5.231923662376096058e-13
6.204014930816350519e-13
8.008532328111992137e-13
1.056766244807162270e-12
1.375139937753355465e-12
1.738009383955418623e-12
2.122868241097926293e-12
2.503665267342972108e-12
2.852611972806982868e-12
3.142775677159712429e-12
3.351120497270624116e-12
3.461403235028120609e-12
3.466254945186416425e-12
3.367943838325060235e-12
3.177662553396032687e-12
2.913559343678025777e-12
2.597989978274111228e-12
2.254548492646182867e-12
1.905376624971155081e-12
1.569119388578438877e-12
1.259729868061077346e-12
9.861486722309574001e-13
7.527180759222115148e-13
5.600814313900785643e-13
4.062968600549339312e-13
2.879462540756979619e-13
2.010989629453283926e-13
1.420598134721103353e-13
1.078873227742473745e-13
9.670985195264609378e-14
1.078873227742491290e-13
1.420598134721057157e-13
2.010989629453217030e-13
2.879462540756880664e-13
4.062968600549278222e-13
5.600814313900681640e-13
7.527180759222015183e-13
9.861486722309473026e-13
1.259729868061058969e-12
1.569119388578422115e-12
1.905376624971138521e-12
2.254548492646206697e-12
2.597989978274166561e-12
2.913559343678041933e-12
3.177662553396012088e-12
3.367943838325039636e-12
3.466254945186535170e-12
3.461403235028205832e-12
3.351120497270574032e-12
3.142775677159747568e-12
2.852611972806996600e-12
2.503665267343016537e-12
2.122868241097912156e-12
1.738009383955476380e-12
1.375139937753348195e-12
1.056766244807198419e-12
8.008532328112054741e-13
6.204014930816579731e-13
5.231923662376112214e-13
5.366113398851351461e-13
6.371514025919531492e-13
8.247556134897159517e-13
1.092081738578874670e-12
1.426627744502063950e-12
1.810782037665661547e-12
2.221999564504676428e-12
2.633557358060470389e-12
3.016201064539442294e-12
3.340738871543125703e-12
3.581297779545378898e-12
3.718632358246876831e-12
3.742718735413731051e-12
3.653983783056851353e-12
3.462883389604025794e-12
3.187990067007486554e-12
2.853086752324714427e-12
2.483894468493255119e-12
2.105015254858876220e-12
1.737530951487313667e-12
1.397519988285164522e-12
1.095556525087416837e-12
8.370611710142368236e-13
6.232335542201298709e-13
4.522619843307626676e-13
3.205607339306780146e-13
2.238698927356629819e-13
1.581254753474249114e-13
1.200692080366595941e-13
1.076211682280749263e-13
1.200692080366549998e-13
1.581254753474180452e-13
2.238698927356613663e-13
3.205607339306699366e-13
4.522619843307515604e-13
6.232335542201223988e-13
8.370611710142225862e-13
1.095556525087406336e-12
1.397519988285125344e-12
1.737530951487288222e-12
2.105015254858836639e-12
2.483894468493282988e-12
2.853086752324678884e-12
3.187990067007471206e-12
3.462883389604076685e-12
3.653983783056913553e-12
3.742718735413732667e-12
3.718632358246917220e-12
3.581297779545399901e-12
3.340738871543071984e-12
3.016201064539445122e-12
2.633557358060485333e-12
2.221999564504727319e-12
1.810782037665690829e-12
1.426627744502117063e-12
1.092081738578881132e-12
8.247556134897481624e-13
6.371514025919666797e-13
5.366113398851500903e-13
5.514191943949158540e-13
6.556589888382341170e-13
8.512391847738217694e-13
1.131350600508651417e-12
1.484120002520199547e-12
1.892432000215251327e-12
2.333820675994176818e-12
2.780932605831546409e-12
3.202955325949533513e-12
3.568168549946536690e-12
3.847409569912418189e-12
4.017843186454202575e-12
4.066167144843355456e-12
3.990429100520203989e-12
3.799999610113361126e-12
3.513771070632728397e-12
3.157091368649549267e-12
2.758141390122088015e-12
2.344439030997927311e-12
1.940001715816522901e-12
1.563503996940218564e-12
1.227545374324672169e-12
9.389113900877284004e-13
6.995341099746553544e-13
5.078071225502465461e-13
3.599719398974432952e-13
2.513838055757047317e-13
1.775359197090606980e-13
1.347865175050702660e-13
1.208032036477091883e-13
1.347865175050694078e-13
1.775359197090578960e-13
2.513838055757020558e-13
3.599719398974334502e-13
5.078071225502353380e-13
6.995341099746469735e-13
9.389113900877166874e-13
1.227545374324660658e-12
1.563503996940203418e-12
1.940001715816491397e-12
2.344439030997891365e-12
2.758141390122035104e-12
3.157091368649502415e-12
3.513771070632692046e-12
3.799999610113357087e-12
3.990429100520212875e-12
4.066167144843369997e-12
4.017843186454198536e-12
3.847409569912427882e-12
3.568168549946556885e-12
3.202955325949521800e-12
2.780932605831581548e-12
2.333820675994237806e-12
1.892432000215271521e-12
1.484120002520255487e-12
1.131350600508670804e-12
8.512391847738449935e-13
6.556589888382686502e-13
5.514191943949166618e-13
5.676202777420175147e-13
6.759361369012118481e-13
8.803408247358285165e-13
1.174666611472278117e-12
1.547823826631771429e-12
1.983371516756664085e-12
2.459085132986081250e-12
2.947068610490747080e-12
3.414894628639502654e-12
3.828051726347985539e-12
4.153596364771800169e-12
4.364426371280508201e-12
4.443207799514426350e-12
4.384927813621924620e-12
4.197398661710136525e-12
3.899648719514956392e-12
3.518705398536295251e-12
3.085572519046297659e-12
2.631210282358466060e-12
2.183164695905009305e-12
1.763277374462492580e-12
1.386657458812688353e-12
1.061818615009460617e-12
7.916574094625433154e-13
5.748800883679696641e-13
4.075594529194928934e-13
2.846023633427138463e-13
2.009695843673932486e-13
1.525542439499163541e-13
1.367175599108847005e-13
1.525542439499182726e-13
2.009695843673901941e-13
2.846023633427049606e-13
4.075594529194814833e-13
5.748800883679569414e-13
7.916574094625344296e-13
1.061818615009476975e-12
1.386657458812671389e-12
1.763277374462482886e-12
2.183164695905011728e-12
2.631210282358441422e-12
3.085572519046222130e-12
3.518705398536235474e-12
3.899648719514915194e-12
4.197398661710205187e-12
4.384927813621980358e-12
4.443207799514438467e-12
4.364426371280580903e-12
4.153596364771770281e-12
3.828051726348000887e-12
3.414894628639520021e-12
2.947068610490756370e-12
2.459085132986123255e-12
1.983371516756678626e-12
1.547823826631828984e-12
1.174666611472279329e-12
8.803408247358744598e-13
6.759361369012429482e-13
5.676202777420250878e-13
5.852153679396968777e-13
6.979906318155145652e-13
9.120927961920229620e-13
1.222119672128968843e-12
1.617947110877609565e-12
2.084027194868973170e-12
2.598591578212913930e-12
3.133347595729829934e-12
3.654245581319379550e-12
4.123738897442131492e-12
4.504578049310564611e-12
4.764618376581130920e-12
4.881587226546501010e-12
4.846551399888134509e-12
4.665129657238869722e-12
4.356192143903492153e-12
3.948519915633557031e-12
3.476331008041835943e-12
2.974636372537925445e-12
2.475217598356002218e-12
2.003777992898728987e-12
1.578536837196004308e-12
1.210197682835095459e-12
9.029282046011745289e-13
6.558997408921290667e-13
4.650346227338886617e-13
3.247181174651803789e-13
2.292684122419637584e-13
1.740123325689839057e-13
1.559382373637469421e-13
1.740123325689837038e-13
2.292684122419582553e-13
3.247181174651779555e-13
4.650346227338742224e-13
6.558997408921232102e-13
9.029282046011727114e-13
1.210197682835079101e-12
1.578536837195963514e-12
2.003777992898695464e-12
2.475217598355956981e-12
2.974636372537896768e-12
3.476331008041799996e-12
3.948519915633649120e-12
4.356192143903590704e-12
4.665129657238841449e-12
4.846551399888148241e-12
4.881587226546480007e-12
4.764618376581167271e-12
4.504578049310504027e-12
4.123738897442162188e-12
3.654245581319360971e-12
3.133347595729883248e-12
2.598591578212964013e-12
2.084027194869007501e-12
1.617947110877666918e-12
1.222119672128922192e-12
9.120927961921019238e-13
6.979906318155162817e-13
5.852153679397388830e-13
6.042007439709611417e-13
7.218249149333612493e-13
9.465207377072201650e-13
1.273792468073089770e-12
1.694693259129217382e-12
2.194832431131118070e-12
2.753174400101852052e-12
3.341247900522026621e-12
3.923439999599304191e-12
4.458960408347551357e-12
4.905703751061849220e-12
5.225602738714970228e-12
5.390359245686699852e-12
5.386038703120204027e-12
5.215220403485610152e-12
4.896169950782511748e-12
4.459430259013553537e-12
3.942847360462810862e-12
3.386185242926269084e-12
2.826305801608111306e-12
2.293621393224763204e-12
1.810207811632578512e-12
1.389547177835371633e-12
1.037484607108588607e-12
7.538720616838476648e-13
5.345211964464808736e-13
3.732104832973725432e-13
2.634779616700844906e-13
1.999569131873667155e-13
1.791799988263452659e-13
1.999569131873573249e-13
2.634779616700863081e-13
3.732104832973587097e-13
5.345211964464658284e-13
7.538720616838383751e-13
1.037484607108563768e-12
1.389547177835341138e-12
1.810207811632552057e-12
2.293621393224717160e-12
2.826305801608057992e-12
3.386185242926198403e-12
3.942847360462615376e-12
4.459430259013343510e-12
4.896169950782362306e-12
5.215220403485533412e-12
5.386038703120151520e-12
5.390359245686759629e-12
5.225602738714964573e-12
4.905703751061809638e-12
4.458960408347523085e-12
3.923439999599342965e-12
3.341247900521966440e-12
2.753174400101975644e-12
2.194832431131062332e-12
1.694693259129363795e-12
1.273792468072981728e-12
9.465207377073556724e-13
7.218249149333004628e-13
6.042007439710784737e-13
6.245672284226910627e-13
7.474347905587550868e-13
9.836415360629749435e-13
1.329756856556912667e-12
1.778255311789780886e-12
2.316218649728247771e-12
2.923692310303261695e-12
3.572332313513185288e-12
4.225109509249452499e-12
4.837839772733513594e-12
5.363002737451398326e-12
5.755621497041269989e-12
5.980078529262788911e-12
6.016084937936220210e-12
5.862061571827607926e-12
5.535014466509199845e-12
5.067153588875567757e-12
4.500377709709754345e-12
3.880012173154540855e-12
3.249010248732529736e-12
2.643529431373311728e-12
2.090431447137621501e-12
1.606729142624298135e-12
1.200485262828582714e-12
8.725366571253278600e-13
6.186564752486575362e-13
4.319159369442394586e-13
3.048980251895374658e-13
2.313800792765195386e-13
2.073346604728739785e-13
2.313800792765236785e-13
3.048980251895343356e-13
4.319159369442350157e-13
6.186564752486540021e-13
8.725366571253100886e-13
1.200485262828561914e-12
1.606729142624273901e-12
2.090431447137585150e-12
2.643529431373258818e-12
3.249010248732474806e-12
3.880012173154483502e-12
4.500377709709600056e-12
5.067153588875472438e-12
5.535014466509193383e-12
5.862061571827683859e-12
6.016084937936237982e-12
5.980078529262724287e-12
5.755621497041352384e-12
5.363002737451340165e-12
4.837839772733421506e-12
4.225109509249343446e-12
3.572332313513230120e-12
2.923692310303304508e-12
2.316218649728331378e-12
1.778255311789842077e-12
1.329756856556903983e-12
9.836415360630593579e-13
7.474347905587851772e-13
6.245672284227112576e-13
6.462992159809020662e-13
7.748081000916170395e-13
1.023461102099488996e-12
1.390069996722856172e-12
1.868809469438839388e-12
2.448605276867510586e-12
3.111014571066562624e-12
3.828232612526859166e-12
4.562075084126475821e-12
5.264902159738701831e-12
5.883234408804833032e-12
6.364095843217419013e-12
6.663021257734186722e-12
6.751682728356005558e-12
6.622871556432312870e-12
6.291393997615703786e-12
5.790875541035075404e-12
5.167682842342699483e-12
4.473628758604904123e-12
3.758970098542889992e-12
3.066879242947722170e-12
2.430162828934580945e-12
1.870327049737982142e-12
1.398372743040586396e-12
1.016551290430585882e-12
7.207178052287931569e-13
5.031157744362410367e-13
3.551464233850425538e-13
2.695205886769232006e-13
2.415175994132073356e-13
2.695205886769170411e-13
3.551464233850360914e-13
5.031157744362341705e-13
7.207178052287707407e-13
1.016551290430566495e-12
1.398372743040561961e-12
1.870327049737947407e-12
2.430162828934541767e-12
3.066879242947691878e-12
3.758970098542843140e-12
4.473628758604828998e-12
5.167682842342655863e-12
5.790875541035005934e-12
6.291393997615722365e-12
6.622871556432267633e-12
6.751682728355980517e-12
6.663021257734312737e-12
6.364095843217496561e-12
5.883234408804790219e-12
5.264902159738692945e-12
4.562075084126351420e-12
3.828232612526767078e-12
3.111014571066465285e-12
2.448605276867576825e-12
1.868809469438836964e-12
1.390069996722896562e-12
1.023461102099492429e-12
7.748081000916968091e-13
6.462992159808613736e-13
6.693737035671343194e-13
8.039233833972150681e-13
1.065972076718371531e-12
1.454770254798954980e-12
1.966508030631688291e-12
2.592388396536877007e-12
3.316004617905525787e-12
4.110629631547022275e-12
4.937330141391229666e-12
5.745075830395064619e-12
6.473934704039586957e-12
7.061754156403548280e-12
7.453434265909509758e-12
7.610522730233273383e-12
7.518258120011295176e-12
7.187918531838047152e-12
6.654059415386860021e-12
5.967886473622246188e-12
5.188754207672670564e-12
4.375678835622567315e-12
3.580407564104424936e-12
2.843138523861137790e-12
2.191104428804419675e-12
1.639208244681847471e-12
1.191723681938256476e-12
8.447800532542704891e-13
5.896453784270479233e-13
4.162392549070673543e-13
3.159285299870089098e-13
2.831274594480259256e-13
3.159285299870158770e-13
4.162392549070702826e-13
5.896453784270385327e-13
8.447800532542497894e-13
1.191723681938230425e-12
1.639208244681816371e-12
2.191104428804388575e-12
2.843138523861080841e-12
3.580407564104365563e-12
4.375678835622495421e-12
5.188754207672601094e-12
5.967886473622175910e-12
6.654059415386756624e-12
7.187918531837963950e-12
7.518258120011316179e-12
7.610522730233296001e-12
7.453434265909584075e-12
7.061754156403655717e-12
6.473934704039606344e-12
5.745075830395029884e-12
4.937330141391157772e-12
4.110629631547031969e-12
3.316004617905504784e-12
2.592388396536945265e-12
1.966508030631713333e-12
1.454770254798944882e-12
1.065972076718433934e-12
8.039233833972213285e-13
6.693737035671705691e-13
6.937593394522858784e-13
8.347485495893539230e-13
1.111151499010907894e-12
1.523872926463343614e-12
2.071471780995696766e-12
2.747928063202736053e-12
3.539500850951632621e-12
4.421228156989938584e-12
5.354015642465148140e-12
6.283683819922365064e-12
7.143455317738558707e-12
7.860764362493509191e-12
8.367813113891556741e-12
8.613461738456384091e-12
8.572895755349243254e-12
8.252010324184833176e-12
7.685460392255291777e-12
6.929562379165267134e-12
6.052400872290020644e-12
5.123504036262798355e-12
4.205115996677627325e-12
3.346632658449874689e-12
2.582593087750550069e-12
1.933096526866338299e-12
1.405301573416780932e-12
9.959104737332399548e-13
6.950294978948514249e-13
4.906915810867205917e-13
3.725478536915112684e-13
3.339229516971963888e-13
3.725478536915048566e-13
4.906915810867092826e-13
6.950294978948380963e-13
9.959104737332193561e-13
1.405301573416754275e-12
1.933096526866296294e-12
2.582593087750494735e-12
3.346632658449822182e-12
4.205115996677544122e-12
5.123504036262757157e-12
6.052400872289943096e-12
6.929562379165175853e-12
7.685460392255162530e-12
8.252010324184739472e-12
8.572895755349202864e-12
8.613461738456388938e-12
8.367813113891642367e-12
7.860764362493484957e-12
7.143455317738418151e-12
6.283683819922412724e-12
5.354015642465055243e-12
4.421228156989882038e-12
3.539500850951562343e-12
2.747928063202884283e-12
2.071471780995660819e-12
1.523872926463387235e-12
1.111151499010914962e-12
8.347485495894025926e-13
6.937593394522766898e-13
7.194155101152533519e-13
8.672395817996905056e-13
1.158958473815748448e-12
1.597365830390197962e-12
2.183781894252949938e-12
2.915534286224744625e-12
3.782294414943027608e-12
4.761725962172479935e-12
5.815385492440612214e-12
6.886422629539704885e-12
7.900991003209806526e-12
8.774865885567790704e-12
9.425207944836274551e-12
9.785066060628966503e-12
9.816340691683200332e-12
9.516978094469422178e-12
8.920398764465904918e-12
8.088114341253800990e-12
7.098261273737198548e-12
6.032995943647573515e-12
4.967436640473112257e-12
3.962431865727754448e-12
3.061848414954388480e-12
2.292724675922031149e-12
1.666333778488481346e-12
1.180407827283051380e-12
8.236484261487874945e-13
5.816432593957799815e-13
4.418217235863709673e-13
3.961218203417772390e-13
4.418217235863580930e-13
5.816432593957770533e-13
8.236484261487522545e-13
1.180407827283026541e-12
1.666333778488454487e-12
2.292724675922003280e-12
3.061848414954346474e-12
3.962431865727710827e-12
4.967436640473033901e-12
6.032995943647498390e-12
7.098261273737071725e-12
8.088114341253689514e-12
8.920398764465912996e-12
9.516978094469386635e-12
9.816340691683163174e-12
9.785066060629079594e-12
9.425207944836415107e-12
8.774865885568099281e-12
7.900991003209822682e-12
6.886422629539708924e-12
5.815385492440468427e-12
4.761725962172420966e-12
3.782294414943010645e-12
2.915534286224883162e-12
2.183781894252890162e-12
1.597365830390245824e-12
1.158958473815763796e-12
8.672395817997312992e-13
7.194155101152375999e-13
7.462914848495993116e-13
9.013393027053148670e-13
1.209331881336562485e-12
1.675204839590531923e-12
2.303471432629976668e-12
3.095451749659750789e-12
4.045103856315774394e-12
5.133776333539797963e-12
6.324760412484155975e-12
7.559324132625266837e-12
8.756588893869138564e-12
9.819494243352810752e-12
1.064755356825242667e-11
1.115423703009706819e-11
1.128400844079575212e-11
1.102334224831195686e-11
1.040236071933302534e-11
9.487531462528226428e-12
8.368483877606621116e-12
7.142569537017322809e-12
5.900735813540992829e-12
4.718095254653676065e-12
3.650420601603100718e-12
2.734043948491772053e-12
1.986116342313722573e-12
1.406092386939759502e-12
9.809399050608303333e-13
6.930153069743914319e-13
5.268268933511558764e-13
4.725285001586106197e-13
5.268268933511534530e-13
6.930153069743816374e-13
9.809399050607923670e-13
1.406092386939734056e-12
1.986116342313699551e-12
2.734043948491733683e-12
3.650420601603040941e-12
4.718095254653672026e-12
5.900735813540939515e-12
7.142569537017223451e-12
8.368483877606508025e-12
9.487531462528166651e-12
1.040236071933289286e-11
1.102334224831195040e-11
1.128400844079579897e-11
1.115423703009698418e-11
1.064755356825242182e-11
9.819494243352723511e-12
8.756588893869133717e-12
7.559324132625323383e-12
6.324760412484089736e-12
5.133776333539912670e-12
4.045103856315801051e-12
3.095451749659951122e-12
2.303471432629930624e-12
1.675204839590618760e-12
1.209331881336559254e-12
9.013393027053643444e-13
7.462914848495786119e-13
7.743256390923430753e-13
9.369762294923364750e-13
1.262188176560235759e-12
1.757309430198117658e-12
2.430516563873057680e-12
3.287843389921140074e-12
4.328546639467421063e-12
5.538943535447620150e-12
6.885468403989310773e-12
8.308696348933995463e-12
9.721132218522511667e-12
1.101188846389604516e-11
1.206001662344987869e-11
1.275492336479577785e-11
1.301834132838266020e-11
1.282046869298426103e-11
1.218501354061034897e-11
1.118262551350450283e-11
9.915950996828844938e-12
8.500670437997320752e-12
7.047258094163198439e-12
5.648587377215923122e-12
4.375606096283654761e-12
3.277130854522356632e-12
2.378738490839632626e-12
1.682651890735148192e-12
1.173640619577641852e-12
8.297025496273601288e-13
6.314446973154764717e-13
5.666987308858955045e-13
6.314446973154736444e-13
8.297025496273490216e-13
1.173640619577628119e-12
1.682651890735124967e-12
2.378738490839608392e-12
3.277130854522289586e-12
4.375606096283602254e-12
5.648587377215818109e-12
7.047258094163067576e-12
8.500670437997217354e-12
9.915950996828686610e-12
1.118262551350429603e-11
1.218501354061021164e-11
1.282046869298418832e-11
1.301834132838270705e-11
1.275492336479613975e-11
1.206001662345007095e-11
1.101188846389625358e-11
9.721132218522581137e-12
8.308696348933817748e-12
6.885468403989214646e-12
5.538943535447494134e-12
4.328546639467566466e-12
3.287843389921249126e-12
2.430516563873106147e-12
1.757309430198119678e-12
1.262188176560267061e-12
9.369762294923833270e-13
7.743256390923106626e-13
8.034447780817449660e-13
9.740635484285808182e-13
1.317419330877803532e-12
1.843558340369288527e-12
2.564827644096215214e-12
3.492773022142878178e-12
4.633107625449834467e-12
5.978650813786062531e-12
7.500769960637219689e-12
9.141038248308774503e-12
1.080628904536333707e-11
1.237116786237780028e-11
1.369134754664695636e-11
1.462692098383589423e-11
1.507019494257116570e-11
1.496858036088628233e-11
1.433474507590021370e-11
1.324188828669514282e-11
1.180720648912837867e-11
1.016856898619253157e-11
8.460646324305914486e-12
6.798402955772890948e-12
5.272065478457806392e-12
3.947272336980325535e-12
2.861741938524269509e-12
2.022044452727170737e-12
1.410068458562809903e-12
9.978079579626267671e-13
7.605775944821502635e-13
6.831513378226261235e-13
7.605775944821376417e-13
9.978079579626190931e-13
1.410068458562786477e-12
2.022044452727140041e-12
2.861741938524236390e-12
3.947272336980263335e-12
5.272065478457728844e-12
6.798402955772811784e-12
8.460646324305785239e-12
1.016856898619235224e-11
1.180720648912824134e-11
1.324188828669504588e-11
1.433474507590006507e-11
1.496858036088614662e-11
1.507019494257110107e-11
1.462692098383577790e-11
1.369134754664686750e-11
1.237116786237784229e-11
1.080628904536334030e-11
9.141038248308716341e-12
7.500769960637011278e-12
5.978650813785966404e-12
4.633107625449872433e-12
3.492773022142925030e-12
2.564827644096240256e-12
1.843558340369324070e-12
1.317419330877816053e-12
9.740635484286260546e-13
8.034447780817356763e-13
8.335635826709796488e-13
1.012498240188032826e-12
1.374890972259570390e-12
1.933785444428254556e-12
2.706240348993354908e-12
3.710187283089242365e-12
4.959104766549150543e-12
6.454120763949805684e-12
8.173766351520602454e-12
1.006292338426592094e-11
1.202441483593060454e-11
1.391836023670092355e-11
1.557421792455050677e-11
1.681675393116634314e-11
1.750047179205699037e-11
1.754122807728460870e-11
1.693386585508085720e-11
1.575114760975785933e-11
1.412622615130754301e-11
1.222397230432696379e-11
1.020921966936280351e-11
8.224346972985832636e-12
6.383926278966137683e-12
4.776331558581446922e-12
3.456903180616727770e-12
2.438951181159870734e-12
1.700440955335592948e-12
1.204922185889476651e-12
9.204211078002892039e-13
8.276392660243940165e-13
9.204211078002922331e-13
1.204922185889460495e-12
1.700440955335572754e-12
2.438951181159850135e-12
3.456903180616701921e-12
4.776331558581387953e-12
6.383926278966064174e-12
8.224346972985726007e-12
1.020921966936259995e-11
1.222397230432680546e-11
1.412622615130742831e-11
1.575114760975780440e-11
1.693386585508072149e-11
1.754122807728435344e-11
1.750047179205682235e-11
1.681675393116628175e-11
1.557421792455074264e-11
1.391836023670118043e-11
1.202441483593043975e-11
1.006292338426579008e-11
8.173766351520392428e-12
6.454120763949738637e-12
4.959104766549186894e-12
3.710187283089248019e-12
2.706240348993368640e-12
1.933785444428272328e-12
1.374890972259600884e-12
1.012498240188070388e-12
8.335635826709924725e-13
8.645841988657742644e-13
1.052160387390296033e-12
1.434440783307041816e-12
2.027775958650608553e-12
2.854507069297988824e-12
3.939897242272310931e-12
5.306652449300489961e-12
6.966308195615129508e-12
8.907289635704931937e-12
1.108084702458793388e-11
1.338839575329103798e-11
1.567635820200711400e-11
1.774551414458086875e-11
1.937861893996481392e-11
2.038202602177580574e-11
2.062831496554143347e-11
2.008464725247105272e-11
1.881825354786891874e-11
1.697928373715757273e-11
1.476570572696373935e-11
1.238025777582486984e-11
9.999201096260836945e-12
7.767539347122326565e-12
5.804468006800500880e-12
4.191140224917880898e-12
2.951256244978611344e-12
2.057214386733127220e-12
1.460446989137821631e-12
1.118800539548377023e-12
1.007493033492163841e-12
1.118800539548373590e-12
1.460446989137815977e-12
2.057214386733122373e-12
2.951256244978612556e-12
4.191140224917831622e-12
5.804468006800427371e-12
7.767539347122139157e-12
9.999201096260670540e-12
1.238025777582498455e-11
1.476570572696389121e-11
1.697928373715746934e-11
1.881825354786856977e-11
2.008464725247090408e-11
2.062831496554147224e-11
2.038202602177581221e-11
1.937861893996495932e-11
1.774551414458111108e-11
1.567635820200718509e-11
1.338839575329095074e-11
1.108084702458747021e-11
8.907289635704487651e-12
6.966308195614879092e-12
5.306652449300645865e-12
3.939897242272251154e-12
2.854507069298069604e-12
2.027775958650589166e-12
1.434440783307100381e-12
1.052160387390303909e-12
8.645841988658172794e-13
8.963959918501658669e-13
1.092912695385676329e-12
1.495877218203225228e-12
2.125263104455815110e-12
3.009288818213606814e-12
4.181560120907481387e-12
5.675623124208074114e-12
7.515826022576264296e-12
9.703773618422090973e-12
1.220103166256732264e-11
1.491141805554280115e-11
1.766977428496920517e-11
2.024654551205278148e-11
2.237535919633679272e-11
2.380185219576536281e-11
2.433977927858430234e-11
2.391441123380866329e-11
2.257909502500397570e-11
2.050124562614429574e-11
1.791979909646394336e-11
1.508563431794305308e-11
1.221661119066032094e-11
9.495137903402427179e-12
7.082313723415699589e-12
5.097531528776092887e-12
3.580507025689357254e-12
2.495408865852234166e-12
1.775951051530427437e-12
1.365578169358813692e-12
1.232048389440796205e-12
1.365578169358802181e-12
1.775951051530430870e-12
2.495408865852224473e-12
3.580507025689358869e-12
5.097531528776058152e-12
7.082313723415580036e-12
9.495137903402238156e-12
1.221661119066001075e-11
1.508563431794267503e-11
1.791979909646359763e-11
2.050124562614420204e-11
2.257909502500408556e-11
2.391441123380880223e-11
2.433977927858433465e-11
2.380185219576522387e-11
2.237535919633661824e-11
2.024654551205280087e-11
1.766977428496908561e-11
1.491141805554306610e-11
1.220103166256698660e-11
9.703773618422281612e-12
7.515826022576393543e-12
5.675623124208438429e-12
4.181560120907352947e-12
3.009288818213745755e-12
2.125263104455844191e-12
1.495877218203239768e-12
1.092912695385747819e-12
8.963959918501613231e-13
9.288754838702226183e-13
1.134600256023545351e-12
1.558978599746881003e-12
2.225925361503457122e-12
3.170147927058435916e-12
4.434661646771509779e-12
6.065608087913208772e-12
8.102865192604526546e-12
1.056510576134923706e-11
1.342918650366781542e-11
1.660664782145303104e-11
1.992465882331604543e-11
2.312310874678683922e-11
2.587940784613588177e-11
2.786355002667599835e-11
2.881004590711106096e-11
2.858193656724771230e-11
2.720533620420761726e-11
2.486373460236514782e-11
2.184742920724238942e-11
1.846928222242826024e-11
1.499769290006893321e-11
1.165978101703226717e-11
8.673756626068289685e-12
6.216415157609131773e-12
4.352267790596851857e-12
3.032853373702921302e-12
2.165527626769295916e-12
1.673126399553932457e-12
1.513162895732634638e-12
1.673126399553922763e-12
2.165527626769276933e-12
3.032853373702884143e-12
4.352267790596820353e-12
6.216415157609128542e-12
8.673756626068166901e-12
1.165978101703201353e-11
1.499769290006881365e-11
1.846928222242834426e-11
2.184742920724233449e-11
2.486373460236476977e-11
2.720533620420731030e-11
2.858193656724743442e-11
2.881004590711109004e-11
2.786355002667598542e-11
2.587940784613624689e-11
2.312310874678683599e-11
1.992465882331611328e-11
1.660664782145263683e-11
1.342918650366758601e-11
1.056510576134867645e-11
8.102865192604663871e-12
6.065608087913340443e-12
4.434661646771495239e-12
3.170147927058501347e-12
2.225925361503428849e-12
1.558978599747055082e-12
1.134600256023447810e-12
9.288754838704177005e-13
9.618864933219001555e-13
1.177050581911115270e-12
1.623492656020950438e-12
2.329384446505171262e-12
3.336541828505824567e-12
4.698499657265105936e-12
6.475878524733749246e-12
8.727110244975891663e-12
1.149246114550248122e-11
1.477021788827044729e-11
1.848680511751132922e-11
2.246803823212687369e-11
2.642533080669900187e-11
2.997360609700275479e-11
3.269001977280987288e-11
3.420335077487951123e-11
3.428550159087053014e-11
3.291437722214321721e-11
3.028574791846312108e-11
2.675532935241084706e-11
2.271717588576289849e-11
1.850010648830497236e-11
1.438218295078165791e-11
1.065956985375394020e-11
7.596511448019996932e-12
5.296222999014360521e-12
3.690236382586985157e-12
2.646090193586365658e-12
2.056840036002026367e-12
1.865807823005912365e-12
2.056840036001973457e-12
2.646090193586354349e-12
3.690236382586917303e-12
5.296222999014332248e-12
7.596511448019967851e-12
1.065956985375371240e-11
1.438218295078146404e-11
1.850010648830473971e-11
2.271717588576271431e-11
2.675532935241075659e-11
3.028574791846261056e-11
3.291437722214282947e-11
3.428550159087036212e-11
3.420335077487919458e-11
3.269001977280949806e-11
2.997360609700307145e-11
2.642533080669907618e-11
2.246803823212730667e-11
1.848680511751057312e-11
1.477021788827080918e-11
1.149246114550169282e-11
8.727110244976314947e-12
6.475878524733456825e-12
4.698499657265262648e-12
3.336541828505764386e-12
2.329384446505220942e-12
1.623492656021004358e-12
1.177050581911134051e-12
9.618864933219615479e-13
9.952804897104796933e-13
1.220073935452069149e-12
1.689136552587020530e-12
2.435204152730868065e-12
3.507818242367177257e-12
4.972169637426394658e-12
6.905348157931767036e-12
9.387652727709758715e-12
1.248612097055805412e-11
1.622788979237847266e-11
2.056361805849524593e-11
2.532722576961088610e-11
3.020718868010140852e-11
3.475175148273029370e-11
3.842628161167363389e-11
4.072001460039191368e-11
4.127294068215881726e-11
3.998219235928657685e-11
3.704751063015228578e-11
3.290949651763965511e-11
2.807080958745675132e-11
2.293074707132257243e-11
1.782039089829817836e-11
1.314228108416083003e-11
9.295986130502927309e-12
6.445808322718966075e-12
4.490778821333266777e-12
3.237489040053122062e-12
2.535618674038662341e-12
2.308683581114893760e-12
2.535618674038632049e-12
3.237489040053101463e-12
4.490778821333224771e-12
6.445808322718814210e-12
9.295986130502851376e-12
1.314228108416067009e-11
1.782039089829797479e-11
2.293074707132240764e-11
2.807080958745645082e-11
3.290949651763946770e-11
3.704751063015233748e-11
3.998219235928660916e-11
4.127294068215866216e-11
4.072001460039157118e-11
3.842628161167380837e-11
3.475175148273036479e-11
3.020718868010131805e-11
2.532722576961105735e-11
2.056361805849495189e-11
1.622788979237864715e-11
1.248612097055762114e-11
9.387652727709933198e-12
6.905348157931781577e-12
4.972169637426362346e-12
3.507818242367184527e-12
2.435204152730874528e-12
1.689136552587054054e-12
1.220073935452117819e-12
9.952804897104980706e-13
1.028897175843049892e-12
1.263463972700168723e-12
1.755597470270242920e-12
2.542890179514767921e-12
3.683212084624107487e-12
5.254552937945341178e-12
7.352539091780620865e-12
1.008290539698656090e-11
1.354527974891632400e-11
1.780443668199517454e-11
2.284714566595625177e-11
2.852885403300660816e-11
3.452557951062530956e-11
4.031866628156677622e-11
4.524221523460920726e-11
4.860367598228289116e-11
4.985414116814152700e-11
4.875988914188977567e-11
4.550861202307892700e-11
4.065332702072071712e-11
3.484556942041191207e-11
2.856379993080757518e-11
2.218385693539524075e-11
1.625293878652955651e-11
1.138334795158071225e-11
7.837050451721172893e-12
5.459258119493601271e-12
3.962254301437290194e-12
3.132178668077443524e-12
2.864737571168413355e-12
3.132178668077407577e-12
3.962254301437270806e-12
5.459258119493518876e-12
7.837050451720954788e-12
1.138334795158057169e-11
1.625293878652934972e-11
2.218385693539496933e-11
2.856379993080723268e-11
3.484556942041153079e-11
4.065332702072043278e-11
4.550861202307860388e-11
4.875988914188943963e-11
4.985414116814157870e-11
4.860367598228292993e-11
4.524221523460901338e-11
4.031866628156672452e-11
3.452557951062541296e-11
2.852885403300687958e-11
2.284714566595581879e-11
1.780443668199510668e-11
1.354527974891616890e-11
1.008290539698667561e-11
7.352539091780703260e-12
5.254552937945284633e-12
3.683212084624083253e-12
2.542890179514814773e-12
1.755597470270263317e-12
1.263463972700195986e-12
1.028897175843085031e-12
1.062565304666482777e-12
1.306998716822245942e-12
1.822533770465298612e-12
2.651891070023759525e-12
3.861844414215158752e-12
5.544308453589348466e-12
7.815552625245642809e-12
1.081052081942518914e-11
1.466784727190361254e-11
1.950013516519600839e-11
2.534496466104220983e-11
3.209758009300414571e-11
3.943879015647643272e-11
4.678949281429868808e-11
5.333486817929237739e-11
5.814936046806674739e-11
6.041643006034735304e-11
5.969507473013530275e-11
5.613184178191887981e-11
5.043172064308235667e-11
4.345597827435995305e-11
3.576681562619912993e-11
2.775437437341688325e-11
2.016085759224064076e-11
1.393805722610010629e-11
9.506191525886009774e-12
6.620021307911201262e-12
4.844675784770962637e-12
3.872948409339646472e-12
3.561353388576579912e-12
3.872948409339633548e-12
4.844675784770928710e-12
6.620021307911081709e-12
9.506191525885835291e-12
1.393805722609997058e-11
2.016085759224021747e-11
2.775437437341651166e-11
3.576681562619865171e-11
4.345597827436050235e-11
5.043172064308223389e-11
5.613184178191857608e-11
5.969507473013550955e-11
6.041643006034710747e-11
5.814936046806645013e-11
5.333486817929271989e-11
4.678949281429817755e-11
3.943879015647590281e-11
3.209758009300395184e-11
2.534496466104198365e-11
1.950013516519587914e-11
1.466784727190338959e-11
1.081052081942537170e-11
7.815552625245699354e-12
5.544308453589269302e-12
3.861844414215102206e-12
2.651891070023822937e-12
1.822533770465312344e-12
1.306998716822264723e-12
1.062565304666515695e-12
1.096103733669689567e-12
1.350441869745520468e-12
1.889576779487559299e-12
2.761600358723016253e-12
4.042723712075308678e-12
5.839868547962151104e-12
8.292046966116661291e-12
1.156731865240038288e-11
1.585025350047677253e-11
2.131284607433066322e-11
2.806122495118928447e-11
3.605442304011585075e-11
4.500419738241674384e-11
5.428782331357708518e-11
6.292976494780140994e-11
6.971201718107896611e-11
7.344325614783959934e-11
7.335942284988963649e-11
6.951466639939162788e-11
6.282325689590672144e-11
5.445059001851553462e-11
4.503879830457920859e-11
3.491779641214493884e-11
2.508808011185259095e-11
1.705069469631770110e-11
1.148558753462974782e-11
7.993582921221050439e-12
5.908855244007036488e-12
4.787179865719889923e-12
4.429840959307482880e-12
4.787179865719851149e-12
5.908855244006987213e-12
7.993582921220979354e-12
1.148558753462968805e-11
1.705069469631733275e-11
2.508808011185229368e-11
3.491779641214471912e-11
4.503879830457887901e-11
5.445059001851459112e-11
6.282325689590666974e-11
6.951466639939145986e-11
7.335942284988913243e-11
7.344325614783980613e-11
6.971201718107891442e-11
6.292976494780169428e-11
5.428782331357750523e-11
4.500419738241729960e-11
3.605442304011639359e-11
2.806122495118906152e-11
2.131284607433065999e-11
1.585025350047615860e-11
1.156731865240055898e-11
8.292046966116562740e-12
5.839868547962133333e-12
4.042723712075360377e-12
2.761600358723032813e-12
1.889576779487627558e-12
1.350441869745453421e-12
1.096103733669797811e-12
1.129322714779862269e-12
1.393544463487750474e-12
1.956333210866941343e-12
2.871360007226140774e-12
4.224749751631535002e-12
6.139439979812885696e-12
8.779223848393258637e-12
1.234922642525605747e-11
1.708726662479692779e-11
2.323754466453132882e-11
3.099559198850851405e-11
4.041471272256262015e-11
5.127502670774485773e-11
6.294216585336822716e-11
7.428034573438397570e-11
8.371472734834753018e-11
8.953638292890048645e-11
9.048421259758546232e-11
8.643106379509903812e-11
7.858335526750566670e-11
6.856040072259011730e-11
5.706628717636470217e-11
4.421273920000221621e-11
3.133126668624853041e-11
2.082244079559955660e-11
1.379735667716665440e-11
9.591536448983177845e-12
7.175434885858267663e-12
5.904874473805988029e-12
5.503779502553955194e-12
5.904874473805891902e-12
7.175434885858080255e-12
9.591536448983059907e-12
1.379735667716645730e-11
2.082244079559923025e-11
3.133126668624814913e-11
4.421273920000281721e-11
5.706628717636426919e-11
6.856040072258974249e-11
7.858335526750486537e-11
8.643106379509906397e-11
9.048421259758502288e-11
8.953638292890137826e-11
8.371472734834781452e-11
7.428034573438671573e-11
6.294216585336808498e-11
5.127502670774491589e-11
4.041471272256263308e-11
3.099559198850934770e-11
2.323754466453128358e-11
1.708726662479696333e-11
1.234922642525625134e-11
8.779223848393323261e-12
6.139439979812777451e-12
4.224749751631604473e-12
2.871360007226158142e-12
1.956333210866931246e-12
1.393544463487779555e-12
1.129322714779836217e-12
1.162025412309610553e-12
1.436046844868054475e-12
2.022388229841504699e-12
2.980465178659241207e-12
4.406720268548140043e-12
6.441010513841540470e-12
9.273826033582798575e-12
1.315123901285507722e-11
1.837183645610993947e-11
2.526586319514269222e-11
3.414211139502618419e-11
4.518566043895610666e-11
5.829602109631519679e-11
7.288015452437000098e-11
8.766426439524646809e-11
1.006550756723080760e-10
1.094413116692197209e-10
1.120060384484308145e-10
1.078876540687106281e-10
9.870259289552296233e-11
8.676620972425943097e-11
7.280646471028977445e-11
5.640622179417111568e-11
3.929516858490286700e-11
2.536326142212984314e-11
1.644441376009906784e-11
1.141009928383633994e-11
8.657241565250790004e-12
7.253505109977739170e-12
6.816082389709007977e-12
7.253505109977727053e-12
8.657241565250717303e-12
1.141009928383620907e-11
1.644441376009891920e-11
2.536326142212982699e-11
3.929516858490247926e-11
5.640622179417037897e-11
7.280646471028923161e-11
8.676620972425962484e-11
9.870259289552209637e-11
1.078876540687094519e-10
1.120060384484306077e-10
1.094413116692187903e-10
1.006550756723074556e-10
8.766426439524732112e-11
7.288015452437044042e-11
5.829602109631665728e-11
4.518566043895594510e-11
3.414211139502669472e-11
2.526586319514236587e-11
1.837183645610959051e-11
1.315123901285526463e-11
9.273826033582932668e-12
6.441010513841472615e-12
4.406720268548173163e-12
2.980465178659264633e-12
2.022388229841481273e-12
1.436046844868097490e-12
1.162025412309545930e-12
1.194009635895922785e-12
1.477680978946047924e-12
2.087309147958651365e-12
3.088170366733226804e-12
4.587340569928742314e-12
6.742361781490928044e-12
9.772147538613039277e-12
1.396740210599114562e-11
1.969497682586569453e-11
2.738567671595033049e-11
3.748805164868802302e-11
5.036360927812743872e-11
6.609793419264464502e-11
8.421986853246248930e-11
1.033747985261932057e-10
1.211070389457118900e-10
1.340745372939849890e-10
1.391252373811666605e-10
1.352000715389671619e-10
1.244865707939160341e-10
1.103928648249160813e-10
9.361140536428544695e-11
7.261287792396151502e-11
4.954412966936846176e-11
3.078712145087189543e-11
1.939903960871344977e-11
1.342425657377580464e-11
1.035587471717728941e-11
8.855250064508630294e-12
8.396354445640866827e-12
8.855250064508664222e-12
1.035587471717716663e-11
1.342425657377567862e-11
1.939903960871334637e-11
3.078712145087184373e-11
4.954412966936743425e-11
7.261287792396121775e-11
9.361140536428480071e-11
1.103928648249147759e-10
1.244865707939149484e-10
1.352000715389665415e-10
1.391252373811660918e-10
1.340745372939850148e-10
1.211070389457121484e-10
1.033747985261923527e-10
8.421986853246153287e-11
6.609793419264445115e-11
5.036360927812632720e-11
3.748805164868848185e-11
2.738567671595014631e-11
1.969497682586591425e-11
1.396740210599120540e-11
9.772147538613357548e-12
6.742361781490626737e-12
4.587340569928928106e-12
3.088170366733118155e-12
2.087309147958708719e-12
1.477680978946012381e-12
1.194009635895915111e-12
1.225069769610126692e-12
1.518173047912801703e-12
2.150649718012897628e-12
3.193696857183182935e-12
4.765236140321846073e-12
7.041088793137440597e-12
1.027005816462457272e-11
1.479082476705135342e-11
2.104570150636607038e-11
2.958076864523071469e-11
4.101280274710362048e-11
5.593108376488219551e-11
7.469088063730638892e-11
9.705768810521133349e-11
1.217051489234971639e-10
1.457140505006000442e-10
1.645489192696216591e-10
1.733793649977903826e-10
1.700988457695611868e-10
1.576680594316867764e-10
1.412429747916983312e-10
1.214170618538277535e-10
9.448779255854418954e-11
6.288245516388909662e-11
3.719968313933458307e-11
2.259038262040688580e-11
1.558839139848077939e-11
1.226608871637909777e-11
1.073192994969015045e-11
1.027584722129792580e-11
1.073192994969013267e-11
1.226608871637910908e-11
1.558839139848057582e-11
2.259038262040673716e-11
3.719968313933411132e-11
6.288245516388841161e-11
9.448779255854320727e-11
1.214170618538271590e-10
1.412429747916976591e-10
1.576680594316864921e-10
1.700988457695611868e-10
1.733793649977905894e-10
1.645489192696230808e-10
1.457140505006004319e-10
1.217051489234971639e-10
9.705768810521103622e-11
7.469088063730598825e-11
5.593108376488142649e-11
4.101280274710403407e-11
2.958076864523057898e-11
2.104570150636565356e-11
1.479082476705159575e-11
1.027005816462455334e-11
7.041088793137351739e-12
4.765236140321885655e-12
3.193696857183254021e-12
2.150649718012842294e-12
1.518173047912842496e-12
1.225069769610047529e-12
1.254998872768019079e-12
1.557246313420713763e-12
2.211954981196611235e-12
3.296241456989724772e-12
4.938968205982444111e-12
7.334626293534748763e-12
1.076304349469201851e-11
1.561372555301520764e-11
2.241102806042353611e-11
3.183061676921366450e-11
4.468693016756005869e-11
6.185383251831841613e-11
8.405675770634170059e-11
1.114523581458016121e-10
1.429231136342065519e-10
1.751666223647250537e-10
2.021889619103190784e-10
2.167318640642370636e-10
2.148791127910584526e-10
2.005710662522190204e-10
1.817924208357457069e-10
1.590403987843469624e-10
1.245537457183315369e-10
8.048580185214148304e-11
4.466732781295803109e-11
2.589560257019163900e-11
1.785810083114880031e-11
1.440652860282916894e-11
1.293979004583881882e-11
1.252367471100937569e-11
1.293979004583878166e-11
1.440652860282910432e-11
1.785810083114875831e-11
2.589560257019138051e-11
4.466732781295764335e-11
8.048580185214063001e-11
1.245537457183307356e-10
1.590403987843469107e-10
1.817924208357451640e-10
2.005710662522190204e-10
2.148791127910594091e-10
2.167318640642364949e-10
2.021889619103193369e-10
1.751666223647231925e-10
1.429231136342081804e-10
1.114523581458002550e-10
8.405675770634060199e-11
6.185383251831806716e-11
4.468693016756067261e-11
3.183061676921404578e-11
2.241102806042347795e-11
1.561372555301559861e-11
1.076304349469194419e-11
7.334626293534695449e-12
4.938968205982423108e-12
3.296241456989745775e-12
2.211954981196583770e-12
1.557246313420714975e-12
1.254998872767981517e-12
1.283590922794039477e-12
1.594624201596850489e-12
2.270766600080882030e-12
3.394986382213244945e-12
5.107052112636444150e-12
7.620281903319058780e-12
1.124626098346137502e-11
1.642751565927555484e-11
2.377606271704169727e-11
3.411034160139780836e-11
4.847150073403865548e-11
6.807813655310174411e-11
9.414119754047103340e-11
1.274054267904971028e-10
1.672338309621585504e-10
2.101553909886613278e-10
2.485199033776780409e-10
2.716684010110057980e-10
2.726140259444792110e-10
2.563641367390247600e-10
2.354911696548887933e-10
2.106721431779039937e-10
1.668019450030517408e-10
1.041429775220658490e-10
5.314460311626142868e-11
2.915113374721849629e-11
2.026807615739709575e-11
1.692204200268335533e-11
1.569352916345605680e-11
1.538007776594695406e-11
1.569352916345622159e-11
1.692204200268335856e-11
2.026807615739711837e-11
2.915113374721822487e-11
5.314460311626054980e-11
1.041429775220662238e-10
1.668019450030488456e-10
2.106721431779088017e-10
2.354911696548886899e-10
2.563641367390275000e-10
2.726140259444794178e-10
2.716684010110069871e-10
2.485199033776781960e-10
2.101553909886630339e-10
1.672338309621607217e-10
1.274054267904987572e-10
9.414119754047126605e-11
6.807813655310170534e-11
4.847150073403852624e-11
3.411034160139851922e-11
2.377606271704171666e-11
1.642751565927563238e-11
1.124626098346090812e-11
7.620281903319100785e-12
5.107052112636332675e-12
3.394986382213307549e-12
2.270766600080823869e-12
1.594624201596892495e-12
1.283590922793976268e-12
1.310643165079888044e-12
1.630033562527168227e-12
2.326628592305909812e-12
3.489110151803433014e-12
5.267978256936843382e-12
7.895275712851772497e-12
1.171461208661650597e-11
1.722292108285279401e-11
2.512417668764700448e-11
3.639085657472088868e-11
5.231780629410528829e-11
7.452872730741098141e-11
1.048458003088898530e-10
1.448390198997760736e-10
1.947294225592026044e-10
2.512887766780834107e-10
3.052025118381286570e-10
3.412731423754338273e-10
3.474499859500777416e-10
3.294702203350167802e-10
3.072557842741190503e-10
2.827482387713663520e-10
2.279157487858617270e-10
1.368043301620642376e-10
6.233308754316066381e-11
3.225236006623763513e-11
2.315214405160402019e-11
2.036128978395550346e-11
1.972461574268949850e-11
1.965155471108427564e-11
1.972461574268955343e-11
2.036128978395531605e-11
2.315214405160398142e-11
3.225236006623770622e-11
6.233308754315822104e-11
1.368043301620668743e-10
2.279157487858614685e-10
2.827482387713601999e-10
3.072557842741183782e-10
3.294702203350172972e-10
3.474499859500774831e-10
3.412731423754333620e-10
3.052025118381260203e-10
2.512887766780803087e-10
1.947294225592039485e-10
1.448390198997769008e-10
1.048458003088883796e-10
7.452872730741094263e-11
5.231780629410511381e-11
3.639085657472105670e-11
2.512417668764701418e-11
1.722292108285312359e-11
1.171461208661632180e-11
7.895275712851919516e-12
5.267978256936755333e-12
3.489110151803475423e-12
2.326628592305883155e-12
1.630033562527198116e-12
1.310643165079871484e-12
1.335958529928738566e-12
1.663208049328334819e-12
2.379093362925877286e-12
3.577799291055320374e-12
5.420235199481878774e-12
8.156785689301990706e-12
1.216282962449603776e-11
1.799014390634068811e-11
2.643728031017169942e-11
3.863925235496409656e-11
5.616760843343347784e-11
8.110770616718260982e-11
1.160216936710245698e-10
1.635729857245501116e-10
2.253268312980637012e-10
2.989657054657481264e-10
3.738714474329763039e-10
4.292143111590277192e-10
4.449676781835322815e-10
4.262317334543355397e-10
4.043088998992627744e-10
3.855572641202204996e-10
3.200173064674444487e-10
1.841384463448421540e-10
7.155597164710474086e-11
3.564956509227751807e-11
2.774184205082759222e-11
2.636119586092930845e-11
2.719761654530290923e-11
2.773987819748791075e-11
2.719761654530275413e-11
2.636119586092915982e-11
2.774184205082745974e-11
3.564956509227720141e-11
7.155597164710446944e-11
1.841384463448475048e-10
3.200173064674411400e-10
3.855572641202168807e-10
4.043088998992649974e-10
4.262317334543346091e-10
4.449676781835316094e-10
4.292143111590238418e-10
3.738714474329739258e-10
2.989657054657460068e-10
2.253268312980666998e-10
1.635729857245485606e-10
1.160216936710230706e-10
8.110770616718207990e-11
5.616760843343399483e-11
3.863925235496403840e-11
2.643728031017221964e-11
1.799014390634064611e-11
1.216282962449585035e-11
8.156785689301866306e-12
5.420235199481857771e-12
3.577799291055299371e-12
2.379093362925856284e-12
1.663208049328344513e-12
1.335958529928792890e-12
1.359348076799179384e-12
1.693891552019093199e-12
2.427727923248902072e-12
3.660260602832523638e-12
5.562334484519637914e-12
8.401997944699117626e-12
1.258557875447419152e-11
1.871906061641361075e-11
2.769619593303580028e-11
4.081943573726578708e-11
5.995400812293189645e-11
8.769486545711711259e-11
1.274656911185431252e-10
1.833046730992179162e-10
2.586990989462001463e-10
3.532007582418425021e-10
4.558273463029563184e-10
5.394975727056542020e-10
5.724715766733044621e-10
5.558928313655786417e-10
5.375624415710936729e-10
5.360929817695183066e-10
4.670251034152828331e-10
2.594549388948399158e-10
8.062882875292920281e-11
4.261466979744481616e-11
3.785403505627391140e-11
3.925755036265162233e-11
4.382481313131097683e-11
4.602465750287296959e-11
4.382481313131089282e-11
3.925755036265157709e-11
3.785403505627380800e-11
4.261466979744492602e-11
8.062882875293010753e-11
2.594549388948484461e-10
4.670251034152650487e-10
5.360929817695312313e-10
5.375624415710898471e-10
5.558928313655734718e-10
5.724715766733046689e-10
5.394975727056586481e-10
4.558273463029537335e-10
3.532007582418415199e-10
2.586990989461995259e-10
1.833046730992170373e-10
1.274656911185415742e-10
8.769486545711561333e-11
5.995400812293187060e-11
4.081943573726647855e-11
2.769619593303536407e-11
1.871906061641393387e-11
1.258557875447398796e-11
8.401997944699227486e-12
5.562334484519761507e-12
3.660260602832391968e-12
2.427727923248925902e-12
1.693891552019038067e-12
1.359348076799370024e-12
1.380633416071981057e-12
1.721841624959208839e-12
2.472120161431806366e-12
3.735733746252220764e-12
5.692836565869040234e-12
8.628160664923486765e-12
1.297756901062662033e-11
1.939945311814936679e-11
2.888112369692094350e-11
4.289302726865033250e-11
6.360300679044247993e-11
9.414976003642906940e-11
1.389204071438504365e-10
2.035956864755167993e-10
2.942104965669228505e-10
4.134136319694195981e-10
5.515475630538727674e-10
6.757711573542508494e-10
7.387918936496566570e-10
7.316525635422848378e-10
7.235070523687334347e-10
7.621300010660879859e-10
7.176870579895285915e-10
3.967747174281834971e-10
9.805861825193411372e-11
6.889908408058464974e-11
6.465250727338896719e-11
6.975209514679033975e-11
8.316165424717266799e-11
8.956610620605177145e-11
8.316165424717233195e-11
6.975209514679021050e-11
6.465250727338845020e-11
6.889908408058413275e-11
9.805861825193695716e-11
3.967747174281868575e-10
7.176870579895281779e-10
7.621300010660825058e-10
7.235070523687366400e-10
7.316525635422824597e-10
7.387918936496525211e-10
6.757711573542468169e-10
5.515475630538777305e-10
4.134136319694180988e-10
2.942104965669240912e-10
2.035956864755126117e-10
1.389204071438552445e-10
9.414976003643133123e-11
6.360300679044426354e-11
4.289302726865059745e-11
2.888112369692109214e-11
1.939945311814974161e-11
1.297756901062628752e-11
8.628160664923446375e-12
5.692836565869013577e-12
3.735733746252215110e-12
2.472120161431775670e-12
1.721841624959177739e-12
1.380633416072157560e-12
1.399649062233732522e-12
1.746832837679088401e-12
2.511885030834143704e-12
3.803503818880692197e-12
5.810377187440440289e-12
8.832640175122695679e-12
1.333367420362745727e-11
2.002126542206492585e-11
2.997218775756271732e-11
4.482050004272697846e-11
6.703577348149980997e-11
1.003157523558114554e-10
1.500795563587527190e-10
2.238704859164069442e-10
3.308711176358232432e-10
4.782168107373400975e-10
6.600340238201029419e-10
8.399722609415897027e-10
9.527783555104160412e-10
9.706127015896118571e-10
9.854515659877196049e-10
1.104605583328079853e-09
1.162947168989785420e-09
6.524263764452912968e-10
1.792220092772498925e-10
1.758954881172377180e-10
1.370961487216988216e-10
1.420181373925145666e-10
1.733234180183060735e-10
1.887594440709238793e-10
1.733234180183055306e-10
1.420181373925135843e-10
1.370961487216967278e-10
1.758954881172348488e-10
1.792220092772518053e-10
6.524263764452872643e-10
1.162947168989799895e-09
1.104605583328085023e-09
9.854515659877090583e-10
9.706127015896056533e-10
9.527783555104063219e-10
8.399722609415907367e-10
6.600340238200899138e-10
4.782168107373323427e-10
3.308711176358248976e-10
2.238704859164058326e-10
1.500795563587512456e-10
1.003157523558109901e-10
6.703577348150096027e-11
4.482050004272731450e-11
2.997218775756273024e-11
2.002126542206539114e-11
1.333367420362735225e-11
8.832640175122807155e-12
5.810377187440276306e-12
3.803503818880776207e-12
2.511885030834033440e-12
1.746832837679145956e-12
1.399649062233809667e-12
1.416244684396638982e-12
1.768659965139987756e-12
2.546670530651664272e-12
3.862913608137881428e-12
5.913693513853927879e-12
9.012977412513957817e-12
1.364905623618921383e-11
2.057487688308375975e-11
3.095004283148164034e-11
4.656252059035543568e-11
7.017156139622869450e-11
1.060260718460480156e-10
1.605992145283243593e-10
2.434313447631540480e-10
3.673295044901589882e-10
5.452604640421880683e-10
7.781130066541526316e-10
1.030307774160932643e-09
1.219531561185573515e-09
1.289870645735350218e-09
1.350214724348752525e-09
1.608620585102885752e-09
1.934403490005944012e-09
1.010749162954512990e-09
4.369875622751944429e-10
5.022147921420252476e-10
3.029094733577043720e-10
2.975470316242960798e-10
3.594970006590836304e-10
3.904204190032540223e-10
3.594970006590838889e-10
2.975470316242959764e-10
3.029094733576986851e-10
5.022147921420171826e-10
4.369875622751892730e-10
1.010749162954520848e-09
1.934403490005965519e-09
1.608620585102848116e-09
1.350214724348740945e-09
1.289870645735341533e-09
1.219531561185568345e-09
1.030307774160921890e-09
7.781130066541499432e-10
5.452604640421837256e-10
3.673295044901520606e-10
2.434313447631523936e-10
1.605992145283276939e-10
1.060260718460450947e-10
7.017156139623045226e-11
4.656252059035548092e-11
3.095004283148242875e-11
2.057487688308346248e-11
1.364905623618925260e-11
9.012977412513956202e-12
5.913693513853849523e-12
3.862913608137817613e-12
2.546670530651658213e-12
1.768659965139975033e-12
1.416244684396730263e-12
1.430287170338597073e-12
1.787140988703326214e-12
2.576163287229627131e-12
3.913375259109390429e-12
6.001649143264062984e-12
9.166943130144164640e-12
1.391928805864237965e-11
2.105138145800933657e-11
3.179651366462678100e-11
4.808143124638389043e-11
7.293114036058649777e-11
1.111116859952715856e-10
1.701151067416397799e-10
2.614924677431712213e-10
4.019206804687903674e-10
6.112097361560237422e-10
8.999221623640604114e-10
1.239004654489262829e-09
1.534300741001685068e-09
1.695675259265742644e-09
1.833389648648145245e-09
2.287881471130113484e-09
3.112549726921407268e-09
1.481537670477001968e-09
9.087311778279915338e-10
1.110030872731784332e-09
5.738756529199267239e-10
5.660634602515263036e-10
6.801000685716952010e-10
7.347630008517304842e-10
6.801000685716932365e-10
5.660634602515271308e-10
5.738756529199181419e-10
1.110030872731771304e-09
9.087311778279859503e-10
1.481537670477004863e-09
3.112549726921437460e-09
2.287881471130096527e-09
1.833389648648134285e-09
1.695675259265742851e-09
1.534300741001672247e-09
1.239004654489266344e-09
8.999221623640444882e-10
6.112097361560204335e-10
4.019206804687828194e-10
2.614924677431717383e-10
1.701151067416360576e-10
1.111116859952691816e-10
7.293114036058670457e-11
4.808143124638436219e-11
3.179651366462747247e-11
2.105138145800948843e-11
1.391928805864232472e-11
9.166943130144133943e-12
6.001649143264055714e-12
3.913375259109403354e-12
2.576163287229601282e-12
1.787140988703332273e-12
1.430287170338626154e-12
1.441662527286831460e-12
1.802119768590569284e-12
2.600093690973432153e-12
3.954380908457115256e-12
6.073257444408976032e-12
9.292589572661410811e-12
1.414047158051378960e-11
2.144285951996763783e-11
3.249523779794695218e-11
4.934278815168744498e-11
7.524054904348039060e-11
1.154104928521783904e-10
1.782650950405824253e-10
2.772330133681352158e-10
4.327796490720803391e-10
6.719236675462791450e-10
1.016900713517696534e-09
1.450823955092624893e-09
1.876087354227890783e-09
2.167327988003755247e-09
2.412450957256669575e-09
3.077446527047976035e-09
4.530071975427155304e-09
2.187752298047870223e-09
1.589872336640794399e-09
1.901052108067726207e-09
9.022685766777443682e-10
9.268939842894793162e-10
1.125833919024413588e-09
1.215579680671635374e-09
1.125833919024401800e-09
9.268939842894729055e-10
9.022685766777351658e-10
1.901052108067665822e-09
1.589872336640784473e-09
2.187752298047857815e-09
4.530071975427155304e-09
3.077446527047973140e-09
2.412450957256631938e-09
2.167327988003729605e-09
1.876087354227888302e-09
1.450823955092611245e-09
1.016900713517698189e-09
6.719236675462740785e-10
4.327796490720807010e-10
2.772330133681401789e-10
1.782650950405781343e-10
1.154104928521753402e-10
7.524054904348011918e-11
4.934278815168759361e-11
3.249523779794783106e-11
2.144285951996765076e-11
1.414047158051403193e-11
9.292589572661452816e-12
6.073257444408908985e-12
3.954380908457144336e-12
2.600093690973374800e-12
1.802119768590609472e-12
1.441662527286760778e-12
1.450277489283175541e-12
1.813468424070530150e-12
2.618240335546675741e-12
3.985512166391060110e-12
6.127702182257128422e-12
9.388297259064644525e-12
1.430934475179057623e-11
2.174263105991392687e-11
3.303227338177774921e-11
5.031686586293572090e-11
7.703488855701461832e-11
1.187771441051294682e-10
1.847149378904436455e-10
2.898651400718205921e-10
4.580162554499706420e-10
7.228684896908114689e-10
1.118553693213502926e-09
1.643638828769738702e-09
2.205197260362732751e-09
2.646342653393344889e-09
3.008954691935250711e-09
3.851352916510943618e-09
5.903713002117905590e-09
3.034752579318756800e-09
2.364635234733037162e-09
2.713498830625776761e-09
1.230705582146181042e-09
1.318206223610404789e-09
1.628708405428713114e-09
1.762513553406878019e-09
1.628708405428692641e-09
1.318206223610378113e-09
1.230705582146146921e-09
2.713498830625689080e-09
2.364635234733015242e-09
3.034752579318710064e-09
5.903713002117861749e-09
3.851352916510955198e-09
3.008954691935266841e-09
2.646342653393352747e-09
2.205197260362728615e-09
1.643638828769735807e-09
1.118553693213505408e-09
7.228684896907979238e-10
4.580162554499687808e-10
2.898651400718189895e-10
1.847149378904425340e-10
1.187771441051295199e-10
7.703488855701392039e-11
5.031686586293698752e-11
3.303227338177811756e-11
2.174263105991420799e-11
1.430934475179066024e-11
9.388297259064718842e-12
6.127702182257037949e-12
3.985512166391087575e-12
2.618240335546619196e-12
1.813468424070533987e-12
1.450277489283078606e-12
1.456060888622583515e-12
1.821089265206432220e-12
2.630433774767402597e-12
4.006447982234285560e-12
6.164355063970203049e-12
9.452814581941994346e-12
1.442337415870655066e-11
2.194547577574799977e-11
3.339664027203817229e-11
5.098001933998860834e-11
7.826187262837619656e-11
1.210925642676556895e-10
1.891846854861324915e-10
2.987089586525716011e-10
4.759311099211709405e-10
7.597280117874234094e-10
1.194051748892703324e-09
1.791939287494226587e-09
2.469045858793600951e-09
3.044112991860667957e-09
3.505310637068772303e-09
4.470510673609443123e-09
6.980442101676247376e-09
3.777415151096471407e-09
3.031421277880676185e-09
3.365793785950165850e-09
1.503244728378149092e-09
1.657670557036434105e-09
2.076429140905813983e-09
2.251938938638796769e-09
2.076429140905794130e-09
1.657670557036402879e-09
1.503244728378095946e-09
3.365793785950118700e-09
3.031421277880651370e-09
3.777415151096449900e-09
6.980442101676197745e-09
4.470510673609408382e-09
3.505310637068748315e-09
3.044112991860639420e-09
2.469045858793585234e-09
1.791939287494213145e-09
1.194051748892701256e-09
7.597280117874219618e-10
4.759311099211701133e-10
2.987089586525719113e-10
1.891846854861311473e-10
1.210925642676543453e-10
7.826187262837703666e-11
5.098001933998908655e-11
3.339664027203883145e-11
2.194547577574782206e-11
1.442337415870687055e-11
9.452814581941734236e-12
6.164355063970113384e-12
4.006447982234322719e-12
2.630433774767374728e-12
1.821089265206410813e-12
1.456060888622510208e-12
1.458964687673600043e-12
1.824916310331772767e-12
2.636559397570269520e-12
4.016970808902892078e-12
6.182789379590701539e-12
9.485289097164977948e-12
1.448082827219255104e-11
2.204780991778543964e-11
3.358075873929686657e-11
5.131581007818486111e-11
7.888481994126162713e-11
1.222722174802807755e-10
1.914724559539435737e-10
3.032636899749611320e-10
4.852358837298780689e-10
7.790959429411274560e-10
1.234359277574950011e-09
1.872796860771523824e-09
2.616337631372518946e-09
3.269513947477993553e-09
3.784651117183884884e-09
4.815802247694386812e-09
7.564827230062178433e-09
4.203942679957070369e-09
3.416310364854277283e-09
3.730559216799326599e-09
1.663122387076896163e-09
1.851547162782851315e-09
2.334246832086221079e-09
2.534446265310936654e-09
2.334246832086218597e-09
1.851547162782834565e-09
1.663122387076848186e-09
3.730559216799303438e-09
3.416310364854245850e-09
4.203942679957061270e-09
7.564827230062161889e-09
4.815802247694356207e-09
3.784651117183861723e-09
3.269513947477982386e-09
2.616337631372507365e-09
1.872796860771525892e-09
1.234359277574947323e-09
7.790959429411157721e-10
4.852358837298745534e-10
3.032636899749577716e-10
1.914724559539415058e-10
1.222722174802817061e-10
7.888481994126304885e-11
5.131581007818525531e-11
3.358075873929746757e-11
2.204780991778542026e-11
1.448082827219273521e-11
9.485289097164969870e-12
6.182789379590569061e-12
4.016970808902966395e-12
2.636559397570234381e-12
1.824916310331696834e-12
1.458964687673614381e-12
