1.370603694317905028e-13
1.664716761671562408e-13
2.190105590102441345e-13
2.913537942394981976e-13
3.781849495613727279e-13
4.725584803573413469e-13
5.664072444260816455e-13
6.512918717027800420e-13
7.193619647636600190e-13
7.643724902246483471e-13
7.825274924236070687e-13
7.729414611245817806e-13
7.376091615600687181e-13
6.809106458102758180e-13
6.087915415244074091e-13
5.278135854556357385e-13
4.442646339280424342e-13
3.634703932419950243e-13
2.893842910481038201e-13
2.244644344014894644e-13
1.697904900895677989e-13
1.253386473030615499e-13
9.032421265609667443e-14
6.353555401526667248e-14
4.361033896417605801e-14
2.923402310551922147e-14
1.926316327690078305e-14
1.278919181945273911e-14
9.162676711456508424e-15
7.996599936241854642e-15
9.162676711449970345e-15
1.278919181944548317e-14
1.926316327690232291e-14
2.923402310551713256e-14
4.361033896418769528e-14
6.353555401527207460e-14
9.032421265608987130e-14
1.253386473030587731e-13
1.697904900895756244e-13
2.244644344014860566e-13
2.893842910481260849e-13
3.634703932420335459e-13
4.442646339280529355e-13
5.278135854555770725e-13
6.087915415243729769e-13
6.809106458102925797e-13
7.376091615601004240e-13
7.729414611246081349e-13
7.825274924236107037e-13
7.643724902246519822e-13
7.193619647637185841e-13
6.512918717028231580e-13
5.664072444260887137e-13
4.725584803573596233e-13
3.781849495613673257e-13
2.913537942395156157e-13
2.190105590102584980e-13
1.664716761671746181e-13
1.370603694317349165e-13
1.376081254842058876e-13
1.671732800399855783e-13
2.200326185288530003e-13
2.928768545708129691e-13
3.803996951695919785e-13
4.756516835829838135e-13
5.705374348888269297e-13
6.565585224546210015e-13
7.257756753592568899e-13
7.718354536360090709e-13
7.908319327269430782e-13
7.817887644390822410e-13
7.466461020985123054e-13
6.897742664254018891e-13
6.171527236934315775e-13
5.354110492330507355e-13
4.509246128487835004e-13
3.691109973422733378e-13
2.940066719179537904e-13
2.281348994514971211e-13
1.726185202616358943e-13
1.274553767704001904e-13
9.186462796941080053e-14
6.462600094906363511e-14
4.436144073939418869e-14
2.973814618021568459e-14
1.959516259409591237e-14
1.300918905486923176e-14
9.319893654074578791e-15
8.133629705981132782e-15
9.319893654080608844e-15
1.300918905486328849e-14
1.959516259409713983e-14
2.973814618021204320e-14
4.436144073939396150e-14
6.462600094907313930e-14
9.186462796941063645e-14
1.274553767704004176e-13
1.726185202616330671e-13
2.281348994515243336e-13
2.940066719179736824e-13
3.691109973422914122e-13
4.509246128488050079e-13
5.354110492330775946e-13
6.171527236934663126e-13
6.897742664254158236e-13
7.466461020985219989e-13
7.817887644391030416e-13
7.908319327269704423e-13
7.718354536360531966e-13
7.257756753593119208e-13
6.565585224546500821e-13
5.705374348888410661e-13
4.756516835830265256e-13
3.803996951696076295e-13
2.928768545708475528e-13
2.200326185288748360e-13
1.671732800399537210e-13
1.376081254841611055e-13
1.387056058376616574e-13
1.685794041935644092e-13
2.220821870510618583e-13
2.959333891282275571e-13
3.848482393318891220e-13
4.818709054774665855e-13
5.788507967461911138e-13
6.671719394025254874e-13
7.387166054057683460e-13
7.869122368397858804e-13
8.076292390474915770e-13
7.997051276785070976e-13
7.649666539106538714e-13
7.077617187918051224e-13
6.341362792408500201e-13
5.508562226867874775e-13
4.644740508609439142e-13
3.805941037559914281e-13
3.034222194164240402e-13
2.356150014205447221e-13
1.783840325737963434e-13
1.317720461387755528e-13
9.500669180736135935e-14
6.685055246302055978e-14
4.589382865429848174e-14
3.076667427230070837e-14
2.027250727910204105e-14
1.345799944900307454e-14
9.640590701125882601e-15
8.413127487698295531e-15
9.640590701117982948e-15
1.345799944901236732e-14
2.027250727910035289e-14
3.076667427230754306e-14
4.589382865430165611e-14
6.685055246301707617e-14
9.500669180736062728e-14
1.317720461387653039e-13
1.783840325738050777e-13
2.356150014205459842e-13
3.034222194164578666e-13
3.805941037560349480e-13
4.644740508609375528e-13
5.508562226868451338e-13
6.341362792409030316e-13
7.077617187917862402e-13
7.649666539106226703e-13
7.997051276785203252e-13
8.076292390474973326e-13
7.869122368397799229e-13
7.387166054058569004e-13
6.671719394025781959e-13
5.788507967461700102e-13
4.818709054774815297e-13
3.848482393318600919e-13
2.959333891281964066e-13
2.220821870510876573e-13
1.685794041935741532e-13
1.387056058376562553e-13
1.403566971363972841e-13
1.706958175170769767e-13
2.251700729763750366e-13
3.005441054183110888e-13
3.915685601427061983e-13
4.912817148762956072e-13
5.914534510029121060e-13
6.832929935382356251e-13
7.584132495904898132e-13
8.099072634400399400e-13
8.333005479956061794e-13
8.271400991168735283e-13
7.930718799818755227e-13
7.354025230966709615e-13
6.602745668127509669e-13
5.746598637714185243e-13
4.853818877055522383e-13
3.983327168773362332e-13
3.179805956396957387e-13
2.471898640311298944e-13
1.873113515776247827e-13
1.384592134349046532e-13
9.987589559554541616e-14
7.029865963393771989e-14
4.826933858762489738e-14
3.236114977588985021e-14
2.132252463420223283e-14
1.415368606290672106e-14
1.013764402049014419e-14
8.846304616081512676e-15
1.013764402049923186e-14
1.415368606290444599e-14
2.132252463420505695e-14
3.236114977589413530e-14
4.826933858762726397e-14
7.029865963395616031e-14
9.987589559555374653e-14
1.384592134348885226e-13
1.873113515776349053e-13
2.471898640311246942e-13
3.179805956396950824e-13
3.983327168773362332e-13
4.853818877055772799e-13
5.746598637714254916e-13
6.602745668127297623e-13
7.354025230966879251e-13
7.930718799819260098e-13
8.271400991168865539e-13
8.333005479956545460e-13
8.099072634401094103e-13
7.584132495904888034e-13
6.832929935382397650e-13
5.914534510029472450e-13
4.912817148762830864e-13
3.915685601426299123e-13
3.005441054183251242e-13
2.251700729763782173e-13
1.706958175170774058e-13
1.403566971364077602e-13
1.425671047765242150e-13
1.735310133993175349e-13
2.293122616223026059e-13
3.067397613402050627e-13
4.006172990369329795e-13
5.039822980738852597e-13
6.085049587200642176e-13
7.051645701141575575e-13
7.852120286585588621e-13
8.412839606106680762e-13
8.684283485303827015e-13
8.647832445479752715e-13
8.317329379057532047e-13
7.735140698233435134e-13
6.963915213483597861e-13
6.076142940449364654e-13
5.143770303014500985e-13
4.229699132452411270e-13
3.382270594791457273e-13
2.633046629468720721e-13
1.997510815734085356e-13
1.477836579979509182e-13
1.066686336396967884e-13
7.511035514020103063e-14
5.158478005760692459e-14
3.458660905370522044e-14
2.278799777942090108e-14
1.512452625535058827e-14
1.083119823737069829e-14
9.450690952854521948e-15
1.083119823735512617e-14
1.512452625533843665e-14
2.278799777941552420e-14
3.458660905372049910e-14
5.158478005762157216e-14
7.511035514019708002e-14
1.066686336396898969e-13
1.477836579979307738e-13
1.997510815734244895e-13
2.633046629468991837e-13
3.382270594791514828e-13
4.229699132452300704e-13
5.143770303014431313e-13
6.076142940449098082e-13
6.963915213483260607e-13
7.735140698233705745e-13
8.317329379057957148e-13
8.647832445480555460e-13
8.684283485304564127e-13
8.412839606106961470e-13
7.852120286586031898e-13
7.051645701141960286e-13
6.085049587201367171e-13
5.039822980740219787e-13
4.006172990369379272e-13
3.067397613402281353e-13
2.293122616223271426e-13
1.735310133993399764e-13
1.425671047765671037e-13
1.453442036174830031e-13
1.770960174743381512e-13
2.345296401518606725e-13
3.145607938076357967e-13
4.120693526318532459e-13
5.201032253075391470e-13
6.302187248017688578e-13
7.331134017775318081e-13
8.195816632661480502e-13
8.816729475394567611e-13
9.138096199886790393e-13
9.135828767643526937e-13
8.820152885389560330e-13
8.232303881448484158e-13
7.436344252106879736e-13
6.508262886607807180e-13
5.524804873977976179e-13
4.554086301550764043e-13
3.649287711059212412e-13
2.845868196059268386e-13
2.161980407516296514e-13
1.601222866997655492e-13
1.156625691213324058e-13
8.148369793511249266e-14
5.597710222463810411e-14
3.753505762217122941e-14
2.472944676913164019e-14
1.641051013938274402e-14
1.174972860434676438e-14
1.025105847377860355e-14
1.174972860434582563e-14
1.641051013938263358e-14
2.472944676911269806e-14
3.753505762216631323e-14
5.597710222463933474e-14
8.148369793512958254e-14
1.156625691213546707e-13
1.601222866997413912e-13
2.161980407516209928e-13
2.845868196059184577e-13
3.649287711059241695e-13
4.554086301550718604e-13
5.524804873978363920e-13
6.508262886608557418e-13
7.436344252107275555e-13
8.232303881449005185e-13
8.820152885390392357e-13
9.135828767643745042e-13
9.138096199886937815e-13
8.816729475395413775e-13
8.195816632661486560e-13
7.331134017774682954e-13
6.302187248017051431e-13
5.201032253075591399e-13
4.120693526318917171e-13
3.145607938076311519e-13
2.345296401518729913e-13
1.770960174743576644e-13
1.453442036174750262e-13
1.486968393207100832e-13
1.814041308429409332e-13
2.408476270919527654e-13
3.240568116101319937e-13
4.260172999398353258e-13
5.398070840255767072e-13
6.568624489608881725e-13
7.675524068411905596e-13
8.621189315191085053e-13
9.318830088362292406e-13
9.704736722359201491e-13
9.747717613374060331e-13
9.453122181992825012e-13
8.860422776707603414e-13
8.035185005557743289e-13
7.057634722848856626e-13
6.010508891796213904e-13
4.968540088037234826e-13
3.991122916779304522e-13
3.118777176505423933e-13
2.373169401682126232e-13
1.759820738479570353e-13
1.272315096688359369e-13
8.968545584909935757e-14
6.163079664916014568e-14
4.133043895558535976e-14
2.722838881640632609e-14
1.806549097951425717e-14
1.293157417384801188e-14
1.128075747280777801e-14
1.293157417384615805e-14
1.806549097951931219e-14
2.722838881640482410e-14
4.133043895557427153e-14
6.163079664914626173e-14
8.968545584911317842e-14
1.272315096688486091e-13
1.759820738479506740e-13
2.373169401682088872e-13
3.118777176505144234e-13
3.991122916779450430e-13
4.968540088037396385e-13
6.010508891796087686e-13
7.057634722849132286e-13
8.035185005558125981e-13
8.860422776707703379e-13
9.453122181992891655e-13
9.747717613374906495e-13
9.704736722359445849e-13
9.318830088362637738e-13
8.621189315191955451e-13
7.675524068412482158e-13
6.568624489609493629e-13
5.398070840256150774e-13
4.260172999398818749e-13
3.240568116101437067e-13
2.408476270919843198e-13
1.814041308429277056e-13
1.486968393207879595e-13
1.526350807795493891e-13
1.864706085885400698e-13
2.482957036073785286e-13
3.352859428038975929e-13
4.425706410328365115e-13
5.632879313377916443e-13
6.887585464481189195e-13
8.089834347445059978e-13
9.135557331700800282e-13
9.929148830486855088e-13
1.039704951823386912e-12
1.049900434180036950e-12
1.023388785207918925e-12
9.638504191452085770e-13
8.779863840769603336e-13
7.743165953387082362e-13
6.618459086371256247e-13
5.488707786208194582e-13
4.421145886530387254e-13
3.462759720808369200e-13
2.639774999348560157e-13
1.960273749646746048e-13
1.418658015903435387e-13
1.000657515344609985e-13
6.878804016820896449e-14
4.613543823647743356e-14
3.039180368624143028e-14
2.016013281137038625e-14
1.442703743476627225e-14
1.258354381449751637e-14
1.442703743476476080e-14
2.016013281137093845e-14
3.039180368624888343e-14
4.613543823648358668e-14
6.878804016822353002e-14
1.000657515344661356e-13
1.418658015903535351e-13
1.960273749646842983e-13
2.639774999348274400e-13
3.462759720807928952e-13
4.421145886530375137e-13
5.488707786207922962e-13
6.618459086371313802e-13
7.743165953387268155e-13
8.779863840770282892e-13
9.638504191453071278e-13
1.023388785207939322e-12
1.049900434180013928e-12
1.039704951823445275e-12
9.929148830487230713e-13
9.135557331701650485e-13
8.089834347445682989e-13
6.887585464481301276e-13
5.632879313378176956e-13
4.425706410328970455e-13
3.352859428039402040e-13
2.482957036073989254e-13
1.864706085885273218e-13
1.526350807795927576e-13
1.571699243716669201e-13
1.923122735966094481e-13
2.569068434163283044e-13
3.483140251964499007e-13
4.618548180359212415e-13
5.907705061042305261e-13
7.262844388528025445e-13
8.580002873876433301e-13
9.747673470317146569e-13
1.065977880775488787e-12
1.123071125534925366e-12
1.140878931433762606e-12
1.118437634134082612e-12
1.059033605973126174e-12
9.694852562294861125e-13
8.588809180637783519e-13
7.371030330405587470e-13
6.134591104446182271e-13
4.956507464381803178e-13
3.891950732328496712e-13
2.973013617914415345e-13
2.211164859967923123e-13
1.601996535450554474e-13
1.130776866951436581e-13
7.776228119557404312e-14
5.216059421683917856e-14
3.435811266128446159e-14
2.278585294726703274e-14
1.630118775079522833e-14
1.421601663824410530e-14
1.630118775078873443e-14
2.278585294726595043e-14
3.435811266126693626e-14
5.216059421684788758e-14
7.776228119554985980e-14
1.130776866951316295e-13
1.601996535450626923e-13
2.211164859967914035e-13
2.973013617914242680e-13
3.891950732328074640e-13
4.956507464382006136e-13
6.134591104446215593e-13
7.371030330405563236e-13
8.588809180638523660e-13
9.694852562295794127e-13
1.059033605973140310e-12
1.118437634134107250e-12
1.140878931433775127e-12
1.123071125534888611e-12
1.065977880775537861e-12
9.747673470318562227e-13
8.580002873877509685e-13
7.262844388528647446e-13
5.907705061042625349e-13
4.618548180359469899e-13
3.483140251964091071e-13
2.569068434163738438e-13
1.923122735966150522e-13
1.571699243717299785e-13
1.623129511375006238e-13
1.989470660286808228e-13
2.667168382492094901e-13
3.632136272524369375e-13
4.840099847283650202e-13
6.225091293683924529e-13
7.698725913946413872e-13
9.152918459082308278e-13
1.046781719707470537e-12
1.152509313524355056e-12
1.222456783836842559e-12
1.250027896908080937e-12
1.233148488518165818e-12
1.174534851501192879e-12
1.081065253579271945e-12
9.624609815814089042e-13
8.296443009489304969e-13
6.931535589112829372e-13
5.619027190537062616e-13
4.424392468354013034e-13
3.387240195579226040e-13
2.523500084647931383e-13
1.830473195438620861e-13
1.293033277296099563e-13
8.895621756238951625e-14
5.967634701851966389e-14
3.930508093890477463e-14
2.606003282097416931e-14
1.863756613526115748e-14
1.625083897224492360e-14
1.863756613527091411e-14
2.606003282095375359e-14
3.930508093890272990e-14
5.967634701852700976e-14
8.895621756240600029e-14
1.293033277296113952e-13
1.830473195438431030e-13
2.523500084647644616e-13
3.387240195579294198e-13
4.424392468354195797e-13
5.619027190537328178e-13
6.931535589113166626e-13
8.296443009489415031e-13
9.624609815814763549e-13
1.081065253579321422e-12
1.174534851501225393e-12
1.233148488518222162e-12
1.250027896908095074e-12
1.222456783836794697e-12
1.152509313524349805e-12
1.046781719707488914e-12
9.152918459082629376e-13
7.698725913946357326e-13
6.225091293684030552e-13
4.840099847283780459e-13
3.632136272523961439e-13
2.667168382491936371e-13
1.989470660287238630e-13
1.623129511374870933e-13
1.680759384613042625e-13
2.063935293190636729e-13
2.777635161031741388e-13
3.800628861165491587e-13
5.091894872481470115e-13
6.587862105228401213e-13
8.200101476232313532e-13
9.816450866958681149e-13
1.130789560290467925e-12
1.254196657676807126e-12
1.340103113879216330e-12
1.380140191283941268e-12
1.370793539471865982e-12
1.313968848845821973e-12
1.216503839936214027e-12
1.088804362970947345e-12
9.430111077289028785e-13
7.911512527434917532e-13
6.436349404048201916e-13
5.083027055305387729e-13
3.900761229439660739e-13
2.911344888273524123e-13
2.114507539532479383e-13
1.494879189058793312e-13
1.028854392165767742e-13
6.902886313908456469e-14
4.546019236464500826e-14
3.013286366673385439e-14
2.154306050202573816e-14
1.878098035732175735e-14
2.154306050203648245e-14
3.013286366673656807e-14
4.546019236465427895e-14
6.902886313906959527e-14
1.028854392165594067e-13
1.494879189058732980e-13
2.114507539532408954e-13
2.911344888273696284e-13
3.900761229440019702e-13
5.083027055305836054e-13
6.436349404048556335e-13
7.911512527435022546e-13
9.430111077289695215e-13
1.088804362971046097e-12
1.216503839936232808e-12
1.313968848845757956e-12
1.370793539471789241e-12
1.380140191283971156e-12
1.340103113879302158e-12
1.254196657676738464e-12
1.130789560290430565e-12
9.816450866958713461e-13
8.200101476232381184e-13
6.587862105228486031e-13
5.091894872480992508e-13
3.800628861166063101e-13
2.777635161031641424e-13
2.063935293190980041e-13
1.680759384613251137e-13
1.744704284301483694e-13
2.146702342693613689e-13
2.900858502879643271e-13
3.989441495380070940e-13
5.375580156623038555e-13
6.999102660875560717e-13
8.772379855895929080e-13
1.057947717341092552e-12
1.228154934195352257e-12
1.373002290748243364e-12
1.478653864450340800e-12
1.534554271447701943e-12
1.535331394956846698e-12
1.481755114531273811e-12
1.380462103734531803e-12
1.242571681268996666e-12
1.081637101307935890e-12
9.114774998244767981e-13
7.443445544687516133e-13
5.896992339777131528e-13
4.536900183590565592e-13
3.392660101953241071e-13
2.467422606638358058e-13
1.745848313748574066e-13
1.202094407074747689e-13
8.066076143435076723e-14
5.311423037235037083e-14
3.519631762882457792e-14
2.515430915539716944e-14
2.192529689282986543e-14
2.515430915539601455e-14
3.519631762882946254e-14
5.311423037235318548e-14
8.066076143435008566e-14
1.202094407074836042e-13
1.745848313748689934e-13
2.467422606638222248e-13
3.392660101953100212e-13
4.536900183590804900e-13
5.896992339777474840e-13
7.443445544687778666e-13
9.114774998244275226e-13
1.081637101307910243e-12
1.242571681269055635e-12
1.380462103734646509e-12
1.481755114531443447e-12
1.535331394957079948e-12
1.534554271447808774e-12
1.478653864450362611e-12
1.373002290748368572e-12
1.228154934195477465e-12
1.057947717341151117e-12
8.772379855896250178e-13
6.999102660875798007e-13
5.375580156623034516e-13
3.989441495380123447e-13
2.900858502880188531e-13
2.146702342693554619e-13
1.744704284301820948e-13
1.815072557613252135e-13
2.237951437278403436e-13
3.037229584330503334e-13
4.199424094232847026e-13
5.692893847793693818e-13
7.462133487699942666e-13
9.421489918652249535e-13
1.145190102465363093e-12
1.340425946657808097e-12
1.511190511348612690e-12
1.641207849804231635e-12
1.717240723116410867e-12
1.731532739747459780e-12
1.683282159088274488e-12
1.578680551430346143e-12
1.429552253103882348e-12
1.251069685731666636e-12
1.059199618188825761e-12
8.684566116671791512e-13
6.903314079874737439e-13
5.325394117365319188e-13
3.990400393327615817e-13
2.906268784144916663e-13
2.058146131825566304e-13
1.417722802049336728e-13
9.513823662177539552e-14
6.263904289915459728e-14
4.149589834675291122e-14
2.964610823105554043e-14
2.583586712113516415e-14
2.964610823102973521e-14
4.149589834672493505e-14
6.263904289917676111e-14
9.513823662179989438e-14
1.417722802049343544e-13
2.058146131825724833e-13
2.906268784144844466e-13
3.990400393327376003e-13
5.325394117365324237e-13
6.903314079875023196e-13
8.684566116671906622e-13
1.059199618188882104e-12
1.251069685731738126e-12
1.429552253103905168e-12
1.578680551430410767e-12
1.683282159088329015e-12
1.731532739747443827e-12
1.717240723116380171e-12
1.641207849804288584e-12
1.511190511348633895e-12
1.340425946657764678e-12
1.145190102465410551e-12
9.421489918652695841e-13
7.462133487700519228e-13
5.692893847794222923e-13
4.199424094232627407e-13
3.037229584331007195e-13
2.237951437278330230e-13
1.815072557613372294e-13
1.891960390300483850e-13
2.337849214625025408e-13
3.187129922686510656e-13
4.431435166543296681e-13
6.045639028507290749e-13
7.980477772262782074e-13
1.015385322137977805e-12
1.244466081171138352e-12
1.469344979788559998e-12
1.671356380279016169e-12
1.831378097406305246e-12
1.932903393483250927e-12
1.965131368791012801e-12
1.925109221241450452e-12
1.818223958571652796e-12
1.656937531602812922e-12
1.458253916434522154e-12
1.240703308039149705e-12
1.021578028491256378e-12
8.149119140868134276e-13
6.304227623261303440e-13
4.733960252944196614e-13
3.452908872187906947e-13
2.447426503865317363e-13
1.686559162520503120e-13
1.131865625098801536e-13
7.451078615329287729e-14
4.934604255642597277e-14
3.524246326845978671e-14
3.070764983383015750e-14
3.524246326845959107e-14
4.934604255641668315e-14
7.451078615328895192e-14
1.131865625099014212e-13
1.686559162520378669e-13
2.447426503865284546e-13
3.452908872187689348e-13
4.733960252944279413e-13
6.304227623261063122e-13
8.149119140868087828e-13
1.021578028491263042e-12
1.240703308039222002e-12
1.458253916434542349e-12
1.656937531602799594e-12
1.818223958571693186e-12
1.925109221241441566e-12
1.965131368791007146e-12
1.932903393483385021e-12
1.831378097406473671e-12
1.671356380278988098e-12
1.469344979788642797e-12
1.244466081171127043e-12
1.015385322137892381e-12
7.980477772262964838e-13
6.045639028507559341e-13
4.431435166543373927e-13
3.187129922686625262e-13
2.337849214624907773e-13
1.891960390300485364e-13
1.975446398818079186e-13
2.446541901631673717e-13
3.350919211285311295e-13
4.686321698044369074e-13
6.435652890984085546e-13
8.557820524410903496e-13
1.097634390802236017e-12
1.356972203096541819e-12
1.616857794035955467e-12
1.856455687324753510e-12
2.053357513086470877e-12
2.187096551105547758e-12
2.243004775344343379e-12
2.215213497884629987e-12
2.107787315570720527e-12
1.933667981606253144e-12
1.711896865360594135e-12
1.464050546255674587e-12
1.210828737590348762e-12
9.694537041564248456e-13
7.522047017869272709e-13
5.661082184594570303e-13
4.135450408937546409e-13
2.933814820027710664e-13
2.022502489359319190e-13
1.357365901922056498e-13
8.934035596342897643e-14
5.915033453844433991e-14
4.223115249059144321e-14
3.679123788014232139e-14
4.223115249061742513e-14
5.915033453844329230e-14
8.934035596340418726e-14
1.357365901921978495e-13
2.022502489359308588e-13
2.933814820027417334e-13
4.135450408937255604e-13
5.661082184594267380e-13
7.522047017869322186e-13
9.694537041564367605e-13
1.210828737590389555e-12
1.464050546255767080e-12
1.711896865360635736e-12
1.933667981606287879e-12
2.107787315570718508e-12
2.215213497884679666e-12
2.243004775344458893e-12
2.187096551105522717e-12
2.053357513086524596e-12
1.856455687324842771e-12
1.616857794036145702e-12
1.356972203096634109e-12
1.097634390802461997e-12
8.557820524411991998e-13
6.435652890984200656e-13
4.686321698044961793e-13
3.350919211284963439e-13
2.446541901632733946e-13
1.975446398818072875e-13
2.065585959687733822e-13
2.564147450343349502e-13
3.528922147541247636e-13
4.964896745639654040e-13
6.864771056759098611e-13
9.197958458582212548e-13
1.189623308751245765e-12
1.484004830617035074e-12
1.785120624100523204e-12
2.069835044946083132e-12
2.311990586688991882e-12
2.486359352641806010e-12
2.573388961258425741e-12
2.563292411098297473e-12
2.458077973160162915e-12
2.270873580433523302e-12
2.022936199584658891e-12
1.739444224660287588e-12
1.445274691931497589e-12
1.161651493364113435e-12
9.041347747624993366e-13
6.820382195519232014e-13
4.990141389079987039e-13
3.543258667425576129e-13
2.443452076931536746e-13
1.639856850119471195e-13
1.079132594772924317e-13
7.142808295495561583e-14
5.098297780680171767e-14
4.440976586456837374e-14
5.098297780682264457e-14
7.142808295496409766e-14
1.079132594772737893e-13
1.639856850119125106e-13
2.443452076931429208e-13
3.543258667425945189e-13
4.990141389080113256e-13
6.820382195519292598e-13
9.041347747625430584e-13
1.161651493364123331e-12
1.445274691931496378e-12
1.739444224660287185e-12
2.022936199584680701e-12
2.270873580433577424e-12
2.458077973160206536e-12
2.563292411098289799e-12
2.573388961258386563e-12
2.486359352641758350e-12
2.311990586688905448e-12
2.069835044946134023e-12
1.785120624100498567e-12
1.484004830617098890e-12
1.189623308751379252e-12
9.197958458582555860e-13
6.864771056759184440e-13
4.964896745639158256e-13
3.528922147541695456e-13
2.564147450342952673e-13
2.065585959687519252e-13
2.162405344859209629e-13
2.690747311328131736e-13
3.721414341075540273e-13
5.267914761322877398e-13
7.334786770941394549e-13
9.904739484004752126e-13
1.292111470775817498e-12
1.626954473707347537e-12
1.976504191079627234e-12
2.315260724625132072e-12
2.612850156490828716e-12
2.838368558222170969e-12
2.966132526426000253e-12
2.981132269510889577e-12
2.882292875367084695e-12
2.682433982390240997e-12
2.405144212509316684e-12
2.079833126745787524e-12
1.736495814581989093e-12
1.401384941680439807e-12
1.094269604289162619e-12
8.274702774836381270e-13
6.063886366445475468e-13
4.309314565976910069e-13
2.972519624302705450e-13
1.994776273070427423e-13
1.312418946851502369e-13
8.684932780341073628e-14
6.197729703192998969e-14
5.398141510488461563e-14
6.197729703190829286e-14
8.684932780339415127e-14
1.312418946851710881e-13
1.994776273070837378e-13
2.972519624303063908e-13
4.309314565976907040e-13
6.063886366445894511e-13
8.274702774836534750e-13
1.094269604289151512e-12
1.401384941680429508e-12
1.736495814582026858e-12
2.079833126745879612e-12
2.405144212509458048e-12
2.682433982390318141e-12
2.882292875367110545e-12
2.981132269510943699e-12
2.966132526426080629e-12
2.838368558222268309e-12
2.612850156490901014e-12
2.315260724625105011e-12
1.976504191079739114e-12
1.626954473707336228e-12
1.292111470775834461e-12
9.904739484005240841e-13
7.334786770942024628e-13
5.267914761323407512e-13
3.721414341076020405e-13
2.690747311327886873e-13
2.162405344858893328e-13
2.265895743724807175e-13
2.826377944461451202e-13
3.928607424841429301e-13
5.596044735705128700e-13
7.847404806664638835e-13
1.068199079533638101e-12
1.405880984455602375e-12
1.787296646006551689e-12
2.193593319658494975e-12
2.596944373665086941e-12
2.962317549470927568e-12
3.252109825523707376e-12
3.432995287800336153e-12
3.483056665776381219e-12
3.396714394820878487e-12
3.185691920287449289e-12
2.875908484719924667e-12
2.501702110736021330e-12
2.099333410776044989e-12
1.701384511995742283e-12
1.333033874694126382e-12
1.010557889360200031e-12
7.417595555141222831e-13
5.275516263765306624e-13
3.639626044608168533e-13
2.442073953176292240e-13
1.606341344172007583e-13
1.062810377770891177e-13
7.583600385298672854e-14
6.604949398603771380e-14
7.583600385295824120e-14
1.062810377770960092e-13
1.606341344171992437e-13
2.442073953176277598e-13
3.639626044608228613e-13
5.275516263765520689e-13
7.417595555141562104e-13
1.010557889360209523e-12
1.333033874694173032e-12
1.701384511995777221e-12
2.099333410776166158e-12
2.501702110736096859e-12
2.875908484719988079e-12
3.185691920287467060e-12
3.396714394820935840e-12
3.483056665776628807e-12
3.432995287800564354e-12
3.252109825523764325e-12
2.962317549470914240e-12
2.596944373665227901e-12
2.193593319658637954e-12
1.787296646006634084e-12
1.405880984455649227e-12
1.068199079533769772e-12
7.847404806665303245e-13
5.596044735705632561e-13
3.928607424841041056e-13
2.826377944461619829e-13
2.265895743724945005e-13
2.376007264536634814e-13
2.971022186347831259e-13
4.150633532066448746e-13
5.949841331463631693e-13
8.404190054328733875e-13
1.153343472784293935e-12
1.531724634607052041e-12
1.966578462147902785e-12
2.439180597898320316e-12
2.919563172454555983e-12
3.367663469610330435e-12
3.738066917104909502e-12
3.987996524522294295e-12
4.086470012292024319e-12
4.021453878472327517e-12
3.802363102964847696e-12
3.457243549655054727e-12
3.026107590645553943e-12
2.552877095404040189e-12
2.078115527492889193e-12
1.633968240869158279e-12
1.241920599975624391e-12
9.130655488622053145e-13
6.498519481145548015e-13
4.483605813057471490e-13
3.007585102614813650e-13
1.977832998633566472e-13
1.308481817785335784e-13
9.336891973230841001e-14
8.132282982839628145e-14
9.336891973232200366e-14
1.308481817785357494e-13
1.977832998633506140e-13
3.007585102614613216e-13
4.483605813057547725e-13
6.498519481144997705e-13
9.130655488622253074e-13
1.241920599975662761e-12
1.633968240869149394e-12
2.078115527492852842e-12
2.552877095404005454e-12
3.026107590645559598e-12
3.457243549655159336e-12
3.802363102965008447e-12
4.021453878472378408e-12
4.086470012292031589e-12
3.987996524522341955e-12
3.738066917104991089e-12
3.367663469610413638e-12
2.919563172454569715e-12
2.439180597898439870e-12
1.966578462147894707e-12
1.531724634606930468e-12
1.153343472784294137e-12
8.404190054329666877e-13
5.949841331463303527e-13
4.150633532066480048e-13
2.971022186347669196e-13
2.376007264536745886e-13
2.492643019859509912e-13
3.124600613324995919e-13
4.387529344946306438e-13
6.329714269642295172e-13
9.006510945140013910e-13
1.246259179859581400e-12
1.670431095140934298e-12
2.166400145967835629e-12
2.716252258803963512e-12
3.288271313256420757e-12
3.837125767577864887e-12
4.308426635775959438e-12
4.647817223209673278e-12
4.812513573844317312e-12
4.781378659306760530e-12
4.559698269822321382e-12
4.177105485533653127e-12
3.680039028340656530e-12
3.121772487106344986e-12
2.552955832716024433e-12
2.014729750540210429e-12
1.535444174817410942e-12
1.130691395369632461e-12
8.052283949755665018e-13
5.554979194906792663e-13
3.724827979711953514e-13
2.448860994941418464e-13
1.620145818865038213e-13
1.156346743542957464e-13
1.007302871112945624e-13
1.156346743543272756e-13
1.620145818864776690e-13
2.448860994941302344e-13
3.724827979712069130e-13
5.554979194906806799e-13
8.052283949755636745e-13
1.130691395369631856e-12
1.535444174817455371e-12
2.014729750540315039e-12
2.552955832716129042e-12
3.121772487106385376e-12
3.680039028340693689e-12
4.177105485533687055e-12
4.559698269822394891e-12
4.781378659306852619e-12
4.812513573844277730e-12
4.647817223209701551e-12
4.308426635776100802e-12
3.837125767577992518e-12
3.288271313256569795e-12
2.716252258803908178e-12
2.166400145967916408e-12
1.670431095141053043e-12
1.246259179859662785e-12
9.006510945141170065e-13
6.329714269641887237e-13
4.387529344946162549e-13
3.124600613325243811e-13
2.492643019859958742e-13
2.615653411892977787e-13
3.286963058405245348e-13
4.639219966179208564e-13
6.735896335197177149e-13
9.655478069731828517e-13
1.347267070837123601e-12
1.822767137863814754e-12
2.388390597479428836e-12
3.027964214757009519e-12
3.708698909909038402e-12
4.379978644289828556e-12
4.977295085151294763e-12
5.432259090471918574e-12
5.686852892755177586e-12
5.707265996470830572e-12
5.491968848265064816e-12
5.071104691298411707e-12
4.498215167193106773e-12
3.837959951891133504e-12
3.153769778482886451e-12
2.498434520883053908e-12
1.909357175674797868e-12
1.408271578137038566e-12
1.003364162324760351e-12
6.919599726107762420e-13
4.637350167111383805e-13
3.047969320146683153e-13
2.016900577631420510e-13
1.440226886243866093e-13
1.254947460243032972e-13
1.440226886243198906e-13
2.016900577631051954e-13
3.047969320146831585e-13
4.637350167112205735e-13
6.919599726108447025e-13
1.003364162324740358e-12
1.408271578137055530e-12
1.909357175674879859e-12
2.498434520883156498e-12
3.153769778482992676e-12
3.837959951891212668e-12
4.498215167193176243e-12
5.071104691298510258e-12
5.491968848265216681e-12
5.707265996471005863e-12
5.686852892755317334e-12
5.432259090472021163e-12
4.977295085151553257e-12
4.379978644289799476e-12
3.708698909909102217e-12
3.027964214757452190e-12
2.388390597479799613e-12
1.822767137863995700e-12
1.347267070837266176e-12
9.655478069730635002e-13
6.735896335197296298e-13
4.639219966179989095e-13
3.286963058405286747e-13
2.615653411893153987e-13
2.744830743479750999e-13
3.457880458773150340e-13
4.905502910249158062e-13
7.168410480330038866e-13
1.035187859914822219e-12
1.456644553638728682e-12
1.989456649672703828e-12
2.634176186354980296e-12
3.377605963058799556e-12
4.186933606671274921e-12
5.006585880340021174e-12
5.760917731690762216e-12
6.364760169645928217e-12
6.740616096403178963e-12
6.837236010928043590e-12
6.642367572193754141e-12
6.184743127194051687e-12
5.525461921808902053e-12
4.742994613204660144e-12
3.917018975233252027e-12
3.115466046640119977e-12
2.387684881324295168e-12
1.763772697002528297e-12
1.256971761164995975e-12
8.663441778099526437e-13
5.801777223301723438e-13
3.812290827317698762e-13
2.523724329327473475e-13
1.803639750056106043e-13
1.572339907014962928e-13
1.803639750056232261e-13
2.523724329327796592e-13
3.812290827317740161e-13
5.801777223301575006e-13
8.663441778099358820e-13
1.256971761165063224e-12
1.763772697002567879e-12
2.387684881324398970e-12
3.115466046640163598e-12
3.917018975233326344e-12
4.742994613204736076e-12
5.525461921808986063e-12
6.184743127194258482e-12
6.642367572193918123e-12
6.837236010928286736e-12
6.740616096403428571e-12
6.364760169645969414e-12
5.760917731690940739e-12
5.006585880340194042e-12
4.186933606671277345e-12
3.377605963058722008e-12
2.634176186354807428e-12
1.989456649672713926e-12
1.456644553638795729e-12
1.035187859914765875e-12
7.168410480330489211e-13
4.905502910249065166e-13
3.457880458773682474e-13
2.744830743480352806e-13
2.879904288865035750e-13
3.637037226811004649e-13
5.186032556005041779e-13
7.627036621768743593e-13
1.109610739372415785e-12
1.574612092625559321e-12
2.171156359946356256e-12
2.905342015761990147e-12
3.768549936786041043e-12
4.729479287907925806e-12
5.728428329164333256e-12
6.677891491766312835e-12
7.472962054395574837e-12
8.011501399597590306e-12
8.218524719701328891e-12
8.065440213319527712e-12
7.576343476072776911e-12
6.819871037110758907e-12
5.891153054243515038e-12
4.890602702927464208e-12
3.905919829924540897e-12
3.002221325735516704e-12
2.220956978245434379e-12
1.582782862069670680e-12
1.089886047543952183e-12
7.291746605485187477e-13
4.790156151559349815e-13
3.173355407545392299e-13
2.270813168014811581e-13
1.980988928560962463e-13
2.270813168014404908e-13
3.173355407545619995e-13
4.790156151559115555e-13
7.291746605485593393e-13
1.089886047543984495e-12
1.582782862069689461e-12
2.220956978245400048e-12
3.002221325735530033e-12
3.905919829924572401e-12
4.890602702927591032e-12
5.891153054243792919e-12
6.819871037110858266e-12
7.576343476072702594e-12
8.065440213319694117e-12
8.218524719701440367e-12
8.011501399597721169e-12
7.472962054395823637e-12
6.677891491766661802e-12
5.728428329164247630e-12
4.729479287907961349e-12
3.768549936786104858e-12
2.905342015762146051e-12
2.171156359946501255e-12
1.574612092625610010e-12
1.109610739372476369e-12
7.627036621768618385e-13
5.186032556004929697e-13
3.637037226810872373e-13
2.879904288865992986e-13
3.020535964125233566e-13
3.824024350984152456e-13
5.480305443591448597e-13
8.111278847211778011e-13
1.188809598911883316e-12
1.701318673520208122e-12
2.368428302156273726e-12
3.203385048528163079e-12
4.204183842789602881e-12
5.343185470071601151e-12
6.558093192636653674e-12
7.749351451567382378e-12
8.789316163400164923e-12
9.545067895401022650e-12
9.909666743584420554e-12
9.830194862560371785e-12
9.320892159447096802e-12
8.457010198180484010e-12
7.353608905310536667e-12
6.137694358511260735e-12
4.922922425791465207e-12
3.795218167065226974e-12
2.811370583846263567e-12
2.002869966382740464e-12
1.377273090343500415e-12
9.202931235864687913e-13
6.044447112644717537e-13
4.008773927021159621e-13
2.873932055017570589e-13
2.509633504868267271e-13
2.873932055017539287e-13
4.008773927020986450e-13
6.044447112644208627e-13
9.202931235864534432e-13
1.377273090343438619e-12
2.002869966382736829e-12
2.811370583846295879e-12
3.795218167065364299e-12
4.922922425791625151e-12
6.137694358511476416e-12
7.353608905311034268e-12
8.457010198180916988e-12
9.320892159447369836e-12
9.830194862560660975e-12
9.909666743584808295e-12
9.545067895401420085e-12
8.789316163400581744e-12
7.749351451567668337e-12
6.558093192636727183e-12
5.343185470071662543e-12
4.204183842789783827e-12
3.203385048528344832e-12
2.368428302156365006e-12
1.701318673520346456e-12
1.188809598911890586e-12
8.111278847211006569e-13
5.480305443591851484e-13
3.824024350983544591e-13
3.020535964126965778e-13
3.166316740191947139e-13
4.018333442425503371e-13
5.787646834810816314e-13
8.620333861538480179e-13
1.272724096896493262e-12
1.836826439072729569e-12
2.581709190048980734e-12
3.529658723480721850e-12
4.687823659373406530e-12
6.035140289485226033e-12
7.509209610545511807e-12
8.999107655577543028e-12
1.035170536920660781e-11
1.139621458405093976e-11
1.198316329564024834e-11
1.202407113701476237e-11
1.151508983494562171e-11
1.053555365646192239e-11
9.224066929236143112e-12
7.741944263664085121e-12
6.237160457878884741e-12
4.823075350031473076e-12
3.577062515223006626e-12
2.546414378285005987e-12
1.747695016675648388e-12
1.165935625346159816e-12
7.656848640226076758e-13
5.086458661572834489e-13
3.655908966102707737e-13
3.196860123870634864e-13
3.655908966103165655e-13
5.086458661572663843e-13
7.656848640226430167e-13
1.165935625346079036e-12
1.747695016675708367e-12
2.546414378285095248e-12
3.577062515222995317e-12
4.823075350031502964e-12
6.237160457878961482e-12
7.741944263664299994e-12
9.224066929236345060e-12
1.053555365646243130e-11
1.151508983494620655e-11
1.202407113701559925e-11
1.198316329564083157e-11
1.139621458405125157e-11
1.035170536920697778e-11
8.999107655577560799e-12
7.509209610545878545e-12
6.035140289485437675e-12
4.687823659373720762e-12
3.529658723481057085e-12
2.581709190048968617e-12
1.836826439072996544e-12
1.272724096896525170e-12
8.620333861538670011e-13
5.787646834810856704e-13
4.018333442425424106e-13
3.166316740193114905e-13
3.316763940875648598e-13
4.219351947625713261e-13
6.107198984185565732e-13
9.153061609206479315e-13
1.361233355764677994e-12
1.981094805155499232e-12
2.811277079486697154e-12
3.885309027441965985e-12
5.222605318307131238e-12
6.812519629149284892e-12
8.596312037522549271e-12
1.045369858363766730e-11
1.220404133895391627e-11
1.363083581592856480e-11
1.452871135784775143e-11
1.475799241631807667e-11
1.428399655015408152e-11
1.318483796878171360e-11
1.162639653134903714e-11
9.814567593666650927e-12
7.943098284892260786e-12
6.161450101592914611e-12
4.574336314283564945e-12
3.252079883381889346e-12
2.226185872710536801e-12
1.482116551737082898e-12
9.733128988532805646e-13
6.480618693623937917e-13
4.674140502144071332e-13
4.094711035350339968e-13
4.674140502143046444e-13
6.480618693624700272e-13
9.733128988533427647e-13
1.482116551737173169e-12
2.226185872710695533e-12
3.252079883381823107e-12
4.574336314283655418e-12
6.161450101593194916e-12
7.943098284892543513e-12
9.814567593667070980e-12
1.162639653134950082e-11
1.318483796878211427e-11
1.428399655015450804e-11
1.475799241631826085e-11
1.452871135784785321e-11
1.363083581592907856e-11
1.220404133895424908e-11
1.045369858363787410e-11
8.596312037522966092e-12
6.812519629149528845e-12
5.222605318306994721e-12
3.885309027442408656e-12
2.811277079486624856e-12
1.981094805155800539e-12
1.361233355764626295e-12
9.153061609207303264e-13
6.107198984185455670e-13
4.219351947625807167e-13
3.316763940875993425e-13
3.471319563886916169e-13
4.426359746413874868e-13
6.437911585772151863e-13
9.707959098784343434e-13
1.454149257907494852e-12
2.133964457407135885e-12
3.057215909822061974e-12
4.271202437729670261e-12
5.811353730229475416e-12
7.682385041631415272e-12
9.834610086947158084e-12
1.214231760154891966e-11
1.439677605739674124e-11
1.632761317919193440e-11
1.765705901092421460e-11
1.817276680902961473e-11
1.778977920036950669e-11
1.657503438315709258e-11
1.472502018411910958e-11
1.250405014220014475e-11
1.016757618507451015e-11
7.912406101757070135e-12
5.878991747831240249e-12
4.171222141230247000e-12
2.845320725997467789e-12
1.889386736310915778e-12
1.240949454310327670e-12
8.288603711863366748e-13
6.005570287895220061e-13
5.273643837057061672e-13
6.005570287895734020e-13
8.288603711865614433e-13
1.240949454310421172e-12
1.889386736310820862e-12
2.845320725997437093e-12
4.171222141230379478e-12
5.878991747831309719e-12
7.912406101757015205e-12
1.016757618507474926e-11
1.250405014220081683e-11
1.472502018411916128e-11
1.657503438315718628e-11
1.778977920036999136e-11
1.817276680902980860e-11
1.765705901092458295e-11
1.632761317919223167e-11
1.439677605739751672e-11
1.214231760154860139e-11
9.834610086947167778e-12
7.682385041631408809e-12
5.811353730229570735e-12
4.271202437729734884e-12
3.057215909822239285e-12
2.133964457407292597e-12
1.454149257907694781e-12
9.707959098784517110e-13
6.437911585772717318e-13
4.426359746413739562e-13
3.471319563886104841e-13
3.629349754057822177e-13
4.638527346527812758e-13
6.778534865745763197e-13
1.028313852175726833e-12
1.551210320933435914e-12
2.295141720147023878e-12
3.319378767872535686e-12
4.687846714452199745e-12
6.456428786340366989e-12
8.651423945752523040e-12
1.123964149742562937e-11
1.409655730200319064e-11
1.698723712940422440e-11
1.957985940764368341e-11
2.150452082840277043e-11
2.244714021769518754e-11
2.224322095011404950e-11
2.093088728188440929e-11
1.873911849320213902e-11
1.600951546120515783e-11
1.308180181316154506e-11
1.021455043849926627e-11
7.593769711965440284e-12
5.372281177380247026e-12
3.647338369520944603e-12
2.413884158124464763e-12
1.585988354810181325e-12
1.063765239498353146e-12
7.753433584755242125e-13
6.829291437368484236e-13
7.753433584755979237e-13
1.063765239498290744e-12
1.585988354810267557e-12
2.413884158124425989e-12
3.647338369520925216e-12
5.372281177380386774e-12
7.593769711965698778e-12
1.021455043849971056e-11
1.308180181316203297e-11
1.600951546120559081e-11
1.873911849320287573e-11
2.093088728188551759e-11
2.224322095011497361e-11
2.244714021769623767e-11
2.150452082840394981e-11
1.957985940764457198e-11
1.698723712940470261e-11
1.409655730200370117e-11
1.123964149742599126e-11
8.651423945752839695e-12
6.456428786340223202e-12
4.687846714452274062e-12
3.319378767872456927e-12
2.295141720146807389e-12
1.551210320933691177e-12
1.028313852175629494e-12
6.778534865746086315e-13
4.638527346528048028e-13
3.629349754056625633e-13
3.790145544578971706e-13
4.854915870886879663e-13
7.127615780584881825e-13
1.087631079313521415e-12
1.652076418165797954e-12
2.464183876873233622e-12
3.597350983561761175e-12
5.135306194950169882e-12
7.159549326652319261e-12
9.725627347082623760e-12
1.282678432495709169e-11
1.634990529271881118e-11
2.003966013398315513e-11
2.349726302795842006e-11
2.623812231281031976e-11
2.780782381488264279e-11
2.791883790923909390e-11
2.655032336222033886e-11
2.396215358094395235e-11
2.059925121292932995e-11
1.691823320665550745e-11
1.325762736820760077e-11
9.859143126773482624e-12
6.946906457751621301e-12
4.686778809205014957e-12
3.088448924196522896e-12
2.030374224065180467e-12
1.369300869848071891e-12
1.005607035770061911e-12
8.891533589033167381e-13
1.005607035770074432e-12
1.369300869848004441e-12
2.030374224065209144e-12
3.088448924196617811e-12
4.686778809205098968e-12
6.946906457751716620e-12
9.859143126773658723e-12
1.325762736820788350e-11
1.691823320665601475e-11
2.059925121293002142e-11
2.396215358094437886e-11
2.655032336222090755e-11
2.791883790924018927e-11
2.780782381488380278e-11
2.623812231281165423e-11
2.349726302795968345e-11
2.003966013398361718e-11
1.634990529271899536e-11
1.282678432495738088e-11
9.725627347082551059e-12
7.159549326652467895e-12
5.135306194950517233e-12
3.597350983562023708e-12
2.464183876873202926e-12
1.652076418165891456e-12
1.087631079313526060e-12
7.127615780585105988e-13
4.854915870887199751e-13
3.790145544578004373e-13
3.952924963875197078e-13
5.074479010692499126e-13
7.483497753482262846e-13
1.148477563904320213e-12
1.756324625876215274e-12
2.640486099027092581e-12
3.890414435249244296e-12
5.613114005191941273e-12
7.921597825203254642e-12
1.090990329677119426e-11
1.461060627506179656e-11
1.893691544921917326e-11
2.362474831834465193e-11
2.820728648189366854e-11
3.206122300747940455e-11
3.454179241652971674e-11
3.517466259051370833e-11
3.382972409649212100e-11
3.078884920817985898e-11
2.663655983600779168e-11
2.199458613274169652e-11
1.730387285875277196e-11
1.286931912562919873e-11
9.018714323271061780e-12
6.033763371824423194e-12
3.953686445568258961e-12
2.601336406823701500e-12
1.766719668594807487e-12
1.309812375718314483e-12
1.163638367111063941e-12
1.309812375718344775e-12
1.766719668594817180e-12
2.601336406823684940e-12
3.953686445568255730e-12
6.033763371824424810e-12
9.018714323271055317e-12
1.286931912562953154e-11
1.730387285875315647e-11
2.199458613274213273e-11
2.663655983600832159e-11
3.078884920818075725e-11
3.382972409649289002e-11
3.517466259051459367e-11
3.454179241653082180e-11
3.206122300748032221e-11
2.820728648189488993e-11
2.362474831834576992e-11
1.893691544922005537e-11
1.461060627506256881e-11
1.090990329677112641e-11
7.921597825203379043e-12
5.613114005192093946e-12
3.890414435249189366e-12
2.640486099027062288e-12
1.756324625876328971e-12
1.148477563904275987e-12
7.483497753482379976e-13
5.074479010692913120e-13
3.952924963873805654e-13
4.116836582859937628e-13
5.296067086551246865e-13
7.844324335876375645e-13
1.210541930991576249e-12
1.863446484736228917e-12
2.823270699783484612e-12
4.197514696531900526e-12
6.120184420236621887e-12
8.742410686256776315e-12
1.220762865581967301e-11
1.660403429709008396e-11
2.189197370202605954e-11
2.781854335887395629e-11
3.385583946080158994e-11
3.921926509240343857e-11
4.301103276416082673e-11
4.447797476499290071e-11
4.329831972106696972e-11
3.975269670801677696e-11
3.461608471086166091e-11
2.874830596765483610e-11
2.271976449269854771e-11
1.689652622635128187e-11
1.175617390821447682e-11
7.778124697319073170e-12
5.058805985464236655e-12
3.331940652421258232e-12
2.282996343903950889e-12
1.712428878911801701e-12
1.530109218330103233e-12
1.712428878911918630e-12
2.282996343904030861e-12
3.331940652421248135e-12
5.058805985464254426e-12
7.778124697319079632e-12
1.175617390821457537e-11
1.689652622635144019e-11
2.271976449269898392e-11
2.874830596765576022e-11
3.461608471086254625e-11
3.975269670801800481e-11
4.329831972106821695e-11
4.447797476499403808e-11
4.301103276416193826e-11
3.921926509240470519e-11
3.385583946080244297e-11
2.781854335887489333e-11
2.189197370202649575e-11
1.660403429709077220e-11
1.220762865581957122e-11
8.742410686256664839e-12
6.120184420236931272e-12
4.197514696532317348e-12
2.823270699783398178e-12
1.863446484736201452e-12
1.210541930991576048e-12
7.844324335876607885e-13
5.296067086551519495e-13
4.116836582859140942e-13
4.280964549890466997e-13
5.518433320991900628e-13
8.208047115979850788e-13
1.273472090208878392e-12
1.972846957113968824e-12
3.011579464930955048e-12
4.517232872851748711e-12
6.654729426666497445e-12
9.620561500662748589e-12
1.362014756900902415e-11
1.881733722664248614e-11
2.524758086905691111e-11
3.270034747044979119e-11
4.060668125694903236e-11
4.800496991850079137e-11
5.366963054936959356e-11
5.643842965646535763e-11
5.566506004399725685e-11
5.157843554175219620e-11
4.521523763581973541e-11
3.778651078846321665e-11
3.002391266199758125e-11
2.232866816995240150e-11
1.539210003428074456e-11
1.003472335066957948e-11
6.462034486508843601e-12
4.261325550992715523e-12
2.951847040615745913e-12
2.245576336011799605e-12
2.020282575800362899e-12
2.245576336011601292e-12
2.951847040615720064e-12
4.261325550992826190e-12
6.462034486508963963e-12
1.003472335066963925e-11
1.539210003428076395e-11
2.232866816995298311e-11
3.002391266199788498e-11
3.778651078846327481e-11
4.521523763582088571e-11
5.157843554175363730e-11
5.566506004399956391e-11
5.643842965646770993e-11
5.366963054937128024e-11
4.800496991850362834e-11
4.060668125695069318e-11
3.270034747045205947e-11
2.524758086905799032e-11
1.881733722664326162e-11
1.362014756900905000e-11
9.620561500663011930e-12
6.654729426666895687e-12
4.517232872852021746e-12
3.011579464931054003e-12
1.972846957113993865e-12
1.273472090208965230e-12
8.208047115980170876e-13
5.518433320991437156e-13
4.280964549889975253e-13
4.444335129261702407e-13
5.740242379523124304e-13
8.572438111939166187e-13
1.336876812210893138e-12
2.083845342298162507e-12
3.204269815976909847e-12
4.847764130627213472e-12
7.214184296087896469e-12
1.055314724203750384e-11
1.514623230553851733e-11
2.125692927479977217e-11
2.903209151779173187e-11
3.834940849759970908e-11
4.863880871970963320e-11
5.876181581457112952e-11
6.708248816157999159e-11
7.185001413670734921e-11
7.188249353526061227e-11
6.725604438524161150e-11
5.936761258343730685e-11
4.995894010028389747e-11
3.996020599259306244e-11
2.972877677324993728e-11
2.025379471525619384e-11
1.295042375484029119e-11
8.230474092371361648e-12
5.434694047529600518e-12
3.814907654545136337e-12
2.951072206592275187e-12
2.676220896032055996e-12
2.951072206592733206e-12
3.814907654545415834e-12
5.434694047529779848e-12
8.230474092371521591e-12
1.295042375483986790e-11
2.025379471525610983e-11
2.972877677324989851e-11
3.996020599259410934e-11
4.995894010028500899e-11
5.936761258343800479e-11
6.725604438524311076e-11
7.188249353526256390e-11
7.185001413670945594e-11
6.708248816158304182e-11
5.876181581457371446e-11
4.863880871971305179e-11
3.834940849760213246e-11
2.903209151779200329e-11
2.125692927480098063e-11
1.514623230553896646e-11
1.055314724203743921e-11
7.214184296088095186e-12
4.847764130627396033e-12
3.204269815976794332e-12
2.083845342298498953e-12
1.336876812211091048e-12
8.572438111939812422e-13
5.740242379521703597e-13
4.444335129262827765e-13
4.605924724219502311e-13
5.960081184539865984e-13
8.935106784558206312e-13
1.400328312610987390e-12
2.195678377125710045e-12
3.400015524777403322e-12
5.186904987713727731e-12
7.795147587787529860e-12
1.153558998191863165e-11
1.678153048794455077e-11
2.392402297980430355e-11
3.326688228556896041e-11
4.484008325754060267e-11
5.814088559737649303e-11
7.188394184127383969e-11
8.394385415187580004e-11
9.174275653732743910e-11
9.323362972576866231e-11
8.814601346469440952e-11
7.836888365218056772e-11
6.646539089342960372e-11
5.361083218443764866e-11
3.993044811132273406e-11
2.681032136129718244e-11
1.671313596043305670e-11
1.043956521258270572e-11
6.903894159869527240e-12
4.923936601267695664e-12
3.883607489143341317e-12
3.553836948768370868e-12
3.883607489143340510e-12
4.923936601267467866e-12
6.903894159869439999e-12
1.043956521258235029e-11
1.671313596043267219e-11
2.681032136129701442e-11
3.993044811132294732e-11
5.361083218443854693e-11
6.646539089342996561e-11
7.836888365218108471e-11
8.814601346469606388e-11
9.323362972577164791e-11
9.174275653733045056e-11
8.394385415187820403e-11
7.188394184127606274e-11
5.814088559737882594e-11
4.484008325754093871e-11
3.326688228557173922e-11
2.392402297980463313e-11
1.678153048794498052e-11
1.153558998191868658e-11
7.795147587787888520e-12
5.186904987713661492e-12
3.400015524777539435e-12
2.195678377125689446e-12
1.400328312611046359e-12
8.935106784558106347e-13
5.960081184541336168e-13
4.605924724219387201e-13
4.764669327839338798e-13
6.176471948294467627e-13
9.293521685332133624e-13
1.463365881304567969e-12
2.307505699141089732e-12
3.597312618856903647e-12
5.532051386864854974e-12
8.393341367520789860e-12
1.256146899825823351e-11
1.851803161144676333e-11
2.681318653220959231e-11
3.796297972350583808e-11
5.223525294778056464e-11
6.930161850876962310e-11
8.780973978698030973e-11
1.050919333724361129e-10
1.174435164047586516e-10
1.214492274391243420e-10
1.161307817937644762e-10
1.040318340735732828e-10
8.901567348519689864e-11
7.257333165965914659e-11
5.419399167615088646e-11
3.574733390884172866e-11
2.156241918868900797e-11
1.317310294707675923e-11
8.731612707226193825e-12
6.347214095734982764e-12
5.117933876015915520e-12
4.730294921296903085e-12
5.117933876015997107e-12
6.347214095734997304e-12
8.731612707225880401e-12
1.317310294707664129e-11
2.156241918868871393e-11
3.574733390884123106e-11
5.419399167615128713e-11
7.257333165966046491e-11
8.901567348519888905e-11
1.040318340735749372e-10
1.161307817937666734e-10
1.214492274391269787e-10
1.174435164047624257e-10
1.050919333724392019e-10
8.780973978698350213e-11
6.930161850877215634e-11
5.223525294778214792e-11
3.796297972350742782e-11
2.681318653221056489e-11
1.851803161144682796e-11
1.256146899825820120e-11
8.393341367521279383e-12
5.532051386865424469e-12
3.597312618856930304e-12
2.307505699141259369e-12
1.463365881304621889e-12
9.293521685332297202e-13
6.176471948294293951e-13
4.764669327840080958e-13
4.919475305569055744e-13
6.387887309681780123e-13
9.645036622223854573e-13
1.525500565029950719e-12
2.418417783655663203e-12
3.794490988661424270e-12
5.880209393048123413e-12
9.003597462839710996e-12
1.362239981454140995e-11
2.034359424595463099e-11
2.991089067845711855e-11
4.311725858942745844e-11
6.057790251443007534e-11
8.229497392853655468e-11
1.070054255011960642e-10
1.315128214547552467e-10
1.506413320626378151e-10
1.588634837412712195e-10
1.538352512701445096e-10
1.389183687740854254e-10
1.200720222335676512e-10
9.924388182666659328e-11
7.446955451046689836e-11
4.808720145852731178e-11
2.779773699822176458e-11
1.652671869735227497e-11
1.100785361249367241e-11
8.189756020473948961e-12
6.769696964239348768e-12
6.324903890089459486e-12
6.769696964238990108e-12
8.189756020473423895e-12
1.100785361249341715e-11
1.652671869735186461e-11
2.779773699822136391e-11
4.808720145852676894e-11
7.446955451046680789e-11
9.924388182666868708e-11
1.200720222335684526e-10
1.389183687740883981e-10
1.538352512701497053e-10
1.588634837412765961e-10
1.506413320626428299e-10
1.315128214547614506e-10
1.070054255012000192e-10
8.229497392854216400e-11
6.057790251443362963e-11
4.311725858942886723e-11
2.991089067845780356e-11
2.034359424595507043e-11
1.362239981454198348e-11
9.003597462839628601e-12
5.880209393048368982e-12
3.794490988661780507e-12
2.418417783655840918e-12
1.525500565029967077e-12
9.645036622224228178e-13
6.387887309681856864e-13
4.919475305570211899e-13
5.069231374158711460e-13
6.592767395046756767e-13
9.986921084842805311e-13
1.586220876731838100e-12
2.527446386701785688e-12
3.989732031154493724e-12
6.228020027174429191e-12
9.619875188910959341e-12
1.470797737368785224e-11
2.224158223864387276e-11
3.319416176352776081e-11
4.870842452721635932e-11
6.988101409496577482e-11
9.725938103525726185e-11
1.299341041759090576e-10
1.643227346722921245e-10
1.934447728999314009e-10
2.086128411517340785e-10
2.049509311067935165e-10
1.866977575806164281e-10
1.632276592528693595e-10
1.372867585695536867e-10
1.038637200124461788e-10
6.539025261321196489e-11
3.577114219133335392e-11
2.062342313900862353e-11
1.390137175919107234e-11
1.065371292077810764e-11
9.058922161549554908e-12
8.563553888760102247e-12
9.058922161549320648e-12
1.065371292077775544e-11
1.390137175918983965e-11
2.062342313900795468e-11
3.577114219133335392e-11
6.539025261321299887e-11
1.038637200124489576e-10
1.372867585695554703e-10
1.632276592528702901e-10
1.866977575806213912e-10
2.049509311067984020e-10
2.086128411517421177e-10
1.934447728999400605e-10
1.643227346722997242e-10
1.299341041759152098e-10
9.725938103526091953e-11
6.988101409496909647e-11
4.870842452721988130e-11
3.319416176352878186e-11
2.224158223864510060e-11
1.470797737368865357e-11
9.619875188911305077e-12
6.228020027174655373e-12
3.989732031154715868e-12
2.527446386701828097e-12
1.586220876732040856e-12
9.986921084843994787e-13
6.592767395046811293e-13
5.069231374159736348e-13
5.212821607613071586e-13
6.789538554900912790e-13
1.031639452844069816e-12
1.644999468141919513e-12
2.633577434077319595e-12
4.181092444649715937e-12
6.571799261158531863e-12
1.023531512401358476e-11
1.580579984794249675e-11
2.419066224631706751e-11
3.662948549434829885e-11
5.469311182754010004e-11
8.011627088780132799e-11
1.142707086008125615e-10
1.570057872027152789e-10
2.047124875211173536e-10
2.484039979255615875e-10
2.748685159779709907e-10
2.747106735162841021e-10
2.527207136352727705e-10
2.238253700822199114e-10
1.924550249549886996e-10
1.475385074207647404e-10
9.013316428311300205e-11
4.583259335072403932e-11
2.567145138203014221e-11
1.780411036666823415e-11
1.420681751299312851e-11
1.249726615033018958e-11
1.197364526831907068e-11
1.249726615033025420e-11
1.420681751299248389e-11
1.780411036666756207e-11
2.567145138203002912e-11
4.583259335072455630e-11
9.013316428311276941e-11
1.475385074207680492e-10
1.924550249549950586e-10
2.238253700822229358e-10
2.527207136352773200e-10
2.747106735162936664e-10
2.748685159779795210e-10
2.484039979255709450e-10
2.047124875211269696e-10
1.570057872027243004e-10
1.142707086008167491e-10
8.011627088780442991e-11
5.469311182753984154e-11
3.662948549434968826e-11
2.419066224631760065e-11
1.580579984794320438e-11
1.023531512401381902e-11
6.571799261158934145e-12
4.181092444649757943e-12
2.633577434077382602e-12
1.644999468141969596e-12
1.031639452844120303e-12
6.789538554901631727e-13
5.212821607614618511e-13
5.349139248975132446e-13
6.976633484593833723e-13
1.063066394755556347e-12
1.701300667192604510e-12
2.735766191151489844e-12
4.366534039652733387e-12
6.907593557164509041e-12
1.084233215272458949e-11
1.690158728039506958e-11
2.616481443862046542e-11
4.017212553254115385e-11
6.100254069962500839e-11
9.120250607087166339e-11
1.333099395339910973e-10
1.885052111229324404e-10
2.538342332166609862e-10
3.184472020904360667e-10
3.630542209771078053e-10
3.705575187507125080e-10
3.449657976163669344e-10
3.100233221999024874e-10
2.741204530101535926e-10
2.146476231293500915e-10
1.265967819379947461e-10
5.818779032842636767e-11
3.219454667370534852e-11
2.372386374459894922e-11
2.002661755598462744e-11
1.841183872866122266e-11
1.794394354729443601e-11
1.841183872865940028e-11
2.002661755598391658e-11
2.372386374459870042e-11
3.219454667370633080e-11
5.818779032842952776e-11
1.265967819379986494e-10
2.146476231293548736e-10
2.741204530101575217e-10
3.100233221999068301e-10
3.449657976163761885e-10
3.705575187507257946e-10
3.630542209771214538e-10
3.184472020904487846e-10
2.538342332166701369e-10
1.885052111229430128e-10
1.333099395339964998e-10
9.120250607087645846e-11
6.100254069962782597e-11
4.017212553254262727e-11
2.616481443862232011e-11
1.690158728039591615e-11
1.084233215272512425e-11
6.907593557165011489e-12
4.366534039652819821e-12
2.735766191151626765e-12
1.701300667192657219e-12
1.063066394755529892e-12
6.976633484593982155e-13
5.349139248976184597e-13
5.477101089783296956e-13
7.152512362212988456e-13
1.092696406186939923e-12
1.754588738240807060e-12
2.832954455347879477e-12
4.543959121625172426e-12
7.231250627620296000e-12
1.143274902650061466e-11
1.797940538027997037e-11
2.813360171950259136e-11
4.376602611502133944e-11
6.754026676955917742e-11
1.029953034581099319e-10
1.542281129904218525e-10
2.244978719478548311e-10
3.126112792532856910e-10
4.066535138595001534e-10
4.799162006578815169e-10
5.029792599896470757e-10
4.755831037067351686e-10
4.346950642447760841e-10
3.982563057473863336e-10
3.229753963410506610e-10
1.835641119091574800e-10
7.282935844800262225e-11
4.205172429359156333e-11
3.438029263637739617e-11
3.112767063329674629e-11
3.032610363954785391e-11
3.023129904601474770e-11
3.032610363954808009e-11
3.112767063329737314e-11
3.438029263637719584e-11
4.205172429359294627e-11
7.282935844800440586e-11
1.835641119091687762e-10
3.229753963410582090e-10
3.982563057473934680e-10
4.346950642447876129e-10
4.755831037067480933e-10
5.029792599896640329e-10
4.799162006579025066e-10
4.066535138595155079e-10
3.126112792533010972e-10
2.244978719478705734e-10
1.542281129904296073e-10
1.029953034581160841e-10
6.754026676956231812e-11
4.376602611502329107e-11
2.813360171950345731e-11
1.797940538028118852e-11
1.143274902650124473e-11
7.231250627620787139e-12
4.543959121625200699e-12
2.832954455348067693e-12
1.754588738241003758e-12
1.092696406186994651e-12
7.152512362212778430e-13
5.477101089782063051e-13
5.595662181359618249e-13
7.315684558426709009e-13
1.120259933714546745e-12
1.804336686388639297e-12
2.924089406259003439e-12
4.711250720297015108e-12
7.538504201716273593e-12
1.199796952452031658e-11
1.902199865633295733e-11
3.006273106933927803e-11
4.734444965067283032e-11
7.418159739506653387e-11
1.152795538937965130e-10
1.767131091395437225e-10
2.647208489651464447e-10
3.814620225111490583e-10
5.157677942144698634e-10
6.331737467562976191e-10
6.862265822353611856e-10
6.631747949363235893e-10
6.187107995329495001e-10
5.930720833453681659e-10
5.104609045714660682e-10
2.838140881488989286e-10
9.152199710895561663e-11
6.318103590082029377e-11
5.743871774569841096e-11
5.516304720407511306e-11
5.734741668503445381e-11
5.868077008261948760e-11
5.734741668503411776e-11
5.516304720407370427e-11
5.743871774569594880e-11
6.318103590081863941e-11
9.152199710896373334e-11
2.838140881489011000e-10
5.104609045714763045e-10
5.930720833453808838e-10
6.187107995329693524e-10
6.631747949363457164e-10
6.862265822353816584e-10
6.331737467563260534e-10
5.157677942144824779e-10
3.814620225111626551e-10
2.647208489651578184e-10
1.767131091395453252e-10
1.152795538938034407e-10
7.418159739506902833e-11
4.734444965067522785e-11
3.006273106933931034e-11
1.902199865633424980e-11
1.199796952452044582e-11
7.538504201716661334e-12
4.711250720297169397e-12
2.924089406259354829e-12
1.804336686388606581e-12
1.120259933714705476e-12
7.315684558426642366e-13
5.595662181359526363e-13
5.703830492784420139e-13
7.464730573870412343e-13
1.145498678503418026e-12
1.850035419270586645e-12
3.008143617637862142e-12
4.866316697879160529e-12
7.825070632981152968e-12
1.252918779116588614e-11
2.001122970602688921e-11
3.191492142971099019e-11
5.083146042930471195e-11
8.077520292349924259e-11
1.277670037339269300e-10
2.002647060442042001e-10
3.084736181808511277e-10
4.599522119618557643e-10
6.473862359437940063e-10
8.303355824627348589e-10
9.380567661526632876e-10
9.352563198690846886e-10
8.957270107741017620e-10
9.077561649822316993e-10
8.602115198235998246e-10
4.928473050864540206e-10
1.362412865561497589e-10
1.309079265555162966e-10
1.149818936168200789e-10
1.112027662765782374e-10
1.215964509324746345e-10
1.271823732599809152e-10
1.215964509324723081e-10
1.112027662765704180e-10
1.149818936168069475e-10
1.309079265555008904e-10
1.362412865561531193e-10
4.928473050864324105e-10
8.602115198236448026e-10
9.077561649822686122e-10
8.957270107741096202e-10
9.352563198691099176e-10
9.380567661526947205e-10
8.303355824627766315e-10
6.473862359438143757e-10
4.599522119618701365e-10
3.084736181808642592e-10
2.002647060442101196e-10
1.277670037339330046e-10
8.077520292350314585e-11
5.083146042930413680e-11
3.191492142971219218e-11
2.001122970602761946e-11
1.252918779116642898e-11
7.825070632981409847e-12
4.866316697879246963e-12
3.008143617637962308e-12
1.850035419270776477e-12
1.145498678503377636e-12
7.464730573871689667e-13
5.703830492783167050e-13
5.800681309757782197e-13
7.598323615149593136e-13
1.168169870643819495e-12
1.891203005501663854e-12
3.084135736978447868e-12
5.007136344086048301e-12
8.086754618248514171e-12
1.301762715948532462e-11
2.092861422354841721e-11
3.365106590948073662e-11
5.414430355913038512e-11
8.714730148402268387e-11
1.401007381849025895e-10
2.241855027652692762e-10
3.545330597586488064e-10
5.464272221802739390e-10
8.008315676932873120e-10
1.076287230965479295e-09
1.276843894842833397e-09
1.328253512787523557e-09
1.316107046903789977e-09
1.419267301430553623e-09
1.534751163129321758e-09
9.183644840272500170e-10
3.359197666932443508e-10
3.822069822230527099e-10
2.635306562527820371e-10
2.432237215306493237e-10
2.707015932939558867e-10
2.858982282508929280e-10
2.707015932939478217e-10
2.432237215306319012e-10
2.635306562527437800e-10
3.822069822229920155e-10
3.359197666932333906e-10
9.183644840272479490e-10
1.534751163129393930e-09
1.419267301430603667e-09
1.316107046903825752e-09
1.328253512787570914e-09
1.276843894842879099e-09
1.076287230965538852e-09
8.008315676933183313e-10
5.464272221802987545e-10
3.545330597586720708e-10
2.241855027652799520e-10
1.401007381849069580e-10
8.714730148402800884e-11
5.414430355913253709e-11
3.365106590948146040e-11
2.092861422355016528e-11
1.301762715948535855e-11
8.086754618248958457e-12
5.007136344086285793e-12
3.084135736978682128e-12
1.891203005501625888e-12
1.168169870643815052e-12
7.598323615149583039e-13
5.800681309757216741e-13
5.885371130751117437e-13
7.715250258006235923e-13
1.188050436247523164e-12
1.927393783697697601e-12
3.151151195865862616e-12
5.131808018217600616e-12
8.319560134036150714e-12
1.345480005228304395e-11
2.175593066807188593e-11
3.523165235997673823e-11
5.719663068177824872e-11
9.310857350102491167e-11
1.518679483284405337e-10
2.475951883106771386e-10
4.011227348173153414e-10
6.377204366263371941e-10
9.719042115724900541e-10
1.369634605151847711e-09
1.714260194288913952e-09
1.878986088874038127e-09
1.940809572304889548e-09
2.217715168257807766e-09
2.776162174439295960e-09
1.505695060029656905e-09
8.832413100500138070e-10
1.068575205846556995e-09
5.811572761489582621e-10
5.234488518304525012e-10
5.815869389811313143e-10
6.131563306053670325e-10
5.815869389811336924e-10
5.234488518304358542e-10
5.811572761489065633e-10
1.068575205846430022e-09
8.832413100500018128e-10
1.505695060029626092e-09
2.776162174439400184e-09
2.217715168257866082e-09
1.940809572304959445e-09
1.878986088874115055e-09
1.714260194288992741e-09
1.369634605151907268e-09
9.719042115725175579e-10
6.377204366263650080e-10
4.011227348173316266e-10
2.475951883106887708e-10
1.518679483284474097e-10
9.310857350102815577e-11
5.719663068178009695e-11
3.523165235997781744e-11
2.175593066807261941e-11
1.345480005228404884e-11
8.319560134036380127e-12
5.131808018217859110e-12
3.151151195865966821e-12
1.927393783697811096e-12
1.188050436247570017e-12
7.715250258007105311e-13
5.885371130749742168e-13
5.957150272510804191e-13
7.814430224944235570e-13
1.204940890283069791e-12
1.958207138420653594e-12
3.208362198159236300e-12
5.238596292727622125e-12
8.519802118948520841e-12
1.383277797638612771e-11
2.247587660077338217e-11
3.661837398733527381e-11
5.990243346918534482e-11
9.846360296059071882e-11
1.626214085732338783e-10
2.694731698880642738e-10
4.459664199727444380e-10
7.290640012404714756e-10
1.151912629208764249e-09
1.698585517132253245e-09
2.243639102412007424e-09
2.601682752244740401e-09
2.808022444423824058e-09
3.335615538293962414e-09
4.697854516051448940e-09
2.386964456131906805e-09
1.820544078233181068e-09
2.183948553890487720e-09
1.050604673579127783e-09
9.878539496239856899e-10
1.110577711700813247e-09
1.169788218014780263e-09
1.110577711700824828e-09
9.878539496239790725e-10
1.050604673579108138e-09
2.183948553890381840e-09
1.820544078233251792e-09
2.386964456132060661e-09
4.697854516051364568e-09
3.335615538294099313e-09
2.808022444423966747e-09
2.601682752244836353e-09
2.243639102412119507e-09
1.698585517132338445e-09
1.151912629208807883e-09
7.290640012405089055e-10
4.459664199727681160e-10
2.694731698880788011e-10
1.626214085732403924e-10
9.846360296059564313e-11
5.990243346918575841e-11
3.661837398733789752e-11
2.247587660077412534e-11
1.383277797638674002e-11
8.519802118949141227e-12
5.238596292727717445e-12
3.208362198159461675e-12
1.958207138420824846e-12
1.204940890283121489e-12
7.814430224943706465e-13
5.957150272510699177e-13
6.015374976514161875e-13
7.894933627327187873e-13
1.218668996685094420e-12
1.983295481627267321e-12
3.255046624862961476e-12
5.325976351154220487e-12
8.684214999781045402e-12
1.414445747338890849e-11
2.307273931602873321e-11
3.777583252289673339e-11
6.218044878965353380e-11
1.030222653090552584e-10
1.719087124633950679e-10
2.887302605855783867e-10
4.864446898644041423e-10
8.143253154629265995e-10
1.327531612530784522e-09
2.038163904621250381e-09
2.828123088103904199e-09
3.456045391761403164e-09
3.872785531975829217e-09
4.652419553437013003e-09
6.946435072846975356e-09
3.757002248028331512e-09
3.118381553624127883e-09
3.532868239424074712e-09
1.579130324321795242e-09
1.589132343642486884e-09
1.832955453453345306e-09
1.938292369040113917e-09
1.832955453453367433e-09
1.589132343642516249e-09
1.579130324321731549e-09
3.532868239424138819e-09
3.118381553624231281e-09
3.757002248028480405e-09
6.946435072847407972e-09
4.652419553437158587e-09
3.872785531976012851e-09
3.456045391761591348e-09
2.828123088104064672e-09
2.038163904621338889e-09
1.327531612530855866e-09
8.143253154629619615e-10
4.864446898644278204e-10
2.887302605855899155e-10
1.719087124634033397e-10
1.030222653090625738e-10
6.218044878965538203e-11
3.777583252289812280e-11
2.307273931602931805e-11
1.414445747338984876e-11
8.684214999781543003e-12
5.325976351154463633e-12
3.255046624863111726e-12
1.983295481627415147e-12
1.218668996685220234e-12
7.894933627327318130e-13
6.015374976514331512e-13
6.059517067168672540e-13
7.955997064314637513e-13
1.229092865681334215e-12
2.002371523545612264e-12
3.290604684677570503e-12
5.392674761237958468e-12
8.810051689048061420e-12
1.438381119058412813e-11
2.353303656665779719e-11
3.867323091285573221e-11
6.395868833660593471e-11
1.066121702459896392e-10
1.793067167003863003e-10
3.043043370865264926e-10
5.198515325372053135e-10
8.866338525607082488e-10
1.481980020193194619e-09
2.351066170184742030e-09
3.396583666880757622e-09
4.328879220472496615e-09
4.976227633089437158e-09
5.944833122714664368e-09
9.102589733976591316e-09
5.305273781551596553e-09
4.515781672297446265e-09
4.855516364541250636e-09
2.093718815555995527e-09
2.229883672491489686e-09
2.639929061864701212e-09
2.806547896911797847e-09
2.639929061864752910e-09
2.229883672491562891e-09
2.093718815556058806e-09
4.855516364541444196e-09
4.515781672297680357e-09
5.305273781551847189e-09
9.102589733977183578e-09
5.944833122714992758e-09
4.976227633089741561e-09
4.328879220472726571e-09
3.396583666880931744e-09
2.351066170184895472e-09
1.481980020193282300e-09
8.866338525607588102e-10
5.198515325372350920e-10
3.043043370865377112e-10
1.793067167003947013e-10
1.066121702459940336e-10
6.395868833660784756e-11
3.867323091285793587e-11
2.353303656665826248e-11
1.438381119058558216e-11
8.810051689048528325e-12
5.392674761238209692e-12
3.290604684677654109e-12
2.002371523545673656e-12
1.229092865681509507e-12
7.955997064315909788e-13
6.059517067168936083e-13
6.089172919036302297e-13
7.997035997998281214e-13
1.236103678244061458e-12
2.015214203070873949e-12
3.314573352600766107e-12
5.437703872234754154e-12
8.895170346865321674e-12
1.454610691570315387e-11
2.384609406734180856e-11
3.928591931199337640e-11
6.517873839767670502e-11
1.090908972403083262e-10
1.844575225902367485e-10
3.152681878013622451e-10
5.437210965986449009e-10
9.393471775824247819e-10
1.597654412070508511e-09
2.593701404333440286e-09
3.854764883974676730e-09
5.053358869847939122e-09
5.891093360592826539e-09
6.974139461958279525e-09
1.078418912597277794e-08
6.597609430363963267e-09
5.666024913701868571e-09
5.875927195385943459e-09
2.523203103282511050e-09
2.786194255083148923e-09
3.358414279172694717e-09
3.583653798127047714e-09
3.358414279172812177e-09
2.786194255083266382e-09
2.523203103282618169e-09
5.875927195386371111e-09
5.666024913702178763e-09
6.597609430364244509e-09
1.078418912597330071e-08
6.974139461958639348e-09
5.891093360593141695e-09
5.053358869848205474e-09
3.854764883974881043e-09
2.593701404333584215e-09
1.597654412070581923e-09
9.393471775824611779e-10
5.437210965986743692e-10
3.152681878013783751e-10
1.844575225902449169e-10
1.090908972403146981e-10
6.517873839767907024e-11
3.928591931199537973e-11
2.384609406734222862e-11
1.454610691570390027e-11
8.895170346865604402e-12
5.437703872234957718e-12
3.314573352601078723e-12
2.015214203071094477e-12
1.236103678244127899e-12
7.997035997998396325e-13
6.089172919037203997e-13
6.104069614162957400e-13
8.017655168465614484e-13
1.239627695016523500e-12
2.021673469823156976e-12
3.326637456715641288e-12
5.460389426187381410e-12
8.938102841983985425e-12
1.462808560832258283e-11
2.400451519447367423e-11
3.959668705146679448e-11
6.579941130841509030e-11
1.103567503334411242e-10
1.871012788973233893e-10
3.209335220300124918e-10
5.561671149193414366e-10
9.671709482308366253e-10
1.659718888416492534e-09
2.726617934248878069e-09
4.111165718003262041e-09
5.462843985608885163e-09
6.401823043687052552e-09
7.541513858859063346e-09
1.168764769809756271e-08
7.322903857858727431e-09
6.314078931793695008e-09
6.432390878988833063e-09
2.778250665212492733e-09
3.106392303452699824e-09
3.773975897702630097e-09
4.033708805147481829e-09
3.773975897702713642e-09
3.106392303452844167e-09
2.778250665212661892e-09
6.432390878989215221e-09
6.314078931794023399e-09
7.322903857859025216e-09
1.168764769809829063e-08
7.541513858859458738e-09
6.401823043687387560e-09
5.462843985609162269e-09
4.111165718003478762e-09
2.726617934248999664e-09
1.659718888416566153e-09
9.671709482308856357e-10
5.561671149193710083e-10
3.209335220300260886e-10
1.871012788973309891e-10
1.103567503334469274e-10
6.579941130841882554e-11
3.959668705146924371e-11
2.400451519447496670e-11
1.462808560832272823e-11
8.938102841984402246e-12
5.460389426187573665e-12
3.326637456715653809e-12
2.021673469823371041e-12
1.239627695016538041e-12
8.017655168465491295e-13
6.104069614164332668e-13
