3.051832152319938455e-13
3.407454377611417663e-13
4.106255024127828183e-13
5.057319155776917737e-13
6.142516980124030317e-13
7.233867872928605994e-13
8.212437701198224005e-13
8.984577966041485649e-13
9.492126254487911753e-13
9.714774676759653165e-13
9.664951100342846329e-13
9.377609572991741809e-13
8.898518711028179721e-13
8.274493508644572581e-13
7.547675451791243667e-13
6.754118589980267841e-13
5.925407807030766650e-13
5.091327008533743450e-13
4.281745074810533221e-13
3.526614030028825002e-13
2.853914751794086308e-13
2.286232793017287049e-13
1.837175023132261779e-13
1.508917510444943756e-13
1.291811104498517308e-13
1.166319097302214357e-13
1.106874116812783004e-13
1.086761562288143262e-13
1.082993094361055778e-13
1.080293091755122740e-13
1.073628729353024025e-13
1.069006424418436834e-13
1.082465030204146453e-13
1.137362615468649493e-13
1.260266479943642180e-13
1.476050824222257997e-13
1.803104654234418809e-13
2.249686068133338804e-13
2.812279283034225852e-13
3.476298651676791601e-13
4.218783194697884509e-13
5.012087224110193087e-13
5.827248075780634269e-13
6.635842808118427055e-13
7.409717588262104234e-13
8.118840209021758928e-13
8.728453722139904853e-13
9.197392987456356084e-13
9.479520709121077450e-13
9.529490114312858081e-13
9.312507982286657756e-13
8.815965269366035028e-13
8.059521910881958655e-13
7.100131162106281237e-13
6.029681187636815280e-13
4.964944272720358985e-13
4.031608169636942672e-13
3.345707090886989391e-13
2.996557118111944318e-13
3.049382460036086526e-13
3.404118366134691391e-13
4.100845833829472829e-13
5.048579052089702119e-13
6.129110811117647898e-13
7.214429760067424236e-13
8.185662285579576198e-13
8.949350226872964864e-13
9.447680726074615862e-13
9.660864698735630585e-13
9.601994812485186999e-13
9.306770649671703311e-13
8.821685542864741048e-13
8.194142284265887754e-13
7.466631929106622932e-13
6.675257867637237053e-13
5.851343321473712375e-13
5.024139090357684162e-13
4.222789539476135451e-13
3.476436054499951611e-13
2.812275284083325244e-13
2.252236603183491435e-13
1.809473825124690662e-13
1.485950398320175883e-13
1.272040141561654292e-13
1.148422171257947557e-13
1.089868469918945024e-13
1.070045070574197854e-13
1.066303706397175171e-13
1.063599597235857720e-13
1.056976735418684701e-13
1.052349838757033355e-13
1.065515165093468777e-13
1.119484715576626583e-13
1.240446604110762393e-13
1.452944985782629532e-13
1.775169220318681844e-13
2.215375095371929921e-13
2.770281021394382285e-13
3.425772648405174643e-13
4.159555891112119261e-13
4.944769230878514220e-13
5.753248445942257488e-13
6.557272061093174761e-13
7.329189513092255377e-13
8.039199698197986373e-13
8.652471515165075617e-13
9.127476161179603259e-13
9.417487153681616988e-13
9.476442880349831407e-13
9.268821706861533714e-13
8.781369264091450616e-13
8.033244452583836324e-13
7.081064731920379223e-13
6.016537080180801668e-13
4.956378321151613057e-13
4.026308907206720218e-13
3.342440526674262071e-13
2.994159571472059030e-13
3.044617821466603666e-13
3.397614066750990040e-13
4.090268061461394053e-13
5.031456444909286981e-13
6.102822249104707978e-13
7.176296275910798856e-13
8.133125665353449410e-13
8.880226693766061892e-13
9.360472459309623151e-13
9.555092126602444177e-13
9.478484625236253023e-13
9.167816094729327292e-13
8.671005899691815326e-13
8.036611611216834404e-13
7.307806574788131682e-13
6.520782178618004445e-13
5.706336744866883493e-13
4.892664826174095066e-13
4.107483605703477816e-13
3.378344402122463902e-13
2.730910970176250699e-13
2.185833903711962615e-13
1.755386437986075661e-13
1.441120505016495752e-13
1.233457561961051727e-13
1.113500601262719068e-13
1.056686500710688665e-13
1.037426231961861819e-13
1.033736553250362872e-13
1.031023936262769397e-13
1.024482657163177595e-13
1.019848528017144614e-13
1.032443953019336160e-13
1.084604393834458760e-13
1.201775850077713510e-13
1.407855557823111864e-13
1.720640202578255772e-13
2.148377741084075686e-13
2.688239680666374683e-13
3.327027498356008908e-13
4.043746740897247886e-13
4.813068855572219550e-13
5.608396170019526373e-13
6.403389613606350252e-13
7.171396657094307054e-13
7.883081295409671367e-13
8.503475800764133971e-13
8.990341511735024444e-13
9.295794643184285979e-13
9.372367216742568149e-13
9.183104883339885256e-13
8.713485321271209133e-13
7.981683973324894481e-13
7.043659155720796477e-13
5.990761166896524203e-13
4.939595852729733284e-13
4.015945300815742640e-13
3.336071035780126246e-13
2.989495879146080430e-13
3.037805172425244640e-13
3.388273774782841379e-13
4.074998464577568945e-13
5.006660017124165808e-13
6.064689486001780008e-13
7.120939926542505752e-13
8.056838956081573256e-13
8.779848999063775963e-13
9.233839277961888353e-13
9.401517975307295732e-13
9.299185157347411706e-13
8.966145789923965857e-13
8.452400345503958747e-13
7.808187323083186992e-13
7.077662189569751503e-13
6.297122123019078275e-13
5.496574145418749687e-13
4.702652806755311191e-13
3.940988196022384514e-13
3.236823351082375273e-13
2.613610275679935158e-13
2.090164453240610100e-13
1.677502722345327330e-13
1.376596479170775709e-13
1.177945358906569741e-13
1.063269024875808166e-13
1.008965235236417092e-13
9.905191462459825508e-14
9.869056194889218221e-14
9.841811657205247894e-14
9.777569067507304034e-14
9.731117301392297943e-14
9.848863815203280546e-14
1.034442160393643331e-13
1.146154922486814449e-13
1.342986292362917670e-13
1.642160099335156914e-13
2.051902068629176351e-13
2.570022842392953472e-13
3.184630246286990678e-13
3.876594833371326800e-13
4.622800373039327964e-13
5.398924337810664744e-13
6.180650839685575566e-13
6.942803633410645175e-13
7.656751550476042796e-13
8.287350569183051213e-13
8.791340067779592356e-13
9.119152173503361697e-13
9.221267087695620017e-13
9.058641411449762208e-13
8.614907561552811858e-13
7.906812286376211745e-13
6.989356243964636476e-13
5.953368869862649871e-13
4.915289355525383708e-13
4.000982827887155786e-13
3.326922815152989694e-13
2.982826348343979301e-13
3.029338569161239502e-13
3.376588106809953687e-13
4.055741108216045016e-13
4.975236612647978872e-13
6.016246577858442543e-13
7.050537275713683201e-13
7.959775924592731392e-13
8.652124464125016351e-13
9.072719258973155027e-13
9.206150382767907851e-13
9.071144229880669217e-13
8.709744362246020108e-13
8.174619431740685753e-13
7.518155751251379183e-13
6.785743451526119448e-13
6.013773359237806715e-13
5.231190261994750365e-13
4.462593101448219823e-13
3.730927392541054983e-13
3.058499496957824948e-13
2.465973619350964498e-13
1.969871687802342573e-13
1.579654819190236684e-13
1.295589017282786293e-13
1.108291161113691873e-13
1.000267611372718572e-13
9.491292019012287537e-14
9.317129424609113211e-14
9.281983951260861911e-14
9.254596078658830656e-14
9.191811890519532017e-14
9.145203948459730131e-14
9.252625130555567681e-14
9.715449899514478109e-14
1.076396854100816006e-13
1.261597178840899054e-13
1.543635940925418481e-13
1.930689234035815698e-13
2.421344284193862602e-13
3.005325913696834968e-13
3.665835621756558132e-13
4.382546664404883489e-13
5.134033012057037924e-13
5.898584154704819821e-13
6.652954429999147993e-13
7.369465498037081148e-13
8.012790081924660782e-13
8.538382509222110880e-13
8.894524025525235507e-13
9.029065329571768422e-13
8.900288985106707646e-13
8.489472644790851185e-13
7.811544815040545306e-13
6.920287062168411758e-13
5.905860535282272785e-13
4.884481719651614333e-13
3.982108880307694308e-13
3.315474516935740270e-13
2.974535245205836814e-13
3.019731691123815824e-13
3.363196756692049069e-13
4.033414290623540549e-13
4.938552134629472255e-13
5.959496033839137651e-13
6.967930995491519066e-13
7.845822496926194637e-13
8.502161381266107993e-13
8.883570371298509835e-13
8.976847319303960120e-13
8.803577524546458567e-13
8.409047297325210975e-13
7.849092263245752521e-13
7.178638045590769361e-13
6.444502757253763105e-13
5.683121430178780649e-13
4.922100089168587529e-13
4.183562280214803862e-13
3.487251524974027095e-13
2.852025108903807671e-13
2.295316871846989828e-13
1.831024335224857080e-13
1.466853574091086682e-13
1.202298214102305003e-13
1.028142727742462222e-13
9.278206177103830154e-14
8.803510339653500818e-14
8.641333906040406982e-14
8.607379539345871267e-14
8.579829272031611471e-14
8.518700752589261131e-14
8.471877604410566480e-14
8.567364745789334910e-14
8.992426191972181571e-14
9.961785158386291408e-14
1.167948006904900456e-13
1.430171079457847794e-13
1.790929639020875374e-13
2.249661301545549182e-13
2.797914177783434112e-13
3.421557146972282157e-13
4.103497572755418192e-13
4.825714751366551201e-13
5.569610737174164707e-13
6.314294324241327370e-13
7.033298268967589638e-13
7.691145821525714414e-13
8.241804540318306608e-13
8.631014325711722746e-13
8.803506698627183338e-13
8.714399333012130705e-13
8.342195772828357381e-13
7.699690824750576927e-13
6.839234628292604519e-13
5.850194549791064130e-13
4.848507536318335436e-13
3.960219982542817211e-13
3.302350221162095506e-13
2.965123478236234971e-13
3.009608041833958409e-13
3.348876413567729736e-13
4.009133458417417252e-13
4.898266593384046635e-13
5.896873034000016500e-13
6.876580387720520160e-13
7.719711061578387550e-13
8.336185065249836155e-13
8.674266647459307316e-13
8.723191416478616082e-13
8.507720711097234391e-13
8.076769627025366786e-13
7.489732761126843039e-13
6.804377962304596117e-13
6.069076782786865212e-13
5.320216724447938983e-13
4.583782390798447970e-13
3.879024227950593817e-13
3.222061328969338516e-13
2.627928484392248538e-13
2.110547730684739213e-13
1.681016192199491911e-13
1.345207499282718643e-13
1.101846834746835064e-13
9.419508483279984577e-14
8.499850034941624067e-14
8.065028954903684713e-14
7.915952558571108857e-14
7.883352782377754811e-14
7.855621541108829355e-14
7.796227021957834574e-14
7.749104201302680239e-14
7.831658655947580218e-14
8.215933258273158290e-14
9.099797640817920199e-14
1.067226873380675408e-13
1.307978307791788253e-13
1.640155795865291512e-13
2.064043228402742656e-13
2.573091198616977624e-13
3.156015401649768804e-13
3.799242166451188959e-13
4.488530360062792667e-13
5.208812984299312673e-13
5.941941479487940172e-13
6.662929489276078622e-13
7.336230760124838283e-13
7.914194686580364087e-13
8.339719088099499360e-13
8.554033163226739017e-13
8.508715188193788213e-13
8.179187691024200461e-13
7.575888678969586431e-13
6.749585284063095075e-13
5.788752250517361723e-13
4.808988671478527880e-13
3.936405090018918322e-13
3.288307637505536617e-13
2.955199035719338856e-13
2.999689012386196174e-13
3.334526044547521026e-13
3.984190400168388142e-13
4.856303732260379055e-13
5.831201907111418461e-13
6.780501294884661757e-13
7.586940895378506270e-13
8.161436585152938683e-13
8.453973608293944548e-13
8.456340677196946752e-13
8.196653990379646636e-13
7.727703277771205051e-13
7.112710583647790835e-13
6.412490547213406218e-13
5.677021255827008891e-13
4.942506835816106349e-13
4.233022004644508890e-13
3.564593098438598278e-13
2.949398905283351211e-13
2.398436331110168237e-13
1.922019249792618484e-13
1.528447582952548315e-13
1.221827049583922970e-13
1.000201556589162185e-13
8.549019494629724624e-14
7.714896874474497708e-14
7.320988660052057199e-14
7.185455756667326891e-14
7.154323719572322673e-14
7.126384101633602210e-14
7.068651728862442890e-14
7.021101295018453077e-14
7.090418335113758055e-14
7.433199268811861391e-14
8.230117159310602848e-14
9.654658934052086411e-14
1.184277309962311049e-13
1.487115657628481289e-13
1.875015674179451826e-13
2.343261864356229664e-13
2.883414806963456685e-13
3.485521500991885109e-13
4.139341973068347618e-13
4.833659206938467281e-13
5.553415938698335964e-13
6.275388078497856692e-13
6.964088036649959378e-13
7.570190675451976115e-13
8.033550715393834869e-13
8.291635208170758677e-13
8.292246700983293834e-13
8.007554589098889401e-13
7.445527435069934420e-13
6.655269648345090257e-13
5.724295251030270455e-13
4.767804535003459995e-13
3.911925251124582090e-13
3.274223734564146269e-13
2.945465337932297093e-13
2.990780007668845081e-13
3.321149788499457857e-13
3.960029068721213476e-13
4.814815748707051520e-13
5.765645627068792922e-13
6.684196497730951221e-13
7.453686289746651419e-13
7.986056445268871594e-13
8.233006184812925080e-13
8.188859594730633596e-13
7.885105078385898943e-13
7.378490580154152628e-13
6.736195358341465452e-13
6.022180986551664345e-13
5.288013285692816027e-13
4.569535355166670754e-13
3.888619454548507790e-13
3.257766289449309920e-13
2.685012610748537222e-13
2.177274433115474847e-13
1.741365806383417895e-13
1.382992745441730074e-13
1.104717403422476673e-13
9.040843741437564613e-14
7.728417786234135364e-14
6.976662806612007775e-14
6.622288852152676596e-14
6.499984236304024222e-14
6.470367570520472346e-14
6.442169624267364747e-14
6.385843043720494957e-14
6.337670207645049607e-14
6.394205698408288735e-14
6.697370338191383001e-14
7.411357713315222874e-14
8.694465941739004771e-14
1.067179941160042239e-13
1.341630973378518060e-13
1.694386070506790121e-13
2.122329014350380049e-13
2.619661228078358978e-13
3.179950053249708005e-13
3.797012288279271085e-13
4.463693893449295677e-13
5.168335634810755528e-13
5.889766940778973336e-13
6.592732845235061371e-13
7.226251981149954124e-13
7.727041013835481018e-13
8.028683680267051322e-13
8.075130529134257431e-13
7.835283156328415870e-13
7.314656344084293417e-13
6.560694237039132172e-13
5.659915930649399681e-13
4.727057553694043267e-13
3.888189976350887925e-13
3.261078037818711269e-13
2.936707699787775969e-13
2.983754867470578448e-13
3.309837746526190065e-13
3.938218437174104634e-13
4.776143705645299470e-13
5.703649194925866700e-13
6.592577844009792402e-13
7.326694153966277852e-13
7.818955763461249721e-13
8.022672799334439276e-13
7.934535854007516859e-13
7.589237625805929709e-13
7.047382784215892838e-13
6.380084552404468046e-13
5.654444758688436969e-13
4.923532470316813301e-13
4.222617891366235748e-13
3.571078006925650178e-13
2.977636818267004276e-13
2.446104391122571108e-13
1.979454076609502067e-13
1.581327768094520517e-13
1.255258046547363199e-13
1.002663213110577232e-13
8.208762671833730058e-14
7.021911585280682012e-14
6.343715360583291358e-14
6.024840530443836063e-14
5.914607194999615777e-14
5.886468102670389860e-14
5.857920575557507639e-14
5.802522507021515993e-14
5.753439214294187382e-14
5.798462218466944471e-14
6.066700569383622080e-14
6.707746743901614984e-14
7.865974230003535524e-14
9.655671466549819864e-14
1.214445911531402404e-13
1.535057119277755647e-13
1.925467429997881152e-13
2.382096345392574434e-13
2.901715520720415928e-13
3.482080414584837424e-13
4.120204680830453054e-13
4.808090956035850603e-13
5.526918934819404936e-13
6.241878023919179807e-13
6.900417455899345840e-13
7.436129737645488055e-13
7.778747342029923790e-13
7.868475251492216958e-13
7.671113322218985577e-13
7.189884014405932324e-13
6.470664978836760606e-13
5.598981941191450343e-13
4.689034432843824566e-13
3.866730711528039890e-13
3.249933875759344615e-13
2.929778130869314250e-13
2.979538842749540381e-13
3.301744988896111213e-13
3.920422840362231613e-13
4.742774293562876286e-13
5.648877860914537544e-13
6.510881463948073626e-13
7.213173011803305485e-13
7.669677683564814826e-13
7.835109559640174567e-13
7.708188285493861353e-13
7.326432899421889379e-13
6.753993684157561953e-13
6.065726973945796391e-13
5.331762131515038797e-13
4.606533929235146971e-13
3.924507896051848160e-13
3.302279897577009750e-13
2.744595927566241324e-13
2.251069414992225598e-13
1.821052919113105853e-13
1.455572083978522011e-13
1.156636505176854839e-13
9.251088707180721850e-14
7.585147817052383246e-14
6.498538655664204641e-14
5.879004028553378375e-14
5.588713954075462718e-14
5.488467075205391173e-14
5.461653082538860934e-14
5.432598557864765956e-14
5.377394653717304466e-14
5.326995835977951439e-14
5.362635867192427965e-14
5.603651611291461185e-14
6.188160220404151031e-14
7.248853964853132873e-14
8.889614416326407152e-14
1.117071784148141905e-13
1.410835690723638371e-13
1.768891579406905636e-13
2.189223537689755917e-13
2.671268134325556389e-13
3.216426421411236537e-13
3.825878995752281525e-13
4.495511377855387067e-13
5.209147445073049148e-13
5.932655499892346476e-13
6.612058216450656790e-13
7.177946494995566103e-13
7.556401785606279256e-13
7.684197036241179762e-13
7.524401398192070885e-13
7.078269136874214639e-13
6.390303965486868220e-13
5.545075670979175980e-13
4.656163855018501368e-13
3.849171858012775611e-13
3.241917887085248870e-13
2.925578727236694873e-13
2.979090411036325229e-13
3.298069126774330890e-13
3.908370292262445525e-13
4.717293655459071019e-13
5.605151205473561638e-13
6.444577500648152112e-13
7.120675382475168252e-13
7.548251842932046133e-13
7.683108663159548907e-13
7.525472059295189712e-13
7.115073213515635348e-13
6.519059613981096846e-13
5.815655569140449592e-13
5.077802062290508847e-13
4.361128463810560182e-13
3.699066711507578680e-13
3.105165026544836980e-13
2.580038140808214061e-13
2.119239166245719470e-13
1.719000170276271411e-13
1.378516952097862535e-13
1.099164576994124096e-13
8.820376777855363842e-14
7.253863049960054906e-14
6.231151564204952380e-14
5.648864961949639223e-14
5.377136835199440665e-14
5.283758599023328145e-14
5.257954689397610468e-14
5.228136433480334684e-14
5.172104226542185164e-14
5.119858271149733066e-14
5.149165086073054779e-14
5.373873719607202187e-14
5.925071648157366741e-14
6.927030985370908880e-14
8.473987415647137882e-14
1.061634178782239607e-13
1.336245624998670155e-13
1.669627249036550523e-13
2.060436698559966165e-13
2.510012013951803833e-13
3.022938274143875897e-13
3.604465221970804273e-13
4.254539770295473512e-13
4.959906905219980250e-13
5.687347407766799546e-13
6.381637086248849129e-13
6.970594484753325019e-13
7.377035660316132069e-13
7.534849629996605830e-13
7.404976416690590250e-13
6.987204741320777605e-13
6.324960846325709791e-13
5.501929669212172601e-13
4.630971315315711655e-13
3.837199820382075961e-13
3.238198129742359337e-13
2.925043932543011910e-13
2.983382233760629608e-13
3.300026819854493323e-13
3.903819299423037908e-13
4.702339024483646818e-13
5.576374139515652111e-13
6.399275816186296248e-13
7.056975542677531597e-13
7.465044686979185746e-13
7.579945081653026402e-13
7.402687209576130843e-13
6.974336051150321151e-13
6.364218108022832467e-13
5.653344880010694431e-13
4.917152743660388101e-13
4.212287326218868089e-13
3.570954258583123178e-13
3.003427007259866001e-13
2.506082296022018131e-13
2.070640359967718131e-13
1.690877074855772385e-13
1.365169582016768346e-13
1.095387494658014857e-13
8.838528781309991149e-14
7.302125180999088819e-14
6.295273747525367511e-14
5.721840509311525877e-14
5.455266167742944836e-14
5.364452469387064088e-14
5.339097745701596415e-14
5.308114156309010293e-14
5.249925642892294622e-14
5.195199708848289489e-14
5.222247233946663252e-14
5.445013887366754009e-14
5.993384358369019882e-14
6.987509973593768489e-14
8.513029320951310411e-14
1.060729135696773752e-13
1.326353714133090022e-13
1.645298256478962897e-13
2.015764560313190323e-13
2.440012389215067301e-13
2.925196462595942827e-13
3.480455310761673293e-13
4.109932316596530659e-13
4.803530817296507852e-13
5.529142366107836045e-13
6.230486883228386266e-13
6.832944950456767270e-13
7.256660250114620901e-13
7.433452699001101802e-13
7.322992431854963742e-13
6.924297959097694791e-13
6.280120308266806564e-13
5.473359073954858393e-13
4.616031829111666747e-13
3.832530591122251634e-13
3.239961154750530789e-13
2.929121964351584393e-13
2.993381572405277917e-13
3.308829607392307469e-13
3.908524711304086650e-13
4.700548947513334327e-13
5.566465902218652757e-13
6.380629126888115221e-13
7.029944601820694465e-13
7.430608272143348712e-13
7.539205379970652598e-13
7.356596428200204000e-13
6.924008005923488789e-13
6.311818392762046597e-13
5.603010275479755193e-13
4.875098503146789365e-13
4.185591746616995015e-13
3.565359083620831852e-13
3.021243135438348806e-13
2.545323301491950279e-13
2.125783095882414694e-13
1.754744671493640277e-13
1.430986801819228626e-13
1.158239603206092269e-13
9.412627765368208557e-14
7.819287919946140836e-14
6.767765000339869239e-14
6.167221940458801682e-14
5.888618813436407203e-14
5.794631206797176752e-14
5.768772206631428386e-14
5.736011805574888742e-14
5.674043659680030137e-14
5.616197514862682353e-14
5.646282374844002245e-14
5.885265590383840907e-14
6.469091860867123982e-14
7.519134174483755467e-14
9.113658735929702965e-14
1.127295147480158352e-13
1.396618818737078469e-13
1.713940339217483384e-13
2.075644077600307998e-13
2.483733709261063121e-13
2.947193366723177492e-13
3.478808139918477426e-13
4.087004700662710248e-13
4.765007263060132283e-13
5.481934089456824163e-13
6.180620652314966670e-13
6.784451383594680428e-13
7.211728263200622802e-13
7.393322328714419375e-13
7.288779393613173726e-13
6.897247201081647419e-13
6.261307074641113911e-13
5.463192104282775755e-13
4.613921270985617890e-13
3.836876401965606355e-13
3.248388423771631090e-13
2.938755715199326961e-13
3.010030489097275592e-13
3.325659460504665759e-13
3.924203160038798594e-13
4.714512877632861884e-13
5.579288130500176002e-13
6.394234976138150795e-13
7.047424689268855820e-13
7.455529923182735485e-13
7.574622096142144825e-13
7.404257617452600768e-13
6.984327539470810700e-13
6.384777534624968966e-13
5.689467879978764741e-13
4.977465635970168938e-13
4.307050659507666549e-13
3.707789337636987367e-13
3.183056761869762204e-13
2.720630479989280685e-13
2.305492455837022312e-13
1.929011509822913899e-13
1.591768720424674668e-13
1.300945962093716204e-13
1.065171044071437106e-13
8.895501617421454926e-14
7.725205849170670288e-14
7.053189251075569592e-14
6.741006925713415372e-14
6.636260829422021938e-14
6.608298939482780419e-14
6.572844844903019456e-14
6.505237725079935976e-14
6.443837157015030248e-14
6.483846111200587672e-14
6.761542019650305306e-14
7.427683409571188986e-14
8.611244907360722843e-14
1.038434486441515792e-13
1.274507599752436431e-13
1.562774478603345588e-13
1.893854924350924509e-13
2.260737136145158008e-13
2.663824798189344651e-13
3.113106428934136128e-13
3.624735909693489399e-13
4.211448572857173051e-13
4.869824741919542257e-13
5.570181235036692595e-13
6.254587512223790022e-13
6.844992317058659019e-13
7.258967222657259039e-13
7.427907055452756539e-13
7.312694931575805393e-13
6.913718528047278957e-13
6.273989811221668195e-13
5.475199672610221441e-13
4.627167112706966115e-13
3.851911982730851635e-13
3.264632459306266260e-13
2.954863446484879291e-13
3.034226161022096830e-13
3.351644457571021567e-13
3.952498645037412107e-13
4.746720915187893830e-13
5.618573050184971502e-13
6.445537874034293699e-13
7.117103855200992045e-13
7.550284711044131939e-13
7.699916458656906907e-13
7.562875896470569604e-13
7.175865004686004160e-13
6.606496429436152386e-13
5.938075996590694115e-13
5.250563194235526970e-13
4.603014320967302123e-13
4.023950065965741132e-13
3.513432994588951696e-13
3.055009460862913660e-13
2.630798161895425593e-13
2.232354230454853293e-13
1.863595612664038284e-13
1.536950780781751883e-13
1.266571633028018221e-13
1.062017906923805005e-13
9.241878860279871061e-14
8.444388761984762526e-14
8.071789523955771021e-14
7.946184158642119796e-14
7.913456733080701974e-14
7.873944658645550377e-14
7.798742717349910786e-14
7.733965014910064487e-14
7.793012902496334344e-14
8.137123838020677540e-14
8.942182567584104819e-14
1.035217977201457894e-13
1.243405005978472001e-13
1.515701609468123163e-13
1.840755283968176659e-13
2.203515597573310748e-13
2.591805191248235446e-13
3.002968372553237561e-13
3.447146838001311134e-13
3.943579861006949461e-13
4.509246620364666717e-13
5.143914539583282478e-13
5.818849120401811310e-13
6.475388030057559382e-13
7.034750938553314773e-13
7.415232028095577087e-13
7.550632149412198648e-13
7.404978988091088441e-13
6.981222795279129201e-13
6.323485249410940606e-13
5.513025148967269664e-13
4.658199324530413945e-13
3.879240971125427744e-13
3.289793120204545452e-13
2.978319596811486368e-13
3.066801636769886543e-13
3.387834982411744032e-13
3.994948812447530150e-13
4.799514461888256280e-13
5.687852797548098979e-13
6.539732825922749921e-13
7.246393034540343447e-13
7.725092200441134261e-13
7.928651329689969785e-13
7.849678562466655402e-13
7.519447322225452154e-13
7.000849755525743458e-13
6.374780714429317426e-13
5.721248950656508454e-13
5.100217180117472248e-13
4.539737564621186447e-13
4.037012137756774758e-13
3.571545838515826546e-13
3.122896813345030255e-13
2.683703341644801992e-13
2.262817275733633106e-13
1.879876634633848855e-13
1.556445160720588222e-13
1.308016480996010621e-13
1.138719129080621123e-13
1.039875996277805102e-13
9.932226050627527485e-14
9.772096024490824501e-14
9.730211058818454670e-14
9.684619537571099386e-14
9.600033078130759214e-14
9.533361592354766676e-14
9.623829030790506517e-14
1.006860618357800993e-13
1.108067552941378520e-13
1.282751791043535503e-13
1.537122113749286199e-13
1.864327686946732363e-13
2.246676322735359292e-13
2.661539410029886574e-13
3.089656312117871714e-13
3.523813681212057039e-13
3.973509252957680075e-13
4.460807260731779048e-13
5.006720301581135008e-13
5.613719891867030544e-13
6.253455643580499265e-13
6.866462823512378900e-13
7.374138618204961617e-13
7.697380045418099056e-13
7.774753984104895585e-13
7.575612728909905270e-13
7.106994904888058024e-13
6.414863730722481644e-13
5.580115267919895934e-13
4.709302188781136553e-13
3.920363011412162165e-13
3.324894392905085788e-13
3.009936025060322413e-13
3.108507356319992927e-13
3.435180837008497084e-13
4.052952466176527037e-13
4.875038527172146958e-13
5.790390825047748274e-13
6.681671344258673982e-13
7.442306129229479895e-13
7.989778296059438525e-13
8.274095138565828958e-13
8.281814863311023740e-13
8.036132984329626049e-13
7.592263335810946173e-13
7.026290192930195808e-13
6.417155880236101678e-13
5.825991070565058940e-13
5.281389455941238544e-13
4.778590709313382964e-13
4.293450724120585902e-13
3.803200563353619406e-13
3.302304762333291398e-13
2.806101758212831671e-13
2.343515267811410710e-13
1.945649596285421832e-13
1.635746112981271341e-13
1.422234522376369471e-13
1.296339796538415384e-13
1.236070417546999330e-13
1.214725160824008385e-13
1.208907598315625632e-13
1.203442226036474010e-13
1.193927040766433800e-13
1.187460117107550589e-13
1.201372461229566161e-13
1.260194792843715592e-13
1.390315065442332284e-13
1.611793927015761186e-13
1.930276869576993649e-13
2.333941654679268225e-13
2.796872665125228218e-13
3.286733310065844913e-13
3.775178525653698696e-13
4.249013342186156081e-13
4.716454106882299919e-13
5.202169893034490765e-13
5.730752039046834366e-13
6.306427100670679253e-13
6.900245260652320343e-13
7.451767227729492737e-13
7.883767655640674951e-13
8.122170427109490253e-13
8.113225213679679326e-13
7.834182550282076974e-13
7.297876210601294584e-13
6.552857251057056283e-13
5.679653114402125766e-13
4.782567749491177699e-13
3.976642066513196681e-13
3.370862080948118989e-13
3.050444002075856763e-13
3.159993745356194301e-13
3.494509646945786666e-13
4.127738826910902293e-13
4.975196392070703382e-13
5.929116280977866219e-13
6.875770899509249665e-13
7.711343945472294232e-13
8.353642316610528306e-13
8.749096218112434173e-13
8.876280294113803552e-13
8.747240532494104581e-13
8.405890793158058865e-13
7.920403604604019551e-13
7.367120686341732884e-13
6.808700285347580547e-13
6.275840941480815564e-13
5.763368822479854956e-13
5.244231922324060279e-13
4.693485081319896373e-13
4.107864287133016836e-13
3.510545794814202710e-13
2.941845194565833923e-13
2.444791663515408506e-13
2.052630052069620976e-13
1.779601269769215293e-13
1.616921387905848346e-13
1.537661141007550218e-13
1.508366663147078145e-13
1.499785006410753756e-13
1.492976043842681644e-13
1.482416653060020777e-13
1.476947533163344054e-13
1.498165522745041086e-13
1.576740525717862519e-13
1.745742468163447563e-13
2.029650403543001284e-13
2.433291235015986044e-13
2.938224874448717001e-13
3.508001320925219803e-13
4.098222564451732802e-13
4.669472653264682564e-13
5.201389862140698505e-13
5.700563910796758311e-13
6.194076634715555845e-13
6.709234116471022530e-13
7.250399558471921055e-13
7.786515978776899532e-13
8.255943081434948598e-13
8.584475955063159478e-13
8.706187227265084764e-13
8.578570149978052808e-13
8.189749317102641260e-13
7.560200808348360009e-13
6.741770946998744584e-13
5.814494061397050497e-13
4.879851588028572410e-13
4.049276448051392253e-13
3.428502761716332361e-13
3.100477254116409247e-13
3.221795179112486244e-13
3.566506918920494480e-13
4.220339028961451167e-13
5.101607295271397355e-13
6.106562184048965360e-13
7.125928627024658162e-13
8.059382401411662786e-13
8.825328680801168048e-13
9.365965406528828023e-13
9.649862451486385845e-13
9.674430125227554314e-13
9.467898560991031171e-13
9.086521492052644158e-13
8.601863135077053949e-13
8.078464284289026370e-13
7.551355377709427473e-13
7.017417733186865522e-13
6.448021881223272837e-13
5.816149132505661295e-13
5.120776699857083173e-13
4.393841384276914956e-13
3.689061796854408899e-13
3.064055065220059902e-13
2.564925905095522959e-13
2.213870570695162630e-13
2.002412717348720400e-13
1.897262567668540921e-13
1.856359110633069232e-13
1.843249462643413539e-13
1.834461433526684691e-13
1.823104388664804179e-13
1.820078395399184820e-13
1.852077175949069448e-13
1.957310459720595474e-13
2.177386434601671910e-13
2.542506497128173445e-13
3.056166981141610629e-13
3.691021639541194474e-13
4.397200373419097905e-13
5.115662826450099968e-13
5.794098143892172534e-13
6.404266244410537027e-13
6.951231460648712732e-13
7.464251042440657932e-13
7.971810492150957103e-13
8.475862263175927616e-13
8.941124578898957811e-13
9.304595614564480490e-13
9.497402757050691928e-13
9.465783226555092610e-13
9.182768217172551668e-13
8.650722242565703546e-13
7.899686133351155911e-13
6.985398830309110764e-13
5.987105464376714611e-13
5.002731574554774610e-13
4.139271042365308932e-13
3.498484360969272738e-13
3.160556345717886330e-13
3.294315591072355998e-13
3.651698086176685288e-13
4.331560312592140218e-13
5.255567760784236883e-13
6.324808145324847606e-13
7.435439979546444410e-13
8.491565123094161478e-13
9.412701845195016396e-13
1.013636308101227988e-12
1.061910225511196199e-12
1.083983307293441169e-12
1.080586372293543463e-12
1.055636369478113271e-12
1.015497298752338522e-12
9.668252584901344660e-13
9.138523564239643382e-13
8.568446534826782408e-13
7.930108853819396987e-13
7.194600474985725814e-13
6.362433995366880477e-13
5.474480238502736015e-13
4.599589786677090466e-13
3.812944960442194098e-13
3.177196028129617713e-13
2.725543566786777447e-13
2.450449080730304291e-13
2.310521932850344915e-13
2.252908796796392550e-13
2.232598323623691560e-13
2.220918942007822312e-13
2.209393606448938958e-13
2.211234659068152721e-13
2.258943397955585159e-13
2.399697273015787890e-13
2.685851359037802113e-13
3.154938031581371824e-13
3.808260480360087196e-13
4.606365341949613557e-13
5.482287800322870242e-13
6.359531055529524140e-13
7.171449627746265370e-13
7.882013058700306281e-13
8.495465227410950191e-13
9.042771848831974231e-13
9.550995994010239084e-13
1.001589148641290302e-12
1.039519400825253272e-12
1.062467856975739502e-12
1.064410980678519440e-12
1.041703822244151340e-12
9.937141717936195426e-13
9.224736101770418442e-13
8.321327996306887065e-13
7.286944452182762213e-13
6.199510849630065879e-13
5.152470200124491157e-13
4.247412178833885726e-13
3.581318672372116436e-13
3.231074670302004544e-13
3.377815978298911736e-13
3.750432849651278480e-13
4.461963332672268004e-13
5.438017138144382027e-13
6.585428326021260270e-13
7.806922911419731286e-13
9.012200301935910888e-13
1.012272244978390039e-12
1.107118502981088220e-12
1.180026061015502737e-12
1.226621806711592137e-12
1.244928215553288235e-12
1.236491800524801614e-12
1.206426940456649248e-12
1.161546057548085870e-12
1.107176435455055133e-12
1.044698858238413074e-12
9.717748348048631784e-13
8.853793761378611006e-13
7.855600035190147810e-13
6.771958582545407596e-13
5.688021619204451692e-13
4.699880575895382110e-13
3.891569723890450895e-13
3.311613224379970077e-13
2.954443102680884543e-13
2.768324117348168591e-13
2.686967829878857834e-13
2.655511192577956505e-13
2.639649868372943562e-13
2.629172726464637529e-13
2.639720757071806783e-13
2.710043947019198612e-13
2.897670860099889413e-13
3.268410176745153895e-13
3.869227101477510581e-13
4.697918124989952025e-13
5.698440094889755480e-13
6.781964705184023495e-13
7.851485557777638973e-13
8.825296727890638485e-13
9.660899550662576421e-13
1.036314194417509159e-12
1.096363308676189475e-12
1.148378041355762554e-12
1.190777093274057562e-12
1.218304304506423055e-12
1.224498345069717125e-12
1.204673624625474619e-12
1.157572191344130182e-12
1.085224245632592312e-12
9.918529817965708623e-13
8.829299956083437941e-13
7.648947077470854087e-13
6.453239270184723222e-13
5.329981046303424631e-13
4.374245550401773419e-13
3.677346121737048407e-13
3.312286293569893535e-13
3.472404027837878692e-13
3.862872090753835777e-13
4.611842963479478336e-13
5.649507876179453138e-13
6.889445264202030521e-13
8.242248112173606833e-13
9.624661526403494449e-13
1.096132207446078484e-12
1.218043986699508087e-12
1.320927643557498915e-12
1.397717510988843210e-12
1.443017425269895920e-12
1.455163582143830730e-12
1.437360436444680608e-12
1.396410480711000327e-12
1.339151341950630714e-12
1.268819537178087170e-12
1.184139110581485971e-12
1.082097850407148935e-12
9.624839000371685854e-13
8.306918112498220260e-13
6.968881449599616833e-13
5.731520414261239214e-13
4.706695106124995289e-13
3.964315538447283626e-13
3.502285390440729442e-13
3.255467929777996636e-13
3.140838492190981956e-13
3.092571319646387592e-13
3.070734570602476429e-13
3.063376542760748273e-13
3.088434669343888485e-13
3.190854033730896900e-13
3.439751953505141772e-13
3.917825531622562797e-13
4.684382097920616452e-13
5.731862093166678504e-13
6.981383949307051801e-13
8.315964775435071728e-13
9.614790612796528517e-13
1.078155943475897067e-12
1.177040297795939264e-12
1.258890772982325887e-12
1.326701486379745057e-12
1.381385272158413192e-12
1.419478035772987643e-12
1.434335045053830810e-12
1.419671843598260222e-12
1.372816795828269850e-12
1.295724752364511504e-12
1.193773014883370073e-12
1.073782394013184055e-12
9.426856774229887416e-13
8.073213881904672366e-13
6.749280447868419329e-13
5.535799899609882804e-13
4.520057555802335477e-13
3.786723044286455389e-13
3.404295867985977013e-13
3.578026058288536332e-13
3.988977596123673787e-13
4.781212935112973301e-13
5.890181000727926635e-13
7.237290159564966938e-13
8.742475783562579203e-13
1.033129225566633480e-12
1.193327367000283612e-12
1.347310921138662104e-12
1.486169761684879929e-12
1.599728879661543472e-12
1.678376123826922937e-12
1.716187817630038177e-12
1.713518425343251331e-12
1.676781088628416802e-12
1.614736136367185275e-12
1.533453075031202291e-12
1.433657359630217291e-12
1.312679566034836155e-12
1.169701241109923894e-12
1.010112918554698430e-12
8.456040493858143229e-13
6.911618170638088762e-13
5.616219781455558370e-13
4.669514578487433022e-13
4.074823714687026585e-13
3.749241804309510639e-13
3.588749878583445125e-13
3.515790958991321436e-13
3.485543081046746689e-13
3.484553202051706762e-13
3.532512558670384515e-13
3.679695299079122074e-13
4.007765818153887330e-13
4.620813647884326917e-13
5.594706817387856158e-13
6.914137076671729381e-13
8.468774653339242840e-13
1.010507083853929060e-12
1.167483952238682991e-12
1.306948531077351856e-12
1.424525164755853427e-12
1.521503931368498446e-12
1.600252898893408874e-12
1.659461153669529441e-12
1.692848241176203691e-12
1.692055185378689877e-12
1.651414823823586890e-12
1.571219304727562417e-12
1.457659817787979625e-12
1.320223417624996156e-12
1.168719422295226797e-12
1.011624165728520125e-12
8.560758661680875514e-13
7.088046275928190497e-13
5.770060967901320473e-13
4.684860389190558974e-13
3.909411708329745898e-13
3.507050806846395350e-13
3.694461437255743434e-13
4.128504796059467034e-13
4.969794589413141725e-13
6.159747216224015876e-13
7.628770174558978151e-13
9.307799482871742809e-13
1.113331370168521294e-12
1.304205468911460327e-12
1.495698079434703356e-12
1.677256217624626333e-12
1.835226174590711457e-12
1.954916583973840487e-12
2.024859385682349734e-12
2.041247807743891980e-12
2.009380344433531554e-12
1.940250014909282224e-12
1.843981706835786005e-12
1.724691186269537207e-12
1.580704268883378189e-12
1.410196629222917636e-12
1.217721384022473512e-12
1.016149041751430383e-12
8.239041075510202028e-13
6.606526977431531734e-13
5.404652605410554746e-13
4.644249961908039085e-13
4.218172678800194071e-13
3.995786889159460525e-13
3.887591537326650506e-13
3.845729442854514983e-13
3.855872888497080661e-13
3.938302773260797506e-13
4.146535850887280805e-13
4.575291735438205248e-13
5.356085284251473475e-13
6.587665574234315914e-13
8.244281792767764130e-13
1.017253903393531245e-12
1.217092941570013862e-12
1.405993807610467877e-12
1.572359914964035665e-12
1.712868887455131424e-12
1.829574088823170089e-12
1.923379763869784128e-12
1.989315835377481074e-12
2.017156403427948138e-12
1.996644493366503065e-12
1.923524727720882356e-12
1.802360479100579742e-12
1.644820407107092891e-12
1.465318928458855778e-12
1.276993850869856140e-12
1.089859709285923287e-12
9.111747571333127366e-13
7.469339224948174504e-13
6.032478605650600172e-13
4.868381156093020429e-13
4.045173280802512651e-13
3.620335873772316086e-13
3.821319599732473502e-13
4.280998676708991574e-13
5.177009993033657719e-13
6.457474000437400664e-13
8.063043292147495513e-13
9.937497639270107001e-13
1.203073615093612600e-12
1.428970029395447068e-12
1.663844427611673783e-12
1.895620326167311525e-12
2.106893703594235711e-12
2.277006620714596844e-12
2.387417740518427540e-12
2.428376011773679199e-12
2.402813935967029739e-12
2.323995837131830930e-12
2.207531422298530305e-12
2.062896878528651356e-12
1.890580510441248935e-12
1.687383964771400289e-12
1.455810703738128783e-12
1.209301490588228893e-12
9.704251601526861601e-13
7.653198748659142882e-13
6.136217852436648357e-13
5.172833355270096523e-13
4.621713467157799587e-13
4.318143037062813491e-13
4.161340071585719287e-13
4.103847958321233656e-13
4.131647117464714529e-13
4.263591538106083565e-13
4.552664816997422250e-13
5.106438850231250439e-13
6.091949143702890507e-13
7.640581388268116500e-13
9.714104848380868217e-13
1.210089934749247739e-12
1.453572963822548636e-12
1.680285813636489725e-12
1.878721101517889071e-12
2.047779742231663576e-12
2.190358500527464068e-12
2.304483634286352804e-12
2.379549244783760147e-12
2.400126347228686965e-12
2.354194389450188353e-12
2.240229446282572903e-12
2.068820221440206618e-12
1.858574514229720293e-12
1.629663556777724649e-12
1.398793447714147479e-12
1.177387934506670567e-12
9.725452485263224204e-13
7.892328175424846014e-13
6.322334904757548057e-13
5.070055245116730561e-13
4.193563889332248857e-13
3.743770308504515379e-13
3.958039754363348572e-13
4.445792982174937959e-13
5.401979592241108197e-13
6.782179010458892177e-13
8.538601263429844015e-13
1.062989348755157928e-12
1.302227419977772430e-12
1.567664483469765597e-12
1.852224011003164429e-12
2.142594907789240813e-12
2.417515636411748472e-12
2.649520122400496345e-12
2.811240465611789557e-12
2.884628976806106269e-12
2.868244048220000036e-12
2.777124593504006473e-12
2.633882699134198398e-12
2.456028979117865639e-12
2.248138517413319654e-12
2.005420478776749584e-12
1.726673316322159723e-12
1.425018698360282838e-12
1.128292057125065815e-12
8.715024678794838715e-13
6.816593477021840175e-13
5.613106239838236784e-13
4.912821641090695920e-13
4.507059197054363921e-13
4.285983312905252436e-13
4.208170135045657793e-13
4.261841083699244193e-13
4.461364205724833702e-13
4.853155847314646312e-13
5.556102358277346648e-13
6.783478140570988223e-13
8.715168516890512185e-13
1.130190518306428789e-12
1.425492125235735400e-12
1.722234760183500027e-12
1.994451279848054858e-12
2.231905762793210391e-12
2.437227818271030375e-12
2.613911848634107486e-12
2.754883599547505678e-12
2.841312771376618250e-12
2.851336370128968615e-12
2.771887432804090766e-12
2.606230868779940656e-12
2.373262731860402836e-12
2.100185188357653220e-12
1.813697371413596427e-12
1.534148664576392486e-12
1.274077710451961036e-12
1.040021270864456783e-12
8.355532191264748669e-13
6.638473456610985437e-13
5.289024132682853704e-13
4.353933892489888518e-13
3.876807572628921540e-13
4.103893325107510857e-13
4.622012776303143082e-13
5.643524538380042586e-13
7.132230064803369667e-13
9.053261178091789094e-13
1.138232434689140800e-12
1.410526699672023455e-12
1.720155113535650139e-12
2.061115357473108060e-12
2.419368842724342447e-12
2.769937975373179071e-12
3.077858956169178211e-12
3.305027320160643415e-12
3.422104867924658241e-12
3.420236021728313373e-12
3.314817090079910234e-12
3.136824049340228013e-12
2.915268400097727110e-12
2.661776538636736815e-12
2.370000926801120279e-12
2.032794845433743135e-12
1.661859748032681176e-12
1.292437785355265296e-12
9.722723341544712361e-13
7.379263162654997824e-13
5.911513413759694565e-13
5.047909338387543660e-13
4.522005340427738296e-13
4.220524623261424900e-13
4.117412184987676353e-13
4.206249250691928147e-13
4.492596084744901824e-13
5.006668780004164634e-13
5.873989773238998277e-13
7.368655647151995078e-13
9.747503445406294260e-13
1.296215235757818469e-12
1.662377496228438899e-12
2.025720485800836781e-12
2.354295917248672481e-12
2.640604191802118980e-12
2.892889218516859426e-12
3.114504432105960319e-12
3.290005116574163036e-12
3.389131066354886551e-12
3.382664552551473182e-12
3.258163120094573105e-12
3.026719084645398222e-12
2.718396839008852967e-12
2.370767684799647365e-12
2.017666832723275125e-12
1.682916231766868236e-12
1.379663538440379979e-12
1.113340593668574125e-12
8.856812745603765744e-13
6.979299538209415310e-13
5.524137743471637807e-13
4.525430424468367200e-13
4.018737760359997847e-13
4.257989134558426311e-13
4.808580385995053035e-13
5.900173754261761778e-13
7.505551909722892712e-13
9.604166190809432582e-13
1.219112138717597002e-12
1.527560536055111676e-12
1.886112900923062463e-12
2.290564934105099617e-12
2.726927501895766843e-12
3.166998513690542401e-12
3.567928638642331322e-12
3.878948207511475194e-12
4.055781861631200425e-12
4.077792707333161389e-12
3.957870107641812804e-12
3.736136206790457015e-12
3.457390282858950336e-12
3.144645845206874841e-12
2.790282817080458226e-12
2.377909245990884059e-12
1.916523645687494364e-12
1.453245775973950521e-12
1.055631057697505912e-12
7.727522344233350263e-13
6.016635676526620411e-13
5.012399124406051027e-13
4.365311594922132918e-13
3.971160548175126304e-13
3.837988327152612164e-13
3.971196728142765008e-13
4.360513542760129048e-13
5.001437519658745674e-13
6.014593152668670976e-13
7.759840715400327660e-13
1.062816272522568801e-12
1.460851123770160167e-12
1.918181369650230590e-12
2.368246214882516005e-12
2.769462430570058127e-12
3.118727355747291352e-12
3.432488170900959996e-12
3.712682896832756481e-12
3.930956202596755688e-12
4.041890282174362437e-12
4.008755427664157063e-12
3.822843431064500767e-12
3.507340343551339201e-12
3.106905278627407347e-12
2.671231223273259683e-12
2.241589535880849769e-12
1.844761800263768163e-12
1.493738649686253264e-12
1.192142956345914073e-12
9.393374907810919497e-13
7.342786918830661111e-13
5.773961431715276558e-13
4.707003233621672304e-13
4.168692679210782912e-13
4.419281293440368249e-13
5.004224698066068231e-13
6.170175750235526794e-13
7.899639915053011981e-13
1.018779593018340769e-12
1.305160125038448486e-12
1.652766853637491841e-12
2.064994682641824827e-12
2.540344682104805269e-12
3.065975010904469347e-12
3.611416491134095606e-12
4.126046531137019559e-12
4.544716950195993642e-12
4.804017380534607783e-12
4.865569903503772466e-12
4.734775524665192172e-12
4.460444584512494388e-12
4.108221024111623192e-12
3.718663471301037543e-12
3.283211960602285333e-12
2.770533076274787578e-12
2.184882831976102711e-12
1.594317795956526453e-12
1.100398242771600060e-12
7.703318123263281661e-13
5.884062757344265083e-13
4.870531740461406397e-13
4.161819573748970394e-13
3.679434886710921494e-13
3.512370767370273388e-13
3.698031060136865304e-13
4.191701198373401112e-13
4.908849828766563012e-13
5.948491963208025965e-13
7.819498028931092278e-13
1.116580114852693451e-12
1.609419693157004445e-12
2.190115620898367035e-12
2.759415983124196461e-12
3.258113129001216738e-12
3.689785124035491437e-12
4.083504226439962850e-12
4.438199325673743279e-12
4.706561071376231905e-12
4.823975329670784317e-12
4.747462755891570103e-12
4.477180895196063600e-12
4.054098735471904539e-12
3.541335283332036862e-12
3.002203547251815907e-12
2.485213445652837959e-12
2.019142014336348400e-12
1.615749079311578704e-12
1.275969365219941611e-12
9.961777990700390101e-13
7.726491421652232790e-13
6.036787588266935559e-13
4.897413785716178340e-13
4.325653564656595655e-13
4.586579718199892854e-13
5.207493731017738944e-13
6.451515133811672713e-13
8.311580774242015848e-13
1.079998709292167237e-12
1.395807110364480612e-12
1.785427429835270866e-12
2.256024277740082588e-12
2.809904309327056378e-12
3.436837419969095040e-12
4.105634502803521405e-12
4.758758677986558879e-12
5.315539651234823525e-12
5.688966201781349978e-12
5.815226724701608911e-12
5.684361041100624328e-12
5.351217236932800389e-12
4.907981578465597935e-12
4.421520728494771788e-12
3.882420579343735685e-12
3.233416010345982799e-12
2.468741018947311074e-12
1.693702997584561786e-12
1.072203626989720650e-12
7.031901747634670936e-13
5.464074150186423946e-13
4.852826089062209544e-13
4.344553048646565148e-13
3.848732154390789326e-13
3.650967823649661475e-13
3.895320945188001640e-13
4.432690123178986155e-13
4.987115048039940436e-13
5.668010294563290770e-13
7.315986598894081600e-13
1.104909005900378883e-12
1.722411843143644888e-12
2.482173083455600440e-12
3.224188428023464406e-12
3.856487817239858615e-12
4.394494932130987346e-12
4.888854354722071802e-12
5.334056014521791898e-12
5.655889739781970677e-12
5.766496719060099470e-12
5.620194655445092445e-12
5.233780272225526060e-12
4.673169488621779368e-12
4.023943811915159171e-12
3.363937583356218247e-12
2.747971334158593432e-12
2.205286666812024556e-12
1.744989074599485136e-12
1.364262707206438319e-12
1.055795613111032317e-12
8.127571304964949289e-13
6.310651815084889948e-13
5.095247553302577083e-13
4.488461351502197871e-13
4.758563156294084804e-13
5.416770351505122929e-13
6.741933688747636194e-13
8.738080201887780423e-13
1.143596467653790884e-12
1.490384886037725371e-12
1.924664702708442051e-12
2.458174555087759359e-12
3.098319825359063402e-12
3.839347500876553323e-12
4.651607393018683196e-12
5.472540860369333110e-12
6.205873445716359232e-12
6.736805276163961814e-12
6.966797956315221245e-12
6.859001603619797160e-12
6.468191246295485402e-12
5.919246231169938662e-12
5.318251373646800644e-12
4.654919310438315056e-12
3.824844063270215424e-12
2.797729860428320053e-12
1.741447330779343411e-12
9.344770918712387819e-13
5.398562476343401279e-13
4.869092366693065521e-13
5.822451009151082018e-13
6.519899479880397740e-13
6.437918951471069529e-13
6.268144909651484406e-13
6.554150386913969717e-13
6.751973544895030601e-13
6.190124488076074395e-13
5.380391584110413744e-13
5.993185685990740680e-13
9.935178052272038320e-13
1.792163581489352219e-12
2.827622300402112909e-12
3.825398490924330405e-12
4.636887121733321591e-12
5.303321749647925057e-12
5.915267191935542060e-12
6.461884330813174929e-12
6.831246759247794167e-12
6.908480239377718366e-12
6.652051115945920886e-12
6.106333968819376504e-12
5.370601820874523936e-12
4.556492973449281725e-12
3.756201098556670319e-12
3.028931901464179947e-12
2.402181879917883224e-12
1.880598281437912475e-12
1.456369845156870941e-12
1.117724922548758320e-12
8.542814447921749677e-13
6.593353542399868976e-13
5.298929362524978952e-13
4.655829383380959238e-13
4.933794556902093101e-13
5.630290953651522955e-13
7.038955828400313055e-13
9.175497528567683312e-13
1.209038421792810300e-12
1.588130038297183038e-12
2.069440917815124390e-12
2.670151723004821453e-12
3.404240719758711470e-12
4.272714072703441078e-12
5.250536689457715646e-12
6.273362348421792284e-12
7.230921689906954839e-12
7.977605817388467761e-12
8.369872355018898881e-12
8.328282843147995436e-12
7.896438673776583585e-12
7.238309493264180017e-12
6.519246778096551704e-12
5.729730254482794061e-12
4.679970263389569387e-12
3.281054799758714872e-12
1.799197002604929410e-12
7.177007004663047552e-13
3.434786327057322934e-13
6.358890550354332886e-13
1.362394989954786367e-12
2.121783511195057032e-12
2.494573623098986294e-12
2.545414892216660340e-12
2.520926146482838983e-12
2.179505374899473751e-12
1.453442200551971779e-12
7.449258079246368839e-13
4.459866350789714715e-13
8.073902460745003011e-13
1.882465209263207748e-12
3.344048656449883576e-12
4.708504821506835195e-12
5.738927154184603759e-12
6.536006980257826955e-12
7.265052360826997502e-12
7.908742051700685819e-12
8.301436423922523917e-12
8.297794085907056798e-12
7.871602686837871847e-12
7.109103993552624683e-12
6.151892640946281880e-12
5.139994960125626751e-12
4.178152336244062414e-12
3.326749923810600807e-12
2.608555543887482019e-12
2.021561225887603189e-12
1.551545366292274077e-12
1.181444455615325692e-12
8.968672234210127888e-13
6.882480894787704423e-13
5.506741618429322257e-13
4.826358401238796803e-13
5.110738584249127569e-13
5.846166868031492996e-13
7.339918154550039066e-13
9.619886985458201993e-13
1.275738527472399565e-12
1.688189544027642121e-12
2.218560210236053830e-12
2.890383399860567553e-12
3.725839141873386811e-12
4.735381392366253012e-12
5.902554787983765417e-12
7.166098633906402636e-12
8.405789734525808818e-12
9.444644999892878183e-12
1.008421612008268329e-11
1.018276212388197951e-11
9.755057538659582040e-12
9.010652509545746674e-12
8.206764202860855505e-12
7.343299411218564840e-12
6.081704060194734216e-12
4.205193643541796520e-12
2.128641374238799250e-12
7.014497342405001023e-13
6.454484941381193434e-13
2.430408824672442202e-12
6.579114057281093904e-12
1.244568279880031865e-11
1.663814921922199206e-11
1.765212881555709228e-11
1.660081651732437941e-11
1.250651948463310510e-11
6.767442113171443766e-12
2.628599874254103874e-12
7.847978399193873854e-13
8.153792251702981937e-13
2.270803581121091722e-12
4.344798994440207349e-12
6.181581267847302125e-12
7.420047693328013240e-12
8.290175036853564092e-12
9.091664024740300383e-12
9.795086729797136367e-12
1.015487378536009152e-11
9.991457408167964699e-12
9.310119950095015393e-12
8.256083772185561035e-12
7.021420321965503645e-12
5.774411230029957805e-12
4.628207096279978215e-12
3.639618670003486028e-12
2.822866503581101622e-12
2.166709656877524100e-12
1.648957150282197275e-12
1.246382931505192148e-12
9.401299922661225471e-13
7.175439540818984765e-13
5.716845180112436287e-13
4.998553612265907893e-13
5.287781031835928118e-13
6.062408217239615049e-13
7.642002777167475675e-13
1.006704535037260301e-12
1.343065620426454123e-12
1.789628400557638483e-12
2.370674236226241273e-12
3.117012236786995296e-12
4.060765346962593613e-12
5.224887052598563133e-12
6.606370533136896270e-12
8.153793311979258329e-12
9.744237165322499856e-12
1.117291426681342088e-11
1.217930135432559317e-11
1.253708405739756310e-11
1.220696636558937616e-11
1.145074781029091704e-11
1.067185275517299407e-11
9.907446881033327726e-12
8.573724119041672142e-12
6.200040010085136989e-12
3.415600119349743077e-12
1.727475830867057021e-12
3.355601977561785111e-12
1.137221108202700218e-11
3.151965371368100693e-11
6.562511426927262900e-11
9.538686075276792583e-11
1.047672123981845555e-10
9.445250924678644225e-11
6.525500082829481043e-11
3.204528970515217855e-11
1.192200060597913029e-11
3.620514576870829811e-12
1.918787703006972406e-12
3.733621623320248740e-12
6.544628230862468450e-12
8.848456225073241314e-12
1.013189856221039152e-11
1.088030094989392675e-11
1.161856515122186680e-11
1.228304141447454731e-11
1.250173539890261786e-11
1.205482405636797486e-11
1.100003920025008399e-11
9.559786530198365684e-12
7.981741245669992009e-12
6.458317685087036371e-12
5.103905432208400414e-12
3.965228663323995577e-12
3.043299175648081970e-12
2.314728330392162227e-12
1.747693904496310288e-12
1.311925405398326297e-12
9.836603176551364441e-13
7.469485187648080840e-13
5.927302608732535916e-13
5.170843603071226361e-13
5.463249859407125334e-13
6.276949887383589235e-13
7.942273973858265901e-13
1.051256549332905830e-12
1.410351005866305244e-12
1.891439412024883623e-12
2.524291941291534454e-12
3.347896969215993056e-12
4.406114412078675693e-12
5.737729722223880760e-12
7.358896634219531901e-12
9.236789823363726247e-12
1.125699358757508616e-11
1.319658026131599925e-11
1.473201826095226295e-11
1.553113793181962635e-11
1.546830201655638971e-11
1.486525342876145707e-11
1.436284222621921201e-11
1.410767455679508558e-11
1.313916718009081283e-11
1.053840746906352738e-11
7.236348398960908723e-12
5.801379914114854480e-12
1.347852200506255674e-11
4.031001979818311012e-11
1.015685816978822593e-10
2.050870558817513969e-10
3.046024797997875474e-10
3.406719033501257443e-10
3.000938405271169562e-10
2.038616820228803934e-10
1.045075633416983509e-10
4.316431911089229964e-11
1.473270259954537692e-11
6.500714310377955522e-12
8.168318720775579469e-12
1.144210878157946699e-11
1.382099132366230518e-11
1.462808928313083818e-11
1.478560439335391442e-11
1.515895809735886277e-11
1.558299178759016253e-11
1.547385111466098409e-11
1.455900145017547184e-11
1.297245932071484764e-11
1.102963808878049129e-11
9.032771201944700386e-12
7.188555745656928369e-12
5.601788799006894366e-12
4.300737534624214816e-12
3.267765368513330088e-12
2.464164785723222315e-12
1.846774778463980925e-12
1.377420686128706801e-12
1.027029029398591230e-12
7.761759307838920093e-13
6.136103465340020080e-13
5.341600825690788961e-13
5.635437541318507499e-13
6.487679240369883791e-13
8.237717692135534935e-13
1.095189521418991977e-12
1.476897112802506823e-12
1.992555199795684167e-12
2.677793969721909464e-12
3.580622737414080763e-12
4.758409660396661379e-12
6.269260572880622932e-12
8.154888635401217231e-12
1.041178038167464689e-11
1.294966002101960648e-11
1.554521336569266481e-11
1.782173959601785128e-11
1.932724160332630980e-11
1.981424943462663142e-11
1.967596964180094217e-11
1.994370201201805125e-11
2.104251283390475902e-11
2.149231281551797830e-11
1.971501854470968168e-11
1.707682360631854431e-11
1.718205357907916316e-11
4.168119705764242150e-11
1.073636159025654116e-10
2.115736285754727315e-10
3.522167023078145037e-10
4.884186083046109952e-10
5.603070422237972693e-10
5.226341314460147741e-10
3.869696935369576317e-10
2.331221421476129919e-10
1.190893854786024628e-10
4.681530385427337787e-11
1.987430907298243725e-11
1.989283592208313493e-11
2.202425012507703327e-11
2.304264576827589257e-11
2.210206060944666147e-11
2.069888555226206263e-11
2.013044995596065914e-11
1.995502645681819575e-11
1.922052399648491988e-11
1.757581349154874981e-11
1.525352946679663179e-11
1.267000420582252346e-11
1.017089829837020907e-11
7.959897707975242413e-12
6.117300747757230454e-12
4.642756086979631969e-12
3.493915031899751461e-12
2.613443582873281435e-12
1.945161116280000930e-12
1.442189778786151883e-12
1.069792954154649038e-12
8.049327612982120512e-13
6.341191292417374777e-13
5.509163353170836369e-13
5.802624388810868696e-13
6.692465148657736165e-13
8.525283327988484909e-13
1.138040060945435310e-12
1.541987133104325005e-12
2.091862431719693917e-12
2.829452077059544229e-12
3.812522314535867705e-12
5.113608224805844638e-12
6.813613918546953942e-12
8.986633671421714160e-12
1.167084962587411532e-11
1.482029794708039757e-11
1.823874018529057958e-11
2.152197501000312088e-11
2.410071822445722059e-11
2.557571128406063655e-11
2.643356351806212027e-11
2.835171922647359383e-11
3.241182786745350568e-11
3.656569704437787825e-11
3.852371800272313089e-11
3.960467995578818301e-11
4.284472715878783850e-11
1.115710322343491308e-10
2.452536155020188403e-10
3.648151349400847003e-10
4.485035147278234529e-10
5.280889851912117015e-10
6.317049576719829558e-10
6.585396264188064155e-10
5.657910745821657390e-10
4.235942011288851014e-10
2.743483291539676248e-10
1.260486776364210526e-10
5.061551891259208985e-11
4.715203259123543703e-11
4.393196296436897485e-11
3.974649327448766913e-11
3.433391527751351600e-11
2.955541134622684305e-11
2.705357049805409890e-11
2.570006602960721597e-11
2.389816453440490039e-11
2.116973619344714552e-11
1.785972447382389489e-11
1.447795624525533814e-11
1.138810142321607265e-11
8.764762422918008301e-12
6.644725714640848085e-12
4.987355648981276769e-12
3.719157459333404614e-12
2.760885330796056662e-12
2.041770335703638244e-12
1.505535272412911212e-12
1.111501084494882199e-12
8.329220720867288873e-13
6.540491872078702013e-13
5.671857575635996717e-13
5.963102480228841015e-13
6.889187903475884071e-13
8.801927140449436270e-13
1.179343306173382589e-12
1.604895526247503877e-12
2.188218178643253088e-12
2.977453701723953565e-12
4.040709488896856187e-12
5.467133653894260136e-12
7.363692892621141966e-12
9.843733582323827402e-12
1.300061976988559101e-11
1.685690786263584694e-11
2.128131335597602474e-11
2.588820843652500035e-11
3.002115264498471497e-11
3.311868816671928944e-11
3.580410397142856042e-11
4.082106940108719756e-11
5.073039731063780971e-11
6.330278024333375582e-11
7.599616725068651964e-11
8.520537131671140957e-11
9.193913119231008689e-11
2.719710348069239493e-10
5.231383129187797216e-10
7.223231898993575419e-10
8.608990547343242940e-10
7.975218563039785236e-10
5.902141625808030917e-10
5.157894459353222181e-10
5.872214089481986364e-10
6.417446907096053719e-10
5.542870856157210884e-10
3.085816270284357532e-10
1.096354590913278656e-10
1.022342690436098094e-10
8.718617972542636862e-11
6.903218818550333290e-11
5.377973366981160937e-11
4.250026213096915230e-11
3.651761245385096210e-11
3.313464489113507535e-11
2.965189618905731646e-11
2.538659992884535915e-11
2.079222283143466348e-11
1.644096832163728403e-11
1.267117437473375136e-11
9.593022816320402180e-12
7.177180599339634274e-12
5.330101260738014014e-12
3.940694083788086960e-12
2.904730640111421157e-12
2.135491839209918108e-12
1.566751555895809030e-12
1.151701095205740191e-12
8.598476392221923233e-13
6.731942324602259228e-13
5.828021480307187663e-13
6.115199812900240434e-13
7.075769521435940848e-13
9.064656601175720036e-13
1.218639879053244853e-12
1.664899233707478540e-12
2.280468198550042502e-12
3.119931611543511163e-12
4.262125234655382634e-12
5.813939381275298085e-12
7.911224512726799827e-12
1.071302912953669544e-11
1.438162739318930876e-11
1.903510209262559391e-11
2.465462290856564898e-11
3.094221540622412493e-11
3.722260764584128456e-11
4.279761708852849235e-11
4.850047398924640921e-11
5.879385297760879521e-11
7.942557692504708705e-11
1.097890929495387930e-10
1.490264574209481212e-10
1.695682536374765960e-10
1.805517829800621697e-10
5.971559509146506041e-10
9.827486876520260133e-10
1.138629588387538637e-09
1.040728758593978496e-09
8.007858437681647841e-10
6.199636849467272665e-10
6.035205824958372756e-10
7.890341998237552208e-10
1.034748824436675534e-09
1.040755377377445920e-09
6.865476120051380984e-10
2.164520318897739922e-10
2.016560858396096863e-10
1.687861925570940629e-10
1.184374243243643170e-10
8.344766155341408051e-11
6.072873633078824792e-11
4.909597554852477714e-11
4.254476842438071130e-11
3.658841835717120311e-11
3.023948923064457264e-11
2.403089205061923150e-11
1.853482895932242597e-11
1.400117599508052792e-11
1.043194825293620359e-11
7.706672350701050171e-12
5.666114169352534191e-12
4.155563424571997519e-12
3.043168902942566204e-12
2.225204758843638512e-12
1.625135710408475870e-12
1.189946102991197746e-12
8.854182659664790654e-13
6.913520582081531532e-13
5.976028143331231203e-13
6.257304298313943846e-13
7.250203933554454497e-13
9.310574950575851809e-13
1.255482974251620780e-12
1.721289409363094932e-12
2.367466841150772135e-12
3.254998232282370834e-12
4.473596598206249449e-12
6.148605014417574235e-12
8.446895408449425446e-12
1.157870773072813521e-11
1.578807354316094403e-11
2.131636138759682118e-11
2.831154578502923378e-11
3.665424299666241432e-11
4.576335534523651761e-11
5.487815350366652247e-11
6.513162612515779743e-11
8.358991108879021256e-11
1.223953660371051370e-10
1.881994755340188281e-10
2.891485482011465887e-10
3.217903317108044154e-10
3.387995447238276044e-10
1.164088800534956820e-09
1.631206914595090338e-09
1.505593863723750809e-09
1.080351930090751445e-09
7.831751863028864276e-10
6.652233260904428670e-10
7.354063089644960691e-10
1.049487357097086245e-09
1.522950247948250534e-09
1.794483598400268782e-09
1.349864835457586244e-09
4.060689662693135776e-10
3.715990143956590478e-10
3.169916926987160285e-10
1.980194612914699851e-10
1.262598127842454992e-10
8.513098205011146016e-11
6.520443734825155594e-11
5.411917228367699297e-11
4.474132378747450846e-11
3.569317265913999941e-11
2.752869714549224047e-11
2.072212275145208944e-11
1.535323511754444315e-11
1.126632040282024547e-11
8.224231758097190425e-12
5.990165328964160736e-12
4.360698079574376529e-12
3.174371501535475409e-12
2.309797239499566286e-12
1.679998887906604381e-12
1.225801552217375139e-12
9.093521134765228269e-13
7.083274740661646139e-13
6.114309061177659792e-13
6.387887177500841583e-13
7.410586567229378965e-13
9.536925150285309722e-13
1.289445454401368386e-12
1.773383426637912953e-12
2.448098167361590663e-12
3.380783935172729276e-12
4.671907350359770370e-12
6.465465181181027920e-12
8.960573837818926038e-12
1.242262758941732809e-11
1.718807651639812742e-11
2.364731618929168701e-11
3.217133841892290762e-11
4.292578839301946086e-11
5.557921962124127970e-11
6.943442761361585459e-11
8.597353566607469650e-11
1.157482398003611801e-10
1.822695119702379483e-10
3.132003019803017226e-10
5.516476034212684507e-10
6.030323655110529903e-10
5.875547334458930677e-10
2.046847475713323172e-09
2.516364873389750752e-09
1.948332020609415323e-09
1.191905441257011810e-09
8.019328801804434005e-10
7.136491956623881848e-10
8.583602267721343639e-10
1.301176544671782243e-09
2.117722100623002505e-09
2.804776208722951192e-09
2.322654787538315951e-09
6.877681589054132643e-10
6.601058887541357179e-10
5.768833123501367918e-10
3.184544499816126987e-10
1.835113639745102812e-10
1.157499741645018984e-10
8.492533625620700050e-11
6.786893362749049356e-11
5.403258372461915209e-11
4.164942727121661746e-11
3.120759922324984171e-11
2.295167639926824297e-11
1.669682616724439847e-11
1.207875220279895186e-11
8.720128142436040421e-12
6.296799595114283722e-12
4.552992775992480578e-12
3.296528761116476592e-12
2.388186859621987780e-12
1.730677947158579344e-12
1.258852102121353788e-12
9.313809707174203795e-13
7.239351819368842256e-13
6.241376908225723558e-13
6.505525477811947846e-13
7.555142791621510251e-13
9.741132446242376481e-13
1.320126807955068774e-12
1.820536903835161986e-12
2.521297750854717168e-12
3.495478289133296177e-12
4.853878430831299608e-12
6.758768163288860943e-12
9.441616259229753337e-12
1.322487396844468315e-11
1.854452316754209360e-11
2.596046265660554181e-11
3.611777100612339802e-11
4.957684046862433507e-11
6.643924357546142379e-11
8.623766143913221347e-11
1.107220650730722594e-10
1.542376673689812113e-10
2.571647053410238601e-10
4.931004906160369650e-10
1.011631598509206342e-09
1.130139255864954103e-09
8.972553377736975458e-10
3.339398517387874769e-09
3.791645273844571761e-09
2.684169938980865910e-09
1.473918791240316384e-09
9.018169503133853923e-10
7.977857245496537935e-10
9.834714194629964497e-10
1.606837301419990531e-09
2.884403474248504302e-09
4.051188666815274836e-09
3.563178923751628700e-09
9.870872470429948523e-10
1.154198648475526592e-09
1.007203241935168317e-09
4.845470905638265813e-10
2.525807340746414622e-10
1.512755312029469848e-10
1.078513690011226163e-10
8.354587149499334372e-11
6.423683334686250247e-11
4.793645637837189052e-11
3.495716170776054492e-11
2.515932688749760066e-11
1.799660122141637023e-11
1.285022236055044828e-11
9.184163252226222700e-12
6.580487706099418446e-12
4.729381635925572296e-12
3.407889663505582366e-12
2.459341683061041533e-12
1.776547097290346832e-12
1.288708374851522029e-12
9.512543897068792205e-13
7.380025389185416819e-13
6.355847375916067312e-13
6.608923134338347545e-13
7.682254708423079803e-13
9.920844754794908202e-13
1.347159820472893001e-12
1.862155463777547760e-12
2.586074547132205516e-12
3.597372969167432925e-12
5.016455365377043588e-12
7.022858531961330884e-12
9.879248977258300966e-12
1.396453876685561673e-11
1.981655925633999538e-11
2.817659733494773159e-11
4.000152888184867627e-11
5.634204178392330408e-11
7.791618615647572360e-11
1.046649777396762913e-10
1.383247640879342144e-10
1.961183443622420011e-10
3.384469063858745495e-10
7.162396386210902797e-10
1.708973215176931549e-09
2.049230865190357825e-09
1.308305891785664667e-09
5.101940676886717573e-09
5.656405180278938482e-09
3.895571557627960685e-09
2.064826225199949643e-09
1.178299015546138566e-09
9.865739177845587787e-10
1.206316187989911420e-09
2.056700991144273896e-09
3.860296360409128820e-09
5.619577147773774145e-09
5.030971898529633351e-09
1.298670480958341567e-09
1.972633874272582783e-09
1.639304312025667179e-09
6.866812548083346602e-10
3.257994487552649032e-10
1.889747931124732363e-10
1.330044525455100695e-10
1.005763057783766813e-10
7.495752282718294850e-11
5.430610777255954966e-11
3.863698603297571047e-11
2.727026408679700886e-11
1.921380836227429436e-11
1.356081712663916049e-11
9.606034586581778061e-12
6.835800680854297275e-12
4.886921890998028288e-12
3.506803082955531639e-12
2.522301352820251940e-12
1.817029269984584195e-12
1.315013426114158593e-12
9.687436046322635614e-13
7.503721618526116160e-13
6.456459678996748656e-13
6.696930329849363917e-13
7.790485873885212464e-13
1.007396999011579968e-12
1.370216827644638768e-12
1.897705894065773221e-12
2.641532218628871983e-12
3.684904648172420004e-12
5.156799250146214240e-12
7.252374963990322345e-12
1.026300729655599269e-11
1.462068747656656429e-11
2.096167934820018063e-11
3.020905003278715101e-11
4.364773425790603223e-11
6.287990751390141175e-11
8.938543310982578578e-11
1.236638300226390708e-10
1.669732806499808956e-10
2.371496203588278125e-10
4.138111746038484738e-10
9.573143650824806413e-10
2.568816623511955003e-09
3.340135792162477667e-09
2.419634570665905764e-09
6.588362876497556185e-09
8.465979587132884250e-09
6.191027142958110730e-09
3.498816356279759784e-09
1.928276520451125789e-09
1.458295603457379072e-09
1.807129077541381384e-09
3.193119439957557176e-09
5.739793374966961918e-09
8.051413499052176638e-09
6.152408060197894997e-09
2.200995344196834502e-09
3.113433676498768556e-09
2.414509078181462247e-09
9.061773557966983578e-10
3.930206159525361152e-10
2.252974793150984394e-10
1.588529922728354385e-10
1.180300922332803454e-10
8.562560025973937713e-11
6.044234663938934970e-11
4.208373905881666937e-11
2.920300093073477815e-11
2.030825970231801127e-11
1.419064367661483660e-11
9.975751821275798644e-12
7.057598122517154248e-12
5.022880825620155008e-12
3.591758954124156366e-12
2.576197627774336421e-12
1.851606911560210398e-12
1.337448801912137275e-12
9.836451571187841875e-13
7.609043267212804513e-13
6.542095365654869796e-13
6.768560881932938462e-13
7.878603340612460401e-13
1.019870976834560515e-12
1.389015376271707220e-12
1.926726458634819851e-12
2.686889092732518729e-12
3.756696401479886174e-12
5.272376558492071463e-12
7.442453620246554236e-12
1.058320408366811239e-11
1.517345588588097601e-11
2.193827876581445959e-11
3.196952637609902831e-11
4.686862350697434655e-11
6.879744632124502264e-11
1.000634864824453220e-10
1.418030279705613988e-10
1.942793821357142230e-10
2.731207753652566674e-10
4.745609068669962342e-10
1.207181925906034454e-09
3.422542210116087119e-09
4.748071012458751228e-09
4.275929502408876073e-09
6.534864856819485635e-09
1.368017356357319407e-08
1.136202825889689097e-08
7.447794497923162657e-09
4.252525343411309721e-09
2.837846710692902836e-09
3.800815751956074115e-09
6.923206515142788338e-09
1.075743914563471330e-08
1.289682970757991248e-08
5.876901520637694205e-09
3.861067256638201073e-09
4.390248133367668122e-09
3.187803244421696087e-09
1.134662609134887090e-09
4.469214623362828563e-10
2.568941558313433266e-10
1.834158131155289605e-10
1.346491195178128246e-10
9.553078268691501865e-11
6.598325363202792162e-11
4.512279870097994246e-11
3.087480032889898393e-11
2.124071849545709210e-11
1.472086140592391691e-11
1.028407976550160237e-11
7.241221318473377425e-12
5.134821487996525842e-12
3.661427936772426899e-12
2.620273601092210573e-12
1.879831938097794286e-12
1.355740025974483033e-12
9.957841641183118252e-13
7.694791115012421774e-13
6.611795184018456586e-13
6.823007168305705466e-13
7.945596779373270523e-13
1.029358860595320631e-12
1.403323183707291613e-12
1.948836021599404089e-12
2.721496124127041575e-12
3.811595704286395385e-12
5.361043471325733524e-12
7.588924423649498473e-12
1.083139677447136922e-11
1.560519057497146065e-11
2.270845488867623491e-11
3.337505202344517308e-11
4.948037472124755556e-11
7.368946636976647932e-11
1.090895064843670790e-10
1.574285663975239308e-10
2.175931958209352803e-10
3.010444756911964690e-10
5.192241115779753338e-10
1.467561716280908344e-09
4.136571201781243168e-09
6.016102549335042248e-09
6.186866276587549237e-09
6.309884096454426163e-09
2.408633991630061197e-08
2.214328624289857627e-08
1.805700676930701968e-08
1.288592173656785682e-08
8.419418816277116472e-09
1.233808417034033542e-08
1.791122469660787578e-08
2.159486383701060707e-08
2.308633687580651780e-08
5.520872737371869751e-09
5.655322308579454631e-09
5.559324298422871300e-09
3.834439412118198518e-09
1.370222049710620460e-09
4.859631853298215881e-10
2.814308540695744388e-10
2.044400027349052629e-10
1.489616644200622703e-10
1.038909505113519864e-10
7.055629823524835213e-11
4.758364942313166514e-11
3.220809605158247628e-11
2.197550841403621760e-11
1.513475131364014030e-11
1.052297861566483308e-11
7.382679377706977074e-12
5.220682995999664933e-12
3.714697819970186387e-12
2.653900959472459162e-12
1.901334553724045210e-12
1.369661396263895019e-12
1.005017154861744825e-12
7.759982492048477207e-13
6.664773617855170870e-13
6.859652283144729553e-13
7.990694360300763482e-13
1.035747788611305076e-12
1.412962304793669356e-12
1.963741630255239587e-12
2.744852383050664276e-12
3.848706883160167317e-12
5.421121027306896882e-12
7.688485772030515782e-12
1.100082169778064871e-11
1.590152606654636374e-11
2.324079837912137728e-11
3.435519415772668554e-11
5.132217344304564337e-11
7.718740422137115590e-11
1.156439143767528242e-10
1.689083587098037195e-10
2.344422971582391809e-10
3.193849617948607023e-10
5.510657860141271337e-10
1.718125519900182295e-09
4.692455459965375240e-09
7.093524356046794778e-09
8.086657038997292404e-09
9.500675381193134838e-09
2.773670680547806448e-08
4.581635886285326591e-08
4.688810756953314200e-08
4.612439867337978238e-08
4.514638735011089146e-08
4.994265565547938287e-08
4.952167052489238673e-08
4.546210289688980926e-08
2.623752577691659606e-08
8.879776843089554436e-09
7.479402424382139084e-09
6.544926413036065102e-09
4.332000030718717239e-09
1.594361982714518491e-09
5.132224727303931832e-10
2.976403235506940758e-10
2.197128143248167843e-10
1.594874044841351227e-10
1.099574722292544400e-10
7.382263511446725579e-11
4.931732778343847350e-11
3.313715805977759212e-11
2.248310616006002289e-11
1.541872373134057455e-11
1.068601280532125573e-11
7.478814559054406548e-12
5.278852118324147468e-12
3.750704527235753226e-12
2.676594893554725806e-12
1.915830553442683140e-12
1.379040028799071889e-12
1.011234388376252287e-12
7.803866758691484862e-13
6.700430628877221222e-13
6.878079832582201654e-13
8.013374499201244013e-13
1.038961490420739905e-12
1.417812246310520498e-12
1.971244648617563342e-12
2.756616777171873949e-12
3.867417942259848988e-12
5.451453832009888329e-12
7.738851717302374424e-12
1.108674951814532624e-11
1.605231894540499373e-11
2.351282652036135258e-11
3.485869775825201438e-11
5.227453839712601287e-11
7.900961965869352500e-11
1.190823866025385320e-10
1.749248743807287061e-10
2.429984358621723645e-10
3.276777606240663605e-10
5.734093367267085331e-10
1.930328876309134031e-09
5.147170738441640229e-09
8.090363443120989869e-09
9.927223693889797463e-09
1.118230564573839142e-08
1.707183928058766484e-08
1.031976729566032202e-07
1.394524895328996323e-07
1.985545004714937230e-07
2.361280244701409154e-07
1.933824217158784676e-07
1.345201058152344568e-07
9.761183781407791795e-08
1.656548233269622912e-08
1.054895782529381380e-08
9.196357132215033457e-09
7.457169371797772931e-09
4.742316383439493730e-09
1.786116412066625110e-09
5.327315392092732521e-10
3.049712131661373426e-10
2.274766069941413757e-10
1.650007656269454616e-10
1.131372269543420908e-10
7.552281589481448385e-11
5.021321935995204179e-11
3.361419424654061133e-11
2.274240051195807836e-11
1.556319003412146729e-11
1.076868520275313727e-11
7.527441510211974550e-12
5.308219043596423324e-12
3.768857810533571668e-12
2.688025326748745375e-12
1.923127260934750664e-12
1.383758858488331046e-12
1.014361710309691281e-12
7.825936625520940966e-13
6.718361256149863465e-13
