-7.212275744916778333e-45
3.578136066225906981e-42
2.863333735302317321e-40
1.208552884756774641e-38
3.592274923067014451e-37
8.196884107103350616e-36
1.486709538511995719e-34
2.177776959242556599e-33
2.596332933876955661e-32
2.528996265223693017e-31
2.016829866940347469e-30
1.318479657873532058e-29
7.073001246479851012e-29
3.116861306537513100e-28
1.129631019235997445e-27
3.371704246967273551e-27
8.299957944837550905e-27
1.687337935260649107e-26
2.835880331455024316e-26
3.942260736280624071e-26
4.530870833284440017e-26
4.297287997517792990e-26
3.350379069366210196e-26
2.132597397736019067e-26
1.095947183854312789e-26
4.466931499889107821e-27
1.402426412348273856e-27
3.203384055221282848e-28
4.337833257580875562e-29
-0.000000000000000000e+00
4.337833257848248354e-29
3.203384055348256183e-28
1.402426412347690198e-27
4.466931499872774017e-27
1.095947183841397274e-26
2.132597397731255961e-26
3.350379069384746617e-26
4.297287997504380416e-26
4.530870833277376720e-26
3.942260736273925819e-26
2.835880331460381769e-26
1.687337935259620549e-26
8.299957944821425166e-27
3.371704246971059613e-27
1.129631019235281056e-27
3.116861306536190274e-28
7.073001246485358675e-29
1.318479657874350416e-29
2.016829866945185102e-30
2.528996265215623290e-31
2.596332933872110234e-32
2.177776959243850131e-33
1.486709538510379445e-34
8.196884107063705497e-36
3.592274923061930769e-37
1.208552884756048244e-38
2.863333735316345910e-40
3.578136066324274034e-42
-7.212275746216250959e-45
-2.448181131697247249e-44
1.210633159099440380e-41
9.691078908636421054e-40
4.091415712712580631e-38
1.216472536317676921e-36
2.776722261655162814e-35
5.038357893971819355e-34
7.383860422368737339e-33
8.807716987380229357e-32
8.584316945802701028e-31
6.850110042301953240e-30
4.481070994511487536e-29
2.405438014000698279e-28
1.060680048939608113e-27
3.846515985329699098e-27
1.148751612276041656e-26
2.829278472377836751e-26
5.754396859481655922e-26
9.675144092508744938e-26
1.345430238545859164e-25
1.546750646370673622e-25
1.467355830312734072e-25
1.144249337372185739e-25
7.284651887280103613e-26
3.744160377534177908e-26
1.526286173203881850e-26
4.792615675180165305e-27
1.094901591967904421e-27
1.482884670986338897e-28
-0.000000000000000000e+00
1.482884671049349347e-28
1.094901591995711922e-27
4.792615675188979360e-27
1.526286173206277321e-26
3.744160377514207131e-26
7.284651887275502655e-26
1.144249337375582045e-25
1.467355830309595135e-25
1.546750646371340807e-25
1.345430238544044265e-25
9.675144092517014724e-26
5.754396859480239359e-26
2.829278472375081112e-26
1.148751612276526232e-26
3.846515985329421439e-27
1.060680048938761684e-27
2.405438014001808556e-28
4.481070994513934203e-29
6.850110042313026301e-30
8.584316945790017526e-31
8.807716987364454896e-32
7.383860422369749996e-33
5.038357893975133584e-34
2.776722261643209675e-35
1.216472536316096482e-36
4.091415712706635818e-38
9.691078908689103100e-40
1.210633159118520013e-41
-2.448181131913984416e-44
-6.032214218424404157e-44
2.963962550900703523e-41
2.374235464499871213e-39
1.002880128503505851e-37
2.983591163170307457e-36
6.815326919314250952e-35
1.237714271407855416e-33
1.815728344283243380e-32
2.168306806735428152e-31
2.115916640802563470e-30
1.690672180429279313e-29
1.107470048695955948e-28
5.953003140622652603e-28
2.628486201238253365e-27
9.544235395763582583e-27
2.853728998828413974e-26
7.036018255345343025e-26
1.432392457850482170e-25
2.410322385720157144e-25
3.354134000284395669e-25
3.858259085921648852e-25
3.661972235523656470e-25
2.856756113728340599e-25
1.819311120408206049e-25
9.353627324071491151e-26
3.814003356941608654e-26
1.197955301756616877e-26
2.737629847522680361e-27
3.708742705994454872e-28
0.000000000000000000e+00
3.708742706065615274e-28
2.737629847537674658e-27
1.197955301759013497e-26
3.814003356955192846e-26
9.353627324081146505e-26
1.819311120410636935e-25
2.856756113731336732e-25
3.661972235516347282e-25
3.858259085924868145e-25
3.354134000282752732e-25
2.410322385720003320e-25
1.432392457850278295e-25
7.036018255343254915e-26
2.853728998827905435e-26
9.544235395767322010e-27
2.628486201235971827e-27
5.953003140624978086e-28
1.107470048696774082e-28
1.690672180430990579e-29
2.115916640803175137e-30
2.168306806733383132e-31
1.815728344283254602e-32
1.237714271409658185e-33
6.815326919297194437e-35
2.983591163166495426e-36
1.002880128501832867e-37
2.374235464508616752e-39
2.963962550905653578e-41
-6.032214218508792227e-44
-1.341178993014719019e-43
6.526650710947976840e-41
5.233250774976892566e-39
2.212153752817645442e-37
6.586787677523111597e-36
1.506142796668175544e-34
2.738601934204708406e-33
4.023199858721418474e-32
4.812054053865846358e-31
4.703949093369290702e-30
3.765535735268894336e-29
2.471335578563882848e-28
1.330991070837085546e-27
5.888009936166997394e-27
2.141861838782777708e-26
6.414999722300495005e-26
1.584081595139140044e-25
3.229270805391695992e-25
5.440413178859064420e-25
7.578371835955886003e-25
8.724808776625883506e-25
8.286813890242961779e-25
6.468497027610712015e-25
4.121512616078649163e-25
2.119943096942960193e-25
8.647867111863850281e-26
2.717408429897219446e-26
6.212706181897448283e-27
8.419765934797400816e-28
0.000000000000000000e+00
8.419765934841636109e-28
6.212706181892944756e-27
2.717408429898848378e-26
8.647867111874205881e-26
2.119943096949866223e-25
4.121512616086199877e-25
6.468497027618785274e-25
8.286813890231899275e-25
8.724808776627071857e-25
7.578371835954528675e-25
5.440413178856329559e-25
3.229270805390649526e-25
1.584081595138710713e-25
6.414999722299891187e-26
2.141861838784141178e-26
5.888009936164696485e-27
1.330991070837368945e-27
2.471335578565982329e-28
3.765535735271293359e-29
4.703949093371630169e-30
4.812054053863130467e-31
4.023199858722408688e-32
2.738601934205410423e-33
1.506142796667407285e-34
6.586787677512568877e-36
2.212153752817231581e-37
5.233250774990197010e-39
6.526650710929589756e-41
-1.341178993023372296e-43
-2.714663073593284212e-43
1.304402257603881097e-40
1.047282934862864381e-38
4.431300437656514630e-37
1.320928286667382878e-35
3.024574844120527391e-34
5.508483064613074312e-33
8.107578180752099096e-32
9.717840378158913893e-31
9.521595654342438737e-30
7.640967195349472464e-29
5.027680467588451588e-28
2.714786763425660092e-27
1.204020116105363407e-26
4.390490684723526271e-26
1.317960917955259353e-25
3.261202540142363581e-25
6.660367896806188079e-25
1.123866103187476376e-24
1.567637184241684471e-24
1.806834466426117693e-24
1.717751553020141364e-24
1.341894287653145679e-24
8.555823132356677912e-25
4.403372958932875721e-25
1.797259360263619938e-25
5.650634632141040514e-26
1.292601881463613050e-26
1.752624884520319368e-27
-0.000000000000000000e+00
1.752624884501709407e-27
1.292601881455671288e-26
5.650634632129629954e-26
1.797259360263578842e-25
4.403372958944487401e-25
8.555823132366419822e-25
1.341894287654686312e-24
1.717751553018853831e-24
1.806834466426543442e-24
1.567637184242007732e-24
1.123866103186823609e-24
6.660367896802845267e-25
3.261202540141698692e-25
1.317960917955246496e-25
4.390490684725564445e-26
1.204020116104855729e-26
2.714786763425019037e-27
5.027680467591208447e-28
7.640967195353181981e-29
9.521595654346424029e-30
9.717840378155769729e-31
8.107578180751928313e-32
5.508483064606130769e-33
3.024574844122149866e-34
1.320928286665995980e-35
4.431300437657536128e-37
1.047282934864266016e-38
1.304402257599704699e-40
-2.714663073643798368e-43
-5.176930426717506529e-43
2.449124047880499149e-40
1.969581346091357536e-38
8.343883849936243846e-37
2.490729957886405493e-35
5.712826742408154559e-34
1.042555078498222771e-32
1.538079390431358266e-31
1.848453346883024839e-30
1.816400060889488010e-29
1.462171555555898242e-28
9.652009419892085009e-28
5.228779020273797438e-27
2.326423933562907767e-26
8.509396811476077434e-26
2.561699979937147497e-25
6.355210213152625308e-25
1.300915399489379420e-24
2.199537142097232990e-24
3.073254629466077310e-24
3.547217745232260258e-24
3.376302405107181636e-24
2.640121776731722582e-24
1.684712415217270359e-24
8.676881087893934793e-25
3.543903033494682816e-25
1.114959452164824351e-25
2.552212404944309119e-26
3.462470636394853129e-27
0.000000000000000000e+00
3.462470636395498848e-27
2.552212404934994416e-26
1.114959452159693043e-25
3.543903033476290921e-25
8.676881087882227604e-25
1.684712415216367065e-24
2.640121776732959423e-24
3.376302405105934143e-24
3.547217745231018642e-24
3.073254629466497916e-24
2.199537142097085319e-24
1.300915399488828591e-24
6.355210213150734415e-25
2.561699979937325199e-25
8.509396811480688724e-26
2.326423933562480445e-26
5.228779020273437988e-27
9.652009419894009608e-28
1.462171555556611895e-28
1.816400060890258444e-29
1.848453346883600422e-30
1.538079390431090267e-31
1.042555078496663006e-32
5.712826742407351446e-34
2.490729957884470946e-35
8.343883849936669818e-37
1.969581346092382270e-38
2.449124047881915956e-40
-5.176930426890573662e-43
-9.459208081916567215e-43
4.394060834697767982e-40
3.540599908100198182e-38
1.502106245839996633e-36
4.491473164078165999e-35
1.032281510324454762e-33
1.888430322189523278e-32
2.793864428591340858e-31
3.368358134764646228e-30
3.321553644159902964e-29
2.683818415837390074e-28
1.778535663353998554e-27
9.672858736743096943e-27
4.320420033280314185e-26
1.586160185140671200e-25
4.791575966375643983e-25
1.192460184337945131e-24
2.447772745635950185e-24
4.148575911158172900e-24
5.808356227468260405e-24
6.715567530077443265e-24
6.400997326406874718e-24
5.011123727072718527e-24
3.200811776759305963e-24
1.649933073309152856e-24
6.744121168778551916e-25
2.123436524582396388e-25
4.864438510690637646e-26
6.603681706640788716e-27
-0.000000000000000000e+00
6.603681706618541567e-27
4.864438510696599492e-26
2.123436524591938096e-25
6.744121168772846176e-25
1.649933073306081877e-24
3.200811776753788486e-24
5.011123727072711915e-24
6.400997326412438479e-24
6.715567530074395796e-24
5.808356227467152502e-24
4.148575911158349225e-24
2.447772745636299528e-24
1.192460184337970477e-24
4.791575966375910306e-25
1.586160185141341599e-25
4.320420033280398559e-26
9.672858736743297833e-27
1.778535663354313879e-27
2.683818415838782404e-28
3.321553644160184905e-29
3.368358134766872891e-30
2.793864428591381145e-31
1.888430322188816608e-32
1.032281510323760271e-33
4.491473164075628477e-35
1.502106245839523888e-36
3.540599908097493574e-38
4.394060834718459722e-40
-9.459208082314253935e-43
-1.671674147573449160e-42
7.605978183192946346e-40
6.142535269319016712e-38
2.610366417436812306e-36
7.820548953340496048e-35
1.801671922608298798e-33
3.305269644480614037e-32
4.906134136029035442e-31
5.937014479188119062e-30
5.878544822170362842e-29
4.770751154561333284e-28
3.176003243886054968e-27
1.735338265039685162e-26
7.786400468241360897e-26
2.871155921131664159e-25
8.708809664599372625e-25
2.175363237575554231e-24
4.480034321622341504e-24
7.614442133157402173e-24
1.068640260786375073e-23
1.238011817280599105e-23
1.181951172409642742e-23
9.265509561126574398e-24
5.924868324365579582e-24
3.057053244371471728e-24
1.250679316993596794e-24
3.941276715262851338e-25
9.036601743579157986e-26
1.227652298171465045e-26
0.000000000000000000e+00
1.227652298168468625e-26
9.036601743574245935e-26
3.941276715283427540e-25
1.250679316993579897e-24
3.057053244370041298e-24
5.924868324364941142e-24
9.265509561120320768e-24
1.181951172410554485e-23
1.238011817279886020e-23
1.068640260785710037e-23
7.614442133154993879e-24
4.480034321623787362e-24
2.175363237576464137e-24
8.708809664602048711e-25
2.871155921131917166e-25
7.786400468243086256e-26
1.735338265040035572e-26
3.176003243886114517e-27
4.770751154561881248e-28
5.878544822170298942e-29
5.937014479192437863e-30
4.906134136029126526e-31
3.305269644480919476e-32
1.801671922606512621e-33
7.820548953338635803e-35
2.610366417437128695e-36
6.142535269315680976e-38
7.605978183215528793e-40
-1.671674147629934783e-42
-2.873801398963755409e-42
1.277817533110706498e-39
1.034603663507582812e-37
4.405105149186141326e-36
1.322682406417680449e-34
3.055382453663929786e-33
5.623376364967986109e-32
8.378389132975704896e-31
1.018210847942054609e-29
1.012927708779934965e-28
8.261971776670632071e-28
5.529198765407077998e-27
3.037274232486551834e-26
1.370012432108026536e-25
5.077376317704732804e-25
1.547350570346690859e-24
3.881680109195649546e-24
8.024378873865702608e-24
1.368307750204661393e-23
1.925619628699832239e-23
2.235892917603742687e-23
2.138612460826651906e-23
1.679029582919021951e-23
1.075001487511607880e-23
5.552598848358160729e-24
2.273843482266373751e-24
7.172357814126216917e-25
1.646020713479165585e-25
2.237928423909266756e-26
0.000000000000000000e+00
2.237928423910530929e-26
1.646020713472283663e-25
7.172357814099717785e-25
2.273843482257622930e-24
5.552598848342132129e-24
1.075001487512005197e-23
1.679029582918773040e-23
2.138612460827478278e-23
2.235892917603288652e-23
1.925619628699502218e-23
1.368307750204780706e-23
8.024378873869290804e-24
3.881680109195979420e-24
1.547350570347343993e-24
5.077376317704483930e-25
1.370012432107987735e-25
3.037274232486990348e-26
5.529198765407862905e-27
8.261971776673609550e-28
1.012927708780379569e-28
1.018210847942377048e-29
8.378389132977552858e-31
5.623376364969265888e-32
3.055382453660793628e-33
1.322682406416643416e-34
4.405105149185168439e-36
1.034603663507018816e-37
1.277817533111055276e-39
-2.873801399003649617e-42
-4.823705468477303544e-42
2.091801748902121550e-39
1.698498597324770204e-37
7.247227210695492723e-36
2.181465355822507623e-34
5.054404635156218273e-33
9.336239819702715666e-32
1.396907203374825676e-30
1.705790473605469148e-29
1.705952298914224930e-28
1.399415534328541846e-27
9.421368555623168545e-27
5.206773610915863774e-26
2.362715938995807238e-25
8.806951840438640095e-25
2.698407345483667409e-24
6.802284227906314179e-24
1.412259447707588392e-23
2.417093375238703792e-23
3.412160403035841832e-23
3.972102470646778840e-23
3.807169952668026158e-23
2.994025181505260986e-23
1.919550441235600690e-23
9.926332277589867247e-24
4.069164462594075275e-24
1.284821394643547652e-24
2.951499319065498356e-25
4.016147411282788042e-26
-0.000000000000000000e+00
4.016147411285679138e-26
2.951499319078248338e-25
1.284821394644691738e-24
4.069164462596878829e-24
9.926332277580232601e-24
1.919550441237338364e-23
2.994025181506570487e-23
3.807169952668186025e-23
3.972102470646797648e-23
3.412160403035521510e-23
2.417093375238267389e-23
1.412259447707717696e-23
6.802284227906680051e-24
2.698407345485165797e-24
8.806951840437010933e-25
2.362715938996238406e-25
5.206773610917214903e-26
9.421368555623815698e-27
1.399415534328689644e-27
1.705952298914945758e-28
1.705790473605304916e-29
1.396907203374734942e-30
9.336239819702610568e-32
5.054404635152910032e-33
2.181465355821351706e-34
7.247227210688266904e-36
1.698498597323720517e-37
2.091801748904002469e-39
-4.823705468515207024e-42
-7.925107421496523094e-42
3.345778263134702421e-39
2.725234271146754377e-37
1.165542346327143990e-35
3.517973164746810108e-34
8.178304709233846110e-33
1.516712132191035465e-31
2.279975665498048429e-30
2.798986003625678852e-29
2.815816856180035012e-28
2.324595921336299177e-27
1.575479179689454891e-26
8.766397929530710886e-26
4.004874508029461294e-25
1.502504730939162637e-24
4.631531205852974667e-24
1.173963686878222000e-23
2.449148528512903068e-23
4.209168695432063762e-23
5.962659252790821813e-23
6.960888550828906584e-23
6.687122358177685324e-23
5.268483826534613316e-23
3.382748016167969867e-23
1.751433962618395564e-23
7.187639440242990370e-24
2.271841579306390525e-24
5.224177860627771939e-25
7.114582074736762458e-26
0.000000000000000000e+00
7.114582074743707518e-26
5.224177860625673498e-25
2.271841579306458850e-24
7.187639440254588091e-24
1.751433962619782941e-23
3.382748016168581712e-23
5.268483826536723916e-23
6.687122358178286002e-23
6.960888550830056218e-23
5.962659252791407209e-23
4.209168695431883324e-23
2.449148528513145513e-23
1.173963686878539824e-23
4.631531205855251453e-24
1.502504730939126638e-24
4.004874508030455872e-25
8.766397929531407688e-26
1.575479179689223580e-26
2.324595921336700240e-27
2.815816856181103138e-28
2.798986003624682809e-29
2.279975665498187858e-30
1.516712132190918763e-31
8.178304709229101675e-33
3.517973164746161802e-34
1.165542346327599028e-35
2.725234271146194349e-37
3.345778263137928532e-39
-7.925107421580481586e-42
-1.276659521352646345e-41
5.239025665005267192e-39
4.281902812074484094e-37
1.835981991957309020e-35
5.558128508997980552e-34
1.296828357458126140e-32
2.415596833596168759e-31
3.649887663505978007e-30
4.507046250957042546e-29
4.563729380022845978e-28
3.794168824758197940e-27
2.590555363902250356e-26
1.452387333909972164e-25
6.685069845370175194e-25
2.526205814082592732e-24
7.839862485797567273e-24
1.999387743893618405e-23
4.193711970852413614e-23
7.240745150243789262e-23
1.029664759838639650e-22
1.205806453079413166e-22
1.161273836182071738e-22
9.167185302092431242e-23
5.895227419850967882e-23
3.056227255594327704e-23
1.255657349337117428e-23
3.973086031855436360e-24
9.145635623866431874e-25
1.246556566422465743e-25
0.000000000000000000e+00
1.246556566424294647e-25
9.145635623866606362e-25
3.973086031858977537e-24
1.255657349337317997e-23
3.056227255597084826e-23
5.895227419848565171e-23
9.167185302094622363e-23
1.161273836181702632e-22
1.205806453079484636e-22
1.029664759838785176e-22
7.240745150244485155e-23
4.193711970852857951e-23
1.999387743893814419e-23
7.839862485799399574e-24
2.526205814082876320e-24
6.685069845371452626e-25
1.452387333909851860e-25
2.590555363902900092e-26
3.794168824758464119e-27
4.563729380023996612e-28
4.507046250956174862e-29
3.649887663505224809e-30
2.415596833595242151e-31
1.296828357457779647e-32
5.558128508995661020e-34
1.835981991957308753e-35
4.281902812073900262e-37
5.239025665016905725e-39
-1.276659521352225514e-41
-2.018888071918527288e-41
8.042813348409705344e-39
6.597599785870254274e-37
2.836685469707652558e-35
8.615312568415429992e-34
2.018079271129085762e-32
3.776960241577603456e-31
5.738762080448022335e-30
7.131805217635138020e-29
7.272971109361195492e-28
6.093312991387521396e-27
4.194277005753359846e-26
2.371159834046735982e-25
1.100472176764314484e-24
4.191895608704523934e-24
1.310677010779546471e-23
3.365336957901238858e-23
7.101013578566377624e-23
1.232299361141834896e-22
1.759798156295134817e-22
2.067882592565078916e-22
1.996884343993824707e-22
1.579670414128014486e-22
1.017527325963081460e-22
5.282158675556383975e-23
2.172700835823900527e-23
6.882174085943324116e-24
1.585829262892693572e-24
2.163301249217459219e-25
0.000000000000000000e+00
2.163301249235142144e-25
1.585829262900557078e-24
6.882174085962023292e-24
2.172700835824438610e-23
5.282158675560582254e-23
1.017527325962910896e-22
1.579670414128427319e-22
1.996884343993034069e-22
2.067882592564880728e-22
1.759798156295304559e-22
1.232299361141622131e-22
7.101013578567135818e-23
3.365336957901721398e-23
1.310677010779352661e-23
4.191895608705055845e-24
1.100472176764548848e-24
2.371159834046002676e-25
4.194277005753641092e-26
6.093312991387923893e-27
7.272971109365839283e-28
7.131805217635797191e-29
5.738762080446860659e-30
3.776960241578948265e-31
2.018079271128888157e-32
8.615312568410344469e-34
2.836685469706556725e-35
6.597599785867018558e-37
8.042813348433005901e-39
-2.018888071889541937e-41
-3.136781100492107268e-41
1.211826327475967131e-38
9.979669400250325359e-37
4.303453435182774906e-35
1.311524541245938544e-33
3.085193159954883704e-32
5.803687816102979545e-31
8.871326866843029472e-30
1.110097696478604754e-28
1.140816358770920586e-27
9.638130703796651164e-27
6.693331516326769243e-26
3.818549090884210846e-25
1.788373352111592944e-24
6.872281734856417504e-24
2.166493570077160391e-23
5.604431702521902881e-23
1.190344967586019707e-22
2.077283529568918826e-22
2.980209429464846107e-22
3.514933450691660551e-22
3.404082867002896632e-22
2.698849691021520852e-22
1.741412380425885360e-22
9.052318181829525668e-23
3.727817498346941319e-23
1.182078819574258362e-23
2.726552203580523485e-24
3.722426497253330099e-25
-0.000000000000000000e+00
3.722426497238250251e-25
2.726552203585250075e-24
1.182078819577698887e-23
3.727817498359084764e-23
9.052318181856852385e-23
1.741412380427311470e-22
2.698849691022806373e-22
3.404082867002637083e-22
3.514933450691939848e-22
2.980209429466153257e-22
2.077283529568823846e-22
1.190344967585867834e-22
5.604431702522103891e-23
2.166493570076709001e-23
6.872281734857698793e-24
1.788373352111541149e-24
3.818549090883547794e-25
6.693331516329078906e-26
9.638130703797403067e-27
1.140816358771117171e-27
1.110097696478756991e-28
8.871326866843009854e-30
5.803687816103454235e-31
3.085193159954610013e-32
1.311524541246101733e-33
4.303453435184006516e-35
9.979669400252440184e-37
1.211826327478205310e-38
-3.136781100437359964e-41
-4.791254294594325566e-41
1.793516815216280089e-38
1.483127803704160099e-36
6.415535250021294349e-35
1.962396128181454370e-33
4.637153824717940475e-32
8.770817719358007248e-31
1.349321231578635717e-29
1.700969291030961150e-28
1.762570721944253263e-27
1.502614413447305090e-26
1.053567264003340129e-25
6.070338963880415601e-25
2.871234226355158714e-24
1.113975843870173978e-23
3.543571857680367657e-23
9.242009842461131989e-23
1.977099041455790767e-22
3.471397609387390528e-22
5.005381435704898888e-22
5.927126747643378618e-22
5.757959745207305275e-22
4.575737058814584779e-22
2.957669293196448815e-22
1.539595346066645333e-22
6.347531762981173851e-23
2.014901606013269612e-23
4.652035703154001044e-24
6.356090702681323067e-25
-0.000000000000000000e+00
6.356090702636407244e-25
4.652035703150921983e-24
2.014901606012251046e-23
6.347531762985750050e-23
1.539595346068338750e-22
2.957669293197616787e-22
4.575737058816034869e-22
5.757959745206197489e-22
5.927126747642141057e-22
5.005381435705915456e-22
3.471397609387837216e-22
1.977099041455354659e-22
9.242009842460785219e-23
3.543571857679270333e-23
1.113975843869985605e-23
2.871234226355274059e-24
6.070338963881612218e-25
1.053567264003368368e-25
1.502614413447040776e-26
1.762570721944143850e-27
1.700969291031007561e-28
1.349321231578808357e-29
8.770817719355928071e-31
4.637153824718961343e-32
1.962396128182423236e-33
6.415535250020210276e-35
1.483127803705074352e-36
1.793516815216124265e-38
-4.791254294527154693e-41
-7.197569356796335815e-41
2.609015228592129398e-38
2.166903632862831895e-36
9.404159365909120239e-35
2.887738883387192044e-33
6.856392110464423546e-32
1.304348630817386143e-30
2.020386406610343184e-29
2.567048897259456255e-28
2.683657959606703407e-27
2.310131286618153830e-26
1.636571685202892370e-25
9.530717692256562577e-25
4.556573634408996464e-24
1.786378473210555829e-23
5.738507411000240319e-23
1.510077936509018235e-22
3.255875242157372496e-22
5.754867950817658861e-22
8.343285443575788947e-22
9.922377917442425350e-22
9.670922528532420356e-22
7.704066532179933430e-22
4.988741960769839375e-22
2.600439468771527442e-22
1.073346908835943697e-22
3.410610974939487077e-23
7.881752868486016768e-24
1.077660763391878761e-24
0.000000000000000000e+00
1.077660763397576786e-24
7.881752868466468297e-24
3.410610974920012662e-23
1.073346908832652078e-22
2.600439468768526170e-22
4.988741960769554435e-22
7.704066532178971406e-22
9.670922528534528722e-22
9.922377917442598383e-22
8.343285443576035331e-22
5.754867950819385428e-22
3.255875242158024660e-22
1.510077936508871769e-22
5.738507410999706645e-23
1.786378473210455618e-23
4.556573634408048722e-24
9.530717692256871144e-25
1.636571685202981680e-25
2.310131286618257719e-26
2.683657959606532292e-27
2.567048897259294826e-28
2.020386406610361961e-29
1.304348630817298386e-30
6.856392110468075680e-32
2.887738883388122593e-33
9.404159365899692863e-35
2.166903632864749270e-36
2.609015228588227788e-38
-7.197569356709332095e-41
-1.063685846447484010e-40
3.732179628338500510e-38
3.113869018298503644e-36
1.356045095735395956e-34
4.180998659256382580e-33
9.976949525692698685e-32
1.909589133901671906e-30
2.979286810650449479e-29
3.817086156942061652e-28
4.028166402421267900e-27
3.503515381066063121e-26
2.509584389233723240e-25
1.478356236688117322e-24
7.150173014138848003e-24
2.835005997191716755e-23
9.204600701450765078e-23
2.445803754139638164e-22
5.318625187540872488e-22
9.469202251832179361e-22
1.380969512752068436e-21
1.649975875240535387e-21
1.613789297429137742e-21
1.288851472970061296e-21
8.361204188291690032e-22
4.364336411691939896e-22
1.803407800144468466e-22
5.736027413289214427e-23
1.326717449276847836e-23
1.815192247271093210e-24
-0.000000000000000000e+00
1.815192247279303303e-24
1.326717449285323738e-23
5.736027413299075649e-23
1.803407800146045039e-22
4.364336411691031474e-22
8.361204188290840855e-22
1.288851472969816981e-21
1.613789297429518790e-21
1.649975875240780454e-21
1.380969512752140282e-21
9.469202251832359917e-22
5.318625187541372779e-22
2.445803754139273290e-22
9.204600701449811752e-23
2.835005997191289463e-23
7.150173014138574700e-24
1.478356236688566949e-24
2.509584389234056603e-25
3.503515381065354840e-26
4.028166402420398332e-27
3.817086156941467502e-28
2.979286810649197279e-29
1.909589133901345403e-30
9.976949525697353623e-32
4.180998659257094861e-33
1.356045095733971907e-34
3.113869018298696083e-36
3.732179628330120453e-38
-1.063685846432716226e-40
-1.546699055875681306e-40
5.251952407830361794e-38
4.402611299455509139e-36
1.924150898648429834e-34
5.957860363382934493e-33
1.429181949599302106e-31
2.752957422741613728e-30
4.327724720542180405e-29
5.593582879979047572e-28
5.961799665280901665e-27
5.242416702946434247e-26
3.799615204146921875e-25
2.265950276486992891e-24
1.109648964278789098e-23
4.453598358780554531e-23
1.462746722499104408e-22
3.927918908048598428e-22
8.621316003098520148e-22
1.547065733029031299e-21
2.270729417783498411e-21
2.726646011923800751e-21
2.676765171314205603e-21
2.143458282103123378e-21
1.393111522941575499e-21
7.281498282792636277e-22
3.012060568260000779e-22
9.589280889569413632e-23
2.219737149043821097e-23
3.038777107353167707e-24
-0.000000000000000000e+00
3.038777107336372097e-24
2.219737149050597822e-23
9.589280889611958299e-23
3.012060568267400281e-22
7.281498282799594263e-22
1.393111522941883949e-21
2.143458282102929281e-21
2.676765171314361709e-21
2.726646011924255903e-21
2.270729417783903910e-21
1.547065733028932933e-21
8.621316003100519429e-22
3.927918908049312189e-22
1.462746722498989210e-22
4.453598358779802802e-23
1.109648964278770584e-23
2.265950276486985544e-24
3.799615204146811672e-25
5.242416702946971484e-26
5.961799665280710820e-27
5.593582879977253910e-28
4.327724720541332899e-29
2.752957422741804655e-30
1.429181949599480115e-31
5.957860363378907813e-33
1.924150898647752021e-34
4.402611299457599241e-36
5.251952407810997822e-38
-1.546699055857734475e-40
-2.213104380726712881e-40
7.272227042514163551e-38
6.126003427798288168e-36
2.687301769736650320e-34
8.357632240369043872e-33
2.015815972940502517e-31
3.908843785456329963e-30
6.193567423420870018e-29
8.079055967451495651e-28
8.701155754715375023e-27
7.740131488693197234e-26
5.680287830398333486e-25
3.432095177560494101e-24
1.703217407700885322e-23
6.925973194687172500e-23
2.303273676964414544e-22
6.256029095478838235e-22
1.387049707951489667e-21
2.510429351199871964e-21
3.710471828718617054e-21
4.479540217966442830e-21
4.415010700128812004e-21
3.545141977576363632e-21
2.308445703114438111e-21
1.208179770437816630e-21
5.002959147929062917e-22
1.594168055922985207e-22
3.692893884899991497e-23
5.058016882608517110e-24
0.000000000000000000e+00
5.058016882612383017e-24
3.692893884875126265e-23
1.594168055918196713e-22
5.002959147922426546e-22
1.208179770437041556e-21
2.308445703114401248e-21
3.545141977576730010e-21
4.415010700129738106e-21
4.479540217967216211e-21
3.710471828718969138e-21
2.510429351199958856e-21
1.387049707951545527e-21
6.256029095478936036e-22
2.303273676964223174e-22
6.925973194685843016e-23
1.703217407700589685e-23
3.432095177560879810e-24
5.680287830399564081e-25
7.740131488692746092e-26
8.701155754712749102e-27
8.079055967450891187e-28
6.193567423420090896e-29
3.908843785455552943e-30
2.015815972940388223e-31
8.357632240362579288e-33
2.687301769737539389e-34
6.126003427795583330e-36
7.272227042481571482e-38
-2.213104380735266332e-40
-3.116104370092297263e-40
9.910235298846524846e-38
8.390225758849035771e-36
3.694640352468830472e-34
1.154296561940623744e-32
2.799865645130306021e-31
5.466692300080585840e-30
8.733360336102099071e-29
1.150150513247895615e-27
1.252283229865896714e-26
1.127554374677025838e-25
8.384304732123200245e-25
5.136588641747363420e-24
2.585486414741224686e-23
1.066221583389262590e-22
3.593670954539165609e-22
9.882359228155662927e-22
2.215209653260499363e-21
4.046888983621980969e-21
6.026879422416040581e-21
7.318628345761756578e-21
7.243742839988961612e-21
5.833350662250497871e-21
3.805696695476866823e-21
1.994430031217902322e-21
8.267158802687992463e-22
2.636517222406227540e-22
6.111492903412643828e-23
8.374011522858001096e-24
0.000000000000000000e+00
8.374011522893358497e-24
6.111492903423628823e-23
2.636517222408627899e-22
8.267158802689145388e-22
1.994430031216997285e-21
3.805696695478004326e-21
5.833350662250470035e-21
7.243742839989262539e-21
7.318628345762647320e-21
6.026879422416780108e-21
4.046888983622811526e-21
2.215209653260850695e-21
9.882359228156261018e-22
3.593670954539819183e-22
1.066221583389380375e-22
2.585486414740864985e-23
5.136588641747473623e-24
8.384304732125602661e-25
1.127554374677269202e-25
1.252283229865950524e-26
1.150150513247968258e-27
8.733360336102507129e-29
5.466692300082328355e-30
2.799865645130169832e-31
1.154296561940180365e-32
3.694640352470127083e-34
8.390225758834622887e-36
9.910235298839705120e-38
-3.116104370166540546e-40
-4.317407318072867022e-40
1.329297486068231401e-37
1.131207199997192186e-35
5.000829417793419620e-34
1.569713643321141470e-32
3.829694951990025451e-31
7.530677612159743979e-30
1.213311961819200666e-28
1.613791622601838976e-27
1.777102150125664678e-26
1.620469521242906660e-25
1.221683117927980844e-24
7.594841454028898697e-24
3.880841913648797808e-23
1.624601699057048074e-22
5.555271173318301371e-22
1.548231892568948236e-21
3.512083527659137131e-21
6.481677856010662917e-21
9.733008013031050794e-21
1.189420484637733636e-20
1.182607827435572890e-20
9.552524917013489147e-21
6.244388285643776648e-21
3.276827872546517341e-21
1.359668639771171275e-21
4.339737718395082200e-22
1.006536631932614988e-22
1.379549564156612935e-23
-0.000000000000000000e+00
1.379549564154187009e-23
1.006536631930716330e-22
4.339737718393850282e-22
1.359668639771860773e-21
3.276827872546371768e-21
6.244388285646267568e-21
9.552524917013149100e-21
1.182607827435672648e-20
1.189420484637772606e-20
9.733008013030271394e-21
6.481677856011115059e-21
3.512083527659261263e-21
1.548231892568715018e-21
5.555271173317869729e-22
1.624601699057172911e-22
3.880841913648708470e-23
7.594841454028500499e-24
1.221683117928121352e-24
1.620469521243014567e-25
1.777102150125476416e-26
1.613791622601860500e-27
1.213311961819442810e-28
7.530677612164513998e-30
3.829694951991258156e-31
1.569713643321285705e-32
5.000829417793885750e-34
1.131207199995391812e-35
1.329297486072543322e-37
-4.317407318221606443e-40
-5.885748719704886228e-40
1.755123261054427293e-37
1.501408280821098353e-35
6.663998889072850262e-34
2.101806419690868757e-32
5.158478276602135181e-31
1.021770315748504955e-29
1.660639007591062451e-28
2.231423795797724396e-27
2.486165501661026846e-26
2.297009134884520156e-25
1.756842021010515672e-24
1.109095301113343404e-23
5.758358587504040366e-23
2.449449205966670197e-22
8.506672053624642159e-22
2.405316778351546968e-21
5.527515696682805113e-21
1.031517505257032400e-20
1.563010474498009553e-20
1.923320274577418141e-20
1.921722052829266102e-20
1.557326346650147277e-20
1.020121426437119014e-20
5.360696511590019753e-21
2.226698552437512394e-21
7.112936321831116435e-22
1.650554605511837477e-22
2.262548635355485733e-23
-0.000000000000000000e+00
2.262548635348706951e-23
1.650554605512995809e-22
7.112936321835922797e-22
2.226698552437111033e-21
5.360696511590482428e-21
1.020121426437074627e-20
1.557326346650132832e-20
1.921722052829613672e-20
1.923320274577613442e-20
1.563010474498180178e-20
1.031517505257158338e-20
5.527515696682455286e-21
2.405316778351709092e-21
8.506672053624745602e-22
2.449449205966900594e-22
5.758358587505347516e-23
1.109095301113424513e-23
1.756842021010478203e-24
2.297009134884629440e-25
2.486165501660822799e-26
2.231423795797896587e-27
1.660639007591213343e-28
1.021770315748322086e-29
5.158478276604714446e-31
2.101806419693010937e-32
6.663998889071843592e-34
1.501408280819615236e-35
1.755123261061070366e-37
-5.885748719955479942e-40
-7.893992884669667302e-40
2.281087240134633301e-37
1.961712858447668112e-35
8.742491576232137347e-34
2.770829278347128191e-32
6.841853558665422509e-31
1.365314478435821183e-29
2.238840659596646154e-28
3.039991169831438488e-27
3.428052033058216096e-26
3.210498141369634144e-25
2.492519518170695568e-24
1.599044213802364883e-23
8.442919759389938089e-23
3.653045884689306574e-22
1.289942359509442559e-21
3.704899677329546039e-21
8.635026651057363954e-21
1.631138251737189522e-20
2.496225929102184344e-20
3.095016311234965654e-20
3.109053317426632367e-20
2.528406451968022267e-20
1.659952445112389449e-20
8.736369467849290169e-21
3.633141131113552764e-21
1.161577893174384334e-21
2.696569441050397429e-22
3.696288884989504845e-23
0.000000000000000000e+00
3.696288884990970098e-23
2.696569441042651861e-22
1.161577893172700838e-21
3.633141131110888059e-21
8.736369467848941094e-21
1.659952445112298269e-20
2.528406451967660554e-20
3.109053317426432552e-20
3.095016311235265377e-20
2.496225929102354669e-20
1.631138251737371282e-20
8.635026651058162914e-21
3.704899677330026017e-21
1.289942359509615968e-21
3.653045884689302342e-22
8.442919759389579564e-23
1.599044213802391919e-23
2.492519518170743323e-24
3.210498141370594744e-25
3.428052033058335482e-26
3.039991169831263786e-27
2.238840659597711141e-28
1.365314478436118819e-29
6.841853558666287810e-31
2.770829278349493977e-32
8.742491576233841074e-34
1.961712858444275305e-35
2.281087240140962742e-37
-7.893992884958217897e-40
-1.041453228366462980e-39
2.918126456307494124e-37
2.523023016692532754e-35
1.129027383452687535e-33
3.596034566690565033e-32
8.934314239037214069e-31
1.796379789722781445e-29
2.972516311870899125e-28
4.079480328613153877e-27
4.657220714143535882e-26
4.422892964294605298e-25
3.487290286322437561e-24
2.275029225982017182e-23
1.222627827306731632e-22
5.386448486432164773e-22
1.936241201349832048e-21
5.656050207377746670e-21
1.338699456855059803e-20
2.562726116783464520e-20
3.964935494455069460e-20
4.957188954297525839e-20
5.009071174788826898e-20
4.089430609937311321e-20
2.691601843240221396e-20
1.419140542673583144e-20
5.910004223209752572e-21
1.891413627309203205e-21
4.392421136076464768e-22
6.019391464227461243e-23
0.000000000000000000e+00
6.019391464240089579e-23
4.392421136079677159e-22
1.891413627308464431e-21
5.910004223206156500e-21
1.419140542673177796e-20
2.691601843239888571e-20
4.089430609936922524e-20
5.009071174788612639e-20
4.957188954297770192e-20
3.964935494455501590e-20
2.562726116783684497e-20
1.338699456855029710e-20
5.656050207377667677e-21
1.936241201349966713e-21
5.386448486432965049e-22
1.222627827306893145e-22
2.275029225982101818e-23
3.487290286322785801e-24
4.422892964294735705e-25
4.657220714143503740e-26
4.079480328613128766e-27
2.972516311872288765e-28
1.796379789723194548e-29
8.934314239036136821e-31
3.596034566693333145e-32
1.129027383453176587e-33
2.523023016689953536e-35
2.918126456310802506e-37
-1.041453228373782414e-39
-1.351281758721042138e-39
3.674104516240244063e-37
3.193767490013922226e-35
1.435099579164541580e-33
4.593723088277718586e-32
1.148422333034673358e-30
2.326762478989065226e-29
3.885634196665141081e-28
5.390640473861051888e-27
6.231642335033443341e-26
6.003019536817243122e-25
4.809026112556117972e-24
3.192273587529762466e-23
1.747603798615461969e-22
7.847943521446650550e-22
2.875407826191147333e-21
8.554629151602543394e-21
2.059042439190031735e-20
3.999904254942234240e-20
6.263448711222810265e-20
7.903358815332972743e-20
8.038297637709190584e-20
6.591208442845032219e-20
4.351122435916198511e-20
2.299252265524601143e-20
9.592570857937025974e-21
3.073763290698307858e-21
7.140396577512275753e-22
9.780209417799201991e-23
-0.000000000000000000e+00
9.780209417776304537e-23
7.140396577513631804e-22
3.073763290700402683e-21
9.592570857938434310e-21
2.299252265524073017e-20
4.351122435915120592e-20
6.591208442844114994e-20
8.038297637707675118e-20
7.903358815333442188e-20
6.263448711222906562e-20
3.999904254942449102e-20
2.059042439190049188e-20
8.554629151602851843e-21
2.875407826191247767e-21
7.847943521446962762e-22
1.747603798615893375e-22
3.192273587529363386e-23
4.809026112557590278e-24
6.003019536817717911e-25
6.231642335033166687e-26
5.390640473862225661e-27
3.885634196667029359e-28
2.326762478987788363e-29
1.148422333034199019e-30
4.593723088282323166e-32
1.435099579164028067e-33
3.193767490018177802e-35
3.674104516233083559e-37
-1.351281758674875283e-39
-1.723904496805701831e-39
4.552179955555745327e-37
3.978385620373678288e-35
1.795085657279332502e-33
5.774842665963413156e-32
1.452747176531809572e-30
2.966016965469437393e-29
4.999145884925782179e-28
7.011558367668306152e-27
8.208836814242179335e-26
8.023003150059510046e-25
6.532598224457308578e-24
4.414782248557842164e-23
2.463932684703468235e-22
1.129031049388201915e-21
4.221888060346696992e-21
1.281168188274594497e-20
3.140806670300817875e-20
6.200579789512107065e-20
9.839582127081405478e-20
1.254305207594785102e-19
1.285019533428488114e-19
1.058957092285568549e-19
7.015877482896469993e-20
3.718262764935490345e-20
1.555097625204417689e-20
4.991235032416649032e-21
1.159818560114456326e-21
1.587240396851982121e-22
-0.000000000000000000e+00
1.587240396847399103e-22
1.159818560114042928e-21
4.991235032418457601e-21
1.555097625204842898e-20
3.718262764935045576e-20
7.015877482895667121e-20
1.058957092285683503e-19
1.285019533428228354e-19
1.254305207594793046e-19
9.839582127081247793e-20
6.200579789512277991e-20
3.140806670300882273e-20
1.281168188274664764e-20
4.221888060346399075e-21
1.129031049387924310e-21
2.463932684703432500e-22
4.414782248557625873e-23
6.532598224459046840e-24
8.023003150060706662e-25
8.208836814241628322e-26
7.011558367668865774e-27
4.999145884928226043e-28
2.966016965468209856e-29
1.452747176531963189e-30
5.774842665971134530e-32
1.795085657277314372e-33
3.978385620378664598e-35
4.552179955524962595e-37
-1.723904496703888811e-39
-2.161829957044315135e-39
5.549074162825436861e-37
4.875671990779245727e-35
2.209064742112134241e-33
7.142241951165436906e-32
1.808000000193963554e-30
3.719792756159299887e-29
6.327929082843312005e-28
8.973009588957101426e-27
1.064007174539049603e-25
1.055243525426800691e-24
8.735333188810436845e-24
6.012854414955132568e-23
3.423649418420464037e-22
1.602443052925301586e-21
6.123976171323567330e-21
1.898594361303949177e-20
4.748830001197970221e-20
9.543379730445149531e-20
1.536893834744421640e-19
1.981444353587525333e-19
2.046534765031786905e-19
1.696306807894069325e-19
1.128941560789135568e-19
6.006953042321359181e-20
2.521013541917026247e-20
8.110097139124294493e-21
1.885218021071267350e-21
2.576619850638241753e-22
0.000000000000000000e+00
2.576619850641783753e-22
1.885218021068411181e-21
8.110097139111362174e-21
2.521013541914874021e-20
6.006953042319453714e-20
1.128941560788935272e-19
1.696306807894290325e-19
2.046534765031693497e-19
1.981444353587301925e-19
1.536893834744390585e-19
9.543379730445032771e-20
4.748830001198499249e-20
1.898594361304045774e-20
6.123976171324509982e-21
1.602443052925668152e-21
3.423649418420935645e-22
6.012854414957280196e-23
8.735333188810197338e-24
1.055243525426836324e-24
1.064007174539173121e-25
8.973009588960090385e-27
6.327929082843118290e-28
3.719792756158713023e-29
1.808000000194155882e-30
7.142241951165714976e-32
2.209064742111365169e-33
4.875671990782270227e-35
5.549074162789514903e-37
-2.161829956917780346e-39
-2.663979072862326700e-39
6.653396021422889019e-37
5.877120114375506335e-35
2.673759337312254569e-33
8.687774703053769620e-32
2.212964839923430477e-30
4.587951436262725972e-29
7.877169566189115092e-28
1.129266371723780256e-26
1.356266004032865325e-25
1.364997241322190754e-24
1.148966054514544745e-23
8.058159024631001330e-23
4.683872278579502121e-22
2.241545501690707587e-21
8.767111720265206159e-21
2.781689262255403479e-20
7.112299474459721750e-20
1.457650626309506103e-19
2.386066278489933718e-19
3.115090517841916027e-19
3.246910598168170069e-19
2.709623579109083452e-19
1.813764503589441126e-19
9.703655266069391321e-20
4.092577128895550270e-20
1.320943036428339627e-20
3.072157075165186878e-21
4.191140695815679286e-22
-0.000000000000000000e+00
4.191140695817038158e-22
3.072157075169685354e-21
1.320943036428772359e-20
4.092577128894283370e-20
9.703655266068617338e-20
1.813764503589370830e-19
2.709623579109062748e-19
3.246910598168341477e-19
3.115090517841771582e-19
2.386066278490128719e-19
1.457650626309417269e-19
7.112299474460128602e-20
2.781689262255697184e-20
8.767111720266485097e-21
2.241545501691385800e-21
4.683872278579537856e-22
8.058159024632849207e-23
1.148966054514453497e-23
1.364997241322540280e-24
1.356266004033548122e-25
1.129266371724028499e-26
7.877169566189209259e-28
4.587951436266904084e-29
2.212964839925072448e-30
8.687774703055693121e-32
2.673759337316249433e-33
5.877120114380172982e-35
6.653396021393729156e-37
-2.663979072760013189e-39
-3.224618291449524185e-39
7.844225907850126144e-37
6.965451923848360917e-35
3.181786380093234615e-33
1.038954272995564136e-31
2.662807663035916207e-30
5.562614959704976706e-29
9.638426127145602305e-28
1.396844009600251056e-26
1.699058665940555438e-25
1.735236570642620073e-24
1.485260755460447345e-23
1.061573453505805749e-22
6.302246579147658092e-22
3.086625858804287649e-21
1.237263505456250066e-20
4.025059234913716000e-20
1.054230842430945368e-19
2.208051397644687712e-19
3.680440375180595328e-19
4.872329152585129167e-19
5.130808768613956763e-19
4.316284884284891188e-19
2.910719190611693057e-19
1.568972534444811955e-19
6.663710499368963905e-20
2.161116969674534569e-20
5.030439935868086984e-21
6.845597221756972423e-22
0.000000000000000000e+00
6.845597221751072382e-22
5.030439935866115915e-21
2.161116969674133133e-20
6.663710499367716865e-20
1.568972534444646807e-19
2.910719190611407056e-19
4.316284884284469409e-19
5.130808768614097356e-19
4.872329152584833537e-19
3.680440375180716180e-19
2.208051397644476341e-19
1.054230842430925026e-19
4.025059234914031973e-20
1.237263505456367277e-20
3.086625858804752205e-21
6.302246579148872143e-22
1.061573453506044844e-22
1.485260755460270727e-23
1.735236570642425749e-24
1.699058665941067191e-25
1.396844009599873096e-26
9.638426127139007010e-28
5.562614959709995597e-29
2.662807663036801477e-30
1.038954272995307086e-31
3.181786380097752570e-33
6.965451923854035731e-35
7.844225907843962080e-37
-3.224618291406673816e-39
-3.832437486965539280e-39
9.090194131899910822e-37
8.113558228841286507e-35
3.721083391858966249e-33
1.220964997467274680e-31
3.148375933360530108e-30
6.626365882278013682e-29
1.158577230394572939e-27
1.697157955498035780e-26
2.090409177904849916e-25
2.166139437666716690e-24
1.885223425932734448e-23
1.373253760258047201e-22
8.329387548838424819e-22
4.178161086098680192e-21
1.718806869184980118e-20
5.744382137496567607e-20
1.544828064417027939e-19
3.314393197537615818e-19
5.636813740080957882e-19
7.578583027490939812e-19
8.072921073150480636e-19
6.856017082958253047e-19
4.667506794840940007e-19
2.541737933484205041e-19
1.090150896493690458e-19
3.559776585986285711e-20
8.298033016903290674e-21
1.125566973247053164e-21
0.000000000000000000e+00
1.125566973247247450e-21
8.298033016902338241e-21
3.559776585985079598e-20
1.090150896493411920e-19
2.541737933483975856e-19
4.667506794840991044e-19
6.856017082958247269e-19
8.072921073151010267e-19
7.578583027491164183e-19
5.636813740081078252e-19
3.314393197537413595e-19
1.544828064416887105e-19
5.744382137496515848e-20
1.718806869185193174e-20
4.178161086098867519e-21
8.329387548840799318e-22
1.373253760258190846e-22
1.885223425932473488e-23
2.166139437666504733e-24
2.090409177904845325e-25
1.697157955498007655e-26
1.158577230394072328e-27
6.626365882281449666e-29
3.148375933361355122e-30
1.220964997466987195e-31
3.721083391859384997e-33
8.113558228836767396e-35
9.090194131918334523e-37
-3.832437486996944917e-39
-4.469934044295506996e-39
1.034929906083371271e-36
9.284094297348559764e-35
4.274630547542094390e-33
1.409289854801101529e-31
3.655727505438853458e-30
7.750881171244477760e-29
1.367255420617353427e-27
2.024028467305631876e-26
2.523930722838579738e-25
2.652980956855561593e-24
2.347178710140359860e-23
1.742271974003425394e-22
1.079789707988121269e-21
5.550615224021450892e-21
2.346353543417196431e-20
8.072201170748792401e-20
2.234694451029961443e-19
4.924463717129883668e-19
8.565300010851359706e-19
1.171597387773058516e-18
1.264222597083444305e-18
1.085704993098792306e-18
7.480818518949632747e-19
4.129467919094717805e-19
1.795029019615129811e-19
5.918226852171026239e-20
1.382890691376430682e-20
1.868242740580597400e-21
0.000000000000000000e+00
1.868242740581828566e-21
1.382890691376267580e-20
5.918226852170328089e-20
1.795029019615210218e-19
4.129467919094975399e-19
7.480818518949346746e-19
1.085704993098730291e-18
1.264222597083503045e-18
1.171597387773115138e-18
8.565300010851279780e-19
4.924463717129987668e-19
2.234694451029867073e-19
8.072201170748184529e-20
2.346353543417386015e-20
5.550615224021150718e-21
1.079789707988187473e-21
1.742271974003427275e-22
2.347178710140562339e-23
2.652980956856036198e-24
2.523930722837898778e-25
2.024028467305620110e-26
1.367255420617197020e-27
7.750881171247717562e-29
3.655727505440215520e-30
1.409289854800991834e-31
4.274630547539326005e-33
9.284094297329635520e-35
1.034929906085255403e-36
-4.469934044402023456e-39
-5.113274280994563136e-39
1.156968949789749353e-36
1.042996488597451948e-34
4.820588575330275304e-33
1.596687092366091234e-31
4.166020068615306591e-30
8.896319390870925732e-29
1.582941526051449870e-27
2.367503654872854737e-26
2.987951631137270836e-25
3.184811427028975571e-24
2.863324851437830343e-23
2.165070016046468144e-22
1.370814048638336905e-21
7.223107566213388561e-21
3.140788089160277410e-20
1.114532909744303714e-19
3.185172708057765894e-19
7.231730655522702905e-19
1.289999941702341779e-18
1.798945265047980500e-18
1.969547440586731494e-18
1.713692169921716190e-18
1.198612587698370745e-18
6.733852107854280901e-19
2.979617928520148474e-19
9.954153706353003763e-20
2.335016248988358602e-20
3.139775322827806536e-21
0.000000000000000000e+00
3.139775322831346184e-21
2.335016248989896938e-20
9.954153706355361824e-20
2.979617928520609252e-19
6.733852107855448015e-19
1.198612587698390582e-18
1.713692169921762220e-18
1.969547440586934102e-18
1.798945265048102219e-18
1.289999941702351986e-18
7.231730655523543574e-19
3.185172708057429338e-19
1.114532909744175399e-19
3.140788089160604818e-20
7.223107566214003956e-21
1.370814048638396150e-21
2.165070016046415012e-22
2.863324851438233537e-23
3.184811427029913395e-24
2.987951631137408589e-25
2.367503654872613956e-26
1.582941526051300996e-27
8.896319390869925765e-29
4.166020068616026158e-30
1.596687092365841409e-31
4.820588575325721084e-33
1.042996488596405507e-34
1.156968949789728472e-36
-5.113274281179610330e-39
-5.732789798798157798e-39
1.269157831504550841e-36
1.149588691049925076e-34
5.332953720943715954e-33
1.774379356547108878e-31
4.655884682598938267e-30
1.001178091153664247e-28
1.796428120872731639e-27
2.713685374721781158e-26
3.464998103630707797e-25
3.743468314681840705e-24
3.418295043234252742e-23
2.631427757806172548e-22
1.701201895292142210e-21
9.187006013803465789e-21
4.111855317975750198e-20
1.507865624297082381e-19
4.462122181043220078e-19
1.047624193578434963e-18
1.923146628290099597e-18
2.741500705774477827e-18
3.051397399324855468e-18
2.695823265019689141e-18
1.920342259102412804e-18
1.102870540889892695e-18
4.991846051545946261e-19
1.696863189736579712e-19
4.004557749396338179e-20
5.358355651628589568e-21
0.000000000000000000e+00
5.358355651634405726e-21
4.004557749396023410e-20
1.696863189736429248e-19
4.991846051545745964e-19
1.102870540889892502e-18
1.920342259102365041e-18
2.695823265019615956e-18
3.051397399324758786e-18
2.741500705774524050e-18
1.923146628290235568e-18
1.047624193578447867e-18
4.462122181043630302e-19
1.507865624297097066e-19
4.111855317975089965e-20
9.187006013805071233e-21
1.701201895292091805e-21
2.631427757806576918e-22
3.418295043234022933e-23
3.743468314681920785e-24
3.464998103630368924e-25
2.713685374721098131e-26
1.796428120873080327e-27
1.001178091153603262e-28
4.655884682600167906e-30
1.774379356546737315e-31
5.332953720941573636e-33
1.149588691050650357e-34
1.269157831503098194e-36
-5.732789799046977445e-39
-6.294224319813868619e-39
1.365035811754675130e-36
1.242113194083097780e-34
5.782792087267080648e-33
1.932445403370190393e-31
5.098377582652286376e-30
1.103710866120104686e-28
1.996493782682854641e-27
3.044974706037539560e-26
3.931842844788024802e-25
4.303217269927074180e-24
3.988277449053504272e-23
3.123128702757204443e-22
2.059742096737937523e-21
1.139161025187742777e-20
5.248322595739172864e-20
1.991931888630889513e-19
6.123224922513895899e-19
1.493051421150501147e-18
2.833062713114485371e-18
4.143309263385890124e-18
4.700817573534450038e-18
4.227787930524295575e-18
3.077998278472488192e-18
1.815090356801367140e-18
8.444575058497853889e-19
2.933865015003141204e-19
6.985727788252845649e-20
9.307694966926292039e-21
0.000000000000000000e+00
9.307694966933368327e-21
6.985727788256261767e-20
2.933865015004132095e-19
8.444575058499374411e-19
1.815090356801398725e-18
3.077998278472557141e-18
4.227787930524344109e-18
4.700817573534374541e-18
4.143309263385803842e-18
2.833062713114658705e-18
1.493051421150572791e-18
6.123224922514341751e-19
1.991931888631043828e-19
5.248322595739074762e-20
1.139161025187801307e-20
2.059742096737686249e-21
3.123128702756908218e-22
3.988277449052686128e-23
4.303217269927642091e-24
3.931842844787628073e-25
3.044974706037740450e-26
1.996493782682672405e-27
1.103710866120222395e-28
5.098377582651411265e-30
1.932445403368639331e-31
5.782792087266004358e-33
1.242113194084331742e-34
1.365035811753944630e-36
-6.294224320075556820e-39
-6.760774699266515656e-39
1.438085897173947881e-36
1.314342702880131448e-34
6.140056814016769577e-33
2.060424386730300486e-31
5.464551496633137926e-30
1.190618463314410104e-28
2.170464406833894240e-27
3.340837893202027827e-26
4.360308246095099367e-25
4.831317118405686754e-24
4.541086663791302736e-23
3.613428966140528716e-22
2.427760747571632400e-21
1.373078277428849567e-20
6.506112917562858808e-20
2.557663599913889658e-19
8.192802575956549406e-19
2.085278381125284557e-18
4.113720588151655441e-18
6.204248185325941673e-18
7.203428568703932024e-18
6.616993552893645633e-18
4.941399124728669207e-18
3.003314750841000604e-18
1.441807839250252346e-18
5.140334156794454851e-19
1.239107873636721413e-19
1.647185703631702547e-20
0.000000000000000000e+00
1.647185703632325465e-20
1.239107873636787376e-19
5.140334156795008556e-19
1.441807839250421250e-18
3.003314750841022560e-18
4.941399124728701562e-18
6.616993552893586315e-18
7.203428568704005980e-18
6.204248185326047214e-18
4.113720588151700122e-18
2.085278381125423994e-18
8.192802575957619260e-19
2.557663599914267622e-19
6.506112917564009551e-20
1.373078277428868526e-20
2.427760747571996145e-21
3.613428966139772168e-22
4.541086663789285000e-23
4.831317118404908724e-24
4.360308246095162734e-25
3.340837893201546838e-26
2.170464406833464120e-27
1.190618463314508531e-28
5.464551496631393309e-30
2.060424386728570320e-31
6.140056814023106210e-33
1.314342702882181993e-34
1.438085897176826616e-36
-6.760774699459547213e-39
-7.095871836057713836e-39
1.482253390501216613e-36
1.360384022969520172e-34
6.375916723610782073e-33
2.148113413350917323e-31
5.725613188372392053e-30
1.255170581030089013e-28
2.305089712935061806e-27
3.579142424275482752e-26
4.718947680239931091e-25
5.289739745244156898e-24
5.037541031514492005e-23
4.067798208622784079e-22
2.779090246864942423e-21
1.603536892240242383e-20
7.797017837529025664e-20
3.173010208579904249e-19
1.061849077229999506e-18
2.837639968399191583e-18
5.864718427297117871e-18
9.191549867570876315e-18
1.098951795202857220e-17
1.035966268457314275e-17
7.964820821885166907e-18
5.000292192754460108e-18
2.480768553373003319e-18
9.098515462646491186e-19
2.228237499154568181e-19
2.965593381617279797e-20
-0.000000000000000000e+00
2.965593381617406788e-20
2.228237499154833478e-19
9.098515462647754596e-19
2.480768553373202846e-18
5.000292192754648079e-18
7.964820821885516656e-18
1.035966268457328758e-17
1.098951795202878483e-17
9.191549867571229145e-18
5.864718427296935292e-18
2.837639968399467761e-18
1.061849077230106010e-18
3.173010208580535473e-19
7.797017837530187241e-20
1.603536892240146387e-20
2.779090246865638316e-21
4.067798208621511254e-22
5.037541031512777547e-23
5.289739745244237713e-24
4.718947680241025770e-25
3.579142424274622368e-26
2.305089712935396145e-27
1.255170581030412320e-28
5.725613188376183266e-30
2.148113413349577769e-31
6.375916723613725620e-33
1.360384022969155820e-34
1.482253390500595195e-36
-7.095871836148116710e-39
-7.266532665182121395e-39
1.492519756990641539e-36
1.375231300637649456e-34
6.465442013367910015e-33
2.186508536642403846e-31
5.855544412562431779e-30
1.291120541195695678e-28
2.387702132706309485e-27
3.738036335708417497e-26
4.975616778153637499e-25
5.638138349259360480e-24
5.434357877569701647e-23
4.446292605199426761e-22
3.081591186633977088e-21
1.807768780175278200e-20
8.983079638937636281e-20
3.773425828088617177e-19
1.320694611335694942e-18
3.728756130826932431e-18
8.155106987646435424e-18
1.343343242288548618e-17
1.670958204926633142e-17
1.629002098109934814e-17
1.294986131615439935e-17
8.393033876088584301e-18
4.290725796343961907e-18
1.617814262032925590e-18
4.036713184987953121e-19
5.405744480377645787e-20
-0.000000000000000000e+00
5.405744480376099025e-20
4.036713184987846232e-19
1.617814262033007827e-18
4.290725796344062826e-18
8.393033876088676746e-18
1.294986131615432385e-17
1.629002098109938819e-17
1.670958204926686144e-17
1.343343242288578817e-17
8.155106987646347602e-18
3.728756130827028727e-18
1.320694611335798172e-18
3.773425828090215217e-19
8.983079638939594711e-20
1.807768780175210190e-20
3.081591186634679752e-21
4.446292605199612019e-22
5.434357877567682148e-23
5.638138349261305923e-24
4.975616778154140757e-25
3.738036335708183890e-26
2.387702132705545026e-27
1.291120541195239863e-28
5.855544412565502725e-30
2.186508536643829667e-31
6.465442013370842615e-33
1.375231300637295369e-34
1.492519756988636297e-36
-7.266532665137197284e-39
-7.246998361391086895e-39
1.465479935003506015e-36
1.355334844786370692e-34
6.390412351213729023e-33
2.168808921864064774e-31
5.833970047747954739e-30
1.293384762598746011e-28
2.407573776441852409e-27
3.798249327093974979e-26
5.100796986381758461e-25
5.837953050187142193e-24
5.688530479645292818e-23
4.707654203538026215e-22
3.300532054450448511e-21
1.959392793810264803e-20
9.883891810386693241e-20
4.256760358514873641e-19
1.554756404192900505e-18
4.664013360098332959e-18
1.093262550756328921e-17
1.924230149269010642e-17
2.531872144211300337e-17
2.587140933268426917e-17
2.141155647479208671e-17
1.426507744289056950e-17
7.436645393672615122e-18
2.864630677409679485e-18
7.290196875301526008e-19
9.885195529919070898e-20
-0.000000000000000000e+00
9.885195529914494407e-20
7.290196875300595784e-19
2.864630677409575870e-18
7.436645393672390174e-18
1.426507744289034455e-17
2.141155647479147349e-17
2.587140933268365595e-17
2.531872144211267056e-17
1.924230149269032212e-17
1.093262550756346178e-17
4.664013360098128040e-18
1.554756404192952313e-18
4.256760358515858754e-19
9.883891810389422043e-20
1.959392793810065891e-20
3.300532054450596718e-21
4.707654203539748079e-22
5.688530479644000949e-23
5.837953050186201063e-24
5.100796986380885106e-25
3.798249327094675799e-26
2.407573776440304838e-27
1.293384762597707257e-28
5.833970047749264953e-30
2.168808921867697202e-31
6.390412351214421462e-33
1.355334844786734188e-34
1.465479935000382555e-36
-7.246998361205633827e-39
-7.022275087210443850e-39
1.399860975642287660e-36
1.299124734916125403e-34
6.141949003286465119e-33
2.091378419513021002e-31
5.648975197407757407e-30
1.258730212619284088e-28
2.357336637826135420e-27
3.745594936669306034e-26
5.071367765297370861e-25
5.857297094413676035e-24
5.762828248595571971e-23
4.814828079510247048e-22
3.403684637743615159e-21
2.032663854853167666e-20
1.030378134314635532e-19
4.490486282190621211e-19
1.696052644820218634e-18
5.421556250088968609e-18
1.383249997684744335e-17
2.662605790293063721e-17
3.803026775958870148e-17
4.169852713317534504e-17
3.643865160880400540e-17
2.475096894842165320e-17
1.286675762324270377e-17
4.984697719287516504e-18
1.291071593436751886e-18
1.786453711502071190e-19
-0.000000000000000000e+00
1.786453711500345797e-19
1.291071593436385382e-18
4.984697719286922547e-18
1.286675762324192261e-17
2.475096894842065788e-17
3.643865160880182987e-17
4.169852713317329277e-17
3.803026775958814682e-17
2.662605790293035988e-17
1.383249997684757893e-17
5.421556250089007898e-18
1.696052644820161433e-18
4.490486282189657283e-19
1.030378134314871458e-19
2.032663854853494773e-20
3.403684637743661802e-21
4.814828079512258554e-22
5.762828248597872414e-23
5.857297094409669068e-24
5.071367765297166068e-25
3.745594936670069416e-26
2.357336637825468537e-27
1.258730212618507432e-28
5.648975197408537229e-30
2.091378419516954272e-31
6.141949003285345722e-33
1.299124734915342817e-34
1.399860975640429420e-36
-7.022275086955599389e-39
-6.591132360100181385e-39
1.296916221931408514e-36
1.207422881402674659e-34
5.722639011518152717e-33
1.954543494734760461e-31
5.299518874910344073e-30
1.186384265933419148e-28
2.234291013329632030e-27
3.573368022037698017e-26
4.874370756481929290e-25
5.676029233081193104e-24
5.631725461443257412e-23
4.741139504281022984e-22
3.367381574603261536e-21
2.008241227167680879e-20
1.008059544879713237e-19
4.339930480488114124e-19
1.654662503936896587e-18
5.605038928825432408e-18
1.585659215051879001e-17
3.450242414509665894e-17
5.558533707330383805e-17
6.791298974151980906e-17
6.438043799046465903e-17
4.409762449244092200e-17
2.203644358615872597e-17
8.335667138477098012e-18
2.183524172391386206e-18
3.115449525468851095e-19
-0.000000000000000000e+00
3.115449525464745013e-19
2.183524172390364693e-18
8.335667138475326156e-18
2.203644358615641793e-17
4.409762449243742143e-17
6.438043799046150358e-17
6.791298974151867508e-17
5.558533707330426946e-17
3.450242414509718279e-17
1.585659215051853116e-17
5.605038928826491669e-18
1.654662503937349565e-18
4.339930480487613382e-19
1.008059544879444811e-19
2.008241227168176205e-20
3.367381574603895739e-21
4.741139504282471193e-22
5.631725461445830569e-23
5.676029233077120016e-24
4.874370756482932134e-25
3.573368022037815108e-26
2.234291013329717408e-27
1.186384265933339330e-28
5.299518874910150694e-30
1.954543494736939480e-31
5.722639011519807864e-33
1.207422881401499925e-34
1.296916221934983002e-36
-6.591132359897545885e-39
-5.968107813031753384e-39
1.160633477028699469e-36
1.083680127116320514e-34
5.147825807615749812e-33
1.763106417968523795e-31
4.797079319883085475e-30
1.078475680278079775e-28
2.041406642359236124e-27
3.284282179012145954e-26
4.510204123051520160e-25
5.290246039457699789e-24
5.286804432517942024e-23
4.476010268362299271e-22
3.182211103233652925e-21
1.879088625640772117e-20
9.147012026410130093e-20
3.719858244046821222e-19
1.344072243865186960e-18
4.668216618090913626e-18
1.503317388457436677e-17
3.912896273064110805e-17
7.546702651115438924e-17
1.083397006444393998e-16
1.133253268462288256e-16
7.688270412804539029e-17
3.596819792230472313e-17
1.278514687152607140e-17
3.370023898622104959e-18
5.044342849478684617e-19
-0.000000000000000000e+00
5.044342849469354450e-19
3.370023898619705636e-18
1.278514687152187904e-17
3.596819792229953390e-17
7.688270412803883288e-17
1.133253268462238212e-16
1.083397006444387219e-16
7.546702651115277454e-17
3.912896273064240228e-17
1.503317388457585205e-17
4.668216618092016798e-18
1.344072243865669213e-18
3.719858244046948334e-19
9.147012026406949901e-20
1.879088625641421516e-20
3.182211103233352751e-21
4.476010268362558820e-22
5.286804432519800480e-23
5.290246039455638266e-24
4.510204123051596384e-25
3.284282179013863278e-26
2.041406642359398272e-27
1.078475680277508045e-28
4.797079319881164295e-30
1.763106417968941119e-31
5.147825807618472355e-33
1.083680127116145395e-34
1.160633477032578987e-36
-5.968107812925832032e-39
-5.184126514769871115e-39
9.977091731869294596e-37
9.339868228680090873e-35
4.445796098655532397e-33
1.526469633730632478e-31
4.166208714243310748e-30
9.402224451353557729e-29
1.787830407571446923e-27
2.891591123087450202e-26
3.994668089718438168e-25
4.715366382353082996e-24
4.740597902081614926e-23
4.028950811123339817e-22
2.856776408343375925e-21
1.654436267229276279e-20
7.582249120540517289e-20
2.656261456886449266e-19
7.307554198773781497e-19
2.115157566852200440e-18
8.532009583855419375e-18
3.227973563936664454e-17
8.560814910828914794e-17
1.565540344877487221e-16
1.662329384856345962e-16
1.035197412820025596e-16
4.739417743273890071e-17
1.601447028368201417e-17
4.376647915255994744e-18
7.133965711638583866e-19
-0.000000000000000000e+00
7.133965711621691534e-19
4.376647915251343238e-18
1.601447028367435975e-17
4.739417743272998288e-17
1.035197412819933028e-16
1.662329384856274471e-16
1.565540344877461583e-16
8.560814910828744696e-17
3.227973563936929462e-17
8.532009583858500863e-18
2.115157566852448885e-18
7.307554198774605795e-19
2.656261456887257193e-19
7.582249120541805255e-20
1.654436267230138734e-20
2.856776408343182579e-21
4.028950811123479465e-22
4.740597902084022926e-23
4.715366382352951487e-24
3.994668089716848036e-25
2.891591123090345316e-26
1.787830407572930640e-27
9.402224451348178985e-29
4.166208714241544411e-30
1.526469633730156037e-31
4.445796098656467052e-33
9.339868228692477534e-35
9.977091731868648121e-37
-5.184126514692358981e-39
-4.285470529424632985e-39
8.172622804972470151e-37
7.668262331569051720e-35
3.656694098990331307e-33
1.258302635231358380e-31
3.443772084872346789e-30
7.798043610205509627e-29
1.488754961341573199e-27
2.419102663681255812e-26
3.359363300529444527e-25
3.987084792914425537e-24
4.027958518557620676e-23
3.430783151613940277e-22
2.418198985400815857e-21
1.359833344922945008e-20
5.624346584112328368e-20
1.326490215943013670e-19
-1.084608802722529640e-19
-2.076709346341241197e-18
-5.889679400797160033e-18
2.271008198848393747e-18
5.782802628780271289e-17
1.740341218161041006e-16
1.462458494802628804e-16
5.100450775669898573e-17
2.770868052544693856e-17
1.182927878831899077e-17
4.058401224932814290e-18
7.993846986688101024e-19
-0.000000000000000000e+00
7.993846986663682158e-19
4.058401224925837031e-18
1.182927878830700840e-17
2.770868052543277296e-17
5.100450775668701107e-17
1.462458494802524527e-16
1.740341218160992442e-16
5.782802628780701464e-17
2.271008198850352033e-18
-5.889679400793815078e-18
-2.076709346339822943e-18
-1.084608802721693787e-19
1.326490215942903169e-19
5.624346584114068927e-20
1.359833344923437324e-20
2.418198985401158537e-21
3.430783151614177256e-22
4.027958518558475261e-23
3.987084792914573208e-24
3.359363300528208880e-25
2.419102663682197126e-26
1.488754961342738004e-27
7.798043610203388621e-29
3.443772084871381995e-30
1.258302635230164211e-31
3.656694098996895788e-33
7.668262331596026330e-35
8.172622804907914531e-37
-4.285470529362932969e-39
-3.331018011349472258e-39
6.302893553466543581e-37
5.925683473176790981e-35
2.830132499928201857e-33
9.757335267704584642e-32
2.676790264519232071e-30
6.078937050650383622e-29
1.164573846899226931e-27
1.899919813669301876e-26
2.650131026054394297e-25
3.159730564074440135e-24
3.204394575856292192e-23
2.731579389736975186e-22
1.908886301866829356e-21
1.032432194611992642e-20
3.621089690494196088e-20
3.814047180580098170e-21
-9.627847580042200490e-19
-7.004461124757831916e-18
-2.680912072923378094e-17
-5.639289037104269900e-17
-4.066015640519044934e-17
8.434813812690784278e-17
-1.563015800430855867e-17
-1.153678467482679990e-16
-4.342402131648174760e-17
-5.071371619633532583e-18
1.023480543221690220e-18
5.159065719680187075e-19
-0.000000000000000000e+00
5.159065719655266505e-19
1.023480543214125745e-18
-5.071371619647051071e-18
-4.342402131649463438e-17
-1.153678467482744331e-16
-1.563015800432076445e-17
8.434813812690075536e-17
-4.066015640517798780e-17
-5.639289037103611694e-17
-2.680912072923132808e-17
-7.004461124756272683e-18
-9.627847580039192187e-19
3.814047180595155783e-21
3.621089690493673679e-20
1.032432194611955628e-20
1.908886301867352216e-21
2.731579389738197230e-22
3.204394575857247869e-23
3.159730564075355552e-24
2.650131026055315866e-25
1.899919813668718147e-26
1.164573846900563030e-27
6.078937050656139035e-29
2.676790264518142211e-30
9.757335267681307760e-32
2.830132499933055769e-33
5.925683473194885598e-35
6.302893553411228209e-37
-3.331018011399873057e-39
-2.387891057586987652e-39
4.488938260398173175e-37
4.227329618257225765e-35
2.021632797081662665e-33
6.981063827739986861e-32
1.918987192577988089e-30
4.368611610429081617e-29
8.393446827453877933e-28
1.373913198092536256e-26
1.923503075352838008e-25
2.301944025534383939e-24
2.341331317198372937e-23
1.995499767123061060e-22
1.380261514649760727e-21
7.125520267860338015e-21
1.924101790853160269e-20
-8.726897551938764569e-20
-1.543670367104292680e-18
-1.083638104986769615e-17
-4.668422257409725397e-17
-1.261990899856439649e-16
-1.948291452290601937e-16
-1.290999958048826390e-16
-2.705161822916188941e-16
-3.083610261830266538e-16
-1.268813993575000303e-16
-2.820499700043963941e-17
-4.363776545183301563e-18
-2.202860838531654340e-19
-0.000000000000000000e+00
-2.202860838550915565e-19
-4.363776545189846643e-18
-2.820499700045305621e-17
-1.268813993575157582e-16
-3.083610261830300065e-16
-2.705161822916022294e-16
-1.290999958048644952e-16
-1.948291452290465119e-16
-1.261990899856369144e-16
-4.668422257409708140e-17
-1.083638104986641117e-17
-1.543670367104161331e-18
-8.726897551941075685e-20
1.924101790854708837e-20
7.125520267861282924e-21
1.380261514649781604e-21
1.995499767123389728e-22
2.341331317199113498e-23
2.301944025534858912e-24
1.923503075353151855e-25
1.373913198091792101e-26
8.393446827463809439e-28
4.368611610439985961e-29
1.918987192577406900e-30
6.981063827713982921e-32
2.021632797084232625e-33
4.227329618268049928e-35
4.488938260394500629e-37
-2.387891057803311935e-39
-1.525875102860548781e-39
2.853518525713195160e-37
2.690825765177635345e-35
1.288186057437407423e-33
4.454069982947269764e-32
1.226323813152883933e-30
2.797223032933166278e-29
5.386836241913389177e-28
8.841277344071460371e-27
1.241436912040503319e-25
1.490035869753656014e-24
1.518786627986834253e-23
1.293414196343146378e-22
8.851249344350886843e-22
4.344843060934971292e-21
7.651059805117688418e-21
-1.193593731986500731e-19
-1.626313923089639414e-18
-1.165750222121041711e-17
-5.439480708927681930e-17
-1.654219227786659607e-16
-3.066868522600944166e-16
-3.158355946295686929e-16
-4.302126091495964730e-16
-3.893941679070410270e-16
-1.610863935068916112e-16
-4.080056308120552602e-17
-8.327510762073775322e-18
-8.809208235683920145e-19
-0.000000000000000000e+00
-8.809208235700280920e-19
-8.327510762079778060e-18
-4.080056308121816012e-17
-1.610863935069091880e-16
-3.893941679070507399e-16
-4.302126091495844921e-16
-3.158355946295477388e-16
-3.066868522600874648e-16
-1.654219227786637174e-16
-5.439480708927741710e-17
-1.165750222120846191e-17
-1.626313923089261932e-18
-1.193593731986877010e-19
7.651059805137927233e-21
4.344843060934765910e-21
8.851249344349530793e-22
1.293414196343479278e-22
1.518786627987511926e-23
1.490035869753166715e-24
1.241436912039575780e-25
8.841277344070102928e-27
5.386836241925010314e-28
2.797223032937259190e-29
1.226323813153301520e-30
4.454069982930603070e-32
1.288186057436054534e-33
2.690825765185683574e-35
2.853518525745518490e-37
-1.525875103152244899e-39
-8.111661387624930890e-40
1.511022060009885597e-37
1.426311389679655240e-35
6.833630763629586265e-34
2.365108964312472639e-32
6.519656424482450924e-31
1.489316364088893126e-29
2.873115481723816539e-28
4.725055100152885950e-27
6.649210387658881743e-26
7.997950762190810460e-25
8.164373667168924821e-24
6.945710764540359993e-23
4.707158353684764548e-22
2.201709379029408616e-21
1.755465997722004323e-21
-9.580487206443388458e-20
-1.205858687207249516e-18
-8.882406328319297280e-18
-4.372429763822480074e-17
-1.416071948867078986e-16
-2.822912016184778937e-16
-3.210104323071018001e-16
-3.781984876328175903e-16
-3.082952543787456268e-16
-1.262918684869523205e-16
-3.426158742000670495e-17
-7.801042800959452149e-18
-9.397648642558729808e-19
-0.000000000000000000e+00
-9.397648642563995301e-19
-7.801042800963319416e-18
-3.426158742001607884e-17
-1.262918684869675060e-16
-3.082952543787615027e-16
-3.781984876328248873e-16
-3.210104323071026876e-16
-2.822912016184859795e-16
-1.416071948867126317e-16
-4.372429763822594089e-17
-8.882406328318918257e-18
-1.205858687206794997e-18
-9.580487206437161686e-20
1.755465997725271257e-21
2.201709379029200225e-21
4.707158353681270038e-22
6.945710764541917523e-23
8.164373667173476923e-24
7.997950762181660889e-25
6.649210387652713842e-26
4.725055100149654489e-27
2.873115481728706958e-28
1.489316364088515896e-29
6.519656424488650794e-31
2.365108964310245067e-32
6.833630763612526757e-34
1.426311389681021290e-35
1.511022060044284079e-37
-8.111661389939239418e-40
-3.252156086431036141e-40
6.043186819604684177e-38
5.708246371966453583e-36
2.736427713426186251e-34
9.477355289520035945e-33
2.614817786082704993e-31
5.979556755194178184e-30
1.155018018181558200e-28
1.902308315176562253e-27
2.681301251076103502e-26
3.230342915176153267e-25
3.301255111855446367e-24
2.806388716158432635e-23
1.887732719637283848e-22
8.481846363389923305e-22
-5.199702994123150402e-23
-4.934313555600224150e-20
-6.040656023408025502e-19
-4.561464978268569270e-18
-2.329472370388895861e-17
-7.817148929501982026e-17
-1.606304216934513856e-16
-1.876184431294362964e-16
-2.071371810610914683e-16
-1.607317802133693480e-16
-6.513002016331202490e-17
-1.846630920391690356e-17
-4.486305168403162985e-18
-5.681414918700260364e-19
0.000000000000000000e+00
-5.681414918700355698e-19
-4.486305168404893241e-18
-1.846630920392126386e-17
-6.513002016332082563e-17
-1.607317802133826107e-16
-2.071371810610996034e-16
-1.876184431294404132e-16
-1.606304216934619612e-16
-7.817148929502355502e-17
-2.329472370388761816e-17
-4.561464978269416680e-18
-6.040656023412822030e-19
-4.934313555591833114e-20
-5.199702993629073082e-23
8.481846363400463257e-22
1.887732719636850326e-22
2.806388716156210951e-23
3.301255111858125025e-24
3.230342915169801924e-25
2.681301251076813505e-26
1.902308315175346509e-27
1.155018018180270350e-28
5.979556755184991271e-30
2.614817786081660149e-31
9.477355289527000015e-33
2.736427713424543676e-34
5.708246371958974519e-36
6.043186819725692555e-38
-3.252156087597686763e-40
-8.454104064686510961e-41
1.568928121194044467e-38
1.482472338753595197e-36
7.108611527631644650e-35
2.462813493320380611e-33
6.797749605385977695e-32
1.555289474755786137e-30
3.006009005150453339e-29
4.954271025574916268e-28
6.988252934725407523e-27
8.425304373668377758e-26
8.614255580212139033e-25
7.319216331013535854e-24
4.903532117304809343e-23
2.155341443244850963e-22
-1.176620359458180604e-22
-1.433641244058764073e-20
-1.739791921659178315e-19
-1.330114963242146693e-18
-6.905797628012347485e-18
-2.350991973597359317e-17
-4.878589415939569839e-17
-5.726658270490723960e-17
-6.188852116596712294e-17
-4.730187986700823256e-17
-1.907539737085618198e-17
-5.518668894707769307e-18
-1.377930226879309689e-18
-1.772864818234018509e-19
0.000000000000000000e+00
-1.772864818233671360e-19
-1.377930226879795987e-18
-5.518668894709004214e-18
-1.907539737085897073e-17
-4.730187986701325538e-17
-6.188852116597001954e-17
-5.726658270490895291e-17
-4.878589415940008643e-17
-2.350991973597485042e-17
-6.905797628011560165e-18
-1.330114963242495287e-18
-1.739791921662404007e-19
-1.433641244055468627e-20
-1.176620359403973858e-22
2.155341443251691400e-22
4.903532117312203202e-23
7.319216331005344128e-24
8.614255580220560348e-25
8.425304373644966594e-26
6.988252934733949659e-27
4.954271025570277858e-28
3.006009005141451397e-29
1.555289474752482225e-30
6.797749605373086844e-32
2.462813493322565008e-33
7.108611527642025668e-35
1.482472338753455880e-36
1.568928121208202812e-38
-8.454104068020577554e-41
