2.734392141834856793e-43
8.479483295090553463e-41
5.347182337714933507e-39
1.980705691203766981e-37
5.246718209333937762e-36
1.067892649911123752e-34
1.727465564765914869e-33
2.261930676150435087e-32
2.423589644916670808e-31
2.139648673077519944e-30
1.563545506355169079e-29
9.486220434924503455e-29
4.787881971737623502e-28
2.012292542808341673e-27
7.042131034109437041e-27
2.049127550503657241e-26
4.942008354274854883e-26
9.824529975869805579e-26
1.596205911279499630e-25
2.093494202549309842e-25
2.179103316712687724e-25
1.761634724433741747e-25
1.083985837085892180e-25
5.172693199176909536e-26
2.312367430491435308e-26
1.339613532329180548e-26
8.324314926179515280e-27
3.617494223307226446e-27
7.751681903411688772e-28
-0.000000000000000000e+00
6.360434456636615677e-28
3.051028112503822792e-27
6.756505444425234577e-27
1.048941268039351027e-26
1.966373069003496972e-26
4.959531473479875210e-26
1.090353687509904937e-25
1.791227659422648760e-25
2.213215168820046087e-25
2.116427602467929926e-25
1.604973095130897474e-25
9.826825083298660305e-26
4.919890993734042841e-26
2.031666283823873088e-26
6.958386955077130103e-27
1.982864376451398181e-27
4.707534056600992939e-28
9.311293557128837528e-29
1.532773119716531215e-29
2.095603961442870336e-30
2.372144883990823703e-31
2.212909527600435920e-32
1.689501609604264841e-33
1.044203808083354100e-34
5.129600881591453358e-36
1.936306232526382274e-37
5.226985496590393663e-39
8.288551738867361417e-41
2.672827225999349543e-43
9.241989744330239113e-43
2.867054258006066717e-40
1.808021894062015206e-38
6.697173257862248900e-37
1.773949388019087508e-35
3.610378148685408185e-34
5.839759031245947003e-33
7.645623930425877676e-32
8.190827057520370266e-31
7.229914280779178569e-30
5.282159127264600664e-29
3.204021520439471461e-28
1.616747154952586735e-27
6.793397201777406283e-27
2.376865069949154602e-26
6.914938806692869002e-26
1.667490493889242673e-25
3.314678566579830632e-25
5.385510103815397534e-25
7.064338949856726611e-25
7.355681189343032854e-25
5.950544823848831049e-25
3.666611960204527474e-25
1.754446986833843502e-25
7.870143332065750632e-26
4.557926094124383356e-26
2.824299681974552518e-26
1.225017334399388345e-26
2.622341306988241076e-27
-0.000000000000000000e+00
2.153649428228201210e-27
1.033975211459855397e-26
2.295076587235252732e-26
3.575825275177790476e-26
6.699124282548460371e-26
1.681840423249888261e-25
3.687080595086329733e-25
6.049169900886668753e-25
7.469573378889941713e-25
7.140747862913132516e-25
5.414450705732131294e-25
3.315106345983039859e-25
1.659873990483226576e-25
6.855460189219294652e-26
2.348438739900869211e-26
6.693674033428783973e-27
1.589545776226965087e-27
3.144835209162465480e-28
5.178077540954611118e-29
7.080971476130095728e-30
8.016877510361306723e-31
7.479875295383801364e-32
5.711396396327153936e-33
3.530280555418976234e-34
1.734348317732368435e-35
6.547042092426265147e-37
1.767378820977971897e-38
2.802495837891216687e-40
9.033912697579751706e-43
2.257765219423801424e-42
7.009223417876953682e-40
4.420397105564979456e-38
1.637322105276590735e-36
4.336571026727418805e-35
8.824690024984179555e-34
1.427118903028293899e-32
1.867975199252461648e-31
2.000560352049530343e-30
1.765206788920103733e-29
1.289103452100255546e-28
7.815672368556129152e-28
3.941822067001190890e-27
1.655490390818953838e-26
5.789528074189562283e-26
1.683661411943042563e-25
4.058833388285514506e-25
8.066957534096091939e-25
1.310700077473681106e-24
1.719740969674946788e-24
1.791819025548650719e-24
1.451447368256930307e-24
8.967500983628592359e-25
4.313390294133140873e-25
1.947670129360576409e-25
1.127258265729214430e-25
6.947409751837583827e-26
3.002356361551154307e-26
6.414447308113785921e-27
-0.000000000000000000e+00
5.276918071286386488e-27
2.537668422403810150e-26
5.657775334342590818e-26
8.874734582904164621e-26
1.660748869648204540e-25
4.133157469776205004e-25
9.012182356467627324e-25
1.474839020932101667e-24
1.818938242752081986e-24
1.737853336479521006e-24
1.317422886567642741e-24
8.066254824467311990e-25
4.039517853584377547e-25
1.668899270034633629e-25
5.719472738665540346e-26
1.630998583196205998e-26
3.875147177957360976e-27
7.670770050232868093e-28
1.263640170939820595e-28
1.728783434372364466e-29
1.958030591425845484e-30
1.827453610609355826e-31
1.395737248574941467e-32
8.628862587048603620e-34
4.239747377183970571e-35
1.600614126687059574e-36
4.321022120667612180e-38
6.851386912572440771e-40
2.206935843832870802e-42
4.956473727742967504e-42
1.540458433406614159e-39
9.715814628341551952e-38
3.598596926927987259e-36
9.530047113801640818e-35
1.938957777350814362e-33
3.134858281261468232e-32
4.101882913186527491e-31
4.391185826387551781e-30
3.872646234415019201e-29
2.826506933754647530e-28
1.712594793385550146e-27
8.631761725508683312e-27
3.622825849024501462e-26
1.266209148490646887e-25
3.680460475950454510e-25
8.869488906142903141e-25
1.762563123763263345e-24
2.864125307643397954e-24
3.759831259005267635e-24
3.921675916436048312e-24
3.183556360631433651e-24
1.975349873013692100e-24
9.580401067209440077e-25
4.370440360979115303e-25
2.526997813962673274e-25
1.544354570281312959e-25
6.635462145259413812e-26
1.413251536510326583e-26
-0.000000000000000000e+00
1.165748218291105584e-26
5.621170225990291080e-26
1.262129282943645756e-25
2.000854737233867032e-25
3.737879292629262892e-25
9.176209244382828107e-25
1.983594999334556156e-24
3.232850615918786756e-24
3.979138855027831436e-24
3.797950585129271653e-24
2.877843832064343729e-24
1.761879382808199231e-24
8.824911505385483105e-25
3.647332520815423804e-25
1.250637044061519674e-25
3.568641989796568410e-26
8.484659357534462037e-27
1.680679442690557959e-27
2.770481258585710447e-28
3.792554450471830724e-29
4.297696356438751762e-30
4.012819226098423158e-31
3.065884525110259226e-32
1.895915052567431491e-33
9.317217447985781571e-35
3.517905212514635395e-36
9.497369010557470980e-38
1.505767424455483416e-39
4.844898035476321164e-42
9.865952509989673753e-42
3.070883718912798926e-39
1.937064489277386400e-37
7.174225502659542256e-36
1.899646646705449948e-34
3.864066678493953722e-33
6.245288616738266008e-32
8.168313683324327803e-31
8.739759320501493268e-30
7.702803552202071538e-29
5.617906404806781150e-28
3.401207571332893741e-27
1.712847171743912432e-26
7.183146695854487837e-26
2.508723837463740257e-25
7.287665282734449667e-25
1.755537805376025821e-24
3.488173382111441723e-24
5.669463424930598857e-24
7.447875828447286271e-24
7.780233539477811726e-24
6.334453173434091285e-24
3.953221850402983249e-24
1.938462062485801062e-24
8.961231664901312297e-25
5.174792071662487363e-25
3.128116222843251749e-25
1.333787615778329109e-25
2.829062912913531570e-26
-0.000000000000000000e+00
2.341753549097029891e-26
1.133250036533862778e-25
2.568248482040148079e-25
4.127519347929219792e-25
7.694633533575501101e-25
1.855820735240587456e-24
3.965715129074676772e-24
6.427448573862041198e-24
7.889442218505832611e-24
7.519625839011209103e-24
5.694134595438243882e-24
3.485457214277549835e-24
1.746102284857908255e-24
7.219839060374157977e-25
2.477217154162276577e-25
7.074176285294451404e-26
1.683367917271330550e-26
3.337390990494675177e-27
5.506035132171801174e-28
7.543009889013163971e-29
8.553318671618537932e-30
7.990733299478131418e-31
6.107770051137299593e-32
3.778245565127959906e-33
1.857208793323870694e-34
7.013320509734103499e-36
1.893505478509590379e-37
3.001720638913652266e-39
9.643883553839531285e-42
1.843148929418492683e-41
5.747675655891628036e-39
3.626092560644261041e-37
1.342902171030851219e-35
3.555227384981909882e-34
7.229693259879915826e-33
1.168049400680156203e-31
1.526944801990103852e-30
1.632748245436315789e-29
1.437955804858001292e-28
1.047859718977909170e-27
6.338138290499674680e-27
3.188853389855921917e-26
1.336074562523856837e-25
4.662416695767000367e-25
1.353515777519665307e-24
3.259190844374283684e-24
6.475407471182580155e-24
1.052865367831731063e-23
1.384512043577970790e-23
1.449172729600681374e-23
1.184339124044593592e-23
7.445471923519599975e-24
3.700840241961283777e-24
1.738450735784822745e-24
1.002379458189120912e-24
5.979973790403194522e-25
2.525938009963643323e-25
5.330359386433313319e-26
-0.000000000000000000e+00
4.430824969358458841e-26
2.153885119379373299e-25
4.937100049307055605e-25
8.065324452433178844e-25
1.499970949540152989e-24
3.541577433291492161e-24
7.460362517986073677e-24
1.200616849423162479e-23
1.468465807029290069e-23
1.397022679213039445e-23
1.056896300303708201e-23
6.467317914542773213e-24
3.240293584262245477e-24
1.340412478558415341e-24
4.602368422397943798e-25
1.315452713795559317e-25
3.133303830833583917e-26
6.218211673183837477e-27
1.026872939518149704e-27
1.408010770691141005e-28
1.597830345427147259e-29
1.493695519662606950e-30
1.142303185796507994e-31
7.069015596231995264e-33
3.475769141356724476e-34
1.312774035367453323e-35
3.544534173160622126e-37
5.618206633680646452e-39
1.801667257457752886e-41
3.287195640645339179e-41
1.027363273797507683e-38
6.482642395246846811e-37
2.400666715387823720e-35
6.354374128419739709e-34
1.291793895524825081e-32
2.086172139176184276e-31
2.725660241206222403e-30
2.912522394995240697e-29
2.562961941804386293e-28
1.865949647336338843e-27
1.127529298662460009e-26
5.667113201489615450e-26
2.372138550190533969e-25
8.270979634723645873e-25
2.399588149370461653e-24
5.776171362599708210e-24
1.147694114743541237e-23
1.867192149863344463e-23
2.458633359225916726e-23
2.579961134998264519e-23
2.118339838857063383e-23
1.343559448008848118e-23
6.786339076978015716e-24
3.246746348882951390e-24
1.868917171260747293e-24
1.098304842628630404e-24
4.588533276717586989e-25
9.624557826139989624e-26
-0.000000000000000000e+00
8.039110350703400293e-26
3.928964745785279302e-25
9.125945999759508368e-25
1.518663293888400640e-24
2.817152468118938052e-24
6.492478332396532357e-24
1.344592805827312155e-23
2.145294564954835243e-23
2.612256943418404774e-23
2.479218193833905886e-23
1.873242075217820783e-23
1.145644900516718946e-23
5.739861263145751690e-24
2.375313590739773234e-24
8.161347204514093916e-25
2.334784672529149909e-25
5.566983497524867856e-26
1.105981252873425918e-26
1.828320233591300233e-27
2.509341213784661685e-28
2.850045051694281622e-29
2.666191524065249810e-30
2.040129924573371719e-31
1.263060173316171046e-32
6.212275285538755595e-34
2.346785891186497135e-35
6.336791478374588928e-37
1.004216849199704698e-38
3.213223553753299724e-41
5.650992133951445992e-41
1.770710613558410622e-38
1.117567240694146418e-36
4.138377670888582433e-35
1.095180550183091112e-33
2.225703876468644484e-32
3.592778666163756897e-31
4.691376424562938062e-30
5.009423384106704349e-29
4.404500848424280083e-28
3.203669964518632073e-27
1.933947324522274773e-26
9.710664494825686816e-26
4.060977383674385666e-25
1.414883229676944382e-24
4.102819230673764805e-24
9.874566589883822594e-24
1.962607611707277131e-23
3.195853265382175003e-23
4.215548548338862782e-23
4.437431816886925492e-23
3.663942304643600026e-23
2.348109149372287978e-23
1.207894623725778906e-23
5.896080932290367453e-24
3.387917264973145654e-24
1.958458195514560233e-24
8.081628395895509026e-25
1.683510284196165011e-25
-0.000000000000000000e+00
1.413671802020070913e-25
6.951921255216281568e-25
1.638858268413401481e-24
2.782514075469361121e-24
5.148238352746740723e-24
1.155552236593433698e-23
2.347079640269766969e-23
3.706763799195689272e-23
4.489342022565026058e-23
4.247914592842228157e-23
3.204202651419102139e-23
1.957959852713374991e-23
9.807170102281197360e-24
4.059315067716632336e-24
1.395526569232317435e-24
3.995579699165031362e-25
9.536308159914502952e-26
1.896562530601511356e-26
3.138545859548689999e-27
4.311850265474538178e-28
4.901574976081573872e-29
4.588775933961061390e-30
3.513361738587678823e-31
2.176145545889501517e-32
1.070672209892727914e-33
4.045447734666664760e-35
1.092413874175377433e-36
1.730806000060629193e-38
5.523841534981617489e-41
9.420275054942440509e-41
2.960511736004106526e-38
1.868998136208554626e-36
6.920655642364121743e-35
1.831129255130558561e-33
3.720163770795808525e-32
6.002494359614636039e-31
7.833435018872984204e-30
8.358651615203296402e-29
7.343360745044609735e-28
5.336580242152581319e-27
3.218593429285064586e-26
1.614708767738701611e-25
6.747626623365743570e-25
2.349660927928865260e-24
6.811763185837908739e-24
1.639675755698068201e-23
3.261031773225896194e-23
5.317146264102859475e-23
7.029579900358162808e-23
7.427749722184684656e-23
6.173470502074249600e-23
4.003484235351645521e-23
2.101284517371188624e-23
1.047709040719839258e-23
6.009217014645212076e-24
3.413938374667433072e-24
1.389993544924814310e-24
2.873691432532960443e-25
-0.000000000000000000e+00
2.426633076905225546e-25
1.201593547972879042e-24
2.878417942778231425e-24
4.990670004611625347e-24
9.210878708684663415e-24
2.010873011292236926e-23
3.997426807081787772e-23
6.239608722160747909e-23
7.508814383040602285e-23
7.078766537976844857e-23
5.327673499854823959e-23
3.251339584101470363e-23
1.627546169672701263e-23
6.735941060376378099e-24
2.316415797421657591e-24
6.636279518376876455e-25
1.585195265064464430e-25
3.155570264095846211e-26
5.227108583115117085e-27
7.187919438057932812e-28
8.177935095072111921e-29
7.661634878062524240e-30
5.869562871582393032e-31
3.637224173584803386e-32
1.790115249645841238e-33
6.765147475557624124e-35
1.826911716326017332e-36
2.893770563951532485e-38
9.208331722052390546e-41
1.528875194504373731e-40
4.820689775731344467e-38
3.044294532163984015e-36
1.127237554799268327e-34
2.982016720027009771e-33
6.056511124560245699e-32
9.768109317143706902e-31
1.274089081464833662e-29
1.358652426552768848e-28
1.192775857376527366e-27
8.661732647893736820e-27
5.220320902255679650e-26
2.617323713422639886e-25
1.093261009902640710e-24
3.806282422452209482e-24
1.103641919245661283e-23
2.658200006346159503e-23
5.292743734594564085e-23
8.645858503917417672e-23
1.146319463662770919e-22
1.216752290273796249e-22
1.018938829142281561e-22
6.695126949218178631e-23
3.590291816290159365e-23
1.829361094740623451e-23
1.047319734432847082e-23
5.845545154387661914e-24
2.346724749887536898e-24
4.812707295651147518e-25
-0.000000000000000000e+00
4.087063264853513649e-25
2.038960353618201405e-24
4.966931245889086772e-24
8.796469057716901504e-24
1.619904109604075100e-23
3.438470619457095085e-23
6.679501442283308342e-23
1.029023182168934054e-22
1.229207208447689359e-22
1.153639366948554525e-22
8.657826214534688022e-23
5.273870312197490064e-23
2.636986061992420165e-23
1.090747165106209270e-23
3.750519026311010106e-24
1.074746373373484188e-24
2.568550359933808683e-25
5.116640400729712557e-26
8.482232384754003825e-27
1.167347253774279303e-27
1.329134471746467667e-28
1.246054049735933454e-29
9.551302281827817646e-31
5.921276836452695274e-32
2.915152411386210141e-33
1.101888099483275767e-34
2.975700908469067321e-36
4.711964437680661500e-38
1.494479136349809119e-40
2.422455154641916166e-40
7.666156397840758342e-38
4.842966455874938954e-36
1.793257504480957123e-34
4.743212344421205868e-33
9.630991415196465384e-32
1.552749683691081434e-30
2.024395593642938557e-29
2.157650884464452886e-28
1.893209912587671861e-27
1.374125769835421706e-26
8.278394659022618344e-26
4.149664311586888549e-25
1.733401358467963166e-24
6.037266488699673983e-24
1.751880380761872550e-23
4.224772527436483970e-23
8.427110166889616935e-23
1.380071385030234036e-22
1.836328688888962406e-22
1.959525113402643359e-22
1.654872184354357032e-22
1.102879179908142236e-22
6.046949051711603626e-23
3.147594572271556061e-23
1.798677719368661040e-23
9.865172895922587512e-24
3.904162262918272422e-24
7.940712375766233640e-25
-0.000000000000000000e+00
6.780349232538363180e-25
3.409204668803316099e-24
8.447180706912123325e-24
1.527482192029804733e-23
2.807958395803301513e-23
5.798806921774324514e-23
1.099815869724376793e-22
1.670330932685567836e-22
1.978623969099146684e-22
1.847175857813688717e-22
1.381279427514513069e-22
8.392459503039502319e-23
4.188662856162209314e-23
1.730431176047412847e-23
5.945656833339724638e-24
1.703242189867736210e-24
4.070722882269474658e-25
8.111415068551266851e-26
1.345326109519063383e-26
1.852524105727172563e-27
2.110512250813207707e-28
1.979680391790087033e-29
1.518195343087106387e-30
9.415550148640619127e-32
4.636717999247077465e-33
1.752891101878704717e-34
4.733763506229788880e-36
7.493157061327256317e-38
2.367954914329644540e-40
3.754802032858648649e-40
1.193002084357820178e-37
7.539694387653357844e-36
2.791920712792401863e-34
7.383917350625922153e-33
1.498984506334740679e-31
2.416061042927300340e-30
3.148922447424857972e-29
3.355097537411434694e-28
2.943085410471702336e-27
2.135828507657825218e-26
1.286811186127246597e-25
6.452680385257867736e-25
2.697399320309846263e-24
9.405623771136412036e-24
2.733690184001663966e-23
6.606264413663755358e-23
1.321223349441571353e-22
2.170925686692101564e-22
2.901241647250804220e-22
3.114757555671039041e-22
2.654877273314230933e-22
1.795768321449951718e-22
1.006658737549243116e-22
5.347007075312099834e-23
3.049601651057738153e-23
1.644836935846992729e-23
6.418789420888813949e-24
1.294880030595966106e-24
-0.000000000000000000e+00
1.111173045162654353e-24
5.631697733310721111e-24
1.418845197998975014e-23
2.617177491696781849e-23
4.805801679328135933e-23
9.671729211452026171e-23
1.790864800800716315e-22
2.679168509311841654e-22
3.144439689682592790e-22
2.917574795864926455e-22
2.172028491920409117e-22
1.315188716558299363e-22
6.546370779287927466e-23
2.698728504472781636e-23
9.257887840544484745e-24
2.649153853948155942e-24
6.327229121639927515e-25
1.260419124349169877e-25
2.090506143868404494e-26
2.879268427991780400e-27
3.281333469047709018e-28
3.079061886943593696e-29
2.362129987492218691e-30
1.465380252207195166e-31
7.217873664505042591e-33
2.729000179020586090e-34
7.369528190741164801e-36
1.166061206137894714e-37
3.670319009847894345e-40
5.701848081817309579e-40
1.819472278281350604e-37
1.150431445522732677e-35
4.260374992504582964e-34
1.126705473412314126e-32
2.287011789206263999e-31
3.685632174011725464e-30
4.802893835816418079e-29
5.116984167303526616e-28
4.488972348937484299e-27
3.258791323916655868e-26
1.964751607389323994e-25
9.863507198715806614e-25
4.130049708215298373e-24
1.443255303781974345e-23
4.205992648580471528e-23
1.019637337926430418e-22
2.046676863355964071e-22
3.377259583684119289e-22
4.536818828326976659e-22
4.903937319816031077e-22
4.221049843227580365e-22
2.898345692778376095e-22
1.659700836086460449e-22
8.978733463148590546e-23
5.109800367048597815e-23
2.713398732649225615e-23
1.044920398734917735e-23
2.091663929843671313e-24
-0.000000000000000000e+00
1.802463876768968207e-24
9.206955545399318479e-24
2.356562746709803132e-23
4.428171614452748449e-23
8.129594333089704350e-23
1.598563980396313526e-22
2.892247035915786887e-22
4.260776856006159511e-22
4.951320665110204490e-22
4.562313231354040905e-22
3.378397070531933097e-22
2.036670466393240225e-22
1.009945828996265061e-22
4.150060639119092441e-23
1.419822496676004808e-23
4.054100090444160107e-24
9.667352669052295123e-25
1.923730418662725362e-25
3.188696960897734266e-26
4.390661237354596026e-27
5.003678653122311340e-28
4.695800997380631873e-29
3.603069106351649131e-30
2.235611250850748457e-31
1.101321878187586988e-32
4.164225318047387134e-34
1.124438416817528864e-35
1.778349115329680343e-37
5.573532306687104926e-40
8.492517299118931786e-40
2.722579331595207077e-37
1.722360779274225568e-35
6.379292457315216137e-34
1.687118433228778373e-32
3.424501442566451699e-31
5.518763230854538012e-30
7.192323893838072698e-29
7.664634294862305151e-28
6.727600952484672537e-27
4.888639396598051010e-26
2.951855141892365754e-25
1.485092117547642910e-24
6.235982962423897489e-24
2.186734205472816246e-23
6.398204620474652712e-23
1.557968681248079239e-22
3.142303842433723314e-22
5.212463973023971738e-22
7.044199748485405286e-22
7.670776165819201528e-22
6.669509301281047376e-22
4.647139348497788419e-22
2.713725873593711241e-22
1.491263281261849593e-22
8.464291315017143621e-23
4.431396190152502941e-23
1.686025283088854996e-23
3.351470291252051244e-24
-0.000000000000000000e+00
2.897182880499718871e-24
1.490858112980712378e-23
3.871745058569588219e-23
7.399821913857782971e-23
1.359900523565291601e-22
2.621759551268079720e-22
4.643194592276848535e-22
6.737460658968117005e-22
7.749040177443537717e-22
7.085965170303713369e-22
5.214595071457682140e-22
3.126476372835315166e-22
1.542650910379241694e-22
6.310240007041122030e-23
2.150112922558769351e-23
6.118105422611921044e-24
1.454860163385882202e-24
2.889046072642696937e-25
4.781929391411300264e-26
6.578630855809443710e-27
7.493550469202887877e-28
7.031029968456489415e-29
5.394628391274995863e-30
3.347308168852009325e-31
1.649026319965552237e-32
6.235083251971309805e-34
1.683394770738939646e-35
2.660981278575581289e-37
8.301341008386336845e-40
1.241746185163153110e-39
4.000592940998323575e-37
2.532346816140296952e-35
9.381243005609178331e-34
2.481317340859438840e-32
5.037145775198782677e-31
8.119209068511883873e-30
1.058524605171386450e-28
1.128786889881846161e-27
9.918957411652438524e-27
7.220207759213770336e-26
4.370690954641038725e-25
2.206378741850672925e-24
9.304199500647426461e-24
3.279003123967386842e-23
9.647438353741230735e-23
2.362994024145194036e-22
4.794927176049930998e-22
8.003770522838494290e-22
1.088938135221596370e-21
1.195095856849156109e-21
1.049559048583781290e-21
7.413819244942350425e-22
4.403790168839894126e-22
2.450019888581179221e-22
1.385757471092434581e-22
7.163236886141493529e-23
2.696694729139627822e-23
5.328661092519435877e-24
-0.000000000000000000e+00
4.614886998909116431e-24
2.390849364165497956e-23
6.289858762275521312e-23
1.220824818914384847e-22
2.249474037856893578e-22
4.269756221353160763e-22
7.421493251195031742e-22
1.061626810502731900e-21
1.208452141441322286e-21
1.096111076805297061e-21
8.009807791051944197e-22
4.771039090755930240e-22
2.339310980816521476e-22
9.511206971368388999e-23
3.222512088595979930e-23
9.123512960393023989e-24
2.160374799442526803e-24
4.275809563827241889e-25
7.060072355827021876e-26
9.696636846534901882e-27
1.103364004305630358e-27
1.034631486573417446e-28
7.935723608505563802e-30
4.923213203565698246e-31
2.425151547140918513e-32
9.168761105870046106e-34
2.474968403056837960e-35
3.909969838151040492e-37
1.213780605116537010e-39
1.783632275862017311e-39
5.776583284663935332e-37
3.658923625236356343e-35
1.355847192953470470e-33
3.586960588118415822e-32
7.283605838113714034e-31
1.174520403296750341e-29
1.532339660154777000e-28
1.635942039344202694e-27
1.440146332235139662e-26
1.051117493814146015e-25
6.386568862065615451e-25
3.239704351718689714e-24
1.374282934571176356e-23
4.876143780624897968e-23
1.445114750423849828e-22
3.565941692856498643e-22
7.289117800188681694e-22
1.225497604250919706e-21
1.679541633724449666e-21
1.858016012423663060e-21
1.647429405246166787e-21
1.177938117836226000e-21
7.094424189522779231e-22
3.980231143346763395e-22
2.240433804275240095e-22
1.144944717222066957e-22
4.271827008652172703e-23
8.401481507479948372e-24
-0.000000000000000000e+00
7.278552460412084889e-24
3.793305501512092637e-23
1.009211935995140784e-22
1.986701625257187197e-22
3.678018864951270728e-22
6.906051299076834231e-22
1.182055087459331384e-21
1.669352280140267733e-21
1.881358765335532331e-21
1.692286567805529601e-21
1.227186187294125063e-21
7.254760867451598694e-22
3.530054941482691778e-22
1.424298410269574564e-22
4.789975841948113198e-23
1.346884010077357371e-23
3.170482034587825649e-24
6.244963054145822996e-25
1.027400332371546136e-25
1.407433479204602821e-26
1.598726623502324393e-27
1.497497151840175846e-28
1.147835564559548043e-29
7.118216817320367930e-31
3.505530903433641514e-32
1.325068922641037607e-33
3.575871934720542250e-35
5.645543271116244255e-37
1.743438483179679298e-39
2.518203972187957061e-39
8.200688916255122620e-37
5.198110372645334477e-35
1.926895557431651469e-33
5.099404979087236706e-32
1.035939684183774384e-30
1.671666276781020483e-29
2.183347247005194693e-28
2.334994530300448028e-27
2.060906130845183549e-26
1.509853852603724743e-25
9.220849279276916697e-25
4.708069877302768787e-24
2.012786191912902349e-23
7.203977456375428136e-23
2.154482412723206342e-22
5.364287361575992803e-22
1.105890553064533862e-21
1.874190980019585542e-21
2.588293975189796146e-21
2.885833924458794705e-21
2.581207587921532373e-21
1.864453434213144454e-21
1.134323607566475754e-21
6.389255288457495479e-22
3.572268096861664197e-22
1.806418796066499930e-22
6.690402816263940960e-23
1.311416837402456943e-23
-0.000000000000000000e+00
1.134579991721953337e-23
5.943062580286926414e-23
1.596379232376538732e-22
3.184754675905652667e-22
5.939913492480648601e-22
1.108998244192998226e-21
1.876448033915447405e-21
2.621304248739973828e-21
2.927108378390472939e-21
2.611303723621304153e-21
1.878414778524222945e-21
1.101196954220323603e-21
5.310861237019559964e-22
2.123030334811363882e-22
7.073767377723416735e-23
1.971618705912979923e-23
4.604928985876349453e-24
9.011795577847099863e-25
1.475148328005076323e-25
2.013402934745172107e-26
2.281283916582510337e-27
2.133292506111826731e-28
1.633456845051349503e-29
1.012311895037741750e-30
4.983254568925817851e-32
1.883042116231137939e-33
5.079881326021445132e-35
8.014352148239600781e-37
2.461412212479043227e-39
3.496040546563947874e-39
1.145093754173023076e-36
7.264058483358741382e-35
2.693926796043838274e-33
7.132638643435058334e-32
1.449932059211247361e-30
2.342044006331561188e-29
3.063667570542391661e-28
3.284255940705922674e-27
2.908968630446907361e-26
2.141804636979094547e-25
1.316772216085786146e-24
6.779783243264465363e-24
2.927026795428533727e-23
1.058877742927824001e-22
3.201456127756447752e-22
8.054700841124954044e-22
1.676463407110111318e-21
2.865506052341608872e-21
3.988026392537753302e-21
4.479449543508041261e-21
4.037103561397313434e-21
2.938973314424668129e-21
1.798911739961617060e-21
1.012362084152653910e-21
5.607279037365421219e-22
2.806660854209695678e-22
1.033359254757011052e-22
2.021580936820435938e-23
-0.000000000000000000e+00
1.743251700925878884e-23
9.169975567165847175e-23
2.483379247392327970e-22
5.020300616256606798e-22
9.465247823085537890e-22
1.766808001738130602e-21
2.967548515907660797e-21
4.110010255301953457e-21
4.552442907965008141e-21
4.029565331105625872e-21
2.875037281066806829e-21
1.670408298439856446e-21
7.976303242885413896e-22
3.154347056951126019e-22
1.039347365913829792e-22
2.865642709501621387e-23
6.627411520519446540e-24
1.286210116922277773e-24
2.091582077057319390e-25
2.840838541804086870e-26
3.207778245626745205e-27
2.992784769614172296e-28
2.288148523363346059e-29
1.416695949491632981e-30
6.969564302991763282e-32
2.632438633769450150e-33
7.098457902289156743e-35
1.119025765785997034e-36
3.417118538611891249e-39
4.774280513049865514e-39
1.573186664795621309e-36
9.988324517749845168e-35
3.706247982142933944e-33
9.818953768619233606e-32
1.997751500477189833e-30
3.231220129488946073e-29
4.235477809142726454e-28
4.554525090907295859e-27
4.052405917890623147e-26
3.002629734597295179e-25
1.861477532993086368e-24
9.683710549433822222e-24
4.230621245905861517e-23
1.549979024679760863e-22
4.745645664460659280e-22
1.208048617411365132e-21
2.540486422154581827e-21
4.380843428113331646e-21
6.143109755689962461e-21
6.946321906824104827e-21
6.299161528043349802e-21
4.610014499139966162e-21
2.826955657396708781e-21
1.581235287633514162e-21
8.646266008728830654e-22
4.282012252193357254e-22
1.569038638982705459e-22
3.067763195603779469e-23
-0.000000000000000000e+00
2.630999198829287088e-23
1.388792218094554769e-22
3.788039901334089683e-22
7.765993161938442470e-22
1.486380618032327862e-21
2.789679474717593726e-21
4.670999176416137402e-21
6.429858139659054717e-21
7.074307365360405202e-21
6.217255899052943253e-21
4.400636822530752000e-21
2.533181700711594232e-21
1.196661661297542501e-21
4.675503691422010668e-22
1.520846795352538748e-22
4.139661131138432365e-23
9.460276134912779560e-24
1.817192607776273020e-24
2.930701444589490669e-25
3.955833717549484549e-26
4.447029657604322678e-27
4.136484468875944762e-28
3.156300688561647603e-29
1.951700946891806872e-30
9.593513047526321544e-32
3.621377816450942855e-33
9.760025272465958778e-35
1.537296725674371456e-36
4.666373148786202981e-39
6.414990997846020986e-39
2.127010158445766963e-36
1.351722973965242930e-34
5.018908222107369164e-33
1.330682472118354368e-31
2.710402807880647010e-30
4.391313335001762371e-29
5.771040925929409479e-28
6.229880390851992609e-27
5.574293598642313442e-26
4.162451876490085559e-25
2.606720038351233952e-24
1.372830976888480168e-23
6.081451435408975202e-23
2.260642162088438285e-22
7.019646130153002518e-22
1.809827401037784527e-21
3.847578690322952018e-21
6.693916619315968134e-21
9.453595597079445171e-21
1.075121183493243774e-20
9.794406997864429181e-21
7.187057067971573099e-21
4.396861795168130947e-21
2.431001287467378388e-21
1.306533390510099965e-21
6.393671158290636041e-22
2.333438503707725160e-22
4.565792587984830779e-23
-0.000000000000000000e+00
3.884519994645182186e-23
2.056413436827165852e-22
5.646246081187099568e-22
1.176158766058217549e-21
2.297063014092613043e-21
4.359946159289552922e-21
7.308017630468316282e-21
1.002434263172749559e-20
1.097245635884664530e-20
9.583599351408104183e-21
6.732359861435526629e-21
3.839473456930727178e-21
1.793370234309921555e-21
6.915524445559595360e-22
2.217349421805199599e-22
5.947339429509011831e-23
1.340280387708733162e-23
2.543071440783777846e-24
4.060437151062920214e-25
5.438935498574847604e-26
6.080664705526120446e-27
5.634644772903273951e-28
4.288644671520996874e-29
2.647535753079422723e-30
1.299986815754690208e-31
4.903561874777082488e-33
1.320737512898819398e-34
2.078369519036564738e-36
6.269792605843004567e-39
8.482381733247916770e-39
2.830597809047015400e-36
1.800673739878442481e-34
6.690882316848483637e-33
1.775642188705981352e-31
3.621671677554309959e-30
5.879945803475234599e-29
7.751873187574350792e-28
8.407699619793036120e-27
7.573983802350820946e-26
5.708191791234092513e-25
3.617462982840354410e-24
1.932428911297096975e-23
8.696357282687799597e-23
3.285252212909174597e-22
1.035846064047409890e-21
2.706936585373374947e-21
5.819320231988851680e-21
1.021285517400394495e-20
1.451725529936189155e-20
1.658672698232748454e-20
1.515409334010219639e-20
1.112009989577060562e-20
6.759071150396156656e-21
3.672860884740906463e-21
1.929645547263421939e-21
9.308711795289247467e-22
3.384931392296672830e-22
6.637167762641403871e-23
-0.000000000000000000e+00
5.584402775821757065e-23
2.963784652732204160e-22
8.192180056891885270e-22
1.739545999424897181e-21
3.488394502930070160e-21
6.735466303518336286e-21
1.134741383058655996e-20
1.555036841645111229e-20
1.696269272824902039e-20
1.474046722266919852e-20
1.028351140667414597e-20
5.811287030671804778e-21
2.683122373877303239e-21
1.020392151600281337e-21
3.221055980091817908e-22
8.499426999468879791e-23
1.885287061185494786e-23
3.526682139208842428e-24
5.564852123131008826e-25
7.386316133756562090e-26
8.203082801290996681e-27
7.566415890703645025e-28
5.741212061660270400e-29
3.537092514684693278e-30
1.734470376320827762e-31
6.536494337672856776e-33
1.759264738555925392e-34
2.765695760870879167e-36
8.290066782176095298e-39
1.103848254256385565e-38
3.708010837678079513e-36
2.361424232249052524e-34
8.782133463628614744e-33
2.333219343616706651e-31
4.766724249189069921e-30
7.758254209448034463e-29
1.026671783692096700e-27
1.119748679691133335e-26
1.016748716758674105e-25
7.745492622264563074e-25
4.975825399725875016e-24
2.700986892089449272e-23
1.236859424007225172e-22
4.754893060237264987e-22
1.523754290840616903e-21
4.038132585590008309e-21
8.779435384124606713e-21
1.553816851314395383e-20
2.221509040516149445e-20
2.546921560454781454e-20
2.329414465795570918e-20
1.704830247769017292e-20
1.025438039960294551e-20
5.444099045189495310e-21
2.777594995742417838e-21
1.316124460864903782e-21
4.767931058085954232e-22
9.381785937255095007e-23
-0.000000000000000000e+00
7.775766214392892197e-23
4.136732501734660932e-22
1.152010786127837082e-21
2.505750876964931335e-21
5.198064579242279353e-21
1.027030610600917544e-20
1.745796500627581061e-20
2.396326873027916479e-20
2.609674318718906311e-20
2.259011222798017156e-20
1.566211374769312041e-20
8.772714155091745123e-21
4.003400707019624003e-21
1.500762972158549686e-21
4.659796744665023829e-22
1.208043148360759074e-22
2.633092409143767158e-23
4.847305248230748468e-24
7.545921815882140018e-25
9.910062907387879231e-26
1.092025301717949403e-26
1.001783273321772815e-27
7.573375697565203695e-29
4.654571973283298134e-30
2.278813108545381952e-31
8.578604150799382822e-33
2.306929544144302270e-34
3.622742967637950505e-36
1.078772997534255976e-38
1.413635059269993016e-38
4.781295465996108319e-36
3.048645802327672885e-34
1.134932064557551548e-32
3.019194989251983908e-31
6.179996040607547698e-30
1.008773404817671218e-28
1.340795383551944879e-27
1.471798684471808939e-26
1.348635793830782881e-25
1.039966002903165227e-24
6.783395857954338843e-24
3.747628918108998286e-23
1.748717963732019559e-22
6.848286455354827980e-22
2.232002399104087398e-21
6.000474410716197254e-21
1.319380171010918982e-20
2.354089249838943982e-20
3.382701450932297539e-20
3.886646671414644510e-20
3.551752059420330093e-20
2.585605719780088012e-20
1.532985570157886189e-20
7.903102187259159892e-21
3.884940005615667856e-21
1.798946514893206358e-21
6.489004407996958182e-22
1.283339226027067254e-22
-0.000000000000000000e+00
1.042376014516072557e-22
5.559687608749878494e-22
1.562485013529611007e-21
3.505455395871601710e-21
7.588865330331259796e-21
1.543454882856389256e-20
2.657045936639995059e-20
3.662641033852712766e-20
3.989610703602746820e-20
3.444408241844862211e-20
2.374974112884185170e-20
1.318959636179506621e-20
5.949107261068972807e-21
2.197652338713837272e-21
6.707467294535061085e-22
1.706692088851913796e-22
3.650390993357078420e-23
6.602804183333475796e-24
1.012433599050531300e-24
1.313700076269099507e-25
1.434684096878218348e-26
1.307827857020537771e-27
9.844754574044215327e-29
6.033416494768673277e-30
2.948361986703652152e-31
1.108504800825978771e-32
2.978024390034764575e-34
4.670997766054163251e-36
1.381451930424857853e-38
1.780797200465027614e-38
6.067239145302043097e-36
3.874167668659326389e-34
1.443976815471102382e-32
3.847173717483206097e-31
7.892241233773507001e-30
1.292568326539890693e-28
1.726603604613145187e-27
1.909197275778752393e-26
1.767429458803316106e-25
1.381479883675311913e-24
9.162474736506844421e-24
5.158932297961445397e-23
2.455618502483950607e-22
9.803835167475602379e-22
3.251243400005099538e-21
8.868788214799526064e-21
1.972198022034896781e-20
3.546556775779446093e-20
5.118539209200326035e-20
5.886469837433848201e-20
5.364111134894484092e-20
3.873321962300796795e-20
2.254715407835354301e-20
1.121601403792630665e-20
5.262748792784245368e-21
2.365135493166965769e-21
8.485736958208038921e-22
1.690004899989103885e-22
-0.000000000000000000e+00
1.335936445069862783e-22
7.146967663817280562e-22
2.032562092984894401e-21
4.748609406257370544e-21
1.083920469352535280e-20
2.282930794538841309e-20
3.994822684550442880e-20
5.545037598818348069e-20
6.052906096216906361e-20
5.218163197695544833e-20
3.580525075585559748e-20
1.972034004713814358e-20
8.791410809502870958e-21
3.199656041616570215e-21
9.595370982381920875e-22
2.394547947391796531e-22
5.020495508284165336e-23
8.910690996008016547e-24
1.343853084725145051e-24
1.720529077997697591e-25
1.860107601604643448e-26
1.683503819792140648e-27
1.261075837224165301e-28
7.703426705100945996e-30
3.756322024105558057e-31
1.410181931500518657e-32
3.784055870318279274e-34
5.926796993549994246e-36
1.740155145401645376e-38
2.203850491777993438e-38
7.571490187783350545e-36
4.844172491888830800e-34
1.808276540966757751e-32
4.826506239653625924e-31
9.926542307966956147e-30
1.631895268169616778e-28
2.192150180424050347e-27
2.443798322691958397e-26
2.288047651103868028e-25
1.815005325885302146e-24
1.225527353295544772e-23
7.040009924499413165e-23
3.421051348777161340e-22
1.393150136521081618e-21
4.702601189749765752e-21
1.301870622305377253e-20
2.928129376054773188e-20
5.306220646405497944e-20
7.687412722326836438e-20
8.838292672978170153e-20
8.015089359691701301e-20
5.723717641559103614e-20
3.257838577776780867e-20
1.553267031029222381e-20
6.880334561133175797e-21
2.973658877333654447e-21
1.059633446862128335e-21
2.130276882704224294e-22
-0.000000000000000000e+00
1.623432420457823434e-22
8.717934911468028108e-22
2.519274677569996423e-21
6.209435045586697767e-21
1.512554170503583340e-20
3.319472111090276014e-20
5.926833551414213684e-20
8.307030573827021937e-20
9.104212666821329600e-20
7.845641156628033043e-20
5.359749296765842268e-20
2.927864654511874134e-20
1.289979307026437678e-20
4.624730894845684703e-21
1.362315631400614864e-21
3.332686576663804509e-22
6.844226267030892744e-23
1.190718131808816456e-23
1.764090242025974740e-24
2.225786806201936460e-25
2.379666995783926378e-26
2.136549701323423609e-27
1.591649157547373459e-28
9.686868908112023192e-30
4.711729215783112265e-31
1.765725651019292720e-32
4.731006820369084737e-34
7.395585617345855144e-36
2.153415948405639551e-38
2.670487328061606741e-38
9.276231923732778050e-36
5.954119100992789113e-34
2.227574378945487242e-32
5.959285046503364804e-31
1.229283421933623993e-29
2.029548441902545997e-28
2.743389003100418739e-27
3.085810850834828526e-26
2.924843175301438615e-25
2.357155808272002631e-24
1.621975930713613525e-23
9.513550253081829247e-23
4.722264941318376342e-22
1.962222716880729136e-21
6.743701442855011262e-21
1.895213257250532277e-20
4.312278712081098465e-20
7.874893093229148408e-20
1.144776839437304996e-19
1.314401293279653354e-19
1.183915671406962955e-19
8.336359584021643360e-20
4.619440583817596591e-20
2.095571862672657885e-20
8.648757203366630260e-21
3.552479392062630713e-21
1.255124682507299069e-21
2.554764926779415169e-22
-0.000000000000000000e+00
1.852962030932936426e-22
9.998548468676540401e-22
2.952694262881518987e-21
7.814436492245406522e-21
2.060225730121873127e-20
4.742140401880136091e-20
8.672971273515058929e-20
1.230771333711544259e-19
1.356572698112414279e-19
1.169576219728695994e-19
7.956850002526159355e-20
4.310706205658403603e-20
1.876595992750520138e-20
6.625687477142596391e-21
1.916703139248408082e-21
4.595095136096292412e-22
9.238780070056166466e-23
1.574298066144946100e-23
2.288987265575213747e-24
2.843157211186203366e-25
3.003092847034292788e-26
2.672636127703253866e-27
1.978851783304815034e-28
1.199314127262797593e-29
5.816521848029042164e-31
2.174855931716985019e-32
5.814381315028129698e-34
9.059883533017362099e-36
2.609191205052707172e-38
3.142850120856351397e-38
1.111257761431486892e-35
7.178482292841343400e-34
2.695951465023313548e-32
7.235547271059389045e-31
1.497989615546038122e-29
2.485252767006332726e-28
3.382642055093734534e-27
3.842053134770888211e-26
3.689889294063764270e-25
3.023835452742191170e-24
2.122044598414660747e-23
1.271547708988865108e-22
6.449217402916962069e-22
2.735111785744861509e-21
9.573348366109625092e-21
2.732228180797255276e-20
6.291476861347591425e-20
1.158003080611791208e-19
1.688725942650082722e-19
1.934653949164753701e-19
1.727939957442230563e-19
1.196573210988824753e-19
6.428753529389276301e-20
2.753279019358785319e-20
1.042685129804222406e-20
4.013745970540810855e-21
1.404880238344789903e-21
2.903872525860239076e-22
-0.000000000000000000e+00
1.973429392368145952e-22
1.070964421469920611e-21
3.252586728427870306e-21
9.452529514683981317e-21
2.741152003357329141e-20
6.661930642982592384e-20
1.252388142884123493e-19
1.803240825953876583e-19
2.001353323448044358e-19
1.727210180862441701e-19
1.170217372357502815e-19
6.285636246614674361e-20
2.702651159484184206e-20
9.394130570618685926e-21
2.668150020359932833e-21
6.267447260666668898e-22
1.233329695142951150e-22
2.057418670032852691e-23
2.933615147976617376e-24
3.584050492018511391e-25
3.736782210892301075e-26
3.293879251346500741e-27
2.422341004550281657e-28
1.461098142464631801e-29
7.060866860359858106e-31
2.631764204581155419e-32
7.009193260818018841e-34
1.085233927055118779e-35
3.070478288456987131e-38
3.524584550586620766e-38
1.290042476098723161e-35
8.449571444733528650e-34
3.197095802311199785e-32
8.624929401402115468e-31
1.794266419723276660e-29
2.993928917588833752e-28
4.106429049903533619e-27
4.713476800085835703e-26
4.590453735613063704e-25
3.828006141523641004e-24
2.741198484002318475e-23
1.678545822882738123e-22
8.700636309039349534e-22
3.766848255004677368e-21
1.343264470446194444e-20
3.895239669805326779e-20
9.082242832384395154e-20
1.685418815836698007e-19
2.465248857232423728e-19
2.815929325237457985e-19
2.491069490093791785e-19
1.694283169587784199e-19
8.806560928130127851e-20
3.538258070229371206e-20
1.211789307065219265e-20
4.335293040521488324e-21
1.513405777286782192e-21
3.175681986518379830e-22
-0.000000000000000000e+00
2.011122452961132574e-22
1.094521780346359227e-21
3.405196618252600167e-21
1.106953740637420925e-20
3.584059425526207991e-20
9.240764458410571844e-20
1.787762681126051648e-19
2.613081994407159733e-19
2.921650678415577794e-19
2.524572875149423646e-19
1.703148892048655025e-19
9.065819302239743851e-20
3.847816514351889603e-20
1.316062421559765536e-20
3.668884607137094066e-21
8.443039928809066118e-22
1.625944648408044259e-22
2.654628077771886942e-23
3.710110802805253235e-24
4.455161917368791245e-25
4.581405016727952683e-26
3.996738899370063905e-27
2.917091179015876845e-28
1.749612795071974907e-29
8.415031513915893832e-31
3.120500457737030159e-32
8.249301109572205488e-34
1.259702693387980340e-35
3.443140909573334124e-38
3.595141500489299323e-38
1.422911015318626422e-35
9.616494614886684433e-34
3.695489959783701828e-32
1.006197395857874686e-30
2.108138570296325234e-29
3.543034868320529192e-28
4.902314217949326781e-27
5.691652867385261682e-26
5.625377964602327677e-25
4.776356037611757289e-24
3.491293251613471964e-23
2.185001729654389509e-22
1.157559538637965486e-21
5.116991557325527969e-21
1.859889208819446688e-20
5.483703880787347532e-20
1.295586081703537157e-19
2.425037735752184687e-19
3.557010346356268098e-19
4.047757148529632017e-19
3.544650191205060168e-19
2.371141487048738098e-19
1.197183839547113151e-19
4.526075609670020689e-20
1.403750082472620116e-20
4.836085840967276995e-21
1.760017578723824400e-21
3.709472993271595042e-22
-0.000000000000000000e+00
2.355750647395569298e-22
1.249932826482671157e-21
3.712689066519001069e-21
1.302050914299442941e-20
4.696074869683935821e-20
1.277922842079064455e-19
2.530628055734692490e-19
3.745173530838644072e-19
4.216388185200254127e-19
3.648100570536201230e-19
2.450076378395202970e-19
1.291643912863127827e-19
5.407409586130333634e-20
1.818745333319473097e-20
4.974788057868285334e-21
1.121438878948815567e-21
2.113493011624155785e-22
3.376875471742602412e-23
4.624467174242748025e-24
5.454984789558089390e-25
5.528514394640121816e-26
4.768968764250588915e-27
3.450815190343183598e-28
2.055105392329697767e-29
9.815074640433575894e-31
3.606382532086075724e-32
9.387378345308489799e-34
1.389298296123440960e-35
3.511761959314514446e-38
2.897574983290389025e-38
1.425232732896376689e-35
1.037528271669994453e-33
4.121660469525174622e-32
1.142219980836007208e-30
2.420896127894118646e-29
4.108591140808237598e-28
5.744397058643419867e-27
6.753888773379567884e-26
6.780065906013424847e-25
5.864587523883631181e-24
4.376692067648322194e-23
2.799569838802180582e-22
1.515862248286137820e-21
6.843318391750699451e-21
2.536658525091976309e-20
7.610663406099051269e-20
1.823578366068756831e-19
3.444397666444598527e-19
5.064182172937402081e-19
5.733936596499144596e-19
4.968551125405138880e-19
3.286099949523672912e-19
1.639898545593231988e-19
6.022460986670522522e-20
1.791376481382875904e-20
6.847336954665316492e-21
2.877632935011772930e-21
5.972868887906999283e-22
-0.000000000000000000e+00
4.527259829232663467e-22
2.240592655864789215e-21
5.408772681013296346e-21
1.708682759601287648e-20
6.453007029416120261e-20
1.792256746750516123e-19
3.564879163872685904e-19
5.303931235714579984e-19
6.005231939568329096e-19
5.203699317272666777e-19
3.478651114363463225e-19
1.815026744532535412e-19
7.488188905976687068e-20
2.474845851934908885e-20
6.639041151886621391e-21
1.465863967862224497e-21
2.703754850353189805e-22
4.227780825232686971e-23
5.672013390074070732e-24
6.568998136447871574e-25
6.555844715833203211e-26
5.585259344249822236e-27
4.000111286537766951e-28
2.359322770380098802e-29
1.113955026640698671e-30
4.021620345052979295e-32
1.012676822335482635e-33
1.391412146165253387e-35
2.830114044077115018e-38
5.847007166130765144e-39
1.140267919120123923e-35
1.017181208034660771e-33
4.351800728638520738e-32
1.248937878061717660e-30
2.700697713896448860e-29
4.649937001150657056e-28
6.587483204180631927e-27
7.856992300662670208e-26
8.020061944616614113e-25
7.071246443525039042e-24
5.388975356377599995e-23
3.523031864131710335e-22
1.949638805689962582e-21
8.990750383752291731e-21
3.400771593537150860e-20
1.039252481420836996e-19
2.527919044483022806e-19
4.820512484089562766e-19
7.098798353463219208e-19
7.979681592088836000e-19
6.834285330862365417e-19
4.511693763252189909e-19
2.311884783992957639e-19
8.975819289760174640e-20
2.940272106488174403e-20
1.392104207386486553e-20
6.627327496785517561e-21
1.217640425082842882e-21
-0.000000000000000000e+00
1.082143622579668730e-21
5.768307893795997409e-21
1.192610764691463996e-20
2.933403084264938730e-20
9.988837417845797747e-20
2.607044400484553463e-19
5.010983145960396621e-19
7.404308317293622148e-19
8.419422789358017495e-19
7.311719656422505594e-19
4.865429915455764886e-19
2.510635956542380637e-19
1.019733740420123307e-19
3.308857048224084674e-20
8.701222016324986238e-21
1.881504928905302974e-21
3.396810434718311491e-22
5.198584808762430240e-23
6.831521309724944025e-24
7.763518008654592695e-25
7.621318843241217641e-26
6.401613300573482829e-27
4.525384671385486953e-28
2.631241414971460135e-29
1.217766914567198623e-30
4.245466179019751076e-32
9.926848818628760289e-34
1.113084189496657172e-35
5.710331055131765644e-39
-4.721074900271442124e-38
3.121970089636231447e-36
8.109728349054142882e-34
4.188405171411055837e-32
1.292436538027703747e-30
2.898362629356678380e-29
5.104656303965776168e-28
7.361317830686246577e-27
8.930880908537693643e-26
9.284161821318402238e-25
8.350747556924273226e-24
6.500605156063986801e-23
4.343339847330073621e-22
2.456544424436439355e-21
1.157446943542834668e-20
4.470329230611464837e-20
1.392832382939986992e-19
3.443088066712300326e-19
6.631816622101731003e-19
9.771283874715440513e-19
1.086951778799724428e-18
9.181961163504061633e-19
6.142254087322420734e-19
3.444651838987236509e-19
1.613117828809083765e-19
6.754571730457703333e-20
3.622803158260450794e-20
1.462713625959841492e-20
4.195982508079251795e-23
0.000000000000000000e+00
3.980021016578995928e-23
1.367143954212937721e-20
3.397752956411327593e-20
7.081271468198002273e-20
1.853361385262857476e-19
4.031126473057896411e-19
7.050707707708840849e-19
1.015859954990503748e-18
1.158332885022342760e-18
1.009335005692885742e-18
6.686907705555381597e-19
3.409965885341148484e-19
1.362094448941186532e-19
4.335575200468296943e-20
1.117097953265428693e-20
2.365422973475230983e-21
4.180340168750397216e-22
6.262144508815634184e-23
8.058582122905617337e-24
8.979132404122111783e-25
8.656931312009413431e-26
7.149799702040916114e-27
4.965946347537007268e-28
2.822989192489312420e-29
1.259901699921435007e-30
4.085371802233720350e-32
7.913356260950263869e-34
3.047194573926150541e-36
-4.610261112187918452e-38
-1.491757613814387599e-37
-1.414532545282825085e-35
2.946984281020332293e-34
3.359301027849495243e-32
1.226290328865392185e-30
2.946907668743154508e-29
5.387635445910452663e-28
7.968800244839720005e-27
9.875563318580590401e-26
1.047998767346401923e-24
9.627836066901206823e-24
7.659071593367559855e-23
5.230452884556715576e-22
3.023477260648208968e-21
1.455804164443154542e-20
5.744349102973235836e-20
1.826538963483964190e-19
4.593685195625801648e-19
8.942164194940416392e-19
1.316771569892568763e-18
1.444554844784711298e-18
1.203035398373874800e-18
8.399177207476161597e-19
5.654973492629583764e-19
3.588507784515733074e-19
2.046673439024984672e-19
1.039683069300715124e-19
-1.318658075237557381e-20
-4.875174868999699831e-20
0.000000000000000000e+00
-4.770855622203657014e-20
-1.294755640085902755e-20
1.042144856208546375e-19
2.199559209426948748e-19
4.163783569245431327e-19
6.835646657007193079e-19
1.005345036968486384e-18
1.369376746128432066e-18
1.559263317617013241e-18
1.364510292204731680e-18
9.001537274281361816e-19
4.532860714871401302e-19
1.778926382341556119e-19
5.550401027422481673e-20
1.400728946921088294e-20
2.904302231773019179e-21
5.024796782386894806e-22
7.367456964218169048e-23
9.280416743171645175e-24
1.012655191840479683e-24
9.565921404651776872e-26
7.735688747895593822e-27
5.239140710566512016e-28
2.869419957940213665e-29
1.195155145282674183e-30
3.276105713714018823e-32
2.875234071211040597e-34
-1.380493478256569647e-35
-1.456594942290281033e-37
-3.205552105340821538e-37
-4.430951251077396258e-35
-6.687661344612128611e-34
1.562622966626439092e-32
9.986390704630700714e-31
2.770633485503860751e-29
5.400885427818489046e-28
8.294959558134895224e-27
1.056785292709012914e-25
1.148757865623598782e-24
1.079798732393452221e-23
8.784849657572069587e-23
6.133136124077229208e-22
3.623500028231075070e-21
1.783157572033964661e-20
7.191052379478424124e-20
2.335289677234267748e-19
5.981305702453696737e-19
1.177537300950693740e-18
1.731907050821810554e-18
1.870501892297260849e-18
1.548921250211918088e-18
1.199379777096609247e-18
1.058037269831114582e-18
8.941512010758234335e-19
5.875156685678368986e-19
-1.238607912775621754e-20
-9.555742540993904181e-19
-8.082310585783664759e-19
-0.000000000000000000e+00
-8.105875099834006649e-19
-9.660839218881985247e-19
-1.286169842600765473e-20
6.397292616897723254e-19
1.034422073794903869e-18
1.297505364518021416e-18
1.496948629840857900e-18
1.826018356169116965e-18
2.050042793441439722e-18
1.799912767312520428e-18
1.182048629324080286e-18
5.873688139977681396e-19
2.263092405168406139e-19
6.918293642403717736e-20
1.709837381481164410e-20
3.471657552092201370e-21
5.880537172381362636e-22
8.437901445439590037e-23
1.039643880654465245e-23
1.109021482437158226e-24
1.022937105194783153e-25
8.048027055240978078e-27
5.249935058117477307e-28
2.696982749949500972e-29
9.730683220911842281e-31
1.523664850222496504e-32
-6.523952046778625318e-34
-4.323827819716660755e-35
-3.129670434826801649e-37
-5.744338891750489737e-37
-9.000785712845342072e-35
-2.174220877135230651e-33
-1.417545806042036993e-32
5.706029862151979285e-31
2.309282017422914383e-29
5.060742710749881947e-28
8.233881412250970107e-27
1.088506602248847678e-25
1.217784903950189133e-24
1.173977207726689793e-23
9.778016178399628281e-23
6.981202095999078332e-22
4.215586464219489502e-21
2.120096437601009038e-20
8.738753873653048795e-20
2.899500977044458456e-19
7.568896945652252958e-19
1.508261689673898259e-18
2.216680735229438975e-18
2.362563735677388660e-18
1.996879219839416166e-18
1.859656604269142554e-18
2.091225933119381094e-18
1.891559896567422630e-18
5.030222479213373212e-19
-4.145953539132209898e-18
-1.106603606791236245e-17
-7.685444344347189100e-18
-0.000000000000000000e+00
-7.960727874968752565e-18
-1.155332319565572334e-17
-4.455066081481255626e-18
5.628900385542965532e-19
2.209339583485147518e-18
2.568545282562694534e-18
2.381729965194454414e-18
2.441099843600981637e-18
2.630828611700188382e-18
2.306949502193735254e-18
1.506913458758078783e-18
7.385199867077989220e-19
2.792877067569688478e-19
8.365754708202510240e-20
2.025300769087577093e-20
4.027820975745224492e-21
6.680216581739878245e-22
9.377806652847484758e-23
1.129031251811609138e-23
1.174619978388193114e-24
1.052919208327416262e-25
7.984583268221809641e-27
4.917366811167231533e-28
2.247238126383827454e-29
5.558705860120093242e-31
-1.381972521927347016e-32
-2.120712853025797828e-33
-8.782179444305991868e-35
-5.607777975791382995e-37
-9.029915992327187452e-37
-1.500935439364555230e-34
-4.188445416706549463e-33
-5.530575624732631063e-32
-5.466543061487573926e-32
1.556759354335043585e-29
4.342581033619339684e-28
7.734743790246983743e-27
1.074805272422269193e-25
1.244930076321271805e-24
1.234317102905616196e-23
1.053750374615662303e-22
7.696595370902925029e-22
4.749671365309523559e-21
2.440328412051730143e-20
1.027660591835666062e-19
3.482887965795474803e-19
9.268461005239654766e-19
1.871143456355315881e-18
2.753091107596602446e-18
2.918862024929000303e-18
2.625655967418770155e-18
3.024666090689636568e-18
3.625365676823411369e-18
2.132213261403048122e-18
-5.339401248586320465e-18
-2.910447907057017819e-17
-5.790434353658468525e-17
-3.601124457555271457e-17
-0.000000000000000000e+00
-3.870430630322172147e-17
-6.287824986120185171e-17
-3.254062806183965937e-17
-6.176312554373004496e-18
2.534690522459925476e-18
4.449888884557278231e-18
3.886712287476253324e-18
3.297991816931536247e-18
3.292313544894803808e-18
2.859057552806641363e-18
1.854990151918156760e-18
8.966698087179500808e-19
3.330337255890412078e-19
9.782866623708290995e-20
2.321737649549449390e-20
4.525011961910431540e-21
7.349606542187001497e-22
1.009105052824758316e-22
1.185723104516374016e-23
1.199761693068750578e-24
1.038969218432397506e-25
7.496722522949271426e-27
4.217930658971357141e-28
1.514499994915084553e-29
-5.324259325884121368e-32
-5.390898188438623321e-32
-4.084829230889225536e-33
-1.464317496278084868e-34
-8.814337285058016176e-37
-1.264700763244955634e-36
-2.171758100245583770e-34
-6.465512660484976927e-33
-1.027880547964840663e-31
-8.024584954841552450e-31
6.014709203322836136e-30
3.329056741448007259e-28
6.853925263279779152e-27
1.017297606561439769e-25
1.227560100864354111e-24
1.254963640251436695e-23
1.099139867036629867e-22
8.213438382362329867e-22
5.177903225512511546e-21
2.715812305792849791e-20
1.167197549357636179e-19
4.035873548483811636e-19
1.094096271116622486e-18
2.239012142667523199e-18
3.308400518653507233e-18
3.534008004539985198e-18
3.515520607206511622e-18
4.664576997235370965e-18
4.570117085701839723e-18
-1.889556119118503448e-18
-2.781140059302841320e-17
-9.421082604254847082e-17
-1.462901770022460244e-16
-7.820925595111158899e-17
-0.000000000000000000e+00
-9.237404937754915057e-17
-1.714667816040599942e-16
-1.094216457538501472e-16
-3.236348559113376213e-17
-2.240390213570531451e-18
5.559435040257347424e-18
5.912969457480355136e-18
4.451183561045093861e-18
4.003578068071866748e-18
3.406498189570631952e-18
2.192611604006309829e-18
1.046645477355845951e-18
3.825483776626330190e-19
1.104154073746339793e-19
2.572594180651466638e-20
4.918221505650252930e-21
7.826804533207831579e-22
1.051002866308066505e-22
1.204226000876205137e-23
1.182026176044911308e-24
9.827416975723150125e-26
6.639723754670293997e-27
3.232295826241612800e-28
5.849811020076216111e-30
-7.814091619235716067e-31
-1.001760682353666243e-31
-6.304758654597326984e-33
-2.118543396389462311e-34
-1.234382067565892605e-36
-1.581510813155982493e-36
-2.769463543726763839e-34
-8.522176627055856582e-33
-1.466105478397673186e-31
-1.516293359924490226e-30
-3.577775081185548226e-30
2.232309961851297444e-28
5.783381465129842158e-27
9.304670954005819006e-26
1.174142782460207621e-24
1.238682987816227281e-23
1.112678369736174962e-22
8.500352787292379192e-22
5.468929854947663173e-21
2.924420694695734405e-20
1.280339640635201859e-19
4.505758320138724234e-19
1.241411659165634275e-18
2.573403341028495716e-18
3.831615172197355582e-18
4.185322296545722271e-18
4.687212609721146494e-18
6.337136777777052932e-18
3.246975165876652188e-18
-1.300866624973526848e-17
-7.558767807076842396e-17
-2.061152844072643820e-16
-2.556567177475049575e-16
-1.026864064429276607e-16
-0.000000000000000000e+00
-1.278730154032213654e-16
-2.625349171897174391e-16
-2.126906124695921968e-16
-8.186916539433097190e-17
-1.472815842400865092e-17
3.830191829332029226e-18
7.808369174706313456e-18
5.849297337016484233e-18
4.695754492410456236e-18
3.873918476139241838e-18
2.474245848472134672e-18
1.170456333425811343e-18
4.227131183315891114e-19
1.202813371289005791e-19
2.757493063719146184e-20
5.178751345189838458e-21
8.083332514552619322e-22
1.062390049044677621e-22
1.187331195636083984e-23
1.129675479795705236e-24
8.983028029247293741e-26
5.599983478500988843e-27
2.166653453089768069e-28
-3.478759834325305829e-30
-1.476223675262737303e-30
-1.428629969479419594e-31
-8.309264671985242581e-33
-2.701319703699553863e-34
-1.543444425387991498e-36
-1.754789213725143711e-36
-3.109921574945970964e-34
-9.731844978375968865e-33
-1.736459493462281826e-31
-1.987280625472552248e-30
-1.047866573442039546e-29
1.357439788191282084e-28
4.820369529310555749e-27
8.397299080514188528e-26
1.103541967303797396e-24
1.197193206701469296e-23
1.099926039861550636e-22
8.571582885335219363e-22
5.617252397054576353e-21
3.056156675103584254e-20
1.359346640708589203e-19
4.849423906210998484e-19
1.350986043714314983e-18
2.824829026149421943e-18
4.240493303532082260e-18
4.801947258288157363e-18
6.090093334817143043e-18
7.639918330231037918e-18
-7.620975723118039195e-20
-2.781252146444855043e-17
-1.400312366038602768e-16
-3.456359927729230588e-16
-3.753947900658040624e-16
-9.530840938796710329e-17
-0.000000000000000000e+00
-1.230091002731099961e-16
-2.991033221863357520e-16
-3.009750371885410675e-16
-1.365578950043673595e-16
-2.864337118697101692e-17
-8.398496842307113250e-20
9.004832902222770132e-18
7.355412837237828438e-18
5.246167369215099825e-18
4.155888966622015848e-18
2.646118131262561359e-18
1.250664255604087266e-18
4.495759084152600242e-19
1.267467980841631389e-19
2.867991598287316444e-20
5.302800728059321033e-21
8.134306986834013439e-22
1.048720123321911371e-22
1.146383172872315817e-23
1.060931323752917744e-24
8.102254187527376189e-26
4.665415708385255838e-27
1.317069139570243416e-28
-1.018608815002141788e-29
-1.934396224031771895e-30
-1.691825860720155927e-31
-9.487600466105583513e-33
-3.033097334763542838e-34
-1.712388891648621512e-36
-1.700591274818624959e-36
-3.033113139729844696e-34
-9.545616000647197229e-33
-1.722642751722320190e-31
-2.027149823281492510e-30
-1.216273995217389887e-29
9.970148646583624286e-29
4.264661133234329872e-27
7.725289315429872171e-26
1.038135047854966217e-24
1.146469812383968503e-23
1.070542993648962992e-22
8.473819901477702668e-22
5.638677324799984871e-21
3.112631025267615810e-20
1.401562033639360562e-19
5.038793976700932835e-19
1.405546675429819927e-18
2.925737327314824503e-18
4.376647027209413890e-18
5.168498648348005553e-18
7.566306341308007379e-18
8.866376164665819472e-18
-1.912814920572538214e-18
-3.672454034505712562e-17
-1.794700333100331229e-16
-3.662071006547712340e-16
-2.661166259070853587e-16
-5.209401334998402173e-17
-0.000000000000000000e+00
-1.218661149499332225e-16
-2.782616607820063511e-16
-3.316002994388150999e-16
-1.620420318199053827e-16
-3.309336435678170434e-17
-1.885718491981723987e-18
9.940536891831989747e-18
8.816417541033516985e-18
5.422616445042646463e-18
4.089285928289941566e-18
2.643772137159819844e-18
1.271967201798548591e-18
4.608645154251517420e-19
1.296408031903670369e-19
2.906818517633414729e-20
5.306761609489391306e-21
8.025456016973573962e-22
1.019313572073490300e-22
1.096744562450124870e-23
9.973278746432224747e-25
7.449750425409304855e-26
4.125837410990064763e-27
9.670566587509163449e-29
-1.182033207138001508e-29
-1.972851572585526688e-30
-1.678133506050812207e-31
-9.305020753386769883e-33
-2.957907923040981607e-34
-1.659350279550736301e-36
-1.391387635680624332e-36
-2.482101566248995141e-34
-7.762172795473727116e-33
-1.380216636297127738e-31
-1.559691112307421162e-30
-7.527066710941155181e-30
1.291144639557288339e-28
4.275260200781406731e-27
7.450313631054404480e-26
9.925248760545136967e-25
1.098013146881297574e-23
1.032196594397078262e-22
8.248434299185130006e-22
5.549868058551225795e-21
3.097660227735938798e-20
1.405962772176223676e-19
5.051623320969058368e-19
1.385793925707733893e-18
2.772594316934212539e-18
3.908451191081968819e-18
4.656104146228628221e-18
8.177550204516796566e-18
9.207491043720448890e-18
8.896134016531373704e-19
-3.363797147588999186e-17
-1.528796153675967588e-16
-2.163455117692165626e-16
-1.400592867443841162e-16
-5.964461095323104698e-17
-0.000000000000000000e+00
-1.085270073874201016e-16
-2.251550336564255670e-16
-2.200911418124575389e-16
-1.428056530286625964e-16
-2.923267991116376095e-17
8.270811938671984009e-19
1.049824617810552616e-17
9.601280790922462655e-18
4.688766002337614110e-18
3.381117382726629728e-18
2.378566180441019979e-18
1.218905526239259691e-18
4.550747236787754489e-19
1.289645898123965997e-19
2.878820807581000017e-20
5.207659408321115348e-21
7.797067566447126255e-22
9.815377050173562450e-23
1.049434940229221571e-23
9.528707377523147553e-25
7.180925360327935550e-26
4.134487095660764541e-27
1.251981384848209578e-28
-7.313554614454793495e-30
-1.517662479655269379e-30
-1.344383536858108278e-31
-7.565756162805615255e-33
-2.420347074578448686e-34
-1.357530059639826459e-36
-8.815245659759063494e-37
-1.553093785850103650e-34
-4.700801816906375426e-33
-7.736089132010593794e-32
-6.815240920273707180e-31
2.275452587661864835e-30
2.127473256083008382e-28
4.762328817806521360e-27
7.514267870476709636e-26
9.637766783010836705e-25
1.050682834449041990e-23
9.843697614497692320e-23
7.889464204559698630e-22
5.343179812990658802e-21
3.004253697961069490e-20
1.367696773932676834e-19
4.855527577121435976e-19
1.268040614664325274e-18
2.219453108646814808e-18
2.257697646414631273e-18
1.906856759319403367e-18
4.115027137086694244e-18
-3.735918146864092831e-18
4.204432590222852256e-18
-1.403489817063565526e-17
-8.118782515729452925e-17
-9.008297545305929345e-17
-8.481350932968518033e-17
-6.317801613586120492e-17
0.000000000000000000e+00
-6.148406444464320257e-17
-1.760056781112041180e-16
-1.536772149906188148e-16
-9.388569260912240886e-17
-1.519735147722764748e-17
7.104304592416278527e-18
1.711342749967951778e-18
6.931346302065218416e-18
1.977716998903501890e-18
1.556276747642312133e-18
1.732989984830438806e-18
1.073686628343127897e-18
4.299942165558821007e-19
1.243834801247695781e-19
2.778802796098736077e-20
4.999532882547518331e-21
7.444377963288226805e-22
9.349413341624148819e-23
1.003359841198278783e-23
9.247042603997406136e-25
7.239212900230649472e-26
4.603893432766619766e-27
2.062392060309647911e-28
2.210464355499116370e-30
-6.630590216400708546e-31
-7.534368889994237172e-32
-4.581424018468191714e-33
-1.514332064527038809e-34
-8.600067320149884316e-37
-2.971980951797731279e-37
-4.792277420546332159e-35
-1.148822151273355979e-33
-6.581912477055921323e-33
3.525778516590470299e-31
1.399508125859025323e-29
3.153680551509126485e-28
5.392238655020473786e-27
7.635217796842291330e-26
9.302350506836444450e-25
9.890874815190637723e-24
9.167289802314035325e-23
7.330136245111720627e-22
4.977355156092133715e-21
2.809380963367644005e-20
1.276133556754980469e-19
4.409818850379279882e-19
1.033460619317179979e-18
1.144006984536451066e-18
-1.158253679263920840e-18
-4.420438218437032113e-18
-1.172034548663040164e-17
-7.320283568722981612e-17
-3.673008184179817429e-17
5.660331025951724770e-17
1.075350103149952266e-17
-1.361261136168548230e-17
-2.157064229212580213e-17
-2.339183711179560898e-17
0.000000000000000000e+00
-8.832479368729648625e-18
-4.688201006921536953e-17
-3.960165901220158985e-17
1.604290443419173308e-17
7.877088708860205798e-17
-1.651448238160682579e-18
-5.028773447005270480e-17
-4.927977785246287497e-18
-3.729730284029955438e-18
-1.837421246367816274e-18
6.192874187313538571e-19
8.249355784297326979e-19
3.829600730658483611e-19
1.150601217229182870e-19
2.586852378840529993e-20
4.645000252283514065e-21
6.905244792489823205e-22
8.697536870771045945e-23
9.438278743372833420e-24
8.920326277258765371e-25
7.352693471896975462e-26
5.211206432477885543e-27
3.056478611327086906e-28
1.359293886171219851e-29
3.429788114588847022e-31
-6.409620265751896622e-33
-1.119554110506158316e-33
-4.672338752944434097e-35
-2.899231442717367070e-37
2.098178862239510270e-37
4.550162094450714976e-35
1.928868902752237664e-33
5.422383195574399467e-32
1.225866319489203671e-30
2.353986284472521202e-29
3.918082226822226970e-28
5.727001088514072564e-27
7.432519558717765729e-26
8.618429493012543178e-25
8.914644241078498115e-24
8.146931257084215895e-23
6.479039440076818125e-22
4.398889092779734246e-21
2.485400165254642835e-20
1.120773652668114510e-19
3.701759082983000443e-19
6.951033893158622832e-19
-3.770036471500543842e-19
-6.124183482519501483e-18
-1.279291891210568868e-17
-3.940750372335357453e-17
-2.492596479533275926e-16
-3.183927805350085475e-16
1.290382123521856336e-16
1.838762106797193456e-16
9.740240027731157610e-18
-1.919157847370650270e-17
1.136394906028921933e-17
-0.000000000000000000e+00
-1.718470314706350905e-17
3.397463738836649645e-18
1.240957568392902239e-16
2.808613729667123393e-16
2.632778948000443645e-16
-1.903802363807867100e-16
-1.950172803538770692e-16
-2.814439245350012947e-17
-1.130696711117191705e-17
-6.573993487113665845e-18
-8.668828689347427506e-19
4.922204757195155521e-19
3.141743408216556235e-19
1.001989523895356446e-19
2.279016130871405597e-20
4.095433101681393305e-21
6.094542458059504597e-22
7.722053371060511651e-23
8.501090833511305050e-24
8.260524914059311711e-25
7.154913800164118675e-26
5.533211572904390524e-27
3.796531252460544913e-28
2.285988101270121032e-29
1.192350907923627313e-30
5.279963029075701285e-32
1.879590734933063876e-33
4.436005334033876677e-35
2.046691921559877655e-37
5.228625307042795467e-37
1.028573768073894014e-34
3.781803568101682642e-33
8.943103210221491014e-32
1.692266546131947930e-30
2.773988531190616202e-29
4.072958525539385608e-28
5.433786079568809724e-27
6.624286632530542086e-26
7.373988699918180199e-25
7.437196849213192438e-24
6.700191466065244081e-23
5.293296374224798738e-22
3.587587952090278742e-21
2.024899647071298198e-20
9.027618935578314391e-20
2.794927351597914576e-19
3.230275685597044847e-19
-1.903961409896055068e-18
-1.086560860659536588e-17
-1.751163911057891282e-17
-6.002130680733040068e-17
-4.736884266473099913e-16
-1.021794559533843110e-15
-3.569690431880276544e-17
6.256952906538110251e-16
-1.855648436493510046e-16
-3.562919529997741596e-16
-5.883954046643812678e-17
-0.000000000000000000e+00
-1.885490936238102277e-16
-3.547180488495253341e-16
-4.702889837702126811e-17
7.771733500063720764e-16
2.175225031116004091e-16
-8.238644667879129358e-16
-4.103477882243324343e-16
-5.113201340143854204e-17
-1.635539753808717720e-17
-1.108554413360013799e-17
-2.302494986564247415e-18
1.473008366531043722e-19
2.307604109174599040e-19
8.005710018313842640e-20
1.849883925971810083e-20
3.333218040007168411e-21
4.972886178289129928e-22
6.345552494972049875e-23
7.088187642154239236e-24
7.064886935705874393e-25
6.374923376213439042e-26
5.248701197851568121e-27
3.945909647265957656e-28
2.693501646242551638e-29
1.645835084155044799e-30
8.707539251273841612e-32
3.684959224822277937e-33
1.002715184790846642e-34
5.100051663573419971e-37
6.034084815218375166e-37
1.166729570532513945e-34
4.158683889304406140e-33
9.391692833600469675e-32
1.674245636883723718e-30
2.566632803865424791e-29
3.529366296002489153e-28
4.448226251685071435e-27
5.185616496433079379e-26
5.588046408905822867e-25
5.513754989520025413e-24
4.900795414567862741e-23
3.844498529817690027e-22
2.598425397848638947e-21
1.463115358351655189e-20
6.434194399494550735e-20
1.837067148052239598e-19
2.837723786589709884e-20
-2.751572311420907804e-18
-1.267537423366405443e-17
-1.392392359066720160e-17
-5.159190985345720331e-17
-5.617733375710595509e-16
-1.604604781318875652e-15
-4.283292211615207619e-16
1.349421341888000033e-15
-4.462361595071178631e-16
-1.348266202938774897e-15
-4.373383265853494827e-16
-0.000000000000000000e+00
-7.344272879680769091e-16
-1.837044399397886891e-15
-8.872180458773036564e-16
1.235548672249697169e-15
-4.198835026820753995e-16
-1.542822842825098427e-15
-5.467547786570666508e-16
-5.413940479692936049e-17
-1.459462707539030740e-17
-1.287821374815279937e-17
-3.040968675703422182e-18
-1.037480449711677106e-19
1.467579910932622656e-19
5.663847523103101795e-20
1.332469649738955597e-20
2.410071577228773356e-21
3.608043011069841725e-22
4.638284233162700665e-23
5.252598276123071168e-24
5.352040124965735121e-25
4.989177890837948148e-26
4.295905385626836540e-27
3.418787744962615312e-28
2.491895307729437817e-29
1.628176681387066544e-30
9.143741456837185102e-32
4.051985139995677126e-33
1.137348757003488890e-34
5.885451756500842605e-37
4.948926450672549980e-37
9.502005266229985527e-35
3.339829731857056138e-33
7.377931282657429284e-32
1.275114641980835110e-30
1.880922741660565253e-29
2.479777996586019843e-28
3.000435068057386793e-27
3.375825020039467415e-26
3.536635834337814037e-25
3.418262122453419121e-24
2.996494674847880299e-23
2.331557591667552629e-22
1.569492167561575232e-21
8.809014262494255457e-21
3.822597246564002096e-20
1.001396236859145627e-19
-1.042512774256502216e-19
-2.475859886598172182e-18
-1.008625191643142100e-17
-3.830735312305761258e-18
-1.623338702188438243e-17
-4.095421694213133815e-16
-1.356595715677660289e-15
-7.312424764437002335e-16
2.927898533316784980e-15
1.722173710471511491e-15
-2.271777439085165971e-15
-1.511021268150649138e-15
-0.000000000000000000e+00
-2.086817194934642054e-15
-3.716956073815488542e-15
7.530072052131369963e-16
1.978010751903716836e-15
-1.317054595615431743e-15
-1.542522697969234754e-15
-4.592557116953635282e-16
-2.927599512507588543e-17
-6.191959976245038633e-18
-1.039417356636985350e-17
-2.661555016352408031e-18
-1.863061196542435276e-19
7.710682380934921408e-20
3.344036616276539211e-20
8.002691086211852422e-21
1.453809265278024054e-21
2.186419207621925770e-22
2.834536186532090234e-23
3.255222322882232254e-24
3.386421276003702080e-25
3.247336826957624716e-26
2.897279747775964178e-27
2.401825661370816749e-28
1.826004218139217758e-29
1.239952160588759088e-30
7.182805368511911658e-32
3.254016489597417021e-33
9.262421593787715667e-35
4.826865544518738335e-37
3.141066429357163138e-37
6.002108938678983806e-35
2.089420099413950086e-33
4.543843524446527129e-32
7.673464845474578753e-31
1.097717083201250381e-29
1.395568333575730950e-28
1.624889545349913737e-27
1.762444165150585132e-26
1.788666866665073923e-25
1.685536686291619161e-24
1.450377651186310473e-23
1.114809653366153540e-22
7.452345861728738224e-22
4.165223593071020060e-21
1.789149071056434750e-20
4.347644996082013179e-20
-9.749796009955634401e-20
-1.499223609533690840e-18
-5.346343323145526492e-18
5.130678896348564509e-18
1.808610725438940497e-17
-1.624955010339171922e-16
-6.007464379346983506e-16
2.825956362466639626e-17
6.807493040160902332e-15
7.333526538491214872e-15
-1.863846876227466262e-15
-2.938053962787962395e-15
0.000000000000000000e+00
-3.072579797835166056e-15
-2.853602879199995190e-15
5.701109455916178481e-15
4.995753459276304668e-15
-8.825802279325716746e-16
-8.868221154571280283e-16
-2.313186213612963241e-16
3.887112057864150162e-18
2.609828785475162726e-18
-5.654167997255324637e-18
-1.598613234485881831e-18
-1.376556846057706783e-19
3.227260486787790847e-20
1.557564553915262414e-20
3.777041408584348425e-21
6.896409913194602776e-22
1.044809604355613092e-22
1.371476810151604958e-23
1.604737644507252778e-24
1.712386218094079097e-25
1.695135163262701319e-26
1.568865452224903883e-27
1.351593736258896656e-28
1.065604122546127221e-29
7.461532252832396823e-31
4.423520645794789287e-32
2.035679038312414402e-33
5.850634077055139563e-35
3.063521561315982331e-37
1.150301493977593822e-37
2.192857337624436705e-35
7.596706851305463187e-34
1.638796216267246473e-32
2.733833652173584576e-31
3.845015450417027789e-30
4.785404088695688498e-29
5.439363939372476912e-28
5.756622270359773607e-27
5.710222781019918295e-26
5.277086047369617763e-25
4.472188799642265531e-24
3.400780529346679119e-23
2.258629013770340325e-22
1.258060169901561623e-21
5.378998675439889121e-21
1.258110999041651923e-20
-3.700070224921440772e-20
-5.055387107407306160e-19
-1.627828237132446999e-18
3.765405441147079564e-18
1.413825920002319951e-17
-3.026943526690522010e-17
-1.186640765816768093e-16
3.997212100791546917e-16
4.505680385830505079e-15
4.968483764684928894e-15
4.883744718358904154e-16
-2.517189341402723872e-16
0.000000000000000000e+00
2.118693818865009187e-16
-1.928561892643368546e-17
3.950749127816269634e-15
3.393856045279571331e-15
-8.698709200317790687e-17
-2.611389508109122605e-16
-6.291954981014044756e-17
7.851803320404860921e-18
2.666491329768025903e-18
-1.759463507332105299e-18
-5.384199299817610979e-19
-4.943769841240967077e-20
9.140691326646267549e-21
4.671344665280910236e-21
1.139796233111180520e-21
2.089169915929402547e-22
3.186360809152418943e-23
4.228152518528864103e-24
5.023516682458187578e-25
5.466231520333107671e-26
5.536418274259680833e-27
5.251566641211930016e-28
4.634444474692137551e-29
3.732428447021790145e-30
2.658272276610749404e-31
1.595374307037419477e-32
7.401218783362683368e-34
2.137492388494597633e-35
1.121890846569583841e-37
