-1.346245739647332567e-44
1.438876245797786330e-41
1.105733640887774825e-39
4.593468427911197749e-38
1.350789059974088968e-36
3.057244059158481732e-35
5.513585919608281170e-34
8.053530115807072054e-33
9.606089367380126305e-32
9.396953411731663804e-31
7.557096760886452265e-30
5.003950297620694028e-29
2.731307832864260093e-28
1.230272445053109250e-27
4.578130609103335936e-27
1.409037785668750456e-26
3.590599014190291036e-26
7.582084377488328889e-26
1.327303308219288039e-25
1.925715715548976931e-25
2.312516970837237674e-25
2.292111615724946666e-25
1.866072501018189182e-25
1.238145778832711870e-25
6.614980173344095407e-26
2.793422605536408144e-26
9.048903291911333308e-27
2.121496910162300337e-27
2.926269582680690994e-28
0.000000000000000000e+00
2.926269582682033998e-28
2.121496910164196238e-27
9.048903291906579386e-27
2.793422605535573588e-26
6.614980173345550999e-26
1.238145778832830797e-25
1.866072501018463311e-25
2.292111615724431010e-25
2.312516970836964004e-25
1.925715715548717037e-25
1.327303308219464593e-25
7.582084377485586451e-26
3.590599014191425778e-26
1.409037785668933266e-26
4.578130609105159731e-27
1.230272445052881455e-27
2.731307832865031368e-28
5.003950297620419374e-29
7.557096760886411628e-30
9.396953411732502831e-31
9.606089367379689494e-32
8.053530115805881498e-33
5.513585919613441958e-34
3.057244059158568330e-35
1.350789059973503465e-36
4.593468427909624890e-38
1.105733640886972376e-39
1.438876245802965536e-41
-1.346245739797220860e-44
-4.568867920912872008e-44
4.868469135490186895e-41
3.741983106768880724e-39
1.554781679315094246e-37
4.573110720146827376e-36
1.035313808190248765e-34
1.867741130235655021e-33
2.729175458470643558e-32
3.256672380256433586e-31
3.187225002726748859e-30
2.564424027369114792e-29
1.698878288442932725e-28
9.277552177718670158e-28
4.180907609730506086e-27
1.556509146871880394e-26
4.792518834492208748e-26
1.221705022031364088e-25
2.580628204808318682e-25
4.518802756357714061e-25
6.557553784230236511e-25
7.876137353878919793e-25
7.807784909413923502e-25
6.357300043170545507e-25
4.218517226340369199e-25
2.254007408287400810e-25
9.519211156792651744e-26
3.083915169175299343e-26
7.231031545314099657e-27
9.975254200736049290e-28
0.000000000000000000e+00
9.975254200735218825e-28
7.231031545315266255e-27
3.083915169175423895e-26
9.519211156792649449e-26
2.254007408287537186e-25
4.218517226340481239e-25
6.357300043170888053e-25
7.807784909413142900e-25
7.876137353877999602e-25
6.557553784229799375e-25
4.518802756358165891e-25
2.580628204807834709e-25
1.221705022031565437e-25
4.792518834493055930e-26
1.556509146872081572e-26
4.180907609730259995e-27
9.277552177719636942e-28
1.698878288442755825e-28
2.564424027369124881e-29
3.187225002726849753e-30
3.256672380256542625e-31
2.729175458470594294e-32
1.867741130236140481e-33
1.035313808190375133e-34
4.573110720146340933e-36
1.554781679314765788e-37
3.741983106767450377e-39
4.868469135501719351e-41
-4.568867921314044413e-44
-1.125268429007376379e-43
1.191970785346903132e-40
9.165211515825862347e-39
3.809529296014955676e-37
1.121021448824904676e-35
2.539344214006445184e-34
4.584183260550675922e-33
6.703764941367164967e-32
8.006537322188451901e-31
7.843324011633139788e-30
6.317089939732311536e-29
4.189286520961310327e-28
2.290126731792218101e-27
1.033070634634293121e-26
3.849623064603919686e-26
1.186321082608925658e-25
3.026463382402400446e-25
6.397067442917340781e-25
1.120781678420247372e-24
1.627195825074655689e-24
1.955123379544349292e-24
1.938742352854002936e-24
1.578961004028157469e-24
1.047965206602764152e-24
5.600405789080875110e-25
2.365585803479106400e-25
7.665126198693111110e-26
1.797658356065744421e-26
2.480372080678945264e-27
0.000000000000000000e+00
2.480372080678877464e-27
1.797658356065012607e-26
7.665126198692344283e-26
2.365585803479011351e-25
5.600405789080490319e-25
1.047965206602749826e-24
1.578961004028096306e-24
1.938742352853951508e-24
1.955123379544264436e-24
1.627195825074667812e-24
1.120781678420278780e-24
6.397067442917349046e-25
3.026463382402309988e-25
1.186321082609081319e-25
3.849623064603746921e-26
1.033070634634293695e-26
2.290126731792055596e-27
4.189286520960931865e-28
6.317089939731848547e-29
7.843324011633291129e-30
8.006537322188903819e-31
6.703764941367317140e-32
4.584183260549921219e-33
2.539344214006845457e-34
1.121021448825020273e-35
3.809529296015066763e-37
9.165211515824715199e-39
1.191970785348474303e-40
-1.125268429069594185e-43
-2.500419795152332076e-43
2.624991630563673366e-40
2.019525234402962113e-38
8.398593698118342433e-37
2.473038398736487676e-35
5.606422403603569119e-34
1.013074721190400294e-32
1.483129252449123026e-31
1.773553893529456907e-30
1.739751219373772605e-29
1.403217012209272029e-28
9.319336235997554781e-28
5.101989487062369615e-27
2.304757235085219383e-26
8.599881294826673225e-26
2.653424387613243277e-25
6.776610427064117042e-25
1.433734459461309670e-24
2.513954637061691670e-24
3.652298079179649494e-24
4.390743744113996941e-24
4.355892607632409476e-24
3.548840113312564774e-24
2.356104469488684201e-24
1.259461457592159471e-24
5.321297892877488897e-25
1.724713382874294171e-25
4.046041382414965737e-26
5.584069596010944363e-27
-0.000000000000000000e+00
5.584069596008413147e-27
4.046041382413705295e-26
1.724713382874199121e-25
5.321297892877371347e-25
1.259461457592055697e-24
2.356104469488723139e-24
3.548840113312535387e-24
4.355892607632399926e-24
4.390743744113955064e-24
3.652298079179659045e-24
2.513954637061565671e-24
1.433734459461336486e-24
6.776610427063746945e-25
2.653424387613280011e-25
8.599881294826103845e-26
2.304757235085098849e-26
5.101989487062318675e-27
9.319336235997156588e-28
1.403217012209126070e-28
1.739751219373814364e-29
1.773553893529571813e-30
1.483129252449137258e-31
1.013074721190318324e-32
5.606422403603709385e-34
2.473038398736783284e-35
8.398593698119683827e-37
2.019525234402982211e-38
2.624991630565874025e-40
-2.500419795228162056e-43
-5.057162834545696177e-43
5.246957464118555765e-40
4.039741690631700422e-38
1.681181672690511165e-36
4.954658833639745221e-35
1.124426760227944003e-33
2.034418130872461488e-32
2.982763971767550896e-31
3.572764784075275560e-30
3.511009978904114572e-29
2.837266788074508567e-28
1.888049697170977431e-27
1.035664644098479259e-26
4.687375098630529804e-26
1.752160761916830862e-25
5.415016622655294785e-25
1.384968374024811474e-24
2.933911548406273444e-24
5.149951260443130189e-24
7.488594895632153984e-24
9.009278955852816603e-24
8.943080175741376749e-24
7.289654384959724570e-24
4.841627666716348022e-24
2.589034110229845571e-24
1.094258876580724283e-24
3.547918386218331540e-25
8.326173017368556866e-26
1.149479945857738746e-26
0.000000000000000000e+00
1.149479945857599415e-26
8.326173017365691598e-26
3.547918386217559204e-25
1.094258876580592775e-24
2.589034110229679900e-24
4.841627666716339941e-24
7.289654384959530614e-24
8.943080175741492829e-24
9.009278955852928275e-24
7.488594895631999700e-24
5.149951260442935498e-24
2.933911548406215404e-24
1.384968374024837556e-24
5.415016622655133155e-25
1.752160761916632038e-25
4.687375098630200918e-26
1.035664644098523742e-26
1.888049697170968104e-27
2.837266788074412606e-28
3.511009978904052355e-29
3.572764784075506775e-30
2.982763971767525497e-31
2.034418130872482563e-32
1.124426760227941266e-33
4.954658833640246631e-35
1.681181672690787128e-36
4.039741690632330505e-38
5.246957464121171597e-40
-5.057162834599223269e-43
-9.634920930206784583e-43
9.853218777894275399e-40
7.593254907385258150e-38
3.162768106046545043e-36
9.331119344043206974e-35
2.120450905157813455e-33
3.842628926017916787e-32
5.644283253441650138e-31
6.774790732166868721e-30
6.672788615159616557e-29
5.405274452715724728e-28
3.605811926750135354e-27
1.982803158777270792e-26
8.995574879945572902e-26
3.370172771094627440e-25
1.043698084994793822e-24
2.674325571201740491e-24
5.674340345984138422e-24
9.973774195339827623e-24
1.451926639193572293e-23
1.748367439084443997e-23
1.736809904487816025e-23
1.416558076122792040e-23
9.413208772626585289e-24
5.035898175188035375e-24
2.129331830458960415e-24
6.906944934792242495e-25
1.621631291630006580e-25
2.239621902896273681e-26
0.000000000000000000e+00
2.239621902897464673e-26
1.621631291630091298e-25
6.906944934791553728e-25
2.129331830458718336e-24
5.035898175188152925e-24
9.413208772626601452e-24
1.416558076122788514e-23
1.736809904487819846e-23
1.748367439084496013e-23
1.451926639193532620e-23
9.973774195339643952e-24
5.674340345983956955e-24
2.674325571201862816e-24
1.043698084994782985e-24
3.370172771094294078e-25
8.995574879944879544e-26
1.982803158777375255e-26
3.605811926750288892e-27
5.405274452715954317e-28
6.672788615159303787e-29
6.774790732166951397e-30
5.644283253441527524e-31
3.842628926017809500e-32
2.120450905157785059e-33
9.331119344043361995e-35
3.162768106047115679e-36
7.593254907386389899e-38
9.853218777897275408e-40
-9.634920930142672192e-43
-1.758481748393927366e-42
1.768139573210779552e-39
1.364105391282219758e-37
5.687733383079855662e-36
1.680213634091075922e-34
3.824281889925350773e-33
6.943503271545796363e-32
1.022165573000559537e-30
1.229962982275940566e-29
1.214753033624505965e-28
9.868591282733021839e-28
6.602906675565006961e-27
3.641720343145471444e-26
1.656965562941705391e-25
6.224763966477208482e-25
1.932558651933839203e-24
4.962960107861548412e-24
1.055072422906572755e-23
1.857537395992498667e-23
2.707768345004438993e-23
3.264215639466499609e-23
3.245525579893876309e-23
2.648989596742022157e-23
1.761341920464743031e-23
9.427817976019488472e-24
3.988365012068050432e-24
1.294377374375234382e-24
3.040588798566487277e-25
4.201258375036953287e-26
-0.000000000000000000e+00
4.201258375037781528e-26
3.040588798567888227e-25
1.294377374375556908e-24
3.988365012068341367e-24
9.427817976020062995e-24
1.761341920464704240e-23
2.648989596742080931e-23
3.245525579893870431e-23
3.264215639466586595e-23
2.707768345004425475e-23
1.857537395992448415e-23
1.055072422906576575e-23
4.962960107861678451e-24
1.932558651933736715e-24
6.224763966476912772e-25
1.656965562941577969e-25
3.641720343145603457e-26
6.602906675565087317e-27
9.868591282733726748e-28
1.214753033624466953e-28
1.229962982275816270e-29
1.022165573000513119e-30
6.943503271545661707e-32
3.824281889925174926e-33
1.680213634091204643e-34
5.687733383080803826e-36
1.364105391282342538e-37
1.768139573210945947e-39
-1.758481748358390584e-42
-3.103610561497070510e-42
3.061252943627040626e-39
2.364766073006903057e-37
9.871971290572202963e-36
2.920643515822222981e-34
6.659900740031834402e-33
1.211885871803753025e-31
1.788657029218632919e-30
2.158561809169762498e-29
2.138687641482180072e-28
1.743367138560252208e-27
1.170550988904546120e-26
6.478671807193236396e-26
2.957843063594284291e-25
1.114766667963984167e-24
3.471178225906429157e-24
8.937751950668505848e-24
1.904411411685583145e-23
3.359334539514568354e-23
4.904768960754204964e-23
5.920340186870495091e-23
5.892548479403159720e-23
4.813502744787080087e-23
3.202761213582572213e-23
1.715355979897919540e-23
7.260843116264143400e-24
2.357810985064067864e-24
5.542044832873947683e-25
7.661605606460551120e-26
0.000000000000000000e+00
7.661605606462356835e-26
5.542044832872765760e-25
2.357810985063588850e-24
7.260843116263299983e-24
1.715355979897852537e-23
3.202761213582638041e-23
4.813502744787285211e-23
5.892548479403166773e-23
5.920340186870430439e-23
4.904768960754317224e-23
3.359334539514493710e-23
1.904411411685593137e-23
8.937751950668564623e-24
3.471178225906343934e-24
1.114766667963970759e-24
2.957843063594201639e-25
6.478671807193143412e-26
1.170550988904540667e-26
1.743367138560302789e-27
2.138687641482211461e-28
2.158561809169601910e-29
1.788657029218596485e-30
1.211885871803795502e-31
6.659900740031562079e-33
2.920643515822474435e-34
9.871971290573211932e-36
2.364766073006812852e-37
3.061252943627045194e-39
-3.103610561415179214e-42
-5.327620295202418878e-42
5.144175243360535308e-39
3.979572555378035373e-37
1.663594983150185977e-35
4.930158254228368337e-34
1.126589170519336856e-32
2.055230694065757304e-31
3.042348144415920881e-30
3.683804266662825879e-29
3.663284816698535972e-28
2.997832311647844729e-27
2.020979000511489086e-26
1.123095968163715872e-25
5.147776742093071639e-25
1.947369424298164615e-24
6.084534342822645830e-24
1.571457636408916702e-23
3.357234383994248250e-23
5.935274963245450677e-23
8.681644951107816261e-23
1.049476992301284608e-22
1.045785930703940950e-22
8.550903100105843386e-23
5.693944153094855996e-23
3.051666500340032143e-23
1.292554014490208382e-23
4.200069845011075686e-24
9.878971684118636849e-25
1.366514813437328620e-25
-0.000000000000000000e+00
1.366514813436969314e-25
9.878971684120616822e-25
4.200069845012149794e-24
1.292554014490328723e-23
3.051666500340003931e-23
5.693944153095033495e-23
8.550903100105958584e-23
1.045785930703924023e-22
1.049476992301270502e-22
8.681644951107808033e-23
5.935274963245286108e-23
3.357234383994289980e-23
1.571457636408920523e-23
6.084534342822654646e-24
1.947369424298199512e-24
5.147776742093460103e-25
1.123095968163649062e-25
2.020979000511471580e-26
2.997832311647797735e-27
3.663284816698514449e-28
3.683804266662767585e-29
3.042348144416017571e-30
2.055230694065861964e-31
1.126589170519365868e-32
4.930158254228402548e-34
1.663594983150288611e-35
3.979572555377627777e-37
5.144175243360381311e-39
-5.327620295056189609e-42
-8.927915783654586682e-42
8.423212980599395238e-39
6.526825979276787940e-37
2.732613214650706974e-35
8.113675523308978402e-34
1.858437952785396065e-32
3.399998836844815319e-31
5.049749181449061799e-30
6.137503759473085052e-29
6.128629896256388192e-28
5.037551289514923532e-27
3.411642418731538479e-26
1.904669933137140110e-25
8.769508163932501945e-25
3.331593893309689721e-24
1.045027889941461353e-23
2.708412775328999858e-23
5.803654736599392060e-23
1.028634320801967767e-22
1.507734413582876833e-22
1.825665148982083259e-22
1.821656844190488980e-22
1.491053813511441001e-22
9.937291138224115816e-23
5.329856723047325758e-23
2.259088433712673401e-23
7.346054810401290587e-24
1.729141352817697052e-24
2.393359985557358179e-25
-0.000000000000000000e+00
2.393359985556680433e-25
1.729141352817067060e-24
7.346054810399928483e-24
2.259088433712493550e-23
5.329856723047102414e-23
9.937291138223945369e-23
1.491053813511380581e-22
1.821656844190362262e-22
1.825665148982043762e-22
1.507734413582836866e-22
1.028634320801896179e-22
5.803654736599119346e-23
2.708412775328959892e-23
1.045027889941450333e-23
3.331593893309858698e-24
8.769508163933374382e-25
1.904669933137184650e-25
3.411642418731636628e-26
5.037551289514772147e-27
6.128629896256404335e-28
6.137503759473207245e-29
5.049749181449075812e-30
3.399998836844942749e-31
1.858437952785583543e-32
8.113675523308624315e-34
2.732613214650680246e-35
6.526825979276991739e-37
8.423212980597769132e-39
-8.927915783433799437e-42
-1.464208250053710311e-41
1.347630143225868621e-38
1.046087236105313505e-36
4.387090768966644865e-35
1.305353315318836026e-33
2.997730806719817398e-32
5.501640174694312280e-31
8.201339830127846589e-30
1.000980094568743581e-28
1.004158999302004849e-27
8.294797229981856889e-27
5.646525349653580405e-26
3.168746005072677416e-25
1.466367815983541634e-24
5.597643857329692533e-24
1.763589671861683651e-23
4.588723620644216161e-23
9.866296438631383319e-23
1.753687203672956245e-22
2.576487492240471749e-22
3.125596225000718301e-22
3.123309049402473483e-22
2.559430539506851941e-22
1.707356403363060128e-22
9.164776445524081205e-23
3.887497457992810196e-23
1.265111711670039682e-23
2.980237536820118742e-24
4.127846339545287287e-25
0.000000000000000000e+00
4.127846339545724424e-25
2.980237536820196986e-24
1.265111711669898769e-23
3.887497457992507506e-23
9.164776445523598076e-23
1.707356403362994300e-22
2.559430539506728279e-22
3.123309049402307503e-22
3.125596225000596520e-22
2.576487492240343385e-22
1.753687203672909930e-22
9.866296438630660390e-23
4.588723620643948148e-23
1.763589671861549644e-23
5.597643857329793919e-24
1.466367815983645040e-24
3.168746005072748129e-25
5.646525349653658465e-26
8.294797229981493851e-27
1.004158999301968797e-27
1.000980094568788198e-28
8.201339830128139460e-30
5.501640174694392854e-31
2.997730806720208229e-32
1.305353315318847145e-33
4.387090768966301682e-35
1.046087236105475041e-36
1.347630143225487282e-38
-1.464208250033012351e-41
-2.354185738954262155e-41
2.110788212472339857e-38
1.641652863467954260e-36
6.897443644458236045e-35
2.057004392354970892e-33
4.737400909986910000e-32
8.724484590478879819e-31
1.305844926244657939e-29
1.601161374325684393e-28
1.614458702267139676e-27
1.340937660568608603e-26
9.180429371954475354e-26
5.181736306375128848e-25
2.411499118393150021e-24
9.255123590634808861e-24
2.930357168348351533e-23
7.658208628315747378e-23
1.652876568672151740e-22
2.947275286243534425e-22
4.341313903330987667e-22
5.277381094448415948e-22
5.281981209737577118e-22
4.333792315962553415e-22
2.893904779794457462e-22
1.554730840795327279e-22
6.600177066001003044e-23
2.149682787215794300e-23
5.068322026528882929e-24
7.025058514106027482e-25
-0.000000000000000000e+00
7.025058514105031985e-25
5.068322026529954099e-24
2.149682787216007652e-23
6.600177066001396835e-23
1.554730840795251578e-22
2.893904779794330038e-22
4.333792315962455614e-22
5.281981209737506588e-22
5.277381094448196836e-22
4.341313903330792065e-22
2.947275286243578624e-22
1.652876568672079095e-22
7.658208628315451154e-23
2.930357168348269249e-23
9.255123590635068939e-24
2.411499118393315692e-24
5.181736306375396089e-25
9.180429371954699203e-26
1.340937660568545179e-26
1.614458702267055733e-27
1.601161374325720715e-28
1.305844926244754068e-29
8.724484590478774721e-31
4.737400909987402644e-32
2.057004392355069421e-33
6.897443644457852236e-35
1.641652863468148369e-36
2.110788212472117736e-38
-2.354185738956833533e-41
-3.715262700222015787e-41
3.241345030640381669e-38
2.526183335942759410e-36
1.063488938482820423e-34
3.179484949237216730e-33
7.345235677952397449e-32
1.357795374084144036e-30
2.041273475745000273e-29
2.515539275877409029e-28
2.550633847034444138e-27
2.131289341639595005e-26
1.468346727290480915e-25
8.340865637771357922e-25
3.906116836992139381e-24
1.508103727463740717e-23
4.801272016778439604e-23
1.260928740491406549e-22
2.732995919685500885e-22
4.890484038125680202e-22
7.224256784673691310e-22
8.801721957407153636e-22
8.824708666693873758e-22
7.250238174108351874e-22
4.846505893000171010e-22
2.606107255205922686e-22
1.107294881927663195e-22
3.609622252007683612e-23
8.518024394142624196e-24
1.181552603035539788e-24
0.000000000000000000e+00
1.181552603035407178e-24
8.518024394139988149e-24
3.609622252006702662e-23
1.107294881927554344e-22
2.606107255205723322e-22
4.846505892999961302e-22
7.250238174108447795e-22
8.824708666693990367e-22
8.801721957406818856e-22
7.224256784673627364e-22
4.890484038125687725e-22
2.732995919685381925e-22
1.260928740491352241e-22
4.801272016778229190e-23
1.508103727463817124e-23
3.906116836992336276e-24
8.340865637771427717e-25
1.468346727290432242e-25
2.131289341639509483e-26
2.550633847034383154e-27
2.515539275877282576e-28
2.041273475745099765e-29
1.357795374084115309e-30
7.345235677952776237e-32
3.179484949237452788e-33
1.063488938482791343e-34
2.526183335942798833e-36
3.241345030640679223e-38
-3.715262700273234329e-41
-5.759982569876664384e-41
4.885192260005370359e-38
3.815788338523374266e-36
1.609808410543361753e-34
4.825619050393752364e-33
1.118527607430217959e-31
2.076013602054790490e-30
3.135924278374630484e-29
3.885654289785883949e-28
3.963849765523297630e-27
3.333965702800423550e-26
2.312796226729036637e-25
1.323006758486878222e-24
6.238708893869456395e-24
2.424607703297675458e-23
7.766161806111163807e-23
2.050668359355893253e-22
4.465535799683025838e-22
8.021896516934655814e-22
1.188721490967649521e-21
1.451836860084998589e-21
1.458347777272254134e-21
1.199851448015891588e-21
8.029426252551241884e-22
4.321709349669636986e-22
1.837860041613643880e-22
5.996635946753720718e-23
1.416410157661737622e-23
1.966275467389712731e-24
-0.000000000000000000e+00
1.966275467389248044e-24
1.416410157661889849e-23
5.996635946754532985e-23
1.837860041613746618e-22
4.321709349669673661e-22
8.029426252550869487e-22
1.199851448015861119e-21
1.458347777272252629e-21
1.451836860084956647e-21
1.188721490967646512e-21
8.021896516934461152e-22
4.465535799682865030e-22
2.050668359355861279e-22
7.766161806111133244e-23
2.424607703297811816e-23
6.238708893869678270e-24
1.323006758486866099e-24
2.312796226729016893e-25
3.333965702800452823e-26
3.963849765523440406e-27
3.885654289785714447e-28
3.135924278374733059e-29
2.076013602054840937e-30
1.118527607430142858e-31
4.825619050394639807e-33
1.609808410543341868e-34
3.815788338522898514e-36
4.885192260006392483e-38
-5.759982569994173902e-41
-8.778055619790021381e-41
7.232191852015642965e-38
5.662288504375884526e-36
2.394204933086569544e-34
7.197311853248071664e-33
1.674194433808894773e-31
3.120805639215172696e-30
4.738282952606838148e-29
5.905660844461655989e-28
6.064124092342071672e-27
5.136896117466923943e-26
3.590296322102219376e-25
2.069556058822598445e-24
9.833212456890935186e-24
3.849334537487975400e-23
1.241244478639805558e-22
3.297173278201565777e-22
7.216990239880192492e-22
1.302019825881294331e-21
1.936016663429044609e-21
2.370816331342339528e-21
2.386195977456259790e-21
1.966148394485379400e-21
1.317251376753359935e-21
7.096714763837913628e-22
3.020730750145383156e-22
9.865496264252679579e-23
2.332487410246054091e-23
3.240606033884951986e-24
0.000000000000000000e+00
3.240606033885828464e-24
2.332487410245747875e-23
9.865496264251122049e-23
3.020730750145054958e-22
7.096714763837791376e-22
1.317251376753336049e-21
1.966148394485291755e-21
2.386195977456182678e-21
2.370816331342295894e-21
1.936016663429067931e-21
1.302019825881251637e-21
7.216990239879904731e-22
3.297173278201412022e-22
1.241244478639784164e-22
3.849334537487998322e-23
9.833212456891193795e-24
2.069556058822527915e-24
3.590296322102218916e-25
5.136896117467235610e-26
6.064124092342538025e-27
5.905660844461612941e-28
4.738282952606811243e-29
3.120805639215455058e-30
1.674194433808746542e-31
7.197311853248757261e-33
2.394204933086608459e-34
5.662288504374658395e-36
7.232191852015944695e-38
-8.778055619969681366e-41
-1.315540336620131472e-40
1.052354157015296723e-37
8.259541165470539412e-36
3.500733619534330295e-34
1.055527982889155745e-32
2.464565799945421139e-31
4.615267496754131242e-30
7.045577214743977843e-29
8.836704534359648625e-28
9.137887498930263569e-27
7.800235354486255093e-26
5.496145136425967613e-25
3.194590857166255655e-24
1.530443335078421803e-23
6.038755720567999064e-23
1.961589032637123519e-22
5.244982447723622104e-22
1.154556501973182016e-21
2.092730957151874276e-21
3.123398664620732586e-21
3.835817876242154126e-21
3.868866321944764197e-21
3.192729430363757116e-21
2.141502257941872031e-21
1.154861452526558030e-21
4.920294038533701180e-22
1.608506426904105171e-22
3.806759283931667956e-23
5.293250821597979078e-24
-0.000000000000000000e+00
5.293250821598829108e-24
3.806759283931946548e-23
1.608506426904031820e-22
4.920294038533634412e-22
1.154861452526531323e-21
2.141502257941839305e-21
3.192729430363684894e-21
3.868866321944638560e-21
3.835817876242160145e-21
3.123398664620750265e-21
2.092730957151836284e-21
1.154556501973160952e-21
5.244982447723636210e-22
1.961589032637078380e-22
6.038755720567682856e-23
1.530443335078412105e-23
3.194590857166116065e-24
5.496145136426014449e-25
7.800235354486663760e-26
9.137887498930969555e-27
8.836704534360082691e-28
7.045577214743676284e-29
4.615267496754291691e-30
2.464565799945526674e-31
1.055527982889073774e-32
3.500733619534553097e-34
8.259541165469803065e-36
1.052354157015068703e-37
-1.315540336641819545e-40
-1.939378690067987392e-40
1.505791301904428387e-37
1.184892795887470370e-35
5.034622706766701284e-34
1.522813966958665551e-32
3.569778510248685841e-31
6.717486389900321595e-30
1.031415698092684739e-28
1.302288296685231500e-27
1.356830462990396683e-26
1.167770343365239666e-25
8.300425296944777858e-25
4.868140833983065142e-24
2.353199089451437652e-23
9.365698672936499610e-23
3.066823674484704969e-22
8.259432290588382465e-22
1.829428291476279203e-21
3.333058042819568239e-21
4.994855637990333274e-21
6.153041761276579083e-21
6.219914931328656708e-21
5.141031366637575127e-21
3.452335226223700835e-21
1.863574319000931768e-21
7.947312378492688244e-22
2.600692130395022425e-22
6.161209793543322547e-23
8.574325566354976172e-24
-0.000000000000000000e+00
8.574325566353493580e-24
6.161209793543949085e-23
2.600692130395212385e-22
7.947312378493139634e-22
1.863574319000958475e-21
3.452335226223696321e-21
5.141031366637467545e-21
6.219914931328500979e-21
6.153041761276497833e-21
4.994855637990261051e-21
3.333058042819597203e-21
1.829428291476272433e-21
8.259432290588562080e-22
3.066823674484750578e-22
9.365698672936035289e-23
2.353199089451314813e-23
4.868140833983083509e-24
8.300425296944948672e-25
1.167770343365278696e-25
1.356830462990490815e-26
1.302288296685403154e-27
1.031415698092665458e-28
6.717486389900292168e-30
3.569778510249005512e-31
1.522813966958295521e-32
5.034622706766897145e-34
1.184892795887396334e-35
1.505791301903951883e-37
-1.939378690088580845e-40
-2.812888143350374120e-40
2.119506308693995874e-37
1.672296057810177215e-35
7.124147421796026752e-34
2.161947852621027989e-32
5.089169892657108061e-31
9.625634509708680760e-30
1.486961363208259364e-28
1.890780327809992863e-27
1.985756845151818566e-26
1.724121045110750680e-25
1.237021605692085101e-24
7.325690272760236293e-24
3.575683814661388131e-23
1.436544587813222959e-22
4.745411074540274992e-22
1.288115014556463151e-21
2.872570721027195673e-21
5.263042451829842359e-21
7.922066215468742427e-21
9.791338617271155880e-21
9.921015989081470613e-21
8.213408141381307260e-21
5.521893119295108919e-21
2.983587980397985024e-21
1.273586900821532070e-21
4.172017514149114506e-22
9.894170870903086059e-23
1.378114854850912325e-23
0.000000000000000000e+00
1.378114854851003425e-23
9.894170870901228778e-23
4.172017514148849315e-22
1.273586900821490504e-21
2.983587980397964336e-21
5.521893119295130737e-21
8.213408141381174852e-21
9.921015989081551863e-21
9.791338617271006922e-21
7.922066215468564880e-21
5.263042451829890507e-21
2.872570721027214481e-21
1.288115014556460142e-21
4.745411074540307906e-22
1.436544587813161833e-22
3.575683814661096020e-23
7.325690272760230415e-24
1.237021605692101815e-24
1.724121045110808765e-25
1.985756845151874815e-26
1.890780327810303526e-27
1.486961363208312277e-28
9.625634509708386487e-30
5.089169892657503928e-31
2.161947852620662338e-32
7.124147421796232021e-34
1.672296057810127502e-35
2.119506308693569067e-37
-2.812888143363860701e-40
-4.014368430902445303e-40
2.935530292344182239e-37
2.322568038290338359e-35
9.921174927170982542e-34
3.021107488972995461e-32
7.142547117811992430e-31
1.358169169033242938e-29
2.111528778899153627e-28
2.705007233286719182e-27
2.864960345668144759e-26
2.510774305303328388e-25
1.819531541920361493e-24
1.088800999717585366e-23
5.370409091993694738e-23
2.179665893037158680e-22
7.269251261921946882e-22
1.990247379693208117e-21
4.471507640328829124e-21
8.243061904054488312e-21
1.246758282264415771e-20
1.546431651940315664e-20
1.570780339552698917e-20
1.302547046607889979e-20
8.766963310834791243e-21
4.741409863834359084e-21
2.025892004048963180e-21
6.643483446777587536e-22
1.577239027030040322e-22
2.198766001915224772e-23
-0.000000000000000000e+00
2.198766001915198911e-23
1.577239027030203011e-22
6.643483446778065257e-22
2.025892004048918793e-21
4.741409863834357580e-21
8.766963310834872493e-21
1.302547046607890430e-20
1.570780339552685376e-20
1.546431651940274136e-20
1.246758282264376199e-20
8.243061904054392016e-21
4.471507640328810316e-21
1.990247379693143794e-21
7.269251261922211133e-22
2.179665893037133289e-22
5.370409091993259805e-23
1.088800999717591832e-23
1.819531541920411085e-24
2.510774305303416550e-25
2.864960345668208470e-26
2.705007233286869133e-27
2.111528778899266627e-28
1.358169169033209868e-29
7.142547117811934627e-31
3.021107488972759540e-32
9.921174927171745456e-34
2.322568038290265660e-35
2.935530292344180569e-37
-4.014368430897725877e-40
-5.637313087397159509e-40
4.001296788813070276e-37
3.174829832420825647e-35
1.359968261341919409e-33
4.156001958352843654e-32
9.870053444396989254e-31
1.887264802820024013e-29
2.953727904655156520e-28
3.813522769887909849e-27
4.075058639891895920e-26
3.606648752227253241e-25
2.641641796796181065e-24
1.598435449080442251e-23
7.973466643222990524e-23
3.272006673196656926e-22
1.102607375816498447e-21
3.047322060767461902e-21
6.902446864271876770e-21
1.281033319794328296e-20
1.947760579481699981e-20
2.425200501569672426e-20
2.469768643035451709e-20
2.051400299938724465e-20
1.382233427773412674e-20
7.482293707782602715e-21
3.200122515171854730e-21
1.050568500692049905e-21
2.496938303516349817e-22
3.483906010053317756e-23
0.000000000000000000e+00
3.483906010053543451e-23
2.496938303516502631e-22
1.050568500692105389e-21
3.200122515171847959e-21
7.482293707782550053e-21
1.382233427773412072e-20
2.051400299938745830e-20
2.469768643035425228e-20
2.425200501569664903e-20
1.947760579481665374e-20
1.281033319794308586e-20
6.902446864271909872e-21
3.047322060767413377e-21
1.102607375816540201e-21
3.272006673196655985e-22
7.973466643222622594e-23
1.598435449080431084e-23
2.641641796796278411e-24
3.606648752227273904e-25
4.075058639892050319e-26
3.813522769887921329e-27
2.953727904655331403e-28
1.887264802820042510e-29
9.870053444396716001e-31
4.156001958353039617e-32
1.359968261341952595e-33
3.174829832420931489e-35
4.001296788812985082e-37
-5.637313087358164290e-40
-7.789490212520466593e-40
5.368194190139343140e-37
4.271840552618823286e-35
1.835148172136447025e-33
5.628718578716652780e-32
1.342996539121608419e-30
2.582777795786629091e-29
4.070352472732496030e-28
5.298069215725130311e-27
5.714344082919106621e-26
5.110282905241921501e-25
3.785359937159288283e-24
2.317817738261247994e-23
1.170255494529154129e-22
4.859735500194807790e-22
1.656202615098507069e-21
4.624495392986245495e-21
1.056879012413885014e-20
1.976009134154714719e-20
3.021745278541793703e-20
3.778035438687590398e-20
3.857945261837592224e-20
3.209739785907708853e-20
2.164994878148973649e-20
1.172986137394129562e-20
5.021760798398736884e-21
1.650493259739272864e-21
3.927305566283637649e-22
5.484408500370100467e-23
-0.000000000000000000e+00
5.484408500369472753e-23
3.927305566283069180e-22
1.650493259739152306e-21
5.021760798398577393e-21
1.172986137394102328e-20
2.164994878148972446e-20
3.209739785907704039e-20
3.857945261837598844e-20
3.778035438687631324e-20
3.021745278541808147e-20
1.976009134154708099e-20
1.056879012413864551e-20
4.624495392986140171e-21
1.656202615098532271e-21
4.859735500194812492e-22
1.170255494529126387e-22
2.317817738261255929e-23
3.785359937159389669e-24
5.110282905241808544e-25
5.714344082919398198e-26
5.298069215725367074e-27
4.070352472732770460e-28
2.582777795786664404e-29
1.342996539121673229e-30
5.628718578717634783e-32
1.835148172136380655e-33
4.271840552619281398e-35
5.368194190138583908e-37
-7.789490212440727373e-40
-1.059008631542810053e-39
7.089143476648004788e-37
5.658115440742539151e-35
2.437838603002222701e-33
7.505442487453789680e-32
1.799370532005925005e-30
3.481039619789870702e-29
5.525404724421175927e-28
7.252941902378482715e-27
7.899106996944400164e-26
7.141422202189719251e-25
5.353146688499035574e-24
3.319350913492315585e-23
1.697736862437099261e-22
7.141130398062564617e-22
2.463635694227291112e-21
6.956450210971675939e-21
1.605459806085499362e-20
3.026128266571544703e-20
4.656825104737096105e-20
5.848494185088177353e-20
5.989355082256850697e-20
4.991345332871569125e-20
3.370094129388513537e-20
1.827480724660277541e-20
7.831850338335405248e-21
2.577228815016697865e-21
6.139749752402659082e-22
8.581405986411939890e-23
-0.000000000000000000e+00
8.581405986412272555e-23
6.139749752402601717e-22
2.577228815016741876e-21
7.831850338335567748e-21
1.827480724660260689e-20
3.370094129388468398e-20
4.991345332871483662e-20
5.989355082256764031e-20
5.848494185088072631e-20
4.656825104737095503e-20
3.026128266571501370e-20
1.605459806085455727e-20
6.956450210971608231e-21
2.463635694227193310e-21
7.141130398062384061e-22
1.697736862437128883e-22
3.319350913492243880e-23
5.353146688499003248e-24
7.141422202189397827e-25
7.899106996944134989e-26
7.252941902378518588e-27
5.525404724421220769e-28
3.481039619789696380e-29
1.799370532005935514e-30
7.505442487454562583e-32
2.437838603002209701e-33
5.658115440743064082e-35
7.089143476647920429e-37
-1.059008631532021114e-39
-1.416436444349046826e-39
9.215067469501086776e-37
7.377114019582345287e-35
3.188018684249153061e-33
9.852814442421457889e-32
2.373738735756300445e-30
4.620247599377528756e-29
7.387920769297225091e-28
9.782716252784330493e-27
1.076217353315586354e-25
9.841108196599774182e-25
7.469545563456713728e-24
4.693871702100301039e-23
2.434107578279539020e-22
1.038054330903296563e-21
3.628961247089764849e-21
1.037284976490377452e-20
2.419784004519330580e-20
4.601998074537494724e-20
7.131078397709412804e-20
8.999667993485011833e-20
9.244500078936795152e-20
7.717092413220162183e-20
5.215582458818610228e-20
2.830687767179979865e-20
1.214464912527642343e-20
4.001745299904608611e-21
9.545266202426096244e-22
1.335241576573873105e-22
0.000000000000000000e+00
1.335241576574005701e-22
9.545266202426199688e-22
4.001745299904604849e-21
1.214464912527631359e-20
2.830687767179937735e-20
5.215582458818529579e-20
7.717092413220094776e-20
9.244500078936686818e-20
8.999667993484726554e-20
7.131078397709287619e-20
4.601998074537374353e-20
2.419784004519239399e-20
1.037284976490354882e-20
3.628961247089762592e-21
1.038054330903307471e-21
2.434107578279641523e-22
4.693871702100336304e-23
7.469545563456685810e-24
9.841108196599746631e-25
1.076217353315587732e-25
9.782716252784786801e-27
7.387920769297102225e-28
4.620247599377730543e-29
2.373738735756350191e-30
9.852814442421464457e-32
3.188018684249372014e-33
7.377114019582363462e-35
9.215067469502237735e-37
-1.416436444336293934e-39
-1.863538587619198030e-39
1.179020268801718899e-36
9.467436717931808926e-35
4.103806334240018719e-33
1.273276767490909654e-31
3.082936625452272181e-30
6.038071445312892614e-29
9.728290570687284703e-28
1.299779983599892448e-26
1.444889479868678475e-25
1.336940404318521080e-24
1.028115898288320131e-23
6.552250691757728979e-23
3.448046051028085328e-22
1.492365666355450744e-21
5.292555962446306148e-21
1.533102591869720469e-20
3.618919845280850838e-20
6.950786017984936080e-20
1.085322931472185254e-19
1.377031835603000172e-19
1.419094152210982221e-19
1.186679332402351032e-19
8.028026653516822486e-20
4.361156583613154923e-20
1.873419167213696518e-20
6.182175212264937699e-21
1.476561199936503690e-21
2.067145234191956348e-22
0.000000000000000000e+00
2.067145234192074603e-22
1.476561199936569141e-21
6.182175212264857954e-21
1.873419167213652583e-20
4.361156583613101959e-20
8.028026653516673226e-20
1.186679332402364995e-19
1.419094152210981017e-19
1.377031835602984765e-19
1.085322931472169125e-19
6.950786017984822931e-20
3.618919845280693754e-20
1.533102591869669011e-20
5.292555962446300130e-21
1.492365666355404853e-21
3.448046051028084387e-22
6.552250691757910005e-23
1.028115898288294123e-23
1.336940404318531917e-24
1.444889479868726918e-25
1.299779983599911963e-26
9.728290570686744811e-28
6.038071445313566358e-29
3.082936625452205970e-30
1.273276767490902210e-31
4.103806334240532574e-33
9.467436717932325304e-35
1.179020268801629362e-36
-1.863538587604897499e-39
-2.411255904603439419e-39
1.484633122580974214e-36
1.195806995524805500e-34
5.199349340995802888e-33
1.619581640809769978e-31
3.941355972893205285e-30
7.768315092022435305e-29
1.261283081702601587e-27
1.700731332352982754e-26
1.910979123853702841e-25
1.789975211289165009e-24
1.395398436489482702e-23
9.025479712396839811e-23
4.824072965277004497e-22
2.121260601214351405e-21
7.640466749002559469e-21
2.245669851769966437e-20
5.370283696247137110e-20
1.042777603924901707e-19
1.642047453496579125e-19
2.095609601946180286e-19
2.167184794629999119e-19
1.815543419179753487e-19
1.229520497671795669e-19
6.686425006035291997e-20
2.876512724191372379e-20
9.508478342663920813e-21
2.274215933640471750e-21
3.186183975864264165e-22
0.000000000000000000e+00
3.186183975864403344e-22
2.274215933640579708e-21
9.508478342664215721e-21
2.876512724191440991e-20
6.686425006035245052e-20
1.229520497671758836e-19
1.815543419179718098e-19
2.167184794629937970e-19
2.095609601946176194e-19
1.642047453496558421e-19
1.042777603924898818e-19
5.370283696247019748e-20
2.245669851769934840e-20
7.640466749002825789e-21
2.121260601214340873e-21
4.824072965276841809e-22
9.025479712397111350e-23
1.395398436489438621e-23
1.789975211289204314e-24
1.910979123853917966e-25
1.700731332352808267e-26
1.261283081702474058e-27
7.768315092023359041e-29
3.941355972893053245e-30
1.619581640809700351e-31
5.199349340996914073e-33
1.195806995525017183e-34
1.484633122580850599e-36
-2.411255904593436779e-39
-3.067712517980376576e-39
1.839617505078384065e-36
1.486285632731314465e-34
6.482333621423494093e-33
2.027296051749663870e-31
4.958878360851687278e-30
9.836634637671601140e-29
1.609650362905469679e-27
2.190895025967716095e-26
2.488914420356997475e-25
2.360892063825715010e-24
1.866694897385183543e-23
1.226227178865270691e-22
6.662898006359833021e-22
2.979841502445578650e-21
1.091428405109599968e-20
3.259266494390363780e-20
7.906536159202300181e-20
1.553930426826140374e-19
2.469986100993994475e-19
3.172617940028437560e-19
3.293463737049267455e-19
2.764490229998529920e-19
1.874418377952601264e-19
1.020723224608574498e-19
4.399238904266372719e-20
1.457137758065986749e-20
3.490450596268319585e-21
4.893214805278112225e-22
0.000000000000000000e+00
4.893214805278329456e-22
3.490450596268184920e-21
1.457137758065965685e-20
4.399238904266536423e-20
1.020723224608598812e-19
1.874418377952571412e-19
2.764490229998442771e-19
3.293463737049234715e-19
3.172617940028379782e-19
2.469986100993990623e-19
1.553930426826158911e-19
7.906536159202085921e-20
3.259266494390254243e-20
1.091428405109595153e-20
2.979841502445475583e-21
6.662898006359510466e-22
1.226227178865207920e-22
1.866694897385122418e-23
2.360892063825780397e-24
2.488914420357318440e-25
2.190895025967547634e-26
1.609650362905268071e-27
9.836634637672578686e-29
4.958878360852099260e-30
2.027296051749352519e-31
6.482333621424684650e-33
1.486285632731526362e-34
1.839617505079556407e-36
-3.067712517991322774e-39
-3.836516433221452746e-39
2.242638833445160907e-36
1.817453085700359043e-34
7.951250752245534380e-33
2.496661708674263438e-31
6.138497200742488394e-30
1.225544379079471817e-28
2.021389023169366298e-27
2.777574511725539491e-26
3.190908835485908749e-25
3.066162864283448670e-24
2.460042156049167875e-23
1.642299154106933947e-22
9.079802595756831634e-22
4.134664991834721942e-21
1.542024671595906885e-20
4.685366794449991126e-20
1.154672739035566640e-19
2.300007235091320367e-19
3.694136819767959532e-19
4.778920101196618927e-19
4.981646947847692297e-19
4.190696310520318546e-19
2.845704307975334509e-19
1.552443250205773473e-19
6.706978520624576900e-20
2.227048209080987728e-20
5.343599628892109538e-21
7.494588232751529383e-22
-0.000000000000000000e+00
7.494588232751129715e-22
5.343599628891833438e-21
2.227048209080838770e-20
6.706978520624422825e-20
1.552443250205769862e-19
2.845704307975354731e-19
4.190696310520244397e-19
4.981646947847645112e-19
4.778920101196470630e-19
3.694136819767928235e-19
2.300007235091330960e-19
1.154672739035587344e-19
4.685366794449982700e-20
1.542024671595819014e-20
4.134664991834735484e-21
9.079802595757527526e-22
1.642299154106865533e-22
2.460042156049098227e-23
3.066162864283607362e-24
3.190908835485691558e-25
2.777574511725435028e-26
2.021389023169248634e-27
1.225544379079416886e-28
6.138497200743111271e-30
2.496661708674224027e-31
7.951250752245560381e-33
1.817453085700271162e-34
2.242638833448400632e-36
-3.836516433264283539e-39
-4.714927931316493382e-39
2.689078560996743851e-36
2.185884114616795802e-34
9.592649894023597427e-33
3.024127252638611192e-31
7.473791639955517226e-30
1.501830494604063499e-28
2.496882681684168188e-27
3.464010889498802714e-26
4.024924035902861549e-25
3.918932102598887510e-24
3.191862527012264952e-23
2.166863098097730600e-22
1.220000378094916545e-21
5.663027202307574074e-21
2.153529667122737948e-20
6.668254543640028861e-20
1.672159748261525346e-19
3.380775434972870323e-19
5.493254064384204736e-19
7.162647805670272996e-19
7.500911236152480485e-19
6.325947830445932744e-19
4.304239835258239315e-19
2.354109216648875943e-19
1.020343526766573954e-19
3.398726401987622371e-20
8.170044400876752876e-21
1.146113126542401114e-21
-0.000000000000000000e+00
1.146113126542336979e-21
8.170044400876832621e-21
3.398726401987559177e-20
1.020343526766532908e-19
2.354109216648842721e-19
4.304239835258243167e-19
6.325947830445866299e-19
7.500911236152299448e-19
7.162647805670114107e-19
5.493254064384085328e-19
3.380775434972757656e-19
1.672159748261517161e-19
6.668254543640291269e-20
2.153529667122610355e-20
5.663027202307316782e-21
1.220000378094999676e-21
2.166863098097763514e-22
3.191862527012117427e-23
3.918932102599036651e-24
4.024924035902441861e-25
3.464010889498672423e-26
2.496882681684272938e-27
1.501830494603941306e-28
7.473791639955486397e-30
3.024127252638812629e-31
9.592649894021710327e-33
2.185884114616416483e-34
2.689078561000961808e-36
-4.714927931367163024e-39
-5.692072934128396527e-39
3.170462692830247468e-36
2.584943567628266796e-34
1.137868018309056709e-32
3.601483691540456001e-31
8.946497350074047130e-30
1.809429371054837604e-28
3.032347410273642565e-27
4.247606534125700963e-26
4.992262493789063477e-25
4.926326807104818237e-24
4.074533703769418929e-23
2.814365393166180404e-22
1.614978986756984537e-21
7.650152536599104538e-21
2.970643302184029399e-20
9.389762712750434815e-20
2.400183092531344010e-19
4.933682135663645348e-19
8.120561589667415026e-19
1.068150213179860864e-18
1.124325731408386384e-18
9.510591339507053082e-19
6.488938872200232588e-19
3.561962900934144515e-19
1.550798127576499511e-19
5.186813130870441563e-20
1.249445208296243432e-20
1.752432197800580217e-21
0.000000000000000000e+00
1.752432197800694945e-21
1.249445208296313548e-20
5.186813130870747906e-20
1.550798127576523826e-19
3.561962900934160404e-19
6.488938872200183476e-19
9.510591339506974119e-19
1.124325731408361347e-18
1.068150213179859709e-18
8.120561589667467989e-19
4.933682135663603940e-19
2.400183092531308380e-19
9.389762712750352963e-20
2.970643302183889167e-20
7.650152536599005232e-21
1.614978986757030429e-21
2.814365393166226014e-22
4.074533703769355452e-23
4.926326807104201103e-24
4.992262493788270936e-25
4.247606534125485723e-26
3.032347410273836998e-27
1.809429371054747025e-28
8.946497350073244186e-30
3.601483691540611019e-31
1.137868018308775902e-32
2.584943567628136793e-34
3.170462692831293856e-36
-5.692072934123379221e-39
-6.747435030256717866e-39
3.674091121533304806e-36
3.004433084233760561e-34
1.326529495210425905e-32
4.215193046239876364e-31
1.052449474185374752e-29
2.142301409579199986e-28
3.618798612597816280e-27
5.118129879774403126e-26
6.084961042365952384e-25
6.086322050756464037e-24
5.113313293213105003e-23
3.595198404326161485e-22
2.104223937393483224e-21
1.018327857159953437e-20
4.043798516438363727e-20
1.307133995414029855e-19
3.412598732464889417e-19
7.145072560913564158e-19
1.193075810273164488e-18
1.584670193448597233e-18
1.677547912745787007e-18
1.424184670353424097e-18
9.754310994254902246e-19
5.382568553659616013e-19
2.358132543342808437e-19
7.929877975619467830e-20
1.914850209895483036e-20
2.683723378851366595e-21
-0.000000000000000000e+00
2.683723378851249609e-21
1.914850209895377712e-20
7.929877975619446163e-20
2.358132543342825289e-19
5.382568553659637198e-19
9.754310994254813653e-19
1.424184670353398290e-18
1.677547912745759851e-18
1.584670193448589337e-18
1.193075810273164488e-18
7.145072560913556454e-19
3.412598732464881231e-19
1.307133995414021911e-19
4.043798516438287291e-20
1.018327857159943055e-20
2.104223937393541528e-21
3.595198404326303955e-22
5.113313293213038000e-23
6.086322050755669109e-24
6.084961042365164435e-25
5.118129879774105235e-26
3.618798612597836369e-27
2.142301409579149315e-28
1.052449474185235182e-29
4.215193046239920154e-31
1.326529495210196825e-32
3.004433084233916222e-34
3.674091121529464712e-36
-6.747435030174100986e-39
-7.849900024645139933e-39
4.182966842522360912e-36
3.430482043042309029e-34
1.519152298186162943e-32
4.846048585798371967e-31
1.216058972912204753e-29
2.491109764275328299e-28
4.241230865854377570e-27
6.056132474200364646e-26
7.283266258259557705e-25
7.384423023458742224e-24
6.302778151397359138e-23
4.512634107570129916e-22
2.695667762109476626e-21
1.334154757369788434e-20
5.425952472902171594e-20
1.797050401673156136e-19
4.802121816743451993e-19
1.026254849192875742e-18
1.741395970166354330e-18
2.338157604353085452e-18
2.491042820325057284e-18
2.124190268881579104e-18
1.462586801911940908e-18
8.130937920091301481e-19
3.593280668800737745e-19
1.217166017242627720e-19
2.947704237375804709e-20
4.125197903227894088e-21
-0.000000000000000000e+00
4.125197903227768451e-21
2.947704237375754154e-20
1.217166017242620498e-19
3.593280668800746412e-19
8.130937920091185926e-19
1.462586801911926656e-18
2.124190268881553682e-18
2.491042820325008751e-18
2.338157604353055022e-18
1.741395970166342774e-18
1.026254849192847816e-18
4.802121816743420215e-19
1.797050401673155895e-19
5.425952472902019927e-20
1.334154757369769777e-20
2.695667762109548848e-21
4.512634107570274737e-22
6.302778151397288609e-23
7.384423023458113334e-24
7.283266258258871694e-25
6.056132474199930723e-26
4.241230865854362503e-27
2.491109764275150278e-28
1.216058972912036177e-29
4.846048585798281758e-31
1.519152298186139131e-32
3.430482043042017377e-34
4.182966842517896059e-36
-7.849900024538367681e-39
-8.957638304950056034e-39
4.676115553548693500e-36
3.845763939428732309e-34
1.708019861330609268e-32
5.469305232634266490e-31
1.379247903193385661e-29
2.843110248226459733e-28
4.878189467067309065e-27
7.031869092805218227e-26
8.553581225158573305e-25
8.790581562467040455e-24
7.623115947358536095e-23
5.559262836671621077e-22
3.391185972360891558e-21
1.718078126952095383e-20
7.166559060228021484e-20
2.436724871231251589e-19
6.680397245365533371e-19
1.460656464238418467e-18
2.523611662444937727e-18
3.429793847821168527e-18
3.680369062978659326e-18
3.155342819153112351e-18
2.188200239321549603e-18
1.229050145045889444e-18
5.496595752537863414e-19
1.880247634786420298e-19
4.570439597650926554e-20
6.381248679354183796e-21
-0.000000000000000000e+00
6.381248679353975405e-21
4.570439597650936184e-20
1.880247634786414521e-19
5.496595752537811414e-19
1.229050145045862866e-18
2.188200239321507233e-18
3.155342819153058810e-18
3.680369062978608482e-18
3.429793847821103046e-18
2.523611662444883416e-18
1.460656464238392081e-18
6.680397245365524704e-19
2.436724871231234255e-19
7.166559060228016669e-20
1.718078126952077027e-20
3.391185972360856952e-21
5.559262836671799752e-22
7.623115947358701840e-23
8.790581562466726010e-24
8.553581225157733929e-25
7.031869092804787748e-26
4.878189467067213642e-27
2.843110248226197410e-28
1.379247903193304666e-29
5.469305232633890767e-31
1.708019861330605710e-32
3.845763939427897124e-34
4.676115553546314740e-36
-8.957638304880634625e-39
-1.001908170191325371e-38
5.129362676709027541e-36
4.230101283176509806e-34
1.884046915476717579e-32
6.055398711552202808e-31
1.534425530716118429e-29
3.182369640080985738e-28
5.501918388130130448e-27
8.005045048670425199e-26
9.847357833083299292e-25
1.025691540465854345e-23
9.036808055507220362e-23
6.713311759972162481e-22
4.183433970558986965e-21
2.171282239446574480e-20
9.301828626869127492e-20
3.253430603371974601e-19
9.173884873861109062e-19
2.057710460095756643e-18
3.628288049244220487e-18
4.999314776416890364e-18
5.408454805657002931e-18
4.667451355058587457e-18
3.267606705553205420e-18
1.860796627204721844e-18
8.455662410653540319e-19
2.930695914260498808e-19
7.159421206269234989e-20
9.965052196367882213e-21
-0.000000000000000000e+00
9.965052196366872605e-21
7.159421206269088137e-20
2.930695914260464141e-19
8.455662410653468097e-19
1.860796627204723385e-18
3.267606705553182694e-18
4.667451355058518894e-18
5.408454805656965953e-18
4.999314776416862630e-18
3.628288049244110323e-18
2.057710460095702717e-18
9.173884873861120617e-19
3.253430603371979897e-19
9.301828626869433233e-20
2.171282239446607281e-20
4.183433970558873366e-21
6.713311759971913276e-22
9.036808055506759568e-23
1.025691540465805121e-23
9.847357833082167878e-25
8.005045048670080816e-26
5.501918388130402367e-27
3.182369640080853904e-28
1.534425530716163831e-29
6.055398711551481140e-31
1.884046915476506564e-32
4.230101283175515965e-34
5.129362676708671395e-36
-1.001908170190368240e-38
-1.097517528826821382e-38
5.516595801297150163e-36
4.561490136669742302e-34
2.037225813064621859e-32
6.571328708454292121e-31
1.672970561311881036e-29
3.490382680767586078e-28
6.079247045402523003e-27
8.925704585030482146e-26
1.110144075073664877e-24
1.171690471674189039e-23
1.048643208983533089e-22
7.935454498297865037e-22
5.052562120215244784e-21
2.688038327037637550e-20
1.184069625872381958e-19
4.268392102165682064e-19
1.241211350513377538e-18
2.864722249452649726e-18
5.169821129551304408e-18
7.236929609148028050e-18
7.903595012841483999e-18
6.875499090733479231e-18
4.872263316909502281e-18
2.824426198058898587e-18
1.310145141070589416e-18
4.619496917060694456e-19
1.136368666993838296e-19
1.576305323558335477e-20
-0.000000000000000000e+00
1.576305323558153115e-20
1.136368666993790389e-19
4.619496917060574085e-19
1.310145141070565535e-18
2.824426198058856217e-18
4.872263316909426785e-18
6.875499090733315142e-18
7.903595012841320681e-18
7.236929609147914035e-18
5.169821129551168052e-18
2.864722249452608896e-18
1.241211350513381968e-18
4.268392102165734064e-19
1.184069625872451051e-19
2.688038327037715189e-20
5.052562120215372678e-21
7.935454498297821779e-22
1.048643208983471728e-22
1.171690471674031964e-23
1.110144075073446493e-24
8.925704585029978198e-26
6.079247045402376640e-27
3.490382680767233175e-28
1.672970561311774538e-29
6.571328708452954756e-31
2.037225813064250460e-32
4.561490136668623589e-34
5.516595801296765285e-36
-1.097517528830154899e-38
-1.176295953050433569e-38
5.811487648824503392e-36
4.817530662516380777e-34
2.157265955742802360e-32
6.982714761491070618e-31
1.785748649318250147e-29
3.747123198817212894e-28
6.573321715578313805e-27
9.736505430135752942e-26
1.224031933707612325e-24
1.308675715214399613e-23
1.189443408616187108e-22
9.166944427847001757e-22
5.963427090682231997e-21
3.253037387967206724e-20
1.474681905929513954e-19
5.488434363020605950e-19
1.650338581780313596e-18
3.932830188031371945e-18
7.289643679830377132e-18
1.039698576894300768e-17
1.148496269462448918e-17
1.008993242859911716e-17
7.259477551100092135e-18
4.301716334983017886e-18
2.046549958821244372e-18
7.373236840300518354e-19
1.831421241893757073e-19
2.533381609851636447e-20
-0.000000000000000000e+00
2.533381609851513067e-20
1.831421241893701462e-19
7.373236840300348872e-19
2.046549958821214328e-18
4.301716334982923130e-18
7.259477551099921113e-18
1.008993242859891070e-17
1.148496269462424112e-17
1.039698576894269491e-17
7.289643679830125991e-18
3.932830188031304923e-18
1.650338581780308203e-18
5.488434363020778321e-19
1.474681905929551750e-19
3.253037387967274131e-20
5.963427090682408039e-21
9.166944427846868221e-22
1.189443408616145730e-22
1.308675715214263403e-23
1.224031933707458042e-24
9.736505430134918387e-26
6.573321715577128553e-27
3.747123198817395847e-28
1.785748649318241459e-29
6.982714761490521484e-31
2.157265955742545090e-32
4.817530662515829119e-34
5.811487648822731349e-36
-1.176295953056716916e-38
-1.232037171009709523e-38
5.989592353124977689e-36
4.977196044630435337e-34
2.234398635811231849e-32
7.256448006963901840e-31
1.863802842079048720e-29
3.932514007648258098e-28
6.946195346660111551e-27
1.037648907749520034e-25
1.318058930470653477e-24
1.426951528027580637e-23
1.316570823338894525e-22
1.033003526111736110e-21
6.864163568435858185e-21
3.839135042313255799e-20
1.791865901380424426e-19
6.894410952233395693e-19
2.149202442804374640e-18
5.308110394828003862e-18
1.014991069487924940e-17
1.481063318701368137e-17
1.659986749340944640e-17
1.476738740576465731e-17
1.082350379623384067e-17
6.580049017962994131e-18
3.222926496419435629e-18
1.191189800056667289e-18
2.997547164544606428e-19
4.143206531867277614e-20
-0.000000000000000000e+00
4.143206531867045298e-20
2.997547164544531317e-19
1.191189800056651111e-18
3.222926496419393643e-18
6.580049017962847761e-18
1.082350379623353714e-17
1.476738740576440770e-17
1.659986749340916906e-17
1.481063318701334857e-17
1.014991069487905372e-17
5.308110394827836692e-18
2.149202442804331500e-18
6.894410952233583471e-19
1.791865901380497370e-19
3.839135042313411077e-20
6.864163568435761888e-21
1.033003526111697554e-21
1.316570823338946952e-22
1.426951528027446630e-23
1.318058930470563479e-24
1.037648907749526003e-25
6.946195346658627834e-27
3.932514007648448675e-28
1.863802842078946425e-29
7.256448006963313294e-31
2.234398635810964453e-32
4.977196044630076972e-34
5.989592353122427872e-36
-1.232037171018817804e-38
-1.259196435080890765e-38
6.030663221368696533e-36
5.022814866979482489e-34
2.260292223548949133e-32
7.363765933447375950e-31
1.899175297822584275e-29
4.028237566992216433e-28
7.162167426153089228e-27
1.078625741455880914e-25
1.383765930971846495e-24
1.516219857020957162e-23
1.419361390953555970e-22
1.133160354736107707e-21
7.687117840952080753e-21
4.406340574453973746e-20
2.117231362354339924e-19
8.427494154476259394e-19
2.729261621606103377e-18
7.013331889439704362e-18
1.390920834607133687e-17
2.088722882597317107e-17
2.387687754112501443e-17
2.160248495855830634e-17
1.619267763059111529e-17
1.012172118172200236e-17
5.110331000444906725e-18
1.942152001319829285e-18
4.968304507243438407e-19
6.886311516179448496e-20
-0.000000000000000000e+00
6.886311516179189700e-20
4.968304507243371000e-19
1.942152001319817730e-18
5.110331000444862043e-18
1.012172118172180514e-17
1.619267763059081023e-17
2.160248495855809063e-17
2.387687754112467855e-17
2.088722882597282903e-17
1.390920834607087465e-17
7.013331889439517932e-18
2.729261621606155377e-18
8.427494154476406728e-19
2.117231362354415998e-19
4.406340574454060412e-20
7.687117840951692557e-21
1.133160354736056549e-21
1.419361390953665056e-22
1.516219857020877522e-23
1.383765930971709844e-24
1.078625741455885506e-25
7.162167426152163699e-27
4.028237566992121369e-28
1.899175297822559052e-29
7.363765933446277682e-31
2.260292223548441710e-32
5.022814866978914580e-34
6.030663221365415714e-36
-1.259196435091616277e-38
-1.253504799702304491e-38
5.920982304883539025e-36
4.942089463026973794e-34
2.228996817744276840e-32
7.283483765702448876e-31
1.885791236394431698e-29
4.019742462000915851e-28
7.191626762265315956e-27
1.091422208081159324e-25
1.413437457741221755e-24
1.566582521180845440e-23
1.486962029047149019e-22
1.207057736015617827e-21
8.353056105096438084e-21
4.903029829534851214e-20
2.423467088898010258e-19
9.976752150702052041e-19
3.360417530253114018e-18
9.015801465944681602e-18
1.866006376067620484e-17
2.907272425518345427e-17
3.418608924877679691e-17
3.169857679796822536e-17
2.443438469456273603e-17
1.569641229675573473e-17
8.137236683568114472e-18
3.175959977008689139e-18
8.280968038280712936e-19
1.156792980545379702e-19
-0.000000000000000000e+00
1.156792980545350813e-19
8.280968038280584862e-19
3.175959977008669110e-18
8.137236683568062087e-18
1.569641229675546664e-17
2.443438469456227381e-17
3.169857679796777547e-17
3.418608924877645179e-17
2.907272425518299205e-17
1.866006376067577035e-17
9.015801465944562964e-18
3.360417530253016181e-18
9.976752150701880633e-19
2.423467088897985702e-19
4.903029829534793436e-20
8.353056105095903939e-21
1.207057736015564601e-21
1.486962029047173234e-22
1.566582521180869537e-23
1.413437457741043594e-24
1.091422208081015831e-25
7.191626762264907001e-27
4.019742462000445463e-28
1.885791236394359672e-29
7.283483765701057212e-31
2.228996817743694972e-32
4.942089463025948307e-34
5.920982304881708850e-36
-1.253504799713902828e-38
-1.212560735286770994e-38
5.655451090758988503e-36
4.729933869470488715e-34
2.137817586268311461e-32
7.005040462002016128e-31
1.820312697204617140e-29
3.898239946719140290e-28
7.015015253061164480e-27
1.072333688723485760e-25
1.401081453259827308e-24
1.569758745104956727e-23
1.509611423021363310e-22
1.244916714243952077e-21
8.779145051853619513e-21
5.270232047050182096e-20
2.675619667733695703e-19
1.137453639608310001e-18
3.982561089575764833e-18
1.117975323928297612e-17
2.429674252289366442e-17
3.968263658491497552e-17
4.863390841281398439e-17
4.685597346047626671e-17
3.751156138165513583e-17
2.465928252031389196e-17
1.295949421750516878e-17
5.155458959491706726e-18
1.371084487878369133e-18
1.942491178013910429e-19
-0.000000000000000000e+00
1.942491178013926077e-19
1.371084487878369903e-18
5.155458959491694400e-18
1.295949421750509790e-17
2.465928252031343282e-17
3.751156138165397102e-17
4.685597346047494784e-17
4.863390841281362078e-17
3.968263658491453178e-17
2.429674252289359970e-17
1.117975323928306240e-17
3.982561089575673159e-18
1.137453639608328490e-18
2.675619667733676925e-19
5.270232047049971448e-20
8.779145051853348679e-21
1.244916714243922737e-21
1.509611423021301479e-22
1.569758745105013150e-23
1.401081453259705902e-24
1.072333688723283492e-25
7.015015253060972199e-27
3.898239946718751514e-28
1.820312697204441137e-29
7.005040462001057115e-31
2.137817586267765448e-32
4.729933869468021218e-34
5.655451090759732868e-36
-1.212560735298924504e-38
-1.136324606773421072e-38
5.239176834507364624e-36
4.389898419670979679e-34
1.988006378732708657e-32
6.530975424986451557e-31
1.702855066805607726e-29
3.662442096350058637e-28
6.626425559235787886e-27
1.019750229644870577e-25
1.343412465130097209e-24
1.520384689382901082e-23
1.480111997441502482e-22
1.238703775118708093e-21
8.890430512799095819e-21
5.449311613367406408e-20
2.835100502028502262e-19
1.240841892801610588e-18
4.502433030062778899e-18
1.321403091046112664e-17
3.028691039055995892e-17
5.244434892850488889e-17
6.821191992450050409e-17
6.984971409310382751e-17
5.915533446555735985e-17
3.945861449992937572e-17
2.049781463095191049e-17
8.169468322751646229e-18
2.211496182177359001e-18
3.201811740272308140e-19
0.000000000000000000e+00
3.201811740272404918e-19
2.211496182177363624e-18
8.169468322751603088e-18
2.049781463095179340e-17
3.945861449992883338e-17
5.915533446555611493e-17
6.984971409310180606e-17
6.821191992449927150e-17
5.244434892850368711e-17
3.028691039056085871e-17
1.321403091046145944e-17
4.502433030062632528e-18
1.240841892801623684e-18
2.835100502028485892e-19
5.449311613366994741e-20
8.890430512799508089e-21
1.238703775118662766e-21
1.480111997441429602e-22
1.520384689382856414e-23
1.343412465130030536e-24
1.019750229644708373e-25
6.626425559235717575e-27
3.662442096349651475e-28
1.702855066805418270e-29
6.530975424985417223e-31
1.988006378732186455e-32
4.389898419668154674e-34
5.239176834507364624e-36
-1.136324606783984626e-38
-1.027441417799997332e-38
4.688307268369353894e-36
3.934960459647713074e-34
1.785165194797777450e-32
5.878457532078455146e-31
1.537457697944003224e-29
3.319780111276195294e-28
6.036296007780892706e-27
9.346697037494122247e-26
1.240695179551923101e-24
1.417210226879231207e-23
1.395291255245770729e-22
1.183660559366217523e-21
8.633515726469115231e-21
5.392433884621876212e-20
2.866515810624282135e-19
1.285663554163441787e-18
4.803745717431406552e-18
1.465207788085292097e-17
3.539041372268839660e-17
6.555994708926229752e-17
9.240081080805779566e-17
1.037228686915958086e-16
9.467225099115166973e-17
6.315143151126339966e-17
3.151016885138244365e-17
1.226196750397682771e-17
3.369569524800859358e-18
5.036069068576416923e-19
-0.000000000000000000e+00
5.036069068576186775e-19
3.369569524800781551e-18
1.226196750397664744e-17
3.151016885138217864e-17
6.315143151126268475e-17
9.467225099115099180e-17
1.037228686915936639e-16
9.240081080805440602e-17
6.555994708926102795e-17
3.539041372268864928e-17
1.465207788085290557e-17
4.803745717431391144e-18
1.285663554163446024e-18
2.866515810624149727e-19
5.392433884621557230e-20
8.633515726469911181e-21
1.183660559366211128e-21
1.395291255245746984e-22
1.417210226879135992e-23
1.240695179551933387e-24
9.346697037493257845e-26
6.036296007780890554e-27
3.319780111275615941e-28
1.537457697943752111e-29
5.878457532077614367e-31
1.785165194797427947e-32
3.934960459646377119e-34
4.688307268366849514e-36
-1.027441417808414714e-38
-8.913279873458720974e-39
4.029920578909763247e-36
3.387505168448786027e-34
1.539274607228667744e-32
5.079548643732367965e-31
1.332214164157585513e-29
2.886866166088458530e-28
5.272694102927273601e-27
8.209891079161195957e-26
1.097295863578686835e-24
1.263980148066293170e-23
1.257196827294833978e-22
1.079682449771759891e-21
7.990122330820036751e-21
5.074066354159242319e-20
2.746296976917603658e-19
1.254556521600975556e-18
4.776960074804365080e-18
1.493098561685214347e-17
3.756355499061581062e-17
7.446637556471124805e-17
1.158798333574999905e-16
1.473252829267455294e-16
1.403715873110933637e-16
8.997964693345769846e-17
4.338711411182547234e-17
1.639325871857212836e-17
4.620788979634240009e-18
7.247248798914050093e-19
-0.000000000000000000e+00
7.247248798913218092e-19
4.620788979634041253e-18
1.639325871857171544e-17
4.338711411182480673e-17
8.997964693345689728e-17
1.403715873110941526e-16
1.473252829267455294e-16
1.158798333574980430e-16
7.446637556471223413e-17
3.756355499061675355e-17
1.493098561685220201e-17
4.776960074804331954e-18
1.254556521600927793e-18
2.746296976917552621e-19
5.074066354159560699e-20
7.990122330820316612e-21
1.079682449771672810e-21
1.257196827294796832e-22
1.263980148066289937e-23
1.097295863578682427e-24
8.209891079161236135e-26
5.272694102927053339e-27
2.886866166088004733e-28
1.332214164157250042e-29
5.079548643732155143e-31
1.539274607228662270e-32
3.387505168448761652e-34
4.029920578907091819e-36
-8.913279873535360675e-39
-7.359824884624567085e-39
3.300865316787280101e-36
2.778395333053307419e-34
1.264294830219042137e-32
4.179999125272157606e-31
1.098998288128000630e-29
2.389027940334382744e-28
4.380796230168079612e-27
6.854957055666878937e-26
9.218061422537296724e-25
1.069795286915572264e-23
1.073757995859715637e-22
9.322429433481232588e-22
6.987535373279554327e-21
4.500844850974945224e-20
2.470918695185804882e-19
1.141417822984766102e-18
4.364980469539116603e-18
1.362361755764410821e-17
3.454132305116542820e-17
7.171155241137681664e-17
1.244387907334231160e-16
1.846583355671799527e-16
1.637694052163590615e-16
8.848493029871522006e-17
4.336069241643835760e-17
1.735965907485977696e-17
5.300511069802566407e-18
8.990225209286881873e-19
-0.000000000000000000e+00
8.990225209285264092e-19
5.300511069802119591e-18
1.735965907485899734e-17
4.336069241643724826e-17
8.848493029871460376e-17
1.637694052163590122e-16
1.846583355671791145e-16
1.244387907334218341e-16
7.171155241137829575e-17
3.454132305116562542e-17
1.362361755764445950e-17
4.364980469539229078e-18
1.141417822984664605e-18
2.470918695185627696e-19
4.500844850975229298e-20
6.987535373280092986e-21
9.322429433479487214e-22
1.073757995859455383e-22
1.069795286915626337e-23
9.218061422537074482e-25
6.854957055667587219e-26
4.380796230167690746e-27
2.389027940333951817e-28
1.098998288127812015e-29
4.179999125271511257e-31
1.264294830219131086e-32
2.778395333053095309e-34
3.300865316785697156e-36
-7.359824884671114692e-39
-5.715051729638064319e-39
2.545557730952389211e-36
2.145127685572586183e-34
9.773336054289964903e-33
3.236534020017764953e-31
8.527665884786449531e-30
1.858847844525672308e-28
3.420370332423489643e-27
5.375126705014508752e-26
7.266487676923729987e-25
8.488007251436472156e-24
8.586911068236493086e-23
7.525867060002643668e-22
5.702923981478641251e-21
3.716879474945108948e-20
2.061898921687375090e-19
9.558734115516937745e-19
3.604796487767626641e-18
1.076402555004385185e-17
2.543730233757406247e-17
5.092654267082968043e-17
9.779886796741871175e-17
1.772344131454225407e-16
1.210058617888741125e-16
2.889897876228899617e-17
1.699450717640252841e-17
1.143688537909223173e-17
4.468251168880527790e-18
8.699172026495510603e-19
-0.000000000000000000e+00
8.699172026493413265e-19
4.468251168879972352e-18
1.143688537909154302e-17
1.699450717640186898e-17
2.889897876228860791e-17
1.210058617888739400e-16
1.772344131454223188e-16
9.779886796741909385e-17
5.092654267083197306e-17
2.543730233757494994e-17
1.076402555004401671e-17
3.604796487767656686e-18
9.558734115516548708e-19
2.061898921687416498e-19
3.716879474944936818e-20
5.702923981478860175e-21
7.525867060001977868e-22
8.586911068233709516e-23
8.488007251435700738e-24
7.266487676923913658e-25
5.375126705014866911e-26
3.420370332423166783e-27
1.858847844525259318e-28
8.527665884784639054e-30
3.236534020016849292e-31
9.773336054288782558e-33
2.145127685572037090e-34
2.545557730951377904e-36
-5.715051729617184649e-39
-4.093554657955111328e-39
1.812869174935606061e-36
1.529184120024878528e-34
6.974281799835631522e-33
2.312775844972414248e-31
6.104712675958006570e-30
1.333766712296316714e-28
2.461330200038833753e-27
3.881999347082101920e-26
5.271454585950682097e-25
6.191401759788356111e-24
6.305303421006940912e-23
5.570130192545320374e-22
4.259378427874805077e-21
2.802256279278849048e-20
1.565343633195958001e-19
7.231757809994852979e-19
2.635418625196561769e-18
7.033025116887213203e-18
1.252826013675278278e-17
1.547883360562177243e-17
3.161171932204959363e-17
9.777646836653327484e-17
1.142633402121132591e-17
-6.480014402103797522e-17
-2.492133850017061325e-17
-1.093275349045874485e-19
1.908530894058012071e-18
5.391212182464358392e-19
0.000000000000000000e+00
5.391212182465225060e-19
1.908530894058019775e-18
-1.093275349043883796e-19
-2.492133850016938373e-17
-6.480014402103485676e-17
1.142633402121845801e-17
9.777646836654253163e-17
3.161171932205824645e-17
1.547883360562519596e-17
1.252826013675407546e-17
7.033025116887285618e-18
2.635418625196628021e-18
7.231757809994816387e-19
1.565343633196025409e-19
2.802256279278727474e-20
4.259378427874398826e-21
5.570130192545655155e-22
6.305303421005658447e-23
6.191401759786312955e-24
5.271454585951542596e-25
3.881999347082167353e-26
2.461330200038697435e-27
1.333766712296216269e-28
6.104712675956728585e-30
2.312775844972456725e-31
6.974281799833636314e-33
1.529184120024353383e-34
1.812869174934497866e-36
-4.093554657868919234e-39
-2.614074123843645471e-39
1.152356838590953198e-36
9.727939512655427958e-35
4.440410812546598676e-33
1.474138035049684328e-31
3.896727431510531927e-30
8.529466795842191234e-29
1.577716184288595506e-27
2.495637229145266535e-26
3.401120066762091337e-25
4.012360672262026583e-24
4.108139717011638861e-23
3.652334690678813083e-22
2.813090868204947283e-21
1.864050767685247680e-20
1.045492329981459347e-19
4.788050556189747477e-19
1.654622079404291910e-18
3.538334372495636115e-18
1.028243095693613592e-18
-1.745992962942960825e-17
-3.903601142295291441e-17
-8.394287976228087779e-18
-9.093630224815815743e-17
-1.268301550274510320e-16
-5.240067143313588431e-17
-9.608432792911720048e-18
-8.027304199706929763e-19
1.073087567771357911e-19
-0.000000000000000000e+00
1.073087567771506569e-19
-8.027304199705596057e-19
-9.608432792911621440e-18
-5.240067143313498451e-17
-1.268301550274462002e-16
-9.093630224814666965e-17
-8.394287976213838979e-18
-3.903601142293995367e-17
-1.745992962942614157e-17
1.028243095694012837e-18
3.538334372495856441e-18
1.654622079404390518e-18
4.788050556189902514e-19
1.045492329981469819e-19
1.864050767685346685e-20
2.813090868204133653e-21
3.652334690679139400e-22
4.108139717011574209e-23
4.012360672260469788e-24
3.401120066762690104e-25
2.495637229145249890e-26
1.577716184288587614e-27
8.529466795841424444e-29
3.896727431510381287e-30
1.474138035050118731e-31
4.440410812545337644e-33
9.727939512651431640e-35
1.152356838589209052e-36
-2.614074123722490795e-39
-1.388968727182560156e-39
6.101890829766039825e-37
5.154124909733195762e-35
2.354131194580161198e-33
7.821831717429535427e-32
2.069883141148884789e-30
4.537084229393245189e-29
8.407202527231846442e-28
1.332786997070066339e-26
1.821308954878053067e-25
2.155814579283060568e-24
2.216225108667305298e-23
1.979796637823053829e-22
1.533086269533883465e-21
1.021095275536904946e-20
5.738281271443894279e-20
2.598585523753973249e-19
8.417968384064375260e-19
1.202963486861638313e-18
-4.321164898367796987e-18
-2.897207118049594534e-17
-6.547148898031768869e-17
-6.203786959025479381e-17
-1.136835149928879392e-16
-1.166821927931694116e-16
-4.822390602750344262e-17
-1.096049326545429837e-17
-1.839145767407349195e-18
-1.271157390043157545e-19
-0.000000000000000000e+00
-1.271157390043984973e-19
-1.839145767407393876e-18
-1.096049326545494240e-17
-4.822390602750509430e-17
-1.166821927931679078e-16
-1.136835149928867560e-16
-6.203786959025523755e-17
-6.547148898031505093e-17
-2.897207118049470658e-17
-4.321164898367888661e-18
1.202963486861891187e-18
8.417968384064548594e-19
2.598585523753897175e-19
5.738281271443297240e-20
1.021095275537066394e-20
1.533086269533615452e-21
1.979796637823119657e-22
2.216225108666525358e-23
2.155814579282394577e-24
1.821308954878486301e-25
1.332786997070132920e-26
8.407202527230754102e-28
4.537084229392469991e-29
2.069883141148925777e-30
7.821831717430033545e-32
2.354131194580072932e-33
5.154124909732881445e-35
6.101890829744544950e-37
-1.388968727070006810e-39
-5.566716585277016291e-40
2.440185764147520856e-37
2.062002861362257461e-35
9.422361914682501615e-34
3.132551516782253157e-32
8.296177626670750594e-31
1.820322736652875230e-29
3.377360223784588820e-28
5.362635815814838913e-27
7.342727357862856496e-26
8.712381558726022741e-25
8.982900959567521324e-24
8.052639698566126607e-23
6.260091196658708880e-22
4.184778837339105746e-21
2.354137218957660856e-20
1.054824726852333357e-19
3.201080296192178216e-19
2.023791961229041287e-19
-3.770786720694157792e-18
-2.000108689950021693e-17
-4.534429947963888929e-17
-4.932029671887415468e-17
-7.159532843665689044e-17
-6.544497854809492199e-17
-2.675287932137065284e-17
-6.648530756461387605e-18
-1.329033182464798960e-18
-1.300860132932571882e-19
-0.000000000000000000e+00
-1.300860132933293384e-19
-1.329033182464929730e-18
-6.648530756462094037e-18
-2.675287932137300710e-17
-6.544497854809598202e-17
-7.159532843666025543e-17
-4.932029671887879541e-17
-4.534429947964306163e-17
-2.000108689950169296e-17
-3.770786720693803421e-18
2.023791961231447015e-19
3.201080296192252846e-19
1.054824726852104412e-19
2.354137218957128818e-20
4.184778837340113098e-21
6.260091196659608839e-22
8.052639698568415294e-23
8.982900959553305189e-24
8.712381558724705820e-25
7.342727357866425453e-26
5.362635815816116000e-27
3.377360223783652528e-28
1.820322736651804078e-29
8.296177626674872163e-31
3.132551516780016553e-32
9.422361914685430110e-34
2.062002861364629807e-35
2.440185764128338341e-37
-5.566716584570202652e-40
-1.446844072776922299e-40
6.335083469780840345e-38
5.354330834918785527e-36
2.447196150122165431e-34
8.138249339770423770e-33
2.156121059736500897e-31
4.733164167071362122e-30
8.787046144422956649e-29
1.396274902992172209e-27
1.913614984132473742e-26
2.273160986973295880e-25
2.346989397951238355e-24
2.107378874984262149e-23
1.641240155091548216e-22
1.098949152426260114e-21
6.183416796186998761e-21
2.753647633119873814e-20
8.036551128546009487e-20
9.844337978753126443e-21
-1.292352660656454726e-18
-6.489347347993986700e-18
-1.470033512543544301e-17
-1.645413393591124958e-17
-2.245249136841673456e-17
-1.979620335321809975e-17
-8.041767994273735782e-18
-2.067024374789704340e-18
-4.373282641428611980e-19
-4.598794467559133545e-20
-0.000000000000000000e+00
-4.598794467561585495e-20
-4.373282641429250426e-19
-2.067024374789960874e-18
-8.041767994274604762e-18
-1.979620335321875919e-17
-2.245249136841871904e-17
-1.645413393591329877e-17
-1.470033512543765244e-17
-6.489347347994955058e-18
-1.292352660656283126e-18
9.844337978809465913e-21
8.036551128547050693e-20
2.753647633118815154e-20
6.183416796184697425e-21
1.098949152426659030e-21
1.641240155092122327e-22
2.107378874985712415e-23
2.346989397944680566e-24
2.273160986973215983e-25
1.913614984133986158e-26
1.396274902992646633e-27
8.787046144421208950e-29
4.733164167065773043e-30
2.156121059739420415e-31
8.138249339759150434e-33
2.447196150123570664e-34
5.354330834931500537e-36
6.335083469704803322e-38
-1.446844072545031330e-40
