-1.009314596488046013e-16
-1.069591637722904795e-16
-1.052943020428272320e-16
-9.610399444198715353e-17
-7.680240368924640413e-17
-4.464954662186828858e-17
1.048383261033055454e-18
5.745803853586949699e-17
1.178857886308631669e-16
1.728790365618651018e-16
2.125936916300195123e-16
2.296728181228910081e-16
2.215215005186504067e-16
1.910289742233590995e-16
1.454654632161904013e-16
9.409949430098551554e-17
4.557183584005365417e-17
5.990248477978910198e-18
-2.178959855555272042e-17
-3.780617463262137800e-17
-4.401885628489387644e-17
-4.322620471480076986e-17
-3.821817132635208857e-17
-3.128688695647514313e-17
-2.405917598025516745e-17
-1.754166773103837035e-17
-1.226678302516819494e-17
-8.459139477844511658e-18
-6.178249594541957027e-18
-5.420487758163245101e-18
-6.178249594457592821e-18
-8.459139477761231366e-18
-1.226678302528446410e-17
-1.754166773089555571e-17
-2.405917598033638006e-17
-3.128688695638757957e-17
-3.821817132596613837e-17
-4.322620471492281527e-17
-4.401885628438406275e-17
-3.780617463338557467e-17
-2.178959855539372180e-17
5.990248477424294759e-18
4.557183583855147812e-17
9.409949430206814085e-17
1.454654632155500434e-16
1.910289742230354200e-16
2.215215005177172089e-16
2.296728181254962706e-16
2.125936916356805753e-16
1.728790365522700387e-16
1.178857886331436652e-16
5.745803853572121579e-17
1.048383262571340382e-18
-4.464954662418980145e-17
-7.680240368846583859e-17
-9.610399444071120800e-17
-1.052943020425491832e-16
-1.069591637719061686e-16
-1.009314596493334709e-16
-1.013302051169326295e-16
-1.079515955802823029e-16
-1.078069202919627167e-16
-1.009802419657404728e-16
-8.478863690345473510e-17
-5.630793978421673634e-17
-1.452889604512223230e-17
3.815535056115989591e-17
9.554891033987960533e-17
1.486401712940503668e-16
1.878482252129100672e-16
2.058258515212669961e-16
1.997400095829101743e-16
1.720781187913514193e-16
1.296673489075487647e-16
8.140002827169151659e-17
3.566597116826516648e-17
-1.548423211617009685e-18
-2.740981730355186106e-17
-4.192056495716738152e-17
-4.697902998073612470e-17
-4.531862840884418659e-17
-3.966984574177041063e-17
-3.227417799427853551e-17
-2.471677180232335698e-17
-1.797083272289427912e-17
-1.254296536547865530e-17
-8.638864917559603901e-18
-6.305131957067540461e-18
-5.530585748582437838e-18
-6.305131957166416934e-18
-8.638864917487809855e-18
-1.254296536539337204e-17
-1.797083272292030537e-17
-2.471677180210723066e-17
-3.227417799430968936e-17
-3.966984574184458205e-17
-4.531862840955429699e-17
-4.697902997958234783e-17
-4.192056495683357626e-17
-2.740981730465031905e-17
-1.548423210855042465e-18
3.566597116714359732e-17
8.140002827210098470e-17
1.296673489096459021e-16
1.720781187909787811e-16
1.997400095819077786e-16
2.058258515252053102e-16
1.878482252080798719e-16
1.486401713002663442e-16
9.554891033539922052e-17
3.815535056014029935e-17
-1.452889604313489754e-17
-5.630793978558375833e-17
-8.478863690559342329e-17
-1.009802419666487599e-16
-1.078069202897679577e-16
-1.079515955806104814e-16
-1.013302051165320361e-16
-1.021172276062395363e-16
-1.086500359277151975e-16
-1.083040031163082800e-16
-1.011145523078413834e-16
-8.428581686403103581e-17
-5.474306659967423756e-17
-1.132883929306409617e-17
4.364571273664633968e-17
1.039223887436082637e-16
1.602238204632491207e-16
2.025045863052168363e-16
2.228503570321157473e-16
2.179270091884883779e-16
1.899594670118052262e-16
1.458446549944393632e-16
9.484607977891840946e-17
4.589082795699171122e-17
5.498073736610875083e-18
-2.310309503887858379e-17
-3.971191277647785905e-17
-4.619955156453532715e-17
-4.539036879600348781e-17
-4.015911887282661713e-17
-3.289498702144122826e-17
-2.530625748295021123e-17
-1.845546950869021846e-17
-1.290704650003831251e-17
-8.900383073652904232e-18
-6.499802151745180173e-18
-5.702216430257338170e-18
-6.499802151568098618e-18
-8.900383073673842943e-18
-1.290704650014456221e-17
-1.845546950893889454e-17
-2.530625748267049841e-17
-3.289498702146178178e-17
-4.015911887253327797e-17
-4.539036879573023995e-17
-4.619955156527175962e-17
-3.971191277633710285e-17
-2.310309503799578681e-17
5.498073735652031601e-18
4.589082795810618679e-17
9.484607977780345318e-17
1.458446549971137742e-16
1.899594670063674600e-16
2.179270091926538347e-16
2.228503570330282129e-16
2.025045862995431515e-16
1.602238204663418992e-16
1.039223887439479053e-16
4.364571273742986345e-17
-1.132883929614624352e-17
-5.474306659850121988e-17
-8.428581686322180011e-17
-1.011145523064824103e-16
-1.083040031165922330e-16
-1.086500359286822177e-16
-1.021172276059595523e-16
-1.033048436100273810e-16
-1.100898084768761549e-16
-1.104218538655963876e-16
-1.042301031709744445e-16
-8.852719554033859016e-17
-5.994788681671598944e-17
-1.696405945180991197e-17
3.848550712191860882e-17
1.003822688527334192e-16
1.594115842642340155e-16
2.051385011158435190e-16
2.289689801438466043e-16
2.268028534470575788e-16
2.002772555918121025e-16
1.560783727379811530e-16
1.036754364192168013e-16
5.249422085771285312e-17
9.638620711361775406e-18
-2.117828814000234699e-17
-3.947198141928557309e-17
-4.703429932379111850e-17
-4.675752207438516401e-17
-4.165697396173970055e-17
-3.427401137688606936e-17
-2.644497010728693189e-17
-1.932364113245040637e-17
-1.353108045458787833e-17
-9.337374887091437932e-18
-6.821078503447720777e-18
-5.984495044760679727e-18
-6.821078503610373265e-18
-9.337374887217375261e-18
-1.353108045443161454e-17
-1.932364113252969614e-17
-2.644497010716987541e-17
-3.427401137698322868e-17
-4.165697396151372888e-17
-4.675752207402662673e-17
-4.703429932433252976e-17
-3.947198141836207582e-17
-2.117828814162494143e-17
9.638620712814975831e-18
5.249422085679918580e-17
1.036754364178339281e-16
1.560783727341573470e-16
2.002772555972671743e-16
2.268028534449804094e-16
2.289689801453660490e-16
2.051385011148043920e-16
1.594115842643736192e-16
1.003822688507419768e-16
3.848550712500966167e-17
-1.696405945827719704e-17
-5.994788680893099234e-17
-8.852719554127922051e-17
-1.042301031705924140e-16
-1.104218538669050339e-16
-1.100898084761506987e-16
-1.033048436099698681e-16
-1.048947918336233847e-16
-1.120196809712667495e-16
-1.132684497260558209e-16
-1.084317239430424396e-16
-9.427078006560566308e-17
-6.703439537616156716e-17
-2.469465670111842271e-17
3.132240699475722144e-17
9.534434310150986115e-17
1.580361120930427173e-16
2.084614356778939885e-16
2.371129643649790802e-16
2.388330384632373984e-16
2.144211341301664022e-16
1.702325864281175792e-16
1.159854167474451351e-16
6.177662926380040959e-17
1.552023220692004722e-17
-1.838671203434547663e-17
-3.904921873930459292e-17
-4.813528527232011193e-17
-4.862362045322745150e-17
-4.372221145029908175e-17
-3.618450032065872639e-17
-2.802671592215847571e-17
-2.053149950269784725e-17
-1.440012848544021622e-17
-9.946239736676614376e-18
-7.268729779040839750e-18
-6.377772519403494215e-18
-7.268729779048528063e-18
-9.946239736728087550e-18
-1.440012848562635966e-17
-2.053149950292889413e-17
-2.802671592185777795e-17
-3.618450032081214134e-17
-4.372221145026468618e-17
-4.862362045328802123e-17
-4.813528527227126418e-17
-3.904921873836315523e-17
-1.838671203398783915e-17
1.552023220559056083e-17
6.177662926334741854e-17
1.159854167468734821e-16
1.702325864303528166e-16
2.144211341340139234e-16
2.388330384598779357e-16
2.371129643579401730e-16
2.084614356826074078e-16
1.580361120925483974e-16
9.534434310560048704e-17
3.132240699348373493e-17
-2.469465670259924405e-17
-6.703439537522908427e-17
-9.427078006603683719e-17
-1.084317239433641963e-16
-1.132684497261882756e-16
-1.120196809710304857e-16
-1.048947918338162612e-16
-1.068923911559532461e-16
-1.144481096148996628e-16
-1.168629797252427992e-16
-1.137598337116977994e-16
-1.015924069991363606e-16
-7.612971664997134341e-17
-3.471075286575155722e-17
2.190511724441288986e-17
8.852115969103411654e-17
1.558256931908907128e-16
2.122876792572179570e-16
2.472495988552030796e-16
2.541747707337844862e-16
2.327268013400125507e-16
1.887628959528421177e-16
1.322664429227110689e-16
7.418098857794443112e-17
2.348240413634581474e-17
-1.451271961041667017e-17
-3.834164577509363439e-17
-4.948612346096984387e-17
-5.102506908641224829e-17
-4.641561590611236316e-17
-3.869162509211612298e-17
-3.010960285345113303e-17
-2.212527196528518541e-17
-1.554813794454043565e-17
-1.075094258490121846e-17
-7.860414747498446866e-18
-6.897572085847407432e-18
-7.860414747393063061e-18
-1.075094258474791136e-17
-1.554813794415822329e-17
-2.212527196535305210e-17
-3.010960285417694053e-17
-3.869162509147802695e-17
-4.641561590680705996e-17
-5.102506908506265520e-17
-4.948612346189200378e-17
-3.834164577571056676e-17
-1.451271960973671213e-17
2.348240413927638370e-17
7.418098857469537190e-17
1.322664429234694354e-16
1.887628959559619147e-16
2.327268013367715650e-16
2.541747707341183716e-16
2.472495988506515987e-16
2.122876792601221977e-16
1.558256931868126223e-16
8.852115969944989422e-17
2.190511724230677299e-17
-3.471075286096079262e-17
-7.612971665535714333e-17
-1.015924069987891632e-16
-1.137598337131907434e-16
-1.168629797246940972e-16
-1.144481096147403622e-16
-1.068923911561627010e-16
-1.093040176812341987e-16
-1.173853310622475526e-16
-1.212289835583636821e-16
-1.202645008864373382e-16
-1.105868738312588946e-16
-8.739431931222797113e-17
-4.725504984545924006e-17
9.908483699916798008e-18
7.953432581326581407e-17
1.524136664890162519e-16
2.163539409715559246e-16
2.593102824977240037e-16
2.730093010235811927e-16
2.556176589769185785e-16
2.122625192195279518e-16
1.531698794777563353e-16
9.030480832253719757e-17
3.398974035081257902e-17
-9.256202959060561272e-18
-3.720292624426931623e-17
-5.105784481802778888e-17
-5.400624739521468069e-17
-4.981618140753595908e-17
-4.188145171728040718e-17
-3.277083485370293905e-17
-2.416658498422095008e-17
-1.702059780441941173e-17
-1.178380427784780404e-17
-8.620030683105208819e-18
-7.564907679897912024e-18
-8.620030683198576361e-18
-1.178380427797603091e-17
-1.702059780446215505e-17
-2.416658498401453661e-17
-3.277083485333061519e-17
-4.188145171760821586e-17
-4.981618140790764199e-17
-5.400624739458458420e-17
-5.105784481809820704e-17
-3.720292624493648918e-17
-9.256202958772035396e-18
3.398974035124091200e-17
9.030480832256202203e-17
1.531698794791384689e-16
2.122625192183831667e-16
2.556176589768476303e-16
2.730093010204536058e-16
2.593102825025932476e-16
2.163539409658321718e-16
1.524136664932235429e-16
7.953432581412747205e-17
9.908483695433282402e-18
-4.725504984220392542e-17
-8.739431931296793498e-17
-1.105868738295567916e-16
-1.202645008863367831e-16
-1.212289835601740439e-16
-1.173853310619382205e-16
-1.093040176810910821e-16
-1.121369240773271787e-16
-1.208431382724831761e-16
-1.263940391090038250e-16
-1.280050939620222976e-16
-1.213678382223397981e-16
-1.010228817332876578e-16
-6.262597726243653866e-17
-5.073755834864903866e-18
6.790146516623869128e-17
1.473192294768714377e-16
2.202962737171604410e-16
2.731687948017065779e-16
2.955283503175548167e-16
2.836049462928755371e-16
2.414777089082633452e-16
1.795354443001011195e-16
1.109329338736831341e-16
4.766293494038333691e-17
-2.208471424977342939e-18
-3.542705999807270448e-17
-5.280165830502911479e-17
-5.761811377341442153e-17
-5.402307252309644431e-17
-4.586428665147852999e-17
-3.611025021230673412e-17
-2.673555179739212057e-17
-1.887684856340500319e-17
-1.308708256193457933e-17
-9.578873265961116957e-18
-8.407319897007208642e-18
-9.578873266012077064e-18
-1.308708256200103008e-17
-1.887684856345004838e-17
-2.673555179733825308e-17
-3.611025021251620134e-17
-4.586428665069066133e-17
-5.402307252302699374e-17
-5.761811377401110852e-17
-5.280165830370042650e-17
-3.542705999764584445e-17
-2.208471426220849652e-18
4.766293493827625245e-17
1.109329338735086479e-16
1.795354443060678662e-16
2.414777089030180611e-16
2.836049462904420491e-16
2.955283503222421789e-16
2.731687948052692709e-16
2.202962737143664682e-16
1.473192294744642533e-16
6.790146516763183196e-17
-5.073755840030691711e-18
-6.262597726014399793e-17
-1.010228817338396139e-16
-1.213678382195605918e-16
-1.280050939627785194e-16
-1.263940391088853726e-16
-1.208431382719590766e-16
-1.121369240774785907e-16
-1.153990239927026371e-16
-1.248346101676358092e-16
-1.323893735204040372e-16
-1.370498182337333446e-16
-1.340675956681586948e-16
-1.172451494928003946e-16
-8.118123364784521905e-17
-2.353752434307966636e-17
5.302029803094668894e-17
1.399232679891013216e-16
2.236200217621834430e-16
2.886117564663121676e-16
3.219140466255033621e-16
3.172850820091378319e-16
2.773255282626893883e-16
2.124258761040372989e-16
1.370806029035394452e-16
6.532051971216070353e-17
7.180915626398307122e-18
-3.272689026650554788e-17
-5.463842600947278354e-17
-6.191575808045829069e-17
-5.915790961414218807e-17
-5.077899668926039930e-17
-4.025492735782406851e-17
-2.993473488537316537e-17
-2.119308797670242741e-17
-1.471509654400131369e-17
-1.077716102363892009e-17
-9.460188908719010226e-18
-1.077716102330900367e-17
-1.471509654364366388e-17
-2.119308797685507507e-17
-2.993473488534716378e-17
-4.025492735784549102e-17
-5.077899668963068937e-17
-5.915790961415884043e-17
-6.191575808069004323e-17
-5.463842600902151196e-17
-3.272689026659966268e-17
7.180915624945271557e-18
6.532051971303243181e-17
1.370806029057164301e-16
2.124258761052382904e-16
2.773255282571482321e-16
3.172850820147458441e-16
3.219140466240612751e-16
2.886117564622365670e-16
2.236200217554103325e-16
1.399232680027688791e-16
5.302029802093328920e-17
-2.353752434083732307e-17
-8.118123364581454317e-17
-1.172451494898929738e-16
-1.340675956694169280e-16
-1.370498182347061826e-16
-1.323893735191325660e-16
-1.248346101686366518e-16
-1.153990239924081208e-16
-1.190986424761931644e-16
-1.293737947777122123e-16
-1.392493913221445403e-16
-1.474751160779877693e-16
-1.488366813166896596e-16
-1.363266815413811774e-16
-1.033415715099077843e-16
-4.607813301964226279e-17
3.414977081242649995e-17
1.294386398470520360e-16
2.256614482853101322e-16
3.052991237288237301e-16
3.523098169395835819e-16
3.573320709729005791e-16
3.209131082502075638e-16
2.531696795828777548e-16
1.700490960706326158e-16
8.803442664252036346e-17
1.964931871937903468e-17
-2.870415146012475135e-17
-5.644345345810508927e-17
-6.695425009676141464e-17
-6.536718443406215581e-17
-5.679828276487734922e-17
-4.536493189976554092e-17
-3.389416528319606336e-17
-2.406626494160557886e-17
-1.673706686227393862e-17
-1.226615571735179418e-17
-1.076860170806221925e-17
-1.226615571771444525e-17
-1.673706686254252110e-17
-2.406626494151220670e-17
-3.389416528288080249e-17
-4.536493189947057473e-17
-5.679828276589151620e-17
-6.536718443286639058e-17
-6.695425009742667090e-17
-5.644345345788687062e-17
-2.870415145843411766e-17
1.964931871933684603e-17
8.803442664274794983e-17
1.700490960684158674e-16
2.531696795838387846e-16
3.209131082495534009e-16
3.573320709721699953e-16
3.523098169408387582e-16
3.052991237248315022e-16
2.256614482912194892e-16
1.294386398409128739e-16
3.414977081382022612e-17
-4.607813301591859280e-17
-1.033415715098204919e-16
-1.363266815454780525e-16
-1.488366813108780474e-16
-1.474751160804546606e-16
-1.392493913233134596e-16
-1.293737947775343734e-16
-1.190986424758551868e-16
-1.232442336607808757e-16
-1.344753459043548927e-16
-1.470111129383205222e-16
-1.593649062328407905e-16
-1.658432339827824830e-16
-1.585693611471846498e-16
-1.295946352034486378e-16
-7.340099205729080475e-17
1.038821830074685261e-17
1.148743122390545683e-16
2.255394482471673024e-16
3.227119848897575853e-16
3.867788052948569422e-16
4.044818894260862599e-16
3.735568549441278654e-16
3.034127020796110345e-16
2.114968608717863665e-16
1.172034390309990914e-16
3.618228186817156978e-17
-2.280782967141044587e-17
-5.802455714979653802e-17
-7.278178555503021477e-17
-7.282448458022269373e-17
-6.413495175801237361e-17
-5.164041937821496357e-17
-3.877766966733684372e-17
-2.761908465669504416e-17
-1.924085672695641129e-17
-1.411102764718372590e-17
-1.238990595167763268e-17
-1.411102764713646512e-17
-1.924085672700673815e-17
-2.761908465683948890e-17
-3.877766966749181791e-17
-5.164041937768701224e-17
-6.413495175799358886e-17
-7.282448457995584921e-17
-7.278178555605791564e-17
-5.802455714887795880e-17
-2.280782967101204647e-17
3.618228186896227958e-17
1.172034390283867292e-16
2.114968608733453528e-16
3.034127020746034933e-16
3.735568549506384824e-16
4.044818894233405309e-16
3.867788052931247516e-16
3.227119848965818731e-16
2.255394482408523230e-16
1.148743122430122342e-16
1.038821829620613842e-17
-7.340099205166469808e-17
-1.295946352084405989e-16
-1.585693611432946781e-16
-1.658432339877101273e-16
-1.593649062313521607e-16
-1.470111129364541019e-16
-1.344753459041665521e-16
-1.232442336611475974e-16
-1.278440674450786212e-16
-1.401541137975873867e-16
-1.557135170343695039e-16
-1.728096363804875118e-16
-1.852720535386591602e-16
-1.843115274876830239e-16
-1.604986134312825415e-16
-1.063330308812376423e-16
-1.935136514302245145e-17
9.499276588321444935e-17
2.220955142213701462e-16
3.400842624489492292e-16
4.252452734585363769e-16
4.595044563295067844e-16
4.367990584890277434e-16
3.651790247447010712e-16
2.635296228246838418e-16
1.546499226217299867e-16
5.809652685666791441e-17
-1.427625901816394301e-17
-5.909043741159231876e-17
-7.942861721329759398e-17
-8.173201024640678716e-17
-7.304921539072356278e-17
-5.933035784482912657e-17
-4.479082597397234501e-17
-3.200640216945310792e-17
-2.233779518574664245e-17
-1.639455829757901898e-17
-1.439700851669030093e-17
-1.639455829743443249e-17
-2.233779518572258835e-17
-3.200640216893211460e-17
-4.479082597422747988e-17
-5.933035784451038978e-17
-7.304921539100832924e-17
-8.173201024621137153e-17
-7.942861721374539580e-17
-5.909043741167359609e-17
-1.427625901760435097e-17
5.809652685393103545e-17
1.546499226233228448e-16
2.635296228261772048e-16
3.651790247392311590e-16
4.367990584946904828e-16
4.595044563304124953e-16
4.252452734498727613e-16
3.400842624547252195e-16
2.220955142305066346e-16
9.499276587399185185e-17
-1.935136513804947230e-17
-1.063330308807436675e-16
-1.604986134343675793e-16
-1.843115274924686486e-16
-1.852720535357579516e-16
-1.728096363793394480e-16
-1.557135170355742917e-16
-1.401541137968413214e-16
-1.278440674454430010e-16
-1.329058873884688731e-16
-1.464246909574774482e-16
-1.653967811039236663e-16
-1.879051228355340689e-16
-2.073232776736613296e-16
-2.139275633485120054e-16
-1.966854155594018122e-16
-1.458344513669968309e-16
-5.636872875501518224e-17
6.826015726284066133e-17
2.138199204341014107e-16
3.563141738346529137e-16
4.674130337095177118e-16
5.231570015415423348e-16
5.124178063222419614e-16
4.409410394778341646e-16
3.288136493840046955e-16
2.027469155689736482e-16
8.715243001896712750e-17
-2.056458806576407233e-18
-5.920501347668713649e-17
-8.688946341988470227e-17
-9.232048537868258336e-17
-8.385689155526069838e-17
-6.874308978568152436e-17
-5.219086667900366388e-17
-3.742329285277323353e-17
-2.616879833197135194e-17
-1.922183980742548773e-17
-1.688255865143146736e-17
-1.922183980723130160e-17
-2.616879833155267018e-17
-3.742329285268760514e-17
-5.219086667889036373e-17
-6.874308978616757361e-17
-8.385689155553321284e-17
-9.232048537780802011e-17
-8.688946342053357735e-17
-5.920501347571097042e-17
-2.056458806917527945e-18
8.715243001840323987e-17
2.027469155670056621e-16
3.288136493876773360e-16
4.409410394762911527e-16
5.124178063196519339e-16
5.231570015419924786e-16
4.674130337136106180e-16
3.563141738426287905e-16
2.138199204149460191e-16
6.826015726670660978e-17
-5.636872874621153151e-17
-1.458344513770369595e-16
-1.966854155555919345e-16
-2.139275633465948762e-16
-2.073232776719825103e-16
-1.879051228348470204e-16
-1.653967811055461066e-16
-1.464246909577417166e-16
-1.329058873883722377e-16
-1.384365426672139277e-16
-1.533009150398101408e-16
-1.761014156785798601e-16
-2.047511522448579913e-16
-2.322106008225551473e-16
-2.478267558287062877e-16
-2.388630236453132749e-16
-1.930103124203943673e-16
-1.022060300673527475e-16
3.278889926548635382e-17
1.987619603183616964e-16
3.698504846323976183e-16
5.126532088701565045e-16
5.961101966154134874e-16
6.024237865554495495e-16
5.336974134746240871e-16
4.107169103885831793e-16
2.645847974883915923e-16
1.257066290975841362e-16
1.530852137285995904e-17
-5.772135138166816473e-17
-9.509584573771122898e-17
-1.048458925292468137e-16
-9.693802853917387943e-17
-8.025876497617310675e-17
-6.129877769987668607e-17
-4.411512196523795249e-17
-3.091210849294074594e-17
-2.272625873691227400e-17
-1.996428546456136783e-17
-2.272625873722349504e-17
-3.091210849332771919e-17
-4.411512196632846025e-17
-6.129877770022244134e-17
-8.025876497559607965e-17
-9.693802853810968142e-17
-1.048458925297548032e-16
-9.509584573802432048e-17
-5.772135138106139511e-17
1.530852137152218345e-17
1.257066291005851356e-16
2.645847974901004622e-16
4.107169103853159146e-16
5.336974134704881879e-16
6.024237865625868672e-16
5.961101966130362551e-16
5.126532088716460711e-16
3.698504846272537028e-16
1.987619603220145908e-16
3.278889926405128024e-17
-1.022060300714787982e-16
-1.930103124163276414e-16
-2.388630236436696832e-16
-2.478267558311069887e-16
-2.322106008209920688e-16
-2.047511522480196965e-16
-1.761014156741981568e-16
-1.533009150409670793e-16
-1.384365426669237008e-16
-1.444415976114382578e-16
-1.607953317620388626e-16
-1.878672895670750124e-16
-2.234498224538920608e-16
-2.601589571508456387e-16
-2.864512310470953368e-16
-2.878166131937802196e-16
-2.491212967224846957e-16
-1.586790869573401314e-16
-1.372739058417204008e-17
1.744220682282888169e-16
3.785477409758703133e-16
5.598514683638649597e-16
6.788351215245787100e-16
7.090341517732493164e-16
6.470555808998962467e-16
5.134832117089084200e-16
3.441894301194090192e-16
1.769193668464575718e-16
3.983739903656385325e-17
-5.368581084026017241e-17
-1.038728858991279544e-16
-1.195803486347717274e-16
-1.127448416362333002e-16
-9.434333928703996138e-17
-7.251371732858600061e-17
-5.238995596844122122e-17
-3.679306269046203397e-17
-2.707716400979255115e-17
-2.379187459722581065e-17
-2.707716401059085066e-17
-3.679306269061745189e-17
-5.238995596835025570e-17
-7.251371732801559254e-17
-9.434333928679757154e-17
-1.127448416363270761e-16
-1.195803486358069348e-16
-1.038728858963784537e-16
-5.368581084226020597e-17
3.983739903538238613e-17
1.769193668496376673e-16
3.441894301236653182e-16
5.134832116971573507e-16
6.470555809156396424e-16
7.090341517624901411e-16
6.788351215198695062e-16
5.598514683728232641e-16
3.785477409766744584e-16
1.744220682272086938e-16
-1.372739058911525206e-17
-1.586790869601717476e-16
-2.491212967143862990e-16
-2.878166131955932192e-16
-2.864512310523665547e-16
-2.601589571490375695e-16
-2.234498224557262611e-16
-1.878672895634054533e-16
-1.607953317624729580e-16
-1.444415976116283733e-16
-1.509249230870581285e-16
-1.689186219059922675e-16
-2.007325459075343000e-16
-2.441036035984302423e-16
-2.914015921606156906e-16
-3.302727524308873911e-16
-3.444079763618395508e-16
-3.155928441804372171e-16
-2.279092079560698590e-16
-7.408618029805173822e-17
1.376238467867842029e-16
3.794838679385891104e-16
6.072023267078679459e-16
7.714347644739265342e-16
8.346086402333372812e-16
7.853119342766070377e-16
6.424441514980763278e-16
4.468069109728357137e-16
2.450365704712672405e-16
7.433236148050589433e-17
-4.569857356511575407e-17
-1.128721291658493419e-16
-1.367926409525952655e-16
-1.318067753694645382e-16
-1.115632178475692502e-16
-8.632959589853321806e-17
-6.263359871420082602e-17
-4.409635409373625523e-17
-3.248970541564545189e-17
-2.855585976837893371e-17
-3.248970541412508273e-17
-4.409635409242989541e-17
-6.263359871352434082e-17
-8.632959589873456248e-17
-1.115632178492688510e-16
-1.318067753695039566e-16
-1.367926409532814266e-16
-1.128721291650891512e-16
-4.569857356583614432e-17
7.433236147870096825e-17
2.450365704718220069e-16
4.468069109716432518e-16
6.424441515034636562e-16
7.853119342736164660e-16
8.346086402300649876e-16
7.714347644866077691e-16
6.072023267036091817e-16
3.794838679251539217e-16
1.376238467899724089e-16
-7.408618029077708482e-17
-2.279092079601756335e-16
-3.155928441827986722e-16
-3.444079763594517675e-16
-3.302727524327387984e-16
-2.914015921573776631e-16
-2.441036035993623800e-16
-2.007325459065198249e-16
-1.689186219055172500e-16
-1.509249230874478505e-16
-1.578882747834820897e-16
-1.776789978226006667e-16
-2.147324117477520769e-16
-2.668131061643194737e-16
-3.261764538178946988e-16
-3.797881670953076888e-16
-4.095727281651147792e-16
-3.940216540637195188e-16
-3.123541805024294785e-16
-1.516545201864863568e-16
8.436450709221847707e-17
3.687328916225496701e-16
6.519351315778597510e-16
8.733980223103721499e-16
9.815260015614871780e-16
9.535172407686184039e-16
8.042724130723841716e-16
5.792738706296192115e-16
3.357739644262127585e-16
1.226914781085672463e-16
-3.171007112681180253e-17
-1.214673821896959251e-16
-1.567110322072855662e-16
-1.547286552255946920e-16
-1.325984684598744172e-16
-1.033530322440912562e-16
-7.532729475076052086e-17
-5.318123140002829325e-17
-3.923740182991533290e-17
-3.449909848877560324e-17
-3.923740183008742168e-17
-5.318123140038555479e-17
-7.532729475060485642e-17
-1.033530322445524810e-16
-1.325984684587038216e-16
-1.547286552260218848e-16
-1.567110322068968550e-16
-1.214673821903016964e-16
-3.171007112850744672e-17
1.226914781120011578e-16
3.357739644244972326e-16
5.792738706333984469e-16
8.042724130723478840e-16
9.535172407649634141e-16
9.815260015603344550e-16
8.733980223108441846e-16
6.519351315673989624e-16
3.687328916327827738e-16
8.436450710054215524e-17
-1.516545201914875378e-16
-3.123541805054405605e-16
-3.940216540595982629e-16
-4.095727281708524111e-16
-3.797881670932011344e-16
-3.261764538198408680e-16
-2.668131061573721730e-16
-2.147324117532638234e-16
-1.776789978222340682e-16
-1.578882747831540468e-16
-1.653308643115930453e-16
-1.870815762274092296e-16
-2.298979076026418779e-16
-2.916745501852358643e-16
-3.647218449697628149e-16
-4.355132886531473561e-16
-4.843147319713087846e-16
-4.861783698621491613e-16
-4.148365080865368084e-16
-2.504518449016113157e-16
9.643126357436222996e-18
3.410852788907560064e-16
6.899531148757660735e-16
9.832468065027975136e-16
1.151968616325231805e-15
1.157505827995256846e-15
1.007276533002093503e-15
7.504963631466900573e-16
4.568402993943067687e-16
1.903501373656126407e-16
-8.722919885663844963e-18
-1.285934490758615833e-16
-1.794562051023064628e-16
-1.821747127280073019e-16
-1.582504387722829073e-16
-1.243206836566474743e-16
-9.106758209556649294e-17
-6.449991897822737263e-17
-4.766801197136443199e-17
-4.193145854127131216e-17
-4.766801197264023578e-17
-6.449991898045422835e-17
-9.106758209567497364e-17
-1.243206836561645435e-16
-1.582504387714500674e-16
-1.821747127263097472e-16
-1.794562051024910070e-16
-1.285934490761555079e-16
-8.722919887143464524e-18
1.903501373697898810e-16
4.568402993926807291e-16
7.504963631415223282e-16
1.007276533003644206e-15
1.157505827998442463e-15
1.151968616323460812e-15
9.832468065014745939e-16
6.899531148822286193e-16
3.410852788878768613e-16
9.643126353266747985e-18
-2.504518448973396339e-16
-4.148365080809796777e-16
-4.861783698746248979e-16
-4.843147319622149933e-16
-4.355132886516652836e-16
-3.647218449720783681e-16
-2.916745501873436513e-16
-2.298979076040539883e-16
-1.870815762268059729e-16
-1.653308643109527614e-16
-1.732489298503393801e-16
-1.971277356606916408e-16
-2.462544675577069425e-16
-3.187769391839416693e-16
-4.072712948717440584e-16
-4.979750192011597749e-16
-5.696971535401391240e-16
-5.940050772909511317e-16
-5.385664326346392732e-16
-3.752340465176201219e-16
-9.273241316438766672e-17
2.897087701575658965e-16
7.153635641117659921e-16
1.098037621173751293e-15
1.347568967545168906e-15
1.403853063046247488e-15
1.261730325158456552e-15
9.720642922021573597e-16
6.186497234753419585e-16
2.849062639572558589e-16
2.764582648811228046e-17
-1.324965950911156583e-16
-2.049244660277347120e-16
-2.148257915063141468e-16
-1.894358651169615791e-16
-1.501116916595152025e-16
-1.105866676674436866e-16
-7.861911394884126129e-17
-5.822315208261427368e-17
-5.124828790252388911e-17
-5.822315208096725537e-17
-7.861911394760466019e-17
-1.105866676674011497e-16
-1.501116916593465096e-16
-1.894358651184663312e-16
-2.148257915063183129e-16
-2.049244660287336564e-16
-1.324965950923293208e-16
2.764582649248655116e-17
2.849062639544618615e-16
6.186497234788810843e-16
9.720642921995614157e-16
1.261730325157561589e-15
1.403853063049254231e-15
1.347568967544987665e-15
1.098037621169986060e-15
7.153635641083253752e-16
2.897087701674068870e-16
-9.273241316013750603e-17
-3.752340465264216403e-16
-5.385664326348132170e-16
-5.940050772859312154e-16
-5.696971535413675776e-16
-4.979750192017581259e-16
-4.072712948757443720e-16
-3.187769391830393603e-16
-2.462544675583176687e-16
-1.971277356595995861e-16
-1.732489298508362146e-16
-1.816353138926654058e-16
-2.078144685264385476e-16
-2.638204851425531578e-16
-3.481989536205435462e-16
-4.540476292366747046e-16
-5.677015412603774195e-16
-6.668295495984800670e-16
-7.196060842668648081e-16
-6.871566762531773487e-16
-5.315743701881747618e-16
-2.303567607317466377e-16
2.057440061069871451e-16
7.198742395302958742e-16
1.212667749522130203e-15
1.568851978863338290e-15
1.699704114771140247e-15
1.580217079286506078e-15
1.259030792751190790e-15
8.352901156035372538e-16
4.170074719148714040e-16
8.380938585325200929e-17
-1.303483645706999593e-16
-2.325886531189064387e-16
-2.532875980019919413e-16
-2.271528179971826805e-16
-1.817467980021687410e-16
-1.347695745605994926e-16
-9.624355458856121357e-17
-7.146180554911604478e-17
-6.295308444653921117e-17
-7.146180555016325764e-17
-9.624355458824310541e-17
-1.347695745595737269e-16
-1.817467980017955851e-16
-2.271528179979935802e-16
-2.532875980007115708e-16
-2.325886531200140981e-16
-1.303483645682107087e-16
8.380938585107931379e-17
4.170074719143376903e-16
8.352901156014912444e-16
1.259030792750082835e-15
1.580217079282674186e-15
1.699704114773460879e-15
1.568851978868194715e-15
1.212667749527653610e-15
7.198742395278318672e-16
2.057440060994255682e-16
-2.303567607331338003e-16
-5.315743701872026879e-16
-6.871566762450212172e-16
-7.196060842749052729e-16
-6.668295495896259908e-16
-5.677015412663991892e-16
-4.540476292341917649e-16
-3.481989536177918022e-16
-2.638204851454375291e-16
-2.078144685250670636e-16
-1.816353138934451948e-16
-1.904790564167066355e-16
-2.191337392163732265e-16
-2.826058051992333169e-16
-3.800055917045217260e-16
-5.052562456494870664e-16
-6.452104538048763234e-16
-7.768504250442009750e-16
-8.652303332342378088e-16
-8.646252227650477804e-16
-7.259349936707137920e-16
-4.124505988076752156e-16
7.783223656425076948e-17
6.920293713242352039e-16
1.318923137255487405e-15
1.814380618996072338e-15
2.052384401838830460e-15
1.977945436085731113e-15
1.630884711439872831e-15
1.125835390406600812e-15
6.016114550256890208e-16
1.691631333273591659e-16
-1.176476721666457951e-16
-2.611635827655328817e-16
-2.979116916836296259e-16
-2.723917300291581320e-16
-2.203578668295565185e-16
-1.646602246448261565e-16
-1.182389974827950990e-16
-8.808735597513993147e-17
-7.768457069330727108e-17
-8.808735597416365447e-17
-1.182389974822394451e-16
-1.646602246467485613e-16
-2.203578668302551535e-16
-2.723917300286381740e-16
-2.979116916828427371e-16
-2.611635827649053922e-16
-1.176476721663197244e-16
1.691631333279819223e-16
6.016114550267343602e-16
1.125835390402972643e-15
1.630884711439519027e-15
1.977945436096572428e-15
2.052384401834913766e-15
1.814380618995680274e-15
1.318923137251551186e-15
6.920293713280442188e-16
7.783223656058199928e-17
-4.124505988104543233e-16
-7.259349936609050955e-16
-8.646252227738361840e-16
-8.652303332406916771e-16
-7.768504250431156010e-16
-6.452104538003691666e-16
-5.052562456452239635e-16
-3.800055917084601634e-16
-2.826058051966449164e-16
-2.191337392185550678e-16
-1.904790564159177252e-16
-1.997650124821683175e-16
-2.310718613553458026e-16
-3.026101871941190030e-16
-4.142445998878331126e-16
-5.610776342903052997e-16
-7.309947870065215504e-16
-9.009047625225705295e-16
-1.033243743491988170e-15
-1.075381885337722584e-15
-9.657212334784178865e-16
-6.500861079956365631e-16
-1.084223952149177653e-16
6.162591210857803007e-16
1.404190923221594220e-15
2.079476929885600358e-15
2.468653537589033351e-15
2.472954033230208057e-15
2.112734955936243603e-15
1.516115406895269791e-15
8.597775832078819485e-16
2.974929124185863957e-16
-8.729476970365161994e-17
-2.880496529469877978e-16
-3.484636568264087602e-16
-3.259434671193613446e-16
-2.670972098434832427e-16
-2.014407733369985382e-16
-1.456485627258132313e-16
-1.089766097428841166e-16
-9.624782020300007557e-17
-1.089766097452476917e-16
-1.456485627273742885e-16
-2.014407733351889899e-16
-2.670972098440978639e-16
-3.259434671167514476e-16
-3.484636568268114736e-16
-2.880496529496398496e-16
-8.729476970270185606e-17
2.974929124192214287e-16
8.597775832033826803e-16
1.516115406904435369e-15
2.112734955929888934e-15
2.472954033228076160e-15
2.468653537602363917e-15
2.079476929868289988e-15
1.404190923222396294e-15
6.162591210922310135e-16
-1.084223952063140045e-16
-6.500861079980105414e-16
-9.657212334820243613e-16
-1.075381885346613243e-15
-1.033243743471803389e-15
-9.009047625371829945e-16
-7.309947870104598399e-16
-5.610776342861421849e-16
-4.142445998876138093e-16
-3.026101871938606510e-16
-2.310718613541458466e-16
-1.997650124826607393e-16
-2.094735038027247907e-16
-2.436089085202067191e-16
-3.238217708167975080e-16
-4.509427508618064638e-16
-6.216592227284655272e-16
-8.255069093722473110e-16
-1.040116143983608468e-15
-1.226089826519296408e-15
-1.324193939269158244e-15
-1.259308268857812892e-15
-9.563990122211391497e-16
-3.710453329421013533e-16
4.717210706950319215e-16
1.449746039082170063e-15
2.354345388318273711e-15
2.953393257051080025e-15
3.086055515866158937e-15
2.736700188765800729e-15
2.041086001190612116e-15
1.221212916511026033e-15
4.890619127354603409e-16
-2.815698327558605152e-17
-3.084151222765384158e-16
-4.035276158085343144e-16
-3.880197351523273058e-16
-3.229304480140657170e-16
-2.463536752489592543e-16
-1.796893011640226117e-16
-1.352061338691233097e-16
-1.196470592430749635e-16
-1.352061338664983257e-16
-1.796893011624424247e-16
-2.463536752502027456e-16
-3.229304480139573966e-16
-3.880197351537691463e-16
-4.035276158093625690e-16
-3.084151222738749749e-16
-2.815698327711215224e-17
4.890619127346700008e-16
1.221212916514656962e-15
2.041086001180755694e-15
2.736700188764277044e-15
3.086055515869928115e-15
2.953393257051508771e-15
2.354345388334319931e-15
1.449746039072876098e-15
4.717210706969417538e-16
-3.710453329562877841e-16
-9.563990122178403306e-16
-1.259308268851951853e-15
-1.324193939267663550e-15
-1.226089826524979953e-15
-1.040116143978603343e-15
-8.255069093764321195e-16
-6.216592227278079130e-16
-4.509427508591478053e-16
-3.238217708151246298e-16
-2.436089085218184606e-16
-2.094735038028042438e-16
-2.195800141996910050e-16
-2.567181741130209616e-16
-3.462155795833181876e-16
-4.901020434494545886e-16
-6.871066666930366551e-16
-9.291404378144579697e-16
-1.195553256428491294e-15
-1.446237084958941901e-15
-1.616125828011275796e-15
-1.616028256769981680e-15
-1.346765613622611775e-15
-7.323163046839982075e-16
2.309236031930811173e-16
1.428511678411704996e-15
2.621369901078759255e-15
3.507416987104614884e-15
3.840261641076630567e-15
3.543442329418506391e-15
2.747970103997749796e-15
1.727886393308261577e-15
7.737065808195638925e-16
7.715184322800787417e-17
-3.136931608820864638e-16
-4.594614697293292085e-16
-4.575384378386970559e-16
-3.882112677407795963e-16
-3.005084349625557427e-16
-2.217014178237484904e-16
-1.680637011063654761e-16
-1.491122142098070950e-16
-1.680637011066344284e-16
-2.217014178224457606e-16
-3.005084349614157401e-16
-3.882112677418538276e-16
-4.575384378408777633e-16
-4.594614697281585389e-16
-3.136931608799889813e-16
7.715184322732442480e-17
7.737065808183425387e-16
1.727886393305296249e-15
2.747970103998551673e-15
3.543442329426570127e-15
3.840261641075230339e-15
3.507416987100198446e-15
2.621369901068358518e-15
1.428511678422857714e-15
2.309236031868259434e-16
-7.323163046694327783e-16
-1.346765613635604906e-15
-1.616028256769117482e-15
-1.616125828005518097e-15
-1.446237084961432926e-15
-1.195553256434970406e-15
-9.291404378083340425e-16
-6.871066666952105586e-16
-4.901020434459665415e-16
-3.462155795839764920e-16
-2.567181741132788205e-16
-2.195800141997233976e-16
-2.300549390462971512e-16
-2.703656967449866796e-16
-3.697521030810803752e-16
-5.316959147453289649e-16
-7.574747556319856512e-16
-1.042210376219094954e-15
-1.368190804189411208e-15
-1.696112029539715137e-15
-1.956447971357237594e-15
-2.046103964305987720e-15
-1.838916266652931605e-15
-1.219387489317920824e-15
-1.418577948213798072e-16
1.302193462742579000e-15
2.851291892136127540e-15
4.123943764304487990e-15
4.759255992230006323e-15
4.583673538478501830e-15
3.700360124387231011e-15
2.439149838044101657e-15
1.195433423928555073e-15
2.557065101149746083e-16
-2.891363569124309232e-16
-5.085940166905670947e-16
-5.308190714076205076e-16
-4.618559422788234350e-16
-3.644644999288574058e-16
-2.729948780346571187e-16
-2.090171629986360303e-16
-1.860993710992325799e-16
-2.090171629993426525e-16
-2.729948780362629437e-16
-3.644644999291105809e-16
-4.618559422785102573e-16
-5.308190714056603855e-16
-5.085940166902750190e-16
-2.891363569077400605e-16
2.557065101068006288e-16
1.195433423928453310e-15
2.439149838046204760e-15
3.700360124382990095e-15
4.583673538490547736e-15
4.759255992234418422e-15
4.123943764300561040e-15
2.851291892115612423e-15
1.302193462754698073e-15
-1.418577948221859244e-16
-1.219387489326169153e-15
-1.838916266640382406e-15
-2.046103964316933165e-15
-1.956447971346755999e-15
-1.696112029533720385e-15
-1.368190804197215015e-15
-1.042210376215994730e-15
-7.574747556337451068e-16
-5.316959147500784006e-16
-3.697521030799274057e-16
-2.703656967434043725e-16
-2.300549390462982852e-16
-2.408633987216300597e-16
-2.845098682133215439e-16
-3.943760022767873111e-16
-5.756655705765997873e-16
-8.327581503506404728e-16
-1.164931837066366556e-15
-1.558865140347074258e-15
-1.978017150240591398e-15
-2.350510128061290690e-15
-2.560513878788381791e-15
-2.452949579911882490e-15
-1.864835745100505734e-15
-6.923254600582486804e-16
1.017706037976599435e-15
2.997912057329097880e-15
4.783080889225937582e-15
5.864203221194770395e-15
5.919262045326424621e-15
4.983463030055413704e-15
3.438976231214894714e-15
1.819251303784000389e-15
5.495789098959463351e-16
-2.098629136017274696e-16
-5.361537794068455802e-16
-5.992485135777924496e-16
-5.397915778915313425e-16
-4.373889266249795977e-16
-3.344863400121547750e-16
-2.595839376346794127e-16
-2.322228551824538475e-16
-2.595839376365096686e-16
-3.344863400123467640e-16
-4.373889266267628671e-16
-5.397915778898986963e-16
-5.992485135767443493e-16
-5.361537794106128840e-16
-2.098629135941472065e-16
5.495789098899964504e-16
1.819251303785236140e-15
3.438976231213768615e-15
4.983463030058412164e-15
5.919262045331145164e-15
5.864203221215627089e-15
4.783080889210861661e-15
2.997912057353379413e-15
1.017706037946319798e-15
-6.923254600800206497e-16
-1.864835745084394828e-15
-2.452949579915042272e-15
-2.560513878773746054e-15
-2.350510128064634277e-15
-1.978017150258122648e-15
-1.558865140339878467e-15
-1.164931837064401306e-15
-8.327581503514270657e-16
-5.756655705755436998e-16
-3.943760022754549744e-16
-2.845098682146616706e-16
-2.408633987216304048e-16
-2.519651257210690786e-16
-2.991011411360268165e-16
-4.200149854395161559e-16
-6.219165540003747737e-16
-9.128822180695520025e-16
-1.297397840706469643e-15
-1.768225276795440126e-15
-2.294033875470502299e-15
-2.803575698274228006e-15
-3.170773538338274563e-15
-3.211205154142173774e-15
-2.707065065707861188e-15
-1.477967657524826499e-15
5.028623294247835575e-16
2.990909001928397800e-15
5.443400002888291991e-15
7.167751138223968377e-15
7.623189969344860418e-15
6.710594072169738358e-15
4.846162548830205438e-15
2.741347064802961479e-15
1.024034873268806392e-15
-3.450818394571094183e-17
-5.150982078243726578e-16
-6.451646128517425989e-16
-6.120947956717086286e-16
-5.154151934587301492e-16
-4.059216040492782516e-16
-3.209894084894979870e-16
-2.890345757180771553e-16
-3.209894084843007248e-16
-4.059216040462695854e-16
-5.154151934592241733e-16
-6.120947956747650702e-16
-6.451646128531730995e-16
-5.150982078246122743e-16
-3.450818395268535970e-17
1.024034873285116091e-15
2.741347064796730661e-15
4.846162548831738984e-15
6.710594072157884145e-15
7.623189969356545026e-15
7.167751138228976066e-15
5.443400002841624557e-15
2.990909001970156152e-15
5.028623293784768307e-16
-1.477967657480759940e-15
-2.707065065700148101e-15
-3.211205154147254038e-15
-3.170773538345864588e-15
-2.803575698267150740e-15
-2.294033875479401833e-15
-1.768225276790668109e-15
-1.297397840693363706e-15
-9.128822180840605351e-16
-6.219165539943427488e-16
-4.200149854438894529e-16
-2.991011411364361367e-16
-2.519651257206547294e-16
-2.633144344472125475e-16
-3.140818528634173026e-16
-4.465789038126105601e-16
-6.703156832609934100e-16
-9.976942748775227044e-16
-1.439556831449186042e-15
-1.996680326356369684e-15
-2.645911449928357004e-15
-3.320614886682294042e-15
-3.888618958909810655e-15
-4.137948069422562170e-15
-3.790449216999884703e-15
-2.569759859937210415e-15
-3.386017219891694775e-16
2.726366637180127532e-15
6.029374394300269720e-15
8.663421346032965654e-15
9.776950747538191030e-15
9.030802682973506508e-15
6.828672299737481454e-15
4.104309083211909492e-15
1.780203554143795387e-15
3.048943554609514591e-16
-3.975175496384328478e-16
-6.346919909809301962e-16
-6.577852048884906270e-16
-5.885086784786183524e-16
-4.842895207043861436e-16
-3.933939697508518355e-16
-3.574824762556884668e-16
-3.933939697559974765e-16
-4.842895207062860165e-16
-5.885086784767311012e-16
-6.577852048870550973e-16
-6.346919909814683965e-16
-3.975175496361998784e-16
3.048943554559128073e-16
1.780203554152003879e-15
4.104309083199157555e-15
6.828672299747884163e-15
9.030802682977919396e-15
9.776950747524751996e-15
8.663421346021109075e-15
6.029374394302557417e-15
2.726366637173642307e-15
-3.386017219431958472e-16
-2.569759859953241252e-15
-3.790449217019839729e-15
-4.137948069439483237e-15
-3.888618958879381923e-15
-3.320614886701737886e-15
-2.645911449936841203e-15
-1.996680326335531135e-15
-1.439556831452456068e-15
-9.976942748699533868e-16
-6.703156832609483463e-16
-4.465789038113064744e-16
-3.140818528630817409e-16
-2.633144344473758911e-16
-2.748602817146499614e-16
-3.293861813542687366e-16
-4.739591163985598394e-16
-7.206884977520182379e-16
-1.086955584541914805e-15
-1.591190690982072466e-15
-2.244344855815369012e-15
-3.034943745884030351e-15
-3.906056855941563852e-15
-4.725580911953796651e-15
-5.258817065806403064e-15
-5.165080130959583700e-15
-4.053498684981449479e-15
-1.632418743452525520e-15
2.054706091369449641e-15
6.413106853210055248e-15
1.030760377902471372e-14
1.246279880330531843e-14
1.213697611873727761e-14
9.623741684780755198e-15
6.120107776449386341e-15
2.974770910991269057e-15
9.189475426063511920e-16
-1.005492960195334537e-16
-5.054619886602001867e-16
-6.354702093782872934e-16
-6.345554985592854043e-16
-5.606638929945681722e-16
-4.742464999098129880e-16
-4.367049176097840253e-16
-4.742464999076183770e-16
-5.606638929958522406e-16
-6.345554985623748794e-16
-6.354702093766742701e-16
-5.054619886574436109e-16
-1.005492960190408101e-16
9.189475426019625616e-16
2.974770910983204927e-15
6.120107776467781789e-15
9.623741684771569702e-15
1.213697611874883284e-14
1.246279880327537958e-14
1.030760377903223629e-14
6.413106853198509480e-15
2.054706091394118504e-15
-1.632418743452626692e-15
-4.053498684989568436e-15
-5.165080130963456218e-15
-5.258817065786877179e-15
-4.725580911968786586e-15
-3.906056855933271346e-15
-3.034943745885585196e-15
-2.244344855824615645e-15
-1.591190690975094203e-15
-1.086955584540614368e-15
-7.206884977561997923e-16
-4.739591163964468754e-16
-3.293861813535270594e-16
-2.748602817147432935e-16
-2.865464246497503381e-16
-3.449402470856182148e-16
-5.020281716222140871e-16
-7.728173542255189307e-16
-1.180334491618209281e-15
-1.751894157592152360e-15
-2.510984067184280991e-15
-3.461837254104089057e-15
-4.563503894143405318e-15
-5.692443799227705141e-15
-6.599991934208439448e-15
-6.885970333207153542e-15
-6.030406613264269277e-15
-3.539082390244960910e-15
7.660176951602695095e-16
6.388520765355824175e-15
1.198998070480508579e-14
1.574621426953838143e-14
1.627255306087086533e-14
1.356594609856298908e-14
9.105316339011106926e-15
4.851036620925566410e-15
1.986302513600098770e-15
5.163755525193015857e-16
-1.459501658863642166e-16
-4.668015374306959382e-16
-6.083528139963474568e-16
-6.140060559064266331e-16
-5.548732964580383780e-16
-5.214543272359230264e-16
-5.548732964572423187e-16
-6.140060559060638557e-16
-6.083528139950335103e-16
-4.668015374307396214e-16
-1.459501658909715587e-16
5.163755525171057914e-16
1.986302513600512922e-15
4.851036620919028331e-15
9.105316339028428734e-15
1.356594609855661350e-14
1.627255306087845417e-14
1.574621426954863347e-14
1.198998070475070645e-14
6.388520765400617275e-15
7.660176951528976044e-16
-3.539082390257641454e-15
-6.030406613238128005e-15
-6.885970333211262719e-15
-6.599991934203042061e-15
-5.692443799258976376e-15
-4.563503894130773288e-15
-3.461837254093628761e-15
-2.510984067194253376e-15
-1.751894157586329581e-15
-1.180334491616927776e-15
-7.728173542255658679e-16
-5.020281716264857689e-16
-3.449402470832613942e-16
-2.865464246502166535e-16
-2.983116811069598978e-16
-3.606623727460238689e-16
-5.306398499207118938e-16
-8.264403128489977025e-16
-1.277401083712292263e-15
-1.921056664190942589e-15
-2.795961144681612947e-15
-3.926574830770210006e-15
-5.295414136425573262e-15
-6.798590239406683371e-15
-8.187045489411989004e-15
-9.011553677723728051e-15
-8.616550411317684744e-15
-6.258162349247736997e-15
-1.426589807497488474e-15
5.636246497485642996e-15
1.348638952325341651e-14
1.964043037405685157e-14
2.173231951537601112e-14
1.912597131245152175e-14
1.353626997905725221e-14
7.789226471747850318e-15
3.794466342348739643e-15
1.687974221372518503e-15
6.385951813446548710e-16
-7.834966098171949255e-18
-4.214587501167412351e-16
-5.991917389260474874e-16
-6.135482894634970718e-16
-5.967241324679385301e-16
-6.135482894616477846e-16
-5.991917389290936738e-16
-4.214587501177643877e-16
-7.834966096015992401e-18
6.385951813480453951e-16
1.687974221372386566e-15
3.794466342351122003e-15
7.789226471745638352e-15
1.353626997906561414e-14
1.912597131243881793e-14
2.173231951540855952e-14
1.964043037400908447e-14
1.348638952328998021e-14
5.636246497482892238e-15
-1.426589807485096258e-15
-6.258162349254690017e-15
-8.616550411338288213e-15
-9.011553677718485281e-15
-8.187045489415212290e-15
-6.798590239404649687e-15
-5.295414136431362712e-15
-3.926574830765430298e-15
-2.795961144681634641e-15
-1.921056664188465566e-15
-1.277401083710635853e-15
-8.264403128497121147e-16
-5.306398499198491758e-16
-3.606623727479478020e-16
-2.983116811066194550e-16
-3.100902956886642521e-16
-3.764635096876381658e-16
-5.596296058381896163e-16
-8.812509439611657380e-16
-1.377623778956130932e-15
-2.097847678252953124e-15
-3.098189469947766026e-15
-4.428281127409987459e-15
-6.102763367328529619e-15
-8.051242291571137812e-15
-1.004346291658468072e-14
-1.160134386169262590e-14
-1.194055382171210470e-14
-1.003033759100858395e-14
-4.903923689192706911e-15
3.678264860077166226e-15
1.438613387605093807e-14
2.403902681052552123e-14
2.884702409010433392e-14
2.696265220852866715e-14
2.013762322558828300e-14
1.239129053151058121e-14
6.807519652123357859e-15
3.801815594323521720e-15
2.181390234702723773e-15
9.992852899172086270e-16
9.376602533528311047e-17
-4.244156913701834901e-16
-6.017569021511925347e-16
-6.268380813474372354e-16
-6.017569021566750194e-16
-4.244156913702312654e-16
9.376602533913432941e-17
9.992852899154486783e-16
2.181390234706874759e-15
3.801815594319462242e-15
6.807519652114474496e-15
1.239129053150628034e-14
2.013762322561924737e-14
2.696265220851196538e-14
2.884702409011850817e-14
2.403902681057601779e-14
1.438613387598848237e-14
3.678264860085582583e-15
-4.903923689198395387e-15
-1.003033759098827552e-14
-1.194055382172492053e-14
-1.160134386169974300e-14
-1.004346291661285568e-14
-8.051242291548303445e-15
-6.102763367322625784e-15
-4.428281127391403474e-15
-3.098189469952215596e-15
-2.097847678260930480e-15
-1.377623778957277738e-15
-8.812509439652243288e-16
-5.596296058344064366e-16
-3.764635096890636375e-16
-3.100902956884124576e-16
-3.218124123011679111e-16
-3.922478364480788898e-16
-5.888154404003907934e-16
-9.368991713830599795e-16
-1.480368215894141058e-15
-2.281206653725925007e-15
-3.416092678073763159e-15
-4.965096899161044776e-15
-6.984700662032748573e-15
-9.454622179456398505e-15
-1.218883733703547724e-14
-1.471264906528257937e-14
-1.613908659218238679e-14
-1.513544781523085131e-14
-1.015460861441969874e-14
-1.762716712489688578e-16
1.398448976893243317e-14
2.859343811211297556e-14
3.792943097226530770e-14
3.798752701710709989e-14
3.002746491601056762e-14
1.963064195768456256e-14
1.178472914022531155e-14
7.495816776668160945e-15
5.043195905718952381e-15
3.005597085995338444e-15
1.246206548106009870e-15
9.001147461509897524e-17
-4.179333134901416881e-16
-5.341166710444834893e-16
-4.179333134827213666e-16
9.001147461787961132e-17
1.246206548107821884e-15
3.005597085997590642e-15
5.043195905712534208e-15
7.495816776663845876e-15
1.178472914023574976e-14
1.963064195768300061e-14
3.002746491600055225e-14
3.798752701713254539e-14
3.792943097225548796e-14
2.859343811203585652e-14
1.398448976913962591e-14
-1.762716714024776401e-16
-1.015460861436597889e-14
-1.513544781530010699e-14
-1.613908659213592288e-14
-1.471264906526566304e-14
-1.218883733707508753e-14
-9.454622179424373908e-15
-6.984700662069533946e-15
-4.965096899144888115e-15
-3.416092678074158773e-15
-2.281206653729480009e-15
-1.480368215894819478e-15
-9.368991713818400061e-16
-5.888154403985641859e-16
-3.922478364483398056e-16
-3.218124123014091054e-16
-3.334046516607896576e-16
-4.079135308860603635e-16
-6.179992242196262771e-16
-9.929932468741059213e-16
-1.584898781796472742e-15
-2.469838679218433452e-15
-3.747575662871245475e-15
-5.534070424027976178e-15
-7.938216854464524782e-15
-1.100906865141758056e-14
-1.463678548990550804e-14
-1.839630696859233757e-14
-2.134970085851041490e-14
-2.188465922287336063e-14
-1.778063477702555291e-14
-6.887716184848115607e-15
1.113300941251143961e-14
3.249954076306767280e-14
4.913472089252590900e-14
5.342763177136237665e-14
4.495602506969164003e-14
3.112816667067289768e-14
2.000295095789527373e-14
1.383083168107660389e-14
1.015887834233164350e-14
6.782051887296813773e-15
3.588471489884829700e-15
1.283267663252043851e-15
1.402457333315721424e-16
-1.593260342891444137e-16
1.402457333265713559e-16
1.283267663249294868e-15
3.588471489888966486e-15
6.782051887301651856e-15
1.015887834233547894e-14
1.383083168106700976e-14
2.000295095790797754e-14
3.112816667068331065e-14
4.495602506970029226e-14
5.342763177135606576e-14
4.913472089248820145e-14
3.249954076321737335e-14
1.113300941234897528e-14
-6.887716184717634068e-15
-1.778063477708597019e-14
-2.188465922285564597e-14
-2.134970085851830666e-14
-1.839630696866187408e-14
-1.463678548985548163e-14
-1.100906865143068196e-14
-7.938216854465081718e-15
-5.534070424040369183e-15
-3.747575662857439621e-15
-2.469838679225022018e-15
-1.584898781787814402e-15
-9.929932468756501165e-16
-6.179992242205562455e-16
-4.079135308869634121e-16
-3.334046516611506107e-16
-3.447907894785760402e-16
-4.233537132505104209e-16
-6.469684788471561259e-16
-1.049102924140517204e-15
-1.690383051340455831e-15
-2.662216813324462869e-15
-4.090009628941462695e-15
-6.131074880527681247e-15
-8.957848702456095987e-15
-1.271015870551833138e-14
-1.739266985503226628e-14
-2.269150130002867055e-14
-2.770076737655730880e-14
-3.060501414215853165e-14
-2.848744518217274652e-14
-1.773054306147396512e-14
4.050126817942322577e-15
3.414463124213466333e-14
6.214099503527161656e-14
7.482986303788558231e-14
6.768598312972395752e-14
4.967503447137699979e-14
3.370313812783140162e-14
2.462735831422108959e-14
1.909508605348410669e-14
1.361880447800974212e-14
8.075657306828333901e-15
3.769564751412324889e-15
1.456206681562046017e-15
8.062598232192675396e-16
1.456206681567362939e-15
3.769564751415042515e-15
8.075657306829706519e-15
1.361880447800747809e-14
1.909508605349579446e-14
2.462735831422231390e-14
3.370313812782728692e-14
4.967503447139782572e-14
6.768598312974140081e-14
7.482986303786132326e-14
6.214099503531542674e-14
3.414463124207792214e-14
4.050126817940178453e-15
-1.773054306144801791e-14
-2.848744518218628969e-14
-3.060501414211884248e-14
-2.770076737660873307e-14
-2.269150129996459296e-14
-1.739266985508903587e-14
-1.271015870548054179e-14
-8.957848702494390451e-15
-6.131074880517928560e-15
-4.090009628944948671e-15
-2.662216813321967307e-15
-1.690383051346631625e-15
-1.049102924140360812e-15
-6.469684788460327880e-16
-4.233537132489939345e-16
-3.447907894780237389e-16
-3.558925282739882041e-16
-4.384575528260812030e-16
-6.754986111016579460e-16
-1.104763861131528006e-15
-1.795899339035496823e-15
-2.856591897315740032e-15
-4.440234146488043329e-15
-6.750760539238027389e-15
-1.003544459682773667e-14
-1.454789749110411186e-14
-2.045125880761113310e-14
-2.761985215821759219e-14
-3.529853156226009065e-14
-4.161527525126386296e-14
-4.305104594152941950e-14
-3.430057506269229730e-14
-9.879611552475164819e-15
3.056693606583180450e-14
7.547646410152224893e-14
1.038352762342770295e-13
1.025350873823144503e-13
8.022208237593010105e-14
5.703624832009144096e-14
4.320256293590023696e-14
3.456702693690753914e-14
2.564321625586658666e-14
1.628442624974243782e-14
8.599140010949341579e-15
4.212283617046395932e-15
2.923119825607957044e-15
4.212283617048432771e-15
8.599140010952601152e-15
1.628442624974446046e-14
2.564321625586915835e-14
3.456702693690611919e-14
4.320256293590775322e-14
5.703624832010683952e-14
8.022208237592864954e-14
1.025350873823093764e-13
1.038352762343062868e-13
7.547646410146902291e-14
3.056693606583587502e-14
-9.879611552376448343e-15
-3.430057506277279897e-14
-4.305104594152651650e-14
-4.161527525124650171e-14
-3.529853156227623390e-14
-2.761985215823853172e-14
-2.045125880757667250e-14
-1.454789749112612108e-14
-1.003544459683500997e-14
-6.750760539243799484e-15
-4.440234146485786397e-15
-2.856591897308124763e-15
-1.795899339028802549e-15
-1.104763861132266182e-15
-6.754986111027573223e-16
-4.384575528273313503e-16
-3.558925282742075567e-16
-3.666303537953565823e-16
-4.531115205779302505e-16
-7.033555960047533589e-16
-1.159483207745717820e-15
-1.900447517491905893e-15
-3.051010334535639187e-15
-4.794578766853297082e-15
-7.386550255766819387e-15
-1.116001830098628889e-14
-1.650605186915526854e-14
-2.379449759545839213e-14
-3.317913180597740939e-14
-4.421167236581171222e-14
-5.519296411440846463e-14
-6.225689332588751703e-14
-5.845084031508493563e-14
-3.424037151055725016e-14
1.673063521407464576e-14
8.522160314627928273e-14
1.412800639466342725e-13
1.559117049846193367e-13
1.316604617489938218e-13
9.811798275149359888e-14
7.616097646091851645e-14
6.167553576418609149e-14
4.637618630247910801e-14
3.063833399331615776e-14
1.739888861864788773e-14
9.505324512300810236e-15
7.111344763810916068e-15
9.505324512297209874e-15
1.739888861865081282e-14
3.063833399331435284e-14
4.637618630248099497e-14
6.167553576420425422e-14
7.616097646090439268e-14
9.811798275147538566e-14
1.316604617489807709e-13
1.559117049846702024e-13
1.412800639466108718e-13
8.522160314623523274e-14
1.673063521403981597e-14
-3.424037151050957141e-14
-5.845084031506547285e-14
-6.225689332593844589e-14
-5.519296411440280376e-14
-4.421167236575057865e-14
-3.317913180601231491e-14
-2.379449759542322786e-14
-1.650605186920325022e-14
-1.116001830093466425e-14
-7.386550255794547848e-15
-4.794578766842110245e-15
-3.051010334548578084e-15
-1.900447517481848705e-15
-1.159483207746618699e-15
-7.033555960050199939e-16
-4.531115205794412150e-16
-3.666303537947295858e-16
-3.769244633548769316e-16
-4.672007731155270996e-16
-7.302990591145781084e-16
-1.212746370091012162e-15
-2.002962951368428701e-15
-3.243340415464600702e-15
-5.148905309003833882e-15
-8.030686985954382947e-15
-1.231771404556829579e-14
-1.856171264958422726e-14
-2.738960158666012513e-14
-3.933710717215070113e-14
-5.445426102526380108e-14
-7.153355502631518460e-14
-8.681047830188524227e-14
-9.212518804008908091e-14
-7.351096857713100095e-14
-1.521365907454840923e-14
8.280138281309990147e-14
1.846568141647521469e-13
2.359712137399276292e-13
2.195409467967580066e-13
1.733736060292420432e-13
1.380345644873680918e-13
1.113434232804189523e-13
8.190746010957577538e-14
5.438160848246044300e-14
3.217107232750168179e-14
1.873924621924416164e-14
1.458870489624571046e-14
1.873924621924404489e-14
3.217107232750481199e-14
5.438160848245676375e-14
8.190746010957668414e-14
1.113434232804028722e-13
1.380345644873552681e-13
1.733736060292757939e-13
2.195409467966960842e-13
2.359712137398974379e-13
1.846568141648298717e-13
8.280138281304647350e-14
-1.521365907450828777e-14
-7.351096857722541183e-14
-9.212518803993137184e-14
-8.681047830202514202e-14
-7.153355502625110385e-14
-5.445426102534242211e-14
-3.933710717199010798e-14
-2.738960158678317797e-14
-1.856171264954654810e-14
-1.231771404559136681e-14
-8.030686985939236818e-15
-5.148905309020349474e-15
-3.243340415455158825e-15
-2.002962951370042316e-15
-1.212746370092819048e-15
-7.302990591140998614e-16
-4.672007731131012537e-16
-3.769244633554963847e-16
-3.866957459591992749e-16
-4.806106766706145313e-16
-7.560856197852703115e-16
-1.264025022875901156e-15
-2.102333117732457012e-15
-3.431307433023906791e-15
-5.498671534664827585e-15
-8.674338076841389112e-15
-1.349190887405148999e-14
-2.068515575751959671e-14
-3.118774486645596480e-14
-4.602608823280235534e-14
-6.596866554711203461e-14
-9.070399687206414219e-14
-1.172251998948675627e-13
-1.370840073940363749e-13
-1.325998651843170887e-13
-7.617186824315542792e-14
5.197776731794726502e-14
2.223473735082638576e-13
3.486192496769848642e-13
3.681755053253547348e-13
3.153820869623980417e-13
2.630398897898481264e-13
2.101874210254131751e-13
1.437363322937535303e-13
9.035902282760873564e-14
5.359167951549265315e-14
3.245743969786703841e-14
2.595428908230133772e-14
3.245743969785820948e-14
5.359167951549192109e-14
9.035902282758406007e-14
1.437363322937408580e-13
2.101874210253896481e-13
2.630398897898481769e-13
3.153820869623454342e-13
3.681755053253637720e-13
3.486192496770015754e-13
2.223473735081954223e-13
5.197776731819016476e-14
-7.617186824318004038e-14
-1.325998651843882251e-13
-1.370840073942515004e-13
-1.172251998947226900e-13
-9.070399687206245087e-14
-6.596866554715198253e-14
-4.602608823278205322e-14
-3.118774486643320143e-14
-2.068515575754895496e-14
-1.349190887405068377e-14
-8.674338076848368953e-15
-5.498671534648592038e-15
-3.431307433027390007e-15
-2.102333117732825410e-15
-1.264025022873400664e-15
-7.560856197862959293e-16
-4.806106766697026080e-16
-3.866957459601531063e-16
-3.958668139924697046e-16
-4.932283321327915933e-16
-7.804727789028568202e-16
-1.312785430077470493e-15
-2.197418173653690587e-15
-3.612534269060974267e-15
-5.839020941293715907e-15
-9.307750873925199569e-15
-1.466348166463805275e-14
-2.284005707721979814e-14
-3.512361281179697850e-14
-5.313895946719553723e-14
-7.861016368133172452e-14
-1.125951427229201343e-13
-1.536954210535358639e-13
-1.945594219473151699e-13
-2.158866049635822437e-13
-1.789187830617584003e-13
-3.347712338433129773e-14
2.235199398106760853e-13
4.838173251058344101e-13
6.040291370806607369e-13
5.787339472900157138e-13
5.244183697134907973e-13
4.206012244371894671e-13
2.535400581212542827e-13
1.351449112401962542e-13
7.430872797312462242e-14
4.547644330239184406e-14
3.718931137762923768e-14
4.547644330237687464e-14
7.430872797308315989e-14
1.351449112401377397e-13
2.535400581212168213e-13
4.206012244371231775e-13
5.244183697134673713e-13
5.787339472900168245e-13
6.040291370806719451e-13
4.838173251059325570e-13
2.235199398106034848e-13
-3.347712338437783421e-14
-1.789187830618087864e-13
-2.158866049633674211e-13
-1.945594219473668435e-13
-1.536954210536648585e-13
-1.125951427227932476e-13
-7.861016368138036884e-14
-5.313895946716925869e-14
-3.512361281182344636e-14
-2.284005707720369907e-14
-1.466348166463786658e-14
-9.307750873935169193e-15
-5.839020941290121067e-15
-3.612534269062776025e-15
-2.197418173655164968e-15
-1.312785430076505125e-15
-7.804727789036916322e-16
-4.932283321325941809e-16
-3.958668139922910769e-16
-4.043630420886916927e-16
-5.049442455916659938e-16
-8.032226948474577420e-16
-1.358498285852361052e-15
-2.287072009964214448e-15
-3.784592708492797362e-15
-6.164885074461310529e-15
-9.920482784712338046e-15
-1.581121092702540652e-14
-2.498420414102948087e-14
-3.911587886865415311e-14
-6.052783278631395193e-14
-9.213503851058741526e-14
-1.368795255551682173e-13
-1.959667762598682223e-13
-2.648987045220937877e-13
-3.259441717109031564e-13
-3.345352974548094004e-13
-2.073347876710080534e-13
1.273336766587437825e-13
5.860302774879252599e-13
9.201019525598659079e-13
1.004471420655904377e-12
9.396245470313953861e-13
7.697274502069756293e-13
4.219703010986097926e-13
1.553767404668519697e-13
5.946450142467776249e-14
3.193084230106062583e-14
2.671061110609201716e-14
3.193084230099849515e-14
5.946450142455647986e-14
1.553767404667278724e-13
4.219703010985041736e-13
7.697274502069146409e-13
9.396245470313762010e-13
1.004471420655929418e-12
9.201019525598707546e-13
5.860302774878192370e-13
1.273336766587597617e-13
-2.073347876710401632e-13
-3.345352974548414597e-13
-3.259441717105355599e-13
-2.648987045223597032e-13
-1.959667762596472150e-13
-1.368795255553264944e-13
-9.213503851059121441e-14
-6.052783278631436845e-14
-3.911587886863227957e-14
-2.498420414107347722e-14
-1.581121092699217970e-14
-9.920482784710591508e-15
-6.164885074481293954e-15
-3.784592708493145249e-15
-2.287072009964586791e-15
-1.358498285862661604e-15
-8.032226948390008572e-16
-5.049442455926346164e-16
-4.043630420889215963e-16
-4.121136005701145565e-16
-5.156540373071357065e-16
-8.241060474466602982e-16
-1.400648995688835684e-15
-2.370165394098419604e-15
-3.945058959830945179e-15
-6.471107718184694551e-15
-1.050167398139742073e-14
-1.691236024572666170e-14
-2.707059340717012296e-14
-4.306909045709244429e-14
-6.800538492062496377e-14
-1.061964230808657764e-13
-1.629776511023707986e-13
-2.432278383799283998e-13
-3.472377937066817482e-13
-4.624024392198946114e-13
-5.468995942055343712e-13
-4.975729818809117908e-13
-1.521683775059208636e-13
5.204616700970304471e-13
1.197811247028395692e-12
1.457022536390949148e-12
8.196350214795618080e-13
6.298601419888177553e-13
4.272331740344695963e-13
1.719163170876568684e-14
-8.731678646000256387e-14
-8.491069558791769496e-14
-7.439270324542429425e-14
-8.491069558803787950e-14
-8.731678646024102705e-14
1.719163170850459913e-14
4.272331740343144999e-13
6.298601419886977979e-13
8.196350214796551081e-13
1.457022536390819901e-12
1.197811247028317336e-12
5.204616700970688173e-13
-1.521683775057087420e-13
-4.975729818807003508e-13
-5.468995942057152160e-13
-4.624024392201021133e-13
-3.472377937064304740e-13
-2.432278383800653209e-13
-1.629776511023893778e-13
-1.061964230809195073e-13
-6.800538492057048819e-14
-4.306909045708379838e-14
-2.707059340716097217e-14
-1.691236024578472818e-14
-1.050167398138084203e-14
-6.471107718165440823e-15
-3.945058959823913273e-15
-2.370165394105420351e-15
-1.400648995684311172e-15
-8.241060474505093478e-16
-5.156540373061578148e-16
-4.121136005697851084e-16
-4.190525149944405188e-16
-5.252598222895253157e-16
-8.429068677537483476e-16
-1.438746058699727155e-15
-2.445614229200079997e-15
-4.091565789827173504e-15
-6.752595241541590585e-15
-1.104034526403669797e-14
-1.794343894319285114e-14
-2.904893121823992496e-14
-4.687691686701526534e-14
-7.534990257705565937e-14
-1.203491648777243431e-13
-1.900450059490710753e-13
-2.940290390543497273e-13
-4.392814279499428428e-13
-6.212854242174251986e-13
-8.082104260485027106e-13
-9.015960387496427641e-13
-6.735851822978332681e-13
1.035365630811452368e-13
1.156884091751692547e-12
1.237543058604021872e-12
-1.102080387548320098e-12
-1.329850498046397625e-12
-1.484352539153103977e-13
-5.095484364775179165e-13
-5.016029268770020321e-13
-4.342955032798585771e-13
-3.991781693879506524e-13
-4.342955032800862739e-13
-5.016029268773783629e-13
-5.095484364779072730e-13
-1.484352539155854514e-13
-1.329850498046559587e-12
-1.102080387548370585e-12
1.237543058603936852e-12
1.156884091751903583e-12
1.035365630815491336e-13
-6.735851822983326865e-13
-9.015960387492423004e-13
-8.082104260485747052e-13
-6.212854242175062809e-13
-4.392814279500613360e-13
-2.940290390544392409e-13
-1.900450059489318824e-13
-1.203491648776975849e-13
-7.534990257718008482e-14
-4.687691686693686519e-14
-2.904893121828229625e-14
-1.794343894321529266e-14
-1.104034526402534627e-14
-6.752595241541140934e-15
-4.091565789824016483e-15
-2.445614229214041257e-15
-1.438746058692828567e-15
-8.429068677498991994e-16
-5.252598222896945263e-16
-4.190525149942440431e-16
-4.251195776978333191e-16
-5.336722366237119517e-16
-8.594250383238798711e-16
-1.472334626933037739e-15
-2.512397245166695839e-15
-4.221877614800569178e-15
-7.004435680070054664e-15
-1.152580384211905448e-14
-1.888093834923225275e-14
-3.086779506905713420e-14
-5.042616538338424362e-14
-8.231526593214466204e-14
-1.340641049893409095e-13
-2.169911530126822888e-13
-3.462481512496949236e-13
-5.372045103911658876e-13
-7.950248575083424033e-13
-1.098596686397605018e-12
-1.367213471831138094e-12
-1.361582398232039081e-12
-6.621393797641351123e-13
6.752007198511734888e-13
-1.128331286885667576e-12
-3.814556196555300934e-12
-4.939833629821898765e-12
-7.486992106570001760e-13
-1.253595200534784066e-12
-1.135562446190618063e-12
-1.030516188309634282e-12
-9.886003857229350025e-13
-1.030516188309909134e-12
-1.135562446191083958e-12
-1.253595200535269953e-12
-7.486992106574598105e-13
-4.939833629821885033e-12
-3.814556196555002050e-12
-1.128331286885693425e-12
6.752007198514982218e-13
-6.621393797641577306e-13
-1.361582398231817745e-12
-1.367213471831618933e-12
-1.098596686397566042e-12
-7.950248575081535816e-13
-5.372045103911530639e-13
-3.462481512497746932e-13
-2.169911530126907202e-13
-1.340641049894215879e-13
-8.231526593210102857e-14
-5.042616538338570143e-14
-3.086779506903308972e-14
-1.888093834924867053e-14
-1.152580384210979641e-14
-7.004435680051417036e-15
-4.221877614820608612e-15
-2.512397245160173143e-15
-1.472334626935104554e-15
-8.594250383264646724e-16
-5.336722366223275008e-16
-4.251195776977822897e-16
-4.302613482563777018e-16
-5.408112999772767320e-16
-8.734820774473988205e-16
-1.501001361335225856e-15
-2.569590698774153030e-15
-4.333930010646847599e-15
-7.222089589357609120e-15
-1.194793110874134468e-14
-1.970241021426929685e-14
-3.247656437486090659e-14
-5.360295311952825967e-14
-8.864247728552082448e-14
-1.467592584013793882e-13
-2.425241834586427165e-13
-3.971621732084668843e-13
-6.356233080113746492e-13
-9.731041321460467564e-13
-1.390420759975181513e-12
-1.802242570008127445e-12
-1.951892072771876396e-12
-1.228442842165509879e-12
7.874868129393901095e-13
-4.838433728025162011e-12
-4.724043694540257221e-12
-6.851633195741146099e-12
-2.227937403563740466e-13
-1.382283698272180207e-12
-1.633179455729420266e-12
-1.609069224616887428e-12
-1.581991448128257725e-12
-1.609069224617086347e-12
-1.633179455730006119e-12
-1.382283698272667509e-12
-2.227937403572080934e-13
-6.851633195741369050e-12
-4.724043694540002766e-12
-4.838433728024035139e-12
7.874868129397378647e-13
-1.228442842165727579e-12
-1.951892072771615883e-12
-1.802242570008569712e-12
-1.390420759974970679e-12
-9.731041321463337250e-13
-6.356233080112763003e-13
-3.971621732083979694e-13
-2.425241834587213754e-13
-1.467592584013119122e-13
-8.864247728559016851e-14
-5.360295311953263943e-14
-3.247656437486045851e-14
-1.970241021423918445e-14
-1.194793110878084295e-14
-7.222089589343116167e-15
-4.333930010650211302e-15
-2.569590698768530029e-15
-1.501001361340454821e-15
-8.734820774465751511e-16
-5.408112999770228174e-16
-4.302613482562359533e-16
-4.344318847648930695e-16
-5.466084480274748074e-16
-8.849223206092433581e-16
-1.524389051256726301e-15
-2.616379179429189594e-15
-4.425912333717594325e-15
-7.401485144238388303e-15
-1.229765246704448697e-14
-2.038720286130059568e-14
-3.382826414719516838e-14
-5.629806643373721276e-14
-9.407749013795589316e-14
-1.578351449717140191e-13
-2.652498485377702735e-13
-4.435942486228078038e-13
-7.278535715387614970e-13
-1.142590605934737586e-12
-1.655842463815234085e-12
-2.113217547886901649e-12
-2.115497109025710940e-12
-6.909073844974620460e-13
3.495004266838935502e-12
-5.493935869853580260e-12
-2.392952479990402478e-12
-5.665011924764546968e-12
1.737614567424031817e-12
-4.498987493991640707e-13
-1.738389026277752183e-12
-1.951425428740271704e-12
-1.975887733209807035e-12
-1.951425428740928441e-12
-1.738389026278758693e-12
-4.498987493999608581e-13
1.737614567423115779e-12
-5.665011924764841813e-12
-2.392952479990366127e-12
-5.493935869854069783e-12
3.495004266839501765e-12
-6.909073844979861021e-13
-2.115497109026106759e-12
-2.113217547886263492e-12
-1.655842463815446737e-12
-1.142590605934996080e-12
-7.278535715385740889e-13
-4.435942486230439824e-13
-2.652498485376261328e-13
-1.578351449717189668e-13
-9.407749013796383225e-14
-5.629806643374803593e-14
-3.382826414721181019e-14
-2.038720286132354206e-14
-1.229765246698880917e-14
-7.401485144264647905e-15
-4.425912333709311286e-15
-2.616379179424854803e-15
-1.524389051261589037e-15
-8.849223206080869866e-16
-5.466084480282787552e-16
-4.344318847653209279e-16
-4.375935576999866696e-16
-5.510070359109097128e-16
-8.936182664475868097e-16
-1.542199025463533358e-15
-2.652088598836061693e-15
-4.496294553514957028e-15
-7.539205496901642804e-15
-1.256717700542204825e-14
-2.091759451951009365e-14
-3.488151677383376484e-14
-5.841446508729380603e-14
-9.838668201966004390e-14
-1.667273496808017831e-13
-2.837845414620019933e-13
-4.822348031589322795e-13
-8.063726039202092684e-13
-1.289045171176094365e-12
-1.872057212431918763e-12
-2.256369766758221458e-12
-1.697625519363503811e-12
1.335816938142369265e-12
9.204118561711564541e-12
-2.045392471672429148e-12
2.920562768663947377e-12
-2.675507102516076748e-12
4.021629931702152615e-12
1.324132298754810095e-12
-1.499896050532656899e-12
-2.062433739291444464e-12
-2.184280398602526709e-12
-2.062433739291585424e-12
-1.499896050533074125e-12
1.324132298754150330e-12
4.021629931701905430e-12
-2.675507102516691479e-12
2.920562768663945762e-12
-2.045392471673499474e-12
9.204118561711590390e-12
1.335816938142036656e-12
-1.697625519362809310e-12
-2.256369766759915401e-12
-1.872057212431784265e-12
-1.289045171175384113e-12
-8.063726039205686356e-13
-4.822348031586227936e-13
-2.837845414622330222e-13
-1.667273496807510183e-13
-9.838668201965190286e-14
-5.841446508727956867e-14
-3.488151677383443380e-14
-2.091759451946844495e-14
-1.256717700548608955e-14
-7.539205496887519039e-15
-4.496294553513400605e-15
-2.652088598834659887e-15
-1.542199025455438462e-15
-8.936182664533449027e-16
-5.510070359100334855e-16
-4.375935576999419018e-16
-4.397135998240396374e-16
-5.535344635180093479e-16
-8.978550221425027020e-16
-1.550365744662484839e-15
-2.668519657945047993e-15
-4.529749849452224377e-15
-7.607582656697268130e-15
-1.270734922779228700e-14
-2.120620796178686449e-14
-3.547974857818199922e-14
-5.966560957308541142e-14
-1.010320962790204565e-13
-1.723863985454525493e-13
-2.960054978807695262e-13
-5.086378134600715310e-13
-8.620273433903982685e-13
-1.396443078259227538e-12
-2.030024406683530879e-12
-2.311687547774435036e-12
-1.157198892895357157e-12
3.300708800890600175e-12
1.414793862597249057e-11
4.300838977082611261e-13
5.560836817848715579e-12
-2.325271678706236861e-12
4.250858072890114312e-12
2.504261124292814615e-12
-1.512268470189462390e-12
-2.220416592032831812e-12
-2.397426966398300357e-12
-2.220416592032549488e-12
-1.512268470189013459e-12
2.504261124293006062e-12
4.250858072890348573e-12
-2.325271678706827358e-12
5.560836817849172790e-12
4.300838977082564813e-13
1.414793862597304633e-11
3.300708800890973375e-12
-1.157198892895472066e-12
-2.311687547773926530e-12
-2.030024406684041404e-12
-1.396443078259608009e-12
-8.620273433900049740e-13
-5.086378134604721966e-13
-2.960054978806463377e-13
-1.723863985455068230e-13
-1.010320962791328282e-13
-5.966560957307220904e-14
-3.547974857814192508e-14
-2.120620796181112986e-14
-1.270734922777303722e-14
-7.607582656708870696e-15
-4.529749849446624254e-15
-2.668519657949377262e-15
-1.550365744666546092e-15
-8.978550221390449274e-16
-5.535344635195269191e-16
-4.397135998233858689e-16
-4.407884535553334768e-16
-5.558791464001276536e-16
-9.040306967816544757e-16
-1.564081242462186879e-15
-2.696009084621625991e-15
-4.582046758874044796e-15
-7.704681270306269886e-15
-1.288614611430577210e-14
-2.153604022843154291e-14
-3.609349636914883875e-14
-6.082312567509633209e-14
-1.032522725356397825e-13
-1.767239248273992001e-13
-3.046270449509523964e-13
-5.259220058488034600e-13
-8.960534510405046321e-13
-1.456735808799039769e-12
-2.095608071674242691e-12
-2.176229164626613731e-12
-1.119424757881422119e-13
6.540717661596317587e-12
2.089409281372330348e-11
7.044885178224798278e-12
1.424039952646881217e-11
4.519351147972849699e-12
7.716232018728624049e-12
4.990337665382066268e-12
-6.212097668245014539e-13
-1.884256540799761506e-12
-2.224172546821834419e-12
-1.884256540798859605e-12
-6.212097668228287154e-13
4.990337665383281189e-12
7.716232018728973016e-12
4.519351147973858633e-12
1.424039952646993823e-11
7.044885178224590675e-12
2.089409281372461534e-11
6.540717661597212622e-12
-1.119424757885856905e-13
-2.176229164626733285e-12
-2.095608071673928459e-12
-1.456735808799438011e-12
-8.960534510406879002e-13
-5.259220058487860925e-13
-3.046270449510514016e-13
-1.767239248273454818e-13
-1.032522725356276656e-13
-6.082312567509254556e-14
-3.609349636917463765e-14
-2.153604022842055565e-14
-1.288614611431679564e-14
-7.704681270296306573e-15
-4.582046758882194518e-15
-2.696009084625806165e-15
-1.564081242457152566e-15
-9.040306967822329080e-16
-5.558791463981328215e-16
-4.407884535563847326e-16
