-3.582428547882137319e-16
-3.715395050279646348e-16
-3.517205934409710033e-16
-3.015679269043378022e-16
-2.155187678425541948e-16
-8.757791036967331460e-17
8.214559314927001410e-17
2.831710073517195811e-16
4.937519200053276075e-16
6.840406385393142357e-16
8.228193979066642427e-16
8.858113601582800524e-16
8.626176082841350760e-16
7.596216614750637935e-16
5.977999151396915744e-16
4.064844230332100607e-16
2.156209534185386850e-16
4.925033266147261748e-17
-7.806056790561539261e-17
-1.615689440026935688e-16
-2.043577700358798974e-16
-2.143031617440096705e-16
-2.011448812628623862e-16
-1.743168622332148972e-16
-1.417147463396474821e-16
-1.092613285820274228e-16
-8.100155848802207922e-17
-5.946218989958949107e-17
-4.607601607037221553e-17
-4.154496509773283322e-17
-4.607601607034860517e-17
-5.946218989955580425e-17
-8.100155848805153824e-17
-1.092613285820579049e-16
-1.417147463396282536e-16
-1.743168622332167707e-16
-2.011448812627775590e-16
-2.143031617441937955e-16
-2.043577700358213245e-16
-1.615689440026058080e-16
-7.806056790572736155e-17
4.925033266125446046e-17
2.156209534190521594e-16
4.064844230332845095e-16
5.977999151396461163e-16
7.596216614747450937e-16
8.626176082847281022e-16
8.858113601576730240e-16
8.228193979060374927e-16
6.840406385403575042e-16
4.937519200044082887e-16
2.831710073522265228e-16
8.214559314979057602e-17
-8.757791036984304295e-17
-2.155187678425877954e-16
-3.015679269043856762e-16
-3.517205934408754033e-16
-3.715395050280195593e-16
-3.582428547882322208e-16
-3.592396787999872604e-16
-3.748327071587172014e-16
-3.609840421928883760e-16
-3.201195961323270357e-16
-2.463076768074683563e-16
-1.329139017328642863e-16
2.102496195439537511e-17
2.065412278988838933e-16
4.036622956389573325e-16
5.842364000323818141e-16
7.182700242233674541e-16
7.819369622442439937e-16
7.644271539800196112e-16
6.710083185085689606e-16
5.211641424768388621e-16
3.427204019950928338e-16
1.643799720498854839e-16
9.337460442077857054e-18
-1.082880770216960381e-16
-1.838820654336002711e-16
-2.204416619525401313e-16
-2.256394166104534846e-16
-2.089654212865818049e-16
-1.796033896974575503e-16
-1.452229186158631154e-16
-1.115563101742073152e-16
-8.249784037941598055e-17
-6.046298078013714511e-17
-4.680884108804083068e-17
-4.219330084455816316e-17
-4.680884108812852983e-17
-6.046298078022477030e-17
-8.249784037936615905e-17
-1.115563101741001040e-16
-1.452229186158749729e-16
-1.796033896975140032e-16
-2.089654212867434968e-16
-2.256394166102215595e-16
-2.204416619526167987e-16
-1.838820654335640821e-16
-1.082880770215779432e-16
9.337460442120246002e-18
1.643799720495748453e-16
3.427204019954358403e-16
5.211641424768275223e-16
6.710083185081698956e-16
7.644271539796255752e-16
7.819369622442258499e-16
7.182700242236862526e-16
5.842364000317186779e-16
4.036622956402302581e-16
2.065412278988766949e-16
2.102496195375140576e-17
-1.329139017328048752e-16
-2.463076768072133570e-16
-3.201195961325376615e-16
-3.609840421927312941e-16
-3.748327071587786832e-16
-3.592396787999891339e-16
-3.611884328193057931e-16
-3.761129786320184245e-16
-3.607860860615244709e-16
-3.175353085236931960e-16
-2.401656686161554065e-16
-1.217146965396531112e-16
3.905152544379238597e-17
2.332143908240212202e-16
4.404483277309136814e-16
6.317252684134701392e-16
7.756877401657534823e-16
8.469088513529228793e-16
8.331635602046455698e-16
7.389301302264799296e-16
5.837923482436372229e-16
3.965329145288928828e-16
2.073613361211910562e-16
4.109252895582233372e-17
-8.680740049457762568e-17
-1.708692527205568959e-16
-2.137577785308152707e-16
-2.232292482774589246e-16
-2.091112281705599325e-16
-1.810253570647425963e-16
-1.470700510678963482e-16
-1.133378238661831689e-16
-8.399439199425715241e-17
-6.164210476553602384e-17
-4.775549290960847812e-17
-4.305583524358265992e-17
-4.775549290947432863e-17
-6.164210476540689717e-17
-8.399439199431326015e-17
-1.133378238663013748e-16
-1.470700510679047545e-16
-1.810253570647569191e-16
-2.091112281705201444e-16
-2.232292482776478568e-16
-2.137577785307143951e-16
-1.708692527205371005e-16
-8.680740049486197306e-17
4.109252895659214487e-17
2.073613361196746437e-16
3.965329145294587426e-16
5.837923482428132577e-16
7.389301302284203302e-16
8.331635602026237193e-16
8.469088513542777479e-16
7.756877401645957303e-16
6.317252684145354959e-16
4.404483277322317694e-16
2.332143908227358699e-16
3.905152544273394417e-17
-1.217146965384459321e-16
-2.401656686165224733e-16
-3.175353085233660159e-16
-3.607860860617796674e-16
-3.761129786319614786e-16
-3.611884328193271416e-16
-3.641295040896124620e-16
-3.796331270090560610e-16
-3.661279086335637628e-16
-3.256141956887740928e-16
-2.513654167541537738e-16
-1.356448040112213729e-16
2.375515374034473733e-17
2.189011704831042397e-16
4.301403983635333954e-16
6.284478761838320964e-16
7.815897883670133398e-16
8.624861882358375553e-16
8.569293527196196860e-16
7.677176931038711498e-16
6.135956050785083779e-16
4.235505902824466594e-16
2.288513712832401933e-16
5.577861532372628596e-17
-7.880896149312453468e-17
-1.684509564354637934e-16
-2.153329576458473163e-16
-2.271774154934919543e-16
-2.140681389638120072e-16
-1.860109067614663237e-16
-1.514945687030321715e-16
-1.169403088652684804e-16
-8.675752518356108493e-17
-6.371155947417928502e-17
-4.937518079779155592e-17
-4.452042864440268810e-17
-4.937518079793353856e-17
-6.371155947431662077e-17
-8.675752518360005959e-17
-1.169403088650646584e-16
-1.514945687030843103e-16
-1.860109067614676549e-16
-2.140681389637826468e-16
-2.271774154933228915e-16
-2.153329576459044840e-16
-1.684509564352035433e-16
-7.880896149355214659e-17
5.577861532327195138e-17
2.288513712845580841e-16
4.235505902807746687e-16
6.135956050791981381e-16
7.677176931013213542e-16
8.569293527225860002e-16
8.624861882354962743e-16
7.815897883676014356e-16
6.284478761835094523e-16
4.301403983632839675e-16
2.189011704839274161e-16
2.375515374104796985e-17
-1.356448040125176686e-16
-2.513654167541707836e-16
-3.256141956884984352e-16
-3.661279086337360303e-16
-3.796331270091043294e-16
-3.641295040896280420e-16
-3.680581701454832993e-16
-3.843395572173963791e-16
-3.732854296038376346e-16
-3.364672217089710385e-16
-2.664593414223044930e-16
-1.544979182746236434e-16
2.931091701478463344e-18
1.992387002607454950e-16
4.157225738385646335e-16
6.234251089828067060e-16
7.889895555214079778e-16
8.831300723010908938e-16
8.889331233180133195e-16
8.068509429819165212e-16
6.543987639054603940e-16
4.607668217041135697e-16
2.586282548285298829e-16
7.626600594181208291e-17
-6.752807717923586691e-17
-1.648981602772001639e-16
-2.173401089123386529e-16
-2.325093072396376237e-16
-2.208329442528590325e-16
-1.928444270776111932e-16
-1.575729500375715230e-16
-1.218960092913130227e-16
-9.056158206528206093e-17
-6.656148737932857027e-17
-5.160549875704705355e-17
-4.653692438418195832e-17
-5.160549875697392367e-17
-6.656148737922955590e-17
-9.056158206522984819e-17
-1.218960092914527990e-16
-1.575729500375161055e-16
-1.928444270775499332e-16
-2.208329442528696822e-16
-2.325093072397500857e-16
-2.173401089122846899e-16
-1.648981602772854102e-16
-6.752807717921582492e-17
7.626600594211378523e-17
2.586282548286155729e-16
4.607668217053592796e-16
6.543987639026834064e-16
8.068509429829190648e-16
8.889331233182848849e-16
8.831300723013391878e-16
7.889895555211147188e-16
6.234251089831588338e-16
4.157225738393589671e-16
1.992387002586891811e-16
2.931091702106421277e-18
-1.544979182747239520e-16
-2.664593414217886273e-16
-3.364672217092549298e-16
-3.732854296036243463e-16
-3.843395572174332583e-16
-3.680581701455217562e-16
-3.729802049193554506e-16
-3.902427866125030804e-16
-3.822879017020181160e-16
-3.501628647924577277e-16
-2.855844789733186142e-16
-1.785143853296919563e-16
-2.379306504392806800e-17
1.737189824916743388e-16
3.965939753514672887e-16
6.160627744406239477e-16
7.974430321791126270e-16
9.086938584622831753e-16
9.294219265769957352e-16
8.569733010333675513e-16
7.071430076000442666e-16
5.092533331499411522e-16
2.977145165233362956e-16
1.033883552204011081e-16
-5.239100950808129327e-17
-1.598995830625601517e-16
-2.196846189691981260e-16
-2.392795289666531545e-16
-2.295427089547042615e-16
-2.016925392739396122e-16
-1.654665320767898188e-16
-1.283424614145321338e-16
-9.551445107693057111e-17
-7.027345636953991393e-17
-5.451059910310411947e-17
-4.916345370852761105e-17
-5.451059910300683689e-17
-7.027345636950101322e-17
-9.551445107695652956e-17
-1.283424614145382474e-16
-1.654665320768478741e-16
-2.016925392740009708e-16
-2.295427089546987888e-16
-2.392795289663680799e-16
-2.196846189692814494e-16
-1.598995830626723672e-16
-5.239100950786928690e-17
1.033883552206547392e-16
2.977145165226962335e-16
5.092533331478188206e-16
7.071430076026431689e-16
8.569733010324532615e-16
9.294219265765074303e-16
9.086938584635047264e-16
7.974430321789421344e-16
6.160627744401617738e-16
3.965939753496306726e-16
1.737189824947830424e-16
-2.379306504510302701e-17
-1.785143853285287562e-16
-2.855844789745292692e-16
-3.501628647920028507e-16
-3.822879017022238608e-16
-3.902427866123662623e-16
-3.729802049194227996e-16
-3.789022922320349800e-16
-3.973552899379626196e-16
-3.931708492623696268e-16
-3.667853042506705393e-16
-3.089108935661712613e-16
-2.079952574267189817e-16
-5.688850318690908577e-17
1.416917523605226826e-16
3.719743887268597083e-16
6.055741236583904155e-16
8.063414963055815916e-16
9.389429882832324646e-16
9.786716527840663306e-16
9.188875854211719194e-16
7.730391029123999138e-16
5.704130717223631780e-16
3.474658881247672413e-16
1.382630328406720458e-16
-3.262014433082658649e-17
-1.530263066901059114e-16
-2.222283569787406957e-16
-2.475517104263494285e-16
-2.403734054305546884e-16
-2.127721776286401706e-16
-1.753861056149922761e-16
-1.364597986905043220e-16
-1.017584304384569647e-16
-7.495616056622852175e-17
-5.817655976234953254e-17
-5.247815049651917788e-17
-5.817655976256662953e-17
-7.495616056637714808e-17
-1.017584304384217371e-16
-1.364597986903377491e-16
-1.753861056148491965e-16
-2.127721776287056214e-16
-2.403734054304943405e-16
-2.475517104264270819e-16
-2.222283569787052462e-16
-1.530263066896416421e-16
-3.262014433189292922e-17
1.382630328414300179e-16
3.474658881246300288e-16
5.704130717231090460e-16
7.730391029117266210e-16
9.188875854192344770e-16
9.786716527869717053e-16
9.389429882816496152e-16
8.063414963066300863e-16
6.055741236573152967e-16
3.719743887282663952e-16
1.416917523591720295e-16
-5.688850318574371634e-17
-2.079952574280350975e-16
-3.089108935650976217e-16
-3.667853042509729195e-16
-3.931708492624984577e-16
-3.973552899379153372e-16
-3.789022922320608152e-16
-3.858316759013215511e-16
-4.056910543668281394e-16
-4.059753589016541599e-16
-3.864334120216762380e-16
-3.366406950066728822e-16
-2.433023923468573897e-16
-9.692851880337590631e-17
1.023547249045660866e-16
3.408847886980157969e-16
5.909492878131564784e-16
8.148727813746929342e-16
9.735162912401445315e-16
1.036959980730583407e-15
9.935511068897789545e-16
8.535891063653315583e-16
6.460246885272254216e-16
4.096281243131515840e-16
1.823477313670504752e-16
-7.187653318551968744e-18
-1.437006771368819752e-16
-2.247737000640982286e-16
-2.573942673597705554e-16
-2.535430062014438611e-16
-2.263573304427065032e-16
-1.875999772463826345e-16
-1.464784111627717359e-16
-1.094759882489768140e-16
-8.074896839223817521e-17
-6.271359737508821986e-17
-5.658098658572975396e-17
-6.271359737483317127e-17
-8.074896839204246375e-17
-1.094759882489547012e-16
-1.464784111629156783e-16
-1.875999772465883793e-16
-2.263573304426984174e-16
-2.535430062014301547e-16
-2.573942673597370288e-16
-2.247737000641512795e-16
-1.437006771373738546e-16
-7.187653317747540162e-18
1.823477313667853440e-16
4.096281243134472589e-16
6.460246885276402638e-16
8.535891063641290385e-16
9.935511068947259012e-16
1.036959980723797823e-15
9.735162912435003458e-16
8.148727813721660155e-16
5.909492878118834541e-16
3.408847887007913546e-16
1.023547249046039766e-16
-9.692851880300223276e-17
-2.433023923467878713e-16
-3.366406950069962659e-16
-3.864334120219146219e-16
-4.059753589014932323e-16
-4.056910543668087137e-16
-3.858316759013269745e-16
-3.937757459544509324e-16
-4.152650490533077935e-16
-4.207472148586621010e-16
-4.092194825411163336e-16
-3.690067021495140863e-16
-2.848582568242039905e-16
-1.445920301682322085e-16
5.474236998175737742e-17
3.021239915388566926e-16
5.709174629596764275e-16
8.219718630944326091e-16
1.011874807090484293e-15
1.104528388321258947e-15
1.082065294714412540e-15
9.506108038190161904e-16
7.382980625279593407e-16
4.864105482918553714e-16
2.375153539770936884e-16
2.524680934722521692e-17
-1.311538712129663966e-16
-2.270412897483794054e-16
-2.688740085354918449e-16
-2.693150763319884882e-16
-2.427875162029755581e-16
-2.024437101476201965e-16
-1.586877367154118456e-16
-1.188966910744675016e-16
-8.782702549901940145e-17
-6.825989025154858216e-17
-6.159713581360288972e-17
-6.825989025176792247e-17
-8.782702549922197847e-17
-1.188966910744551510e-16
-1.586877367152893503e-16
-2.024437101475280970e-16
-2.427875162029245286e-16
-2.693150763320312346e-16
-2.688740085358003388e-16
-2.270412897480383710e-16
-1.311538712131379985e-16
2.524680934662581822e-17
2.375153539761453790e-16
4.864105482929732859e-16
7.382980625277207103e-16
9.506108038181350328e-16
1.082065294717772102e-15
1.104528388320734157e-15
1.011874807088735783e-15
8.219718630942133058e-16
5.709174629599888164e-16
3.021239915376977081e-16
5.474236998401995375e-17
-1.445920301684934200e-16
-2.848582568244548975e-16
-3.690067021494545766e-16
-4.092194825411547905e-16
-4.207472148587324082e-16
-4.152650490532168773e-16
-3.937757459544516227e-16
-4.027415645586704126e-16
-4.260926117182735138e-16
-4.375358734979079700e-16
-4.352676720063481962e-16
-4.062706701565130314e-16
-3.331452607210775540e-16
-2.006669915730615302e-16
-2.286457001650909002e-18
2.542415662411484675e-16
5.439013428549901464e-16
8.262591693988681615e-16
1.053235287955445089e-15
1.181529628544656311e-15
1.185656642371033110e-15
1.066263355846259295e-15
8.499418053057001002e-16
5.805795645963801449e-16
3.061517361842682518e-16
6.641895339193631226e-17
-1.143685214982445603e-16
-2.286392563322501775e-16
-2.820464771638330005e-16
-2.880023440128562613e-16
-2.624775409391822719e-16
-2.203313341138034252e-16
-1.734465549398725211e-16
-1.303058649073805031e-16
-9.640838937560499892e-17
-7.498764572741649651e-17
-6.768265222010964914e-17
-7.498764572733020252e-17
-9.640838937551190101e-17
-1.303058649073999288e-16
-1.734465549399291465e-16
-2.203313341137925291e-16
-2.624775409393028197e-16
-2.880023440128763280e-16
-2.820464771636856807e-16
-2.286392563322769988e-16
-1.143685214984219554e-16
6.641895339226733801e-17
3.061517361852402764e-16
5.805795645934349327e-16
8.499418053051773813e-16
1.066263355847116589e-15
1.185656642371746634e-15
1.181529628544225791e-15
1.053235287956497824e-15
8.262591693980284191e-16
5.439013428551750357e-16
2.542415662441591058e-16
-2.286457004376004347e-18
-2.006669915734331823e-16
-3.331452607199948918e-16
-4.062706701562763238e-16
-4.352676720070054159e-16
-4.375358734974930785e-16
-4.260926117185198849e-16
-4.027415645585352216e-16
-4.127353361118646662e-16
-4.381887556970235963e-16
-4.563932720666472581e-16
-4.647121164786294676e-16
-4.487209906474729132e-16
-3.887044200142401998e-16
-2.660533593521369777e-16
-7.006159153273268667e-17
1.955072597622724236e-16
5.079633364078120830e-16
8.259647859222617622e-16
1.096484869811667477e-15
1.267955974494806508e-15
1.305644508080049254e-15
1.203071704248162439e-15
9.842435474678875900e-16
6.955761600791470609e-16
3.912822051059940306e-16
1.185694677107824694e-16
-9.200138379074859862e-17
-2.290207077792375249e-16
-2.969414377816831849e-16
-3.099697474598563792e-16
-2.859288009674397491e-16
-2.417688635977921869e-16
-1.911957644313424467e-16
-1.440555982204900809e-16
-1.067631712963532984e-16
-8.311083601681644464e-17
-7.503167604044250481e-17
-8.311083601675236202e-17
-1.067631712962486757e-16
-1.440555982204518211e-16
-1.911957644314483513e-16
-2.417688635978203394e-16
-2.859288009674459614e-16
-3.099697474597729572e-16
-2.969414377817473292e-16
-2.290207077791206748e-16
-9.200138379109537694e-17
1.185694677117638864e-16
3.912822051073686207e-16
6.955761600775471524e-16
9.842435474713972322e-16
1.203071704244848829e-15
1.305644508081838194e-15
1.267955974494962308e-15
1.096484869811204219e-15
8.259647859194734348e-16
5.079633364079420479e-16
1.955072597613442794e-16
-7.006159153046796562e-17
-2.660533593540793997e-16
-3.887044200132711335e-16
-4.487209906472933487e-16
-4.647121164788342756e-16
-4.563932720665021077e-16
-4.381887556969538807e-16
-4.127353361118498258e-16
-4.237618268496734959e-16
-4.515674019656091885e-16
-4.773724680808291672e-16
-4.976946981946043033e-16
-4.966697669742994295e-16
-4.521331200353159645e-16
-3.417651923025424038e-16
-1.501147741803636743e-16
1.238773703302479983e-16
4.607432193066524804e-16
8.188365470523913884e-16
1.140072668310246843e-15
1.363542179246743609e-15
1.443389624595575508e-15
1.363945927910669499e-15
1.145163405627301041e-15
8.356622589160700534e-16
4.967348159917787167e-16
1.845888353348053581e-16
-6.227908855227880785e-17
-2.274249455825994192e-16
-3.135412314579272553e-16
-3.356362749191351969e-16
-3.137424007189577788e-16
-2.673708327452265256e-16
-2.124743472526242498e-16
-1.605784583007899561e-16
-1.192246361404252936e-16
-9.289426965793832469e-17
-8.388474607669507639e-17
-9.289426965810869400e-17
-1.192246361406323203e-16
-1.605784583007830289e-16
-2.124743472524299928e-16
-2.673708327451536053e-16
-3.137424007188498528e-16
-3.356362749191191239e-16
-3.135412314579274032e-16
-2.274249455827173539e-16
-6.227908855194166843e-17
1.845888353339643091e-16
4.967348159921909951e-16
8.356622589159107035e-16
1.145163405626404895e-15
1.363945927911919252e-15
1.443389624595234523e-15
1.363542179245196850e-15
1.140072668310728640e-15
8.188365470546623217e-16
4.607432193041723017e-16
1.238773703308351573e-16
-1.501147741796200989e-16
-3.417651923018302103e-16
-4.521331200359276275e-16
-4.966697669747669282e-16
-4.976946981944859742e-16
-4.773724680806180483e-16
-4.515674019657463516e-16
-4.237618268495931307e-16
-4.358237403115442623e-16
-4.662405419701476299e-16
-5.005261077022981340e-16
-5.343624312492807814e-16
-5.504491632382683501e-16
-5.240817269139973516e-16
-4.289313962969076370e-16
-2.441922765964016566e-16
3.695874475973601011e-17
3.993870839402216785e-16
8.020299061456260657e-16
1.181873273123287103e-15
1.467635438344639834e-15
1.600214934080456715e-15
1.552189729523811740e-15
1.337440200327162566e-15
1.006101660104597647e-15
6.273504246239608044e-16
2.682087370366106839e-16
-2.285732085340664343e-17
-2.227959648230702611e-16
-3.317486297721101807e-16
-3.654742752129264463e-16
-3.466337360672205258e-16
-2.978797997828993723e-16
-2.379385595956329962e-16
-1.804041091032255186e-16
-1.342026790660302534e-16
-1.046646025909074490e-16
-9.453888586686129722e-17
-1.046646025906902164e-16
-1.342026790658089533e-16
-1.804041091032352808e-16
-2.379385595957292865e-16
-2.978797997829543954e-16
-3.466337360674122190e-16
-3.654742752129073164e-16
-3.317486297719286933e-16
-2.227959648229530166e-16
-2.285732085368565367e-17
2.682087370365271633e-16
6.273504246237813385e-16
1.006101660105041184e-15
1.337440200325215263e-15
1.552189729526366861e-15
1.600214934078064100e-15
1.467635438349012687e-15
1.181873273121696760e-15
8.020299061437078518e-16
3.993870839438114886e-16
3.695874475829079228e-17
-2.441922765986279700e-16
-4.289313962961386455e-16
-5.240817269141104545e-16
-5.504491632381464711e-16
-5.343624312495023527e-16
-5.005261077022335461e-16
-4.662405419703341955e-16
-4.358237403114704052e-16
-4.489210560735933593e-16
-4.822173385608629660e-16
-5.259047242660922927e-16
-5.748644416200780464e-16
-6.104069260617453008e-16
-6.052487764825022045e-16
-5.287945499833479638e-16
-3.542660330482086904e-16
-6.802860973064546226e-17
3.204677986198110415e-16
7.719775191253829390e-16
1.219016324822375845e-15
1.579022649095032461e-15
1.777287406145170254e-15
1.771489329082701930e-15
1.566708492193805263e-15
1.213382063490741288e-15
7.892526598923556600e-16
3.742554073557426627e-16
2.936998677794752690e-17
-2.136690519267463686e-16
-3.513391456788304499e-16
-4.000038934151131438e-16
-3.854474236176371294e-16
-3.341881739250335882e-16
-2.683840879473023148e-16
-2.041790763791805489e-16
-1.522003930963411185e-16
-1.188242674601078925e-16
-1.073605145264595329e-16
-1.188242674603826873e-16
-1.522003930965436092e-16
-2.041790763791351648e-16
-2.683840879472705138e-16
-3.341881739246761356e-16
-3.854474236175547428e-16
-4.000038934152129840e-16
-3.513391456786575414e-16
-2.136690519268567844e-16
2.936998677819616600e-17
3.742554073555016164e-16
7.892526598918853017e-16
1.213382063489346976e-15
1.566708492194688985e-15
1.771489329082706268e-15
1.777287406145589139e-15
1.579022649092243640e-15
1.219016324822093039e-15
7.719775191311294949e-16
3.204677986177092695e-16
-6.802860973005879626e-17
-3.542660330493795572e-16
-5.287945499801660934e-16
-6.052487764880505590e-16
-6.104069260590548907e-16
-5.748644416192413608e-16
-5.259047242669263159e-16
-4.822173385605153742e-16
-4.489210560735973036e-16
-4.630503402694627944e-16
-4.995031740115598017e-16
-5.535548717219446178e-16
-6.193485225734048541e-16
-6.769009832483591446e-16
-6.963744583659897090e-16
-6.427071784272163208e-16
-4.825421701933886114e-16
-1.942889134095851176e-16
2.198977015215262228e-16
7.242367222886893173e-16
1.247675628642345523e-15
1.695702911191759772e-15
1.975445629387425231e-15
2.025869881514080402e-15
1.839621952757398752e-15
1.465485188166051192e-15
9.901944516619197064e-16
5.089856431198010211e-16
9.853012137630676140e-17
-1.980123391207997149e-16
-3.718902943147270929e-16
-4.397788556244629612e-16
-4.311706279469108528e-16
-3.773613288933891660e-16
-3.047708417589419125e-16
-2.326899142186367305e-16
-1.738343119630365016e-16
-1.358690067402090216e-16
-1.228018779629307710e-16
-1.358690067399127551e-16
-1.738343119628559264e-16
-2.326899142185401937e-16
-3.047708417591528834e-16
-3.773613288934912248e-16
-4.311706279468234864e-16
-4.397788556241930722e-16
-3.718902943147813764e-16
-1.980123391210117213e-16
9.853012137617364112e-17
5.089856431199283235e-16
9.901944516627342053e-16
1.465485188166385669e-15
1.839621952755926343e-15
2.025869881514096968e-15
1.975445629385077581e-15
1.695702911192162682e-15
1.247675628641817184e-15
7.242367222905228273e-16
2.198977015210508601e-16
-1.942889134074149119e-16
-4.825421701935437212e-16
-6.427071784302331221e-16
-6.963744583611446239e-16
-6.769009832512791133e-16
-6.193485225721976997e-16
-5.535548717223046342e-16
-4.995031740119096615e-16
-4.630503402692824411e-16
-4.782040375695902749e-16
-5.180986559426043965e-16
-5.835171021420356217e-16
-6.679572550594420619e-16
-7.502930341830616180e-16
-7.982321106776552531e-16
-7.721247798963120623e-16
-6.314656122001264436e-16
-3.454861355314305701e-16
9.283497558432136512e-17
6.533136288058751138e-16
1.262810699496799804e-15
1.814590524893437190e-15
2.194952971711078508e-15
2.319600650443890006e-15
2.163974431972192030e-15
1.772211859470247281e-15
1.240002110940340982e-15
6.805333066049472076e-16
1.901257485580473844e-16
-1.730044714746254404e-16
-3.926766564990301876e-16
-4.853576649526907183e-16
-4.849414934364137627e-16
-4.286601104371589337e-16
-3.482495378198555098e-16
-2.668896997043789007e-16
-1.998586404419578241e-16
-1.564094232612888774e-16
-1.414214207455365205e-16
-1.564094232613557827e-16
-1.998586404418912639e-16
-2.668896997044168153e-16
-3.482495378196715080e-16
-4.286601104370825621e-16
-4.849414934366219234e-16
-4.853576649526176500e-16
-3.926766564994755982e-16
-1.730044714739508657e-16
1.901257485580827599e-16
6.805333066053081115e-16
1.240002110939759000e-15
1.772211859472145280e-15
2.163974431973850610e-15
2.319600650440877346e-15
2.194952971707128287e-15
1.814590524898609751e-15
1.262810699496154122e-15
6.533136288040747360e-16
9.283497558142131522e-17
-3.454861355254788118e-16
-6.314656122007479674e-16
-7.721247798971784288e-16
-7.982321106775165121e-16
-7.502930341848735329e-16
-6.679572550581976338e-16
-5.835171021424833988e-16
-5.180986559425206787e-16
-4.782040375696462840e-16
-4.943697554474581060e-16
-5.379985939004059186e-16
-6.158238016597930473e-16
-7.208236937737294013e-16
-8.309410638043743626e-16
-9.116174509600201308e-16
-9.185948638627821767e-16
-8.037192174212526654e-16
-5.257752193323993507e-16
-6.641388404294810139e-17
5.524635248143959821e-16
1.257853411572101468e-15
1.931130791870620481e-15
2.435149754755809865e-15
2.657021932675411880e-15
2.548803508412910940e-15
2.145567599307512962e-15
1.551143034160886331e-15
8.995036733979507563e-16
3.115200995152917268e-16
-1.347212956181082020e-16
-4.125141527147128154e-16
-5.372508106939299315e-16
-5.480468976027341127e-16
-4.895588874662864658e-16
-4.001878297370076748e-16
-3.079270136736026686e-16
-2.311935594401258575e-16
-1.811970611153528598e-16
-1.639087180889638419e-16
-1.811970611155652113e-16
-2.311935594403178465e-16
-3.079270136734835013e-16
-4.001878297370777848e-16
-4.895588874661935774e-16
-5.480468976026080921e-16
-5.372508106939314106e-16
-4.125141527141907374e-16
-1.347212956180956295e-16
3.115200995146754785e-16
8.995036733983913351e-16
1.551143034159506021e-15
2.145567599307956302e-15
2.548803508409891969e-15
2.657021932681289682e-15
2.435149754751107465e-15
1.931130791873433559e-15
1.257853411573026013e-15
5.524635248127020019e-16
-6.641388404359511524e-17
-5.257752193331432465e-16
-8.037192174194210290e-16
-9.185948638622362850e-16
-9.116174509598929269e-16
-8.309410638049293262e-16
-7.208236937740794583e-16
-6.158238016592598760e-16
-5.379985939007013470e-16
-4.943697554475356116e-16
-5.115295526868684607e-16
-5.591909613950831022e-16
-6.504969050891112903e-16
-7.780666331725704370e-16
-9.191907362216802078e-16
-1.037335293610494159e-15
-1.083741234050680358e-15
-1.002215691449775800e-15
-7.398259428765840271e-16
-2.644918529803747738e-16
4.134687528460311927e-16
1.224332788595574964e-15
2.038807890577563009e-15
2.693969972497895197e-15
3.042255333522641717e-15
3.004451120474075363e-15
2.600210724800585005e-15
1.939448717086385854e-15
1.179765530415981793e-15
4.726039387249922304e-16
-7.769252352676614467e-17
-4.295287457158850881e-16
-5.958290843343337547e-16
-6.218995190756213660e-16
-5.617518754010142508e-16
-4.621913077382558960e-16
-3.571752695828594563e-16
-2.689573149206675388e-16
-2.111556647175478649e-16
-1.911148731265171260e-16
-2.111556647172253934e-16
-2.689573149204772261e-16
-3.571752695829639804e-16
-4.621913077383909884e-16
-5.617518754011442157e-16
-6.218995190755091505e-16
-5.958290843344793981e-16
-4.295287457156409356e-16
-7.769252352678369683e-17
4.726039387248479675e-16
1.179765530415056064e-15
1.939448717087250840e-15
2.600210724800080134e-15
3.004451120476261297e-15
3.042255333522895336e-15
2.693969972498231646e-15
2.038807890576824636e-15
1.224332788593731790e-15
4.134687528478389167e-16
-2.644918529859399902e-16
-7.398259428732355097e-16
-1.002215691448645362e-15
-1.083741234051009116e-15
-1.037335293612097519e-15
-9.191907362200949918e-16
-7.780666331725702398e-16
-6.504969050893635286e-16
-5.591909613949222732e-16
-5.115295526870109487e-16
-5.296592451479070317e-16
-5.816558602319339068e-16
-6.875455159382062955e-16
-8.397854839594205900e-16
-1.015365655400914064e-15
-1.176183547203264514e-15
-1.269242757213780347e-15
-1.230080338643036181e-15
-9.928356582311888323e-16
-5.090842076681553781e-16
2.263974880823145879e-16
1.151432257653669951e-15
2.128521318446171093e-15
2.967278472195900677e-15
3.478743436305981686e-15
3.542540369855844451e-15
3.153957664947862707e-15
2.425030384266324070e-15
1.539507320715127390e-15
6.867152011760217292e-16
5.728028178547933916e-18
-4.408124761417071529e-16
-6.611694640699879674e-16
-7.079774106733388240e-16
-6.471349724138868767e-16
-5.361108401543941752e-16
-4.162580912074273285e-16
-3.145008719034281049e-16
-2.474179685375841696e-16
-2.240891674250073924e-16
-2.474179685378051985e-16
-3.145008719035409613e-16
-4.162580912073050551e-16
-5.361108401543972320e-16
-6.471349724138185416e-16
-7.079774106734952157e-16
-6.611694640695960022e-16
-4.408124761413894392e-16
5.728028179010502229e-18
6.867152011753393645e-16
1.539507320716768813e-15
2.425030384266764649e-15
3.153957664946113803e-15
3.542540369851757757e-15
3.478743436311678445e-15
2.967278472192318065e-15
2.128521318442724954e-15
1.151432257658329357e-15
2.263974880808800444e-16
-5.090842076629128058e-16
-9.928356582350968492e-16
-1.230080338644003127e-15
-1.269242757212215444e-15
-1.176183547203612204e-15
-1.015365655401351882e-15
-8.397854839584674488e-16
-6.875455159388834340e-16
-5.816558602317629212e-16
-5.296592451480170778e-16
-5.487277427606507429e-16
-6.053645059562716029e-16
-7.269634654725718099e-16
-9.060548088971106496e-16
-1.119756519733932512e-15
-1.328934347906609565e-15
-1.476805906873191218e-15
-1.490622584504559142e-15
-1.290526447665889498e-15
-8.089993505327349764e-16
-2.065009213638120538e-17
1.025476357206300888e-15
2.187805439159353117e-15
3.247973254591514419e-15
3.968543990925324833e-15
4.175804344901950643e-15
3.828326632673335463e-15
3.033429022773594561e-15
2.002644689786012093e-15
9.719102285097770713e-16
1.262602066206206258e-16
-4.419112474034212763e-16
-7.328015718525655933e-16
-8.076983141141287254e-16
-7.477413435627195425e-16
-6.240212821828429074e-16
-4.870626583725502563e-16
-3.694420718848935638e-16
-2.913675279255727000e-16
-2.641221957606993988e-16
-2.913675279255401595e-16
-3.694420718848953387e-16
-4.870626583726572456e-16
-6.240212821826844449e-16
-7.477413435626222168e-16
-8.076983141138161392e-16
-7.328015718530069609e-16
-4.419112474029753727e-16
1.262602066197852714e-16
9.719102285113792478e-16
2.002644689785585319e-15
3.033429022772415609e-15
3.828326632670955470e-15
4.175804344904770032e-15
3.968543990920677654e-15
3.247973254597363823e-15
2.187805439162596913e-15
1.025476357203069320e-15
-2.065009213433894311e-17
-8.089993505376315346e-16
-1.290526447663493924e-15
-1.490622584508795326e-15
-1.476805906868959374e-15
-1.328934347910171667e-15
-1.119756519729510750e-15
-9.060548088983974790e-16
-7.269634654727297793e-16
-6.053645059561429199e-16
-5.487277427607502380e-16
-5.686964325092011778e-16
-6.302782550908316898e-16
-7.687268516051157399e-16
-9.769185871647812146e-16
-1.232609243998917628e-15
-1.496312270720591933e-15
-1.708130470716007751e-15
-1.787294154478968357e-15
-1.639121572340443230e-15
-1.174228464934185169e-15
-3.417976167261750671e-16
8.293485157231095734e-16
2.199866453542988735e-15
3.524785035531862976e-15
4.511276137262453193e-15
4.917668471115067092e-15
4.649077001724749658e-15
3.797042737819647787e-15
2.600693236516643339e-15
1.352724411226367121e-15
2.989813919684124954e-16
-4.260610604954797593e-16
-8.092967642233924189e-16
-9.221832360901688304e-16
-8.655939438924283531e-16
-7.281454872588588616e-16
-5.717262572346046170e-16
-4.356929483755015946e-16
-3.446836664044134504e-16
-3.127948252888312337e-16
-3.446836664043228301e-16
-4.356929483755284651e-16
-5.717262572345743445e-16
-7.281454872589101376e-16
-8.655939438923682024e-16
-9.221832360905360452e-16
-8.092967642229496707e-16
-4.260610604963839911e-16
2.989813919685621818e-16
1.352724411225837796e-15
2.600693236518929064e-15
3.797042737818098464e-15
4.649077001722798016e-15
4.917668471113868023e-15
4.511276137265977034e-15
3.524785035532369425e-15
2.199866453543343723e-15
8.293485157230776246e-16
-3.417976167269369095e-16
-1.174228464941016705e-15
-1.639121572333720754e-15
-1.787294154479477172e-15
-1.708130470719314853e-15
-1.496312270719377876e-15
-1.232609243995272696e-15
-9.769185871670342013e-16
-7.687268516036030991e-16
-6.302782550913753136e-16
-5.686964325091111491e-16
-5.895186227549130198e-16
-6.563476964680258961e-16
-8.127916055010428807e-16
-1.052384298130494682e-15
-1.354112176047843971e-15
-1.678969668804847927e-15
-1.964867970652899828e-15
-2.123631863625271641e-15
-2.045295543827799570e-15
-1.615972543276645831e-15
-7.536344094960676426e-16
5.418487968779273038e-16
2.142413987836232743e-15
3.780693456507504982e-15
5.102580595985369379e-15
5.781437889101892817e-15
5.646661633666697902e-15
4.756868075675074698e-15
3.375252420586415658e-15
1.862613644492272400e-15
5.451673882047393606e-16
-3.830479597193115109e-16
-8.876094733866508020e-16
-1.051835368369484260e-15
-1.002413361785491048e-15
-8.506788180042080069e-16
-6.725696514598552085e-16
-5.154679280064715295e-16
-4.093848841238298100e-16
-3.720305488403811768e-16
-4.093848841239165847e-16
-5.154679280064550621e-16
-6.725696514597806612e-16
-8.506788180042043584e-16
-1.002413361785520630e-15
-1.051835368369363958e-15
-8.876094733867801752e-16
-3.830479597185110143e-16
5.451673882045078299e-16
1.862613644490637880e-15
3.375252420585883965e-15
4.756868075673391269e-15
5.646661633671468932e-15
5.781437889108224215e-15
5.102580595980340391e-15
3.780693456510824509e-15
2.142413987839153106e-15
5.418487968698979817e-16
-7.536344094917749574e-16
-1.615972543278363773e-15
-2.045295543827905672e-15
-2.123631863626493586e-15
-1.964867970649576357e-15
-1.678969668807979310e-15
-1.354112176052541046e-15
-1.052384298127996754e-15
-8.127916055021772627e-16
-6.563476964674061473e-16
-5.895186227550513663e-16
-6.111390645786225298e-16
-6.835118302515087786e-16
-8.590911405916721202e-16
-1.132416937818297021e-15
-1.484382594926169521e-15
-1.877459323463734472e-15
-2.248572572553613454e-15
-2.503183191858432046e-15
-2.516091818686702290e-15
-2.146623020183582142e-15
-1.275421142811896390e-15
1.370112017575311292e-16
1.986272408834301216e-15
3.990868370500585493e-15
5.731911349403381581e-15
6.778869659979910580e-15
6.856443640775772892e-15
5.964571153372143314e-15
4.381283749727195516e-15
2.547341428493185970e-15
8.949374845692140670e-16
-2.975052879406918564e-16
-9.620304824766839212e-16
-1.195615172215468888e-15
-1.159079003958986090e-15
-9.934383168816574279e-16
-7.919310210331515498e-16
-6.112497696393453811e-16
-4.878603005353777576e-16
-4.441445798844982587e-16
-4.878603005352421721e-16
-6.112497696392666922e-16
-7.919310210331704825e-16
-9.934383168817302004e-16
-1.159079003958872691e-15
-1.195615172215656834e-15
-9.620304824759952457e-16
-2.975052879402917067e-16
8.949374845683396147e-16
2.547341428493841119e-15
4.381283749725419790e-15
5.964571153374901172e-15
6.856443640770732859e-15
6.778869659977985759e-15
5.731911349405494939e-15
3.990868370497579933e-15
1.986272408838122853e-15
1.370112017560092193e-16
-1.275421142807072703e-15
-2.146623020189620478e-15
-2.516091818680958988e-15
-2.503183191860835705e-15
-2.248572572551010608e-15
-1.877459323464188067e-15
-1.484382594926960157e-15
-1.132416937818159957e-15
-8.590911405917008150e-16
-6.835118302516783837e-16
-6.111390645785937364e-16
-6.334935658396946230e-16
-7.116973591576304525e-16
-9.075341447533137485e-16
-1.216933103546245382e-15
-1.623452740842638226e-15
-2.092204740532602883e-15
-2.560644564758153093e-15
-2.929413224962424009e-15
-3.058802116570607408e-15
-2.779680149137811526e-15
-1.929229537933276801e-15
-4.165850432781389406e-16
1.693772552531009179e-15
4.120039093011986855e-15
6.379423425888983139e-15
7.917808610628063663e-15
8.318423521386911487e-15
7.484856796497681311e-15
5.691405864766064755e-15
3.469676421820320857e-15
1.391060566936920220e-15
-1.463708144091416054e-16
-1.022535722827566432e-15
-1.349820637589928561e-15
-1.334675803087346182e-15
-1.157209154296546183e-15
-9.318203954518231907e-16
-7.256705911527036790e-16
-5.828673404805789235e-16
-5.318741539382043090e-16
-5.828673404806286217e-16
-7.256705911525467943e-16
-9.318203954516825763e-16
-1.157209154296691925e-15
-1.334675803087470428e-15
-1.349820637590035846e-15
-1.022535722828097335e-15
-1.463708144093193950e-16
1.391060566937447771e-15
3.469676421819602205e-15
5.691405864769560986e-15
7.484856796497195373e-15
8.318423521380987141e-15
7.917808610637692500e-15
6.379423425884903150e-15
4.120039093004844508e-15
1.693772552537099185e-15
-4.165850432799631814e-16
-1.929229537932672928e-15
-2.779680149137078279e-15
-3.058802116570853533e-15
-2.929413224963377742e-15
-2.560644564759012557e-15
-2.092204740531449963e-15
-1.623452740841546837e-15
-1.216933103546574731e-15
-9.075341447529818353e-16
-7.116973591582289021e-16
-6.334935658395685038e-16
-6.565087133254938579e-16
-7.408181167158184397e-16
-9.580025816302087848e-16
-1.305795303020507086e-15
-1.771255693012578248e-15
-2.323468600963895061e-15
-2.902266859132635895e-15
-3.405592162414999637e-15
-3.680801820143240419e-15
-3.529591716283908906e-15
-2.739978422056302316e-15
-1.156456300017127488e-15
1.216951092162870810e-15
4.119200395879719821e-15
7.011662856336258100e-15
9.198426502487490342e-15
1.007605615300223085e-14
9.398008448855517566e-15
7.401464320910777960e-15
4.715900964870443595e-15
2.094437292706274371e-15
1.049067443448691197e-16
-1.052200323454729915e-15
-1.506068717196022775e-15
-1.524850345225808333e-15
-1.340573876496631940e-15
-1.093256318844469260e-15
-8.612311734594613253e-16
-6.974535052010783602e-16
-6.383583484390891948e-16
-6.974535052012688701e-16
-8.612311734597070555e-16
-1.093256318844617961e-15
-1.340573876495941095e-15
-1.524850345225581732e-15
-1.506068717196357055e-15
-1.052200323453387668e-15
1.049067443442855599e-16
2.094437292706675901e-15
4.715900964869613713e-15
7.401464320909780840e-15
9.398008448843492171e-15
1.007605615301432724e-14
9.198426502485492946e-15
7.011662856336984641e-15
4.119200395876827068e-15
1.216951092166020140e-15
-1.156456300019537064e-15
-2.739978422061188126e-15
-3.529591716265149005e-15
-3.680801820154399646e-15
-3.405592162416415248e-15
-2.902266859127542220e-15
-2.323468600967149112e-15
-1.771255693012269409e-15
-1.305795303020588733e-15
-9.580025816295932761e-16
-7.408181167161388159e-16
-6.565087133254087595e-16
-6.801017176400927567e-16
-7.707746572072056459e-16
-1.010349970698096290e-15
-1.398806662951543937e-15
-1.927611475489049101e-15
-2.571320057503544480e-15
-3.274335413437419103e-15
-3.934663449437887787e-15
-4.389336958844281108e-15
-4.411494100308603445e-15
-3.735320667378638877e-15
-2.126729415481634938e-15
4.956260364671369748e-16
3.921590599544756043e-15
7.575708413852669342e-15
1.060741812362742802e-14
1.217347879331888000e-14
1.180229277882836310e-14
9.637650464110014860e-15
6.404815795743246384e-15
3.092003708558973462e-15
5.080154433423754065e-16
-1.023182360790232105e-15
-1.648000769541135405e-15
-1.719023558841390350e-15
-1.537861246253175440e-15
-1.275044416300000865e-15
-1.019721267411244372e-15
-8.347242129151806637e-16
-7.670074629912898284e-16
-8.347242129149922246e-16
-1.019721267411467028e-15
-1.275044416300008950e-15
-1.537861246253606947e-15
-1.719023558841080722e-15
-1.648000769539618623e-15
-1.023182360792802608e-15
5.080154433431208800e-16
3.092003708553752780e-15
6.404815795747081037e-15
9.637650464111477408e-15
1.180229277883988363e-14
1.217347879331092197e-14
1.060741812363544916e-14
7.575708413843016840e-15
3.921590599560525372e-15
4.956260364505509770e-16
-2.126729415476975926e-15
-3.735320667381104856e-15
-4.411494100314515957e-15
-4.389336958838767759e-15
-3.934663449437169135e-15
-3.274335413448044270e-15
-2.571320057489396260e-15
-1.927611475496965715e-15
-1.398806662948725929e-15
-1.010349970700369787e-15
-7.707746572056102733e-16
-6.801017176405995012e-16
-7.041803943420293258e-16
-8.014540309698437418e-16
-1.064400017716833701e-15
-1.495706227046443328e-15
-2.092213831258510657e-15
-2.835601758469529623e-15
-3.677384975766571347e-15
-4.519093688308742923e-15
-5.191260022614425325e-15
-5.440838538618227828e-15
-4.945329095337727526e-15
-3.378424930566105203e-15
-5.445235539281766326e-16
3.437937762362513395e-15
7.991376691189137512e-15
1.210926952546704641e-14
1.465007682379475049e-14
1.481560018836424835e-14
1.256541231339668002e-14
8.700180121562068521e-15
4.508146749020676806e-15
1.140169303129762130e-15
-8.905488805655693390e-16
-1.745982145318893700e-15
-1.895727937252336841e-15
-1.735600197130818228e-15
-1.471576239637664579e-15
-1.201092771011556588e-15
-9.973118971458121841e-16
-9.211490789400633716e-16
-9.973118971459013253e-16
-1.201092771010955870e-15
-1.471576239637522189e-15
-1.735600197131185049e-15
-1.895727937251988953e-15
-1.745982145320503765e-15
-8.905488805641420925e-16
1.140169303128639778e-15
4.508146749021314206e-15
8.700180121558565979e-15
1.256541231339801793e-14
1.481560018836092882e-14
1.465007682382327570e-14
1.210926952543241542e-14
7.991376691188271343e-15
3.437937762374916655e-15
-5.445235539234639775e-16
-3.378424930576557215e-15
-4.945329095310101617e-15
-5.440838538645126407e-15
-5.191260022618552645e-15
-4.519093688296820080e-15
-3.677384975765079611e-15
-2.835601758480066043e-15
-2.092213831248299247e-15
-1.495706227050822295e-15
-1.064400017715887659e-15
-8.014540309700120650e-16
-7.041803943423749455e-16
-7.286432932462025043e-16
-8.327297671261468528e-16
-1.119945667018365882e-15
-1.596165043466621802e-15
-2.264618155985488867e-15
-3.115897664556404218e-15
-4.111512092509222222e-15
-5.160706808718101008e-15
-6.092714380522162371e-15
-6.632888235917757533e-15
-6.401925881755715879e-15
-4.969373832020906853e-15
-1.993665412271375438e-15
2.551082386982794781e-15
8.141112858890860529e-15
1.363342878258414638e-14
1.753072350759025039e-14
1.857512304981582368e-14
1.640025965925423816e-14
1.182788003255387409e-14
6.521264068456647127e-15
2.116563367710423132e-15
-5.828946761035629983e-16
-1.748718518258269289e-15
-2.014919676126315160e-15
-1.906454151073296625e-15
-1.668907529211478489e-15
-1.401330076963624105e-15
-1.186270187926981232e-15
-1.103231392557349919e-15
-1.186270187926724655e-15
-1.401330076963451148e-15
-1.668907529211439835e-15
-1.906454151073035906e-15
-2.014919676127137547e-15
-1.748718518257914696e-15
-5.828946761031662013e-16
2.116563367710893687e-15
6.521264068459642432e-15
1.182788003255726303e-14
1.640025965925309589e-14
1.857512304980968950e-14
1.753072350757618658e-14
1.363342878260457788e-14
8.141112858896521395e-15
2.551082386961222196e-15
-1.993665412261692959e-15
-4.969373832004388894e-15
-6.401925881805307620e-15
-6.632888235884163892e-15
-6.092714380530828797e-15
-5.160706808711256062e-15
-4.111512092510676093e-15
-3.115897664554027380e-15
-2.264618155986912367e-15
-1.596165043465389404e-15
-1.119945667020130958e-15
-8.327297671256838901e-16
-7.286432932463957752e-16
-7.533799857882695845e-16
-8.644620832243157824e-16
-1.176748644662488316e-15
-1.699783245608219439e-15
-2.444231122242098962e-15
-3.411502891519947403e-15
-4.576297875369633616e-15
-5.860506488851094388e-15
-7.098770421594486584e-15
-8.002077104735572035e-15
-8.138001201068500150e-15
-6.963607115480308309e-15
-3.959001879156404273e-15
1.110269904948310886e-15
7.857300913642575419e-15
1.505591093792449312e-14
2.080916986781185258e-14
2.323288372695305856e-14
2.142018715854024406e-14
1.609961212089140901e-14
9.388002669554394381e-15
3.608957057771981405e-15
1.177220279243605233e-17
-1.570251257473794037e-15
-2.005530208760875466e-15
-1.998976427354191925e-15
-1.837832515332859532e-15
-1.608479991228289029e-15
-1.398859395926424961e-15
-1.313149302247095312e-15
-1.398859395926624937e-15
-1.608479991228867264e-15
-1.837832515332874126e-15
-1.998976427353704409e-15
-2.005530208759649182e-15
-1.570251257474380555e-15
1.177220279299456585e-17
3.608957057773464463e-15
9.388002669551388821e-15
1.609961212089137745e-14
2.142018715854994389e-14
2.323288372694516048e-14
2.080916986781478399e-14
1.505591093792458778e-14
7.857300913636873532e-15
1.110269904957518865e-15
-3.959001879172238289e-15
-6.963607115465385427e-15
-8.138001201066930317e-15
-8.002077104754624604e-15
-7.098770421581950796e-15
-5.860506488859330885e-15
-4.576297875361647977e-15
-3.411502891523981637e-15
-2.444231122240961030e-15
-1.699783245609093300e-15
-1.176748644661023598e-15
-8.644620832254201877e-16
-7.533799857878118480e-16
-7.782715178457454541e-16
-8.964983381518980631e-16
-1.234539556064028429e-15
-1.806088327163449883e-15
-2.630302546443593861e-15
-3.721396951063141374e-15
-5.070733554766166257e-15
-6.618492447828395640e-15
-8.213020646478636316e-15
-9.561228789034407806e-15
-1.018617475220173558e-14
-9.430040770052334168e-15
-6.565019150279235152e-15
-1.074317794336153900e-15
6.907019909959028915e-15
1.617364447258841419e-14
2.442086021593160899e-14
2.894322613930615331e-14
2.797854992955806931e-14
2.194553036275756801e-14
1.347928534187533913e-14
5.873828323170180866e-15
1.067228475602733974e-15
-1.070156707845402176e-15
-1.745742271445450179e-15
-1.920612376004544381e-15
-1.921803196389200231e-15
-1.795337214372094142e-15
-1.624210068439290770e-15
-1.544847198553676737e-15
-1.624210068439090597e-15
-1.795337214371989223e-15
-1.921803196389765845e-15
-1.920612376003678211e-15
-1.745742271445519204e-15
-1.070156707844786864e-15
1.067228475601797596e-15
5.873828323167860038e-15
1.347928534187484530e-14
2.194553036275700634e-14
2.797854992954936028e-14
2.894322613931527254e-14
2.442086021593308889e-14
1.617364447258390191e-14
6.907019909962544868e-15
-1.074317794340590454e-15
-6.565019150268039638e-15
-9.430040770066773478e-15
-1.018617475219050851e-14
-9.561228789035567432e-15
-8.213020646479322625e-15
-6.618492447827115319e-15
-5.070733554769793440e-15
-3.721396951061351449e-15
-2.630302546443667225e-15
-1.806088327162287102e-15
-1.234539556065029690e-15
-8.964983381513782038e-16
-7.782715178458947460e-16
-8.031910325459065308e-16
-9.286737403971379007e-16
-1.293018594028550643e-15
-1.914534800378084756e-15
-2.821920053471019440e-15
-4.044221855126886436e-15
-5.593152318549337802e-15
-7.433477884159434620e-15
-9.437145661772185406e-15
-1.132064533454916038e-14
-1.257717017837443534e-14
-1.244027925191087395e-14
-9.952274045357127943e-15
-4.235849055710832863e-15
4.974857867894277939e-15
1.666990900984609532e-14
2.819989380774652504e-14
3.583552073265297595e-14
3.651424730405109988e-14
2.995905412041901058e-14
1.933503700566767536e-14
9.296305308276171528e-15
2.851353926195753940e-15
-2.372657251690087044e-17
-1.032444208020415780e-15
-1.510154743160675968e-15
-1.816262802210202817e-15
-1.906204660141073219e-15
-1.835026775928777959e-15
-1.779626657737070351e-15
-1.835026775929016195e-15
-1.906204660140932802e-15
-1.816262802209258157e-15
-1.510154743160288243e-15
-1.032444208021024781e-15
-2.372657251929742987e-17
2.851353926197110781e-15
9.296305308280683813e-15
1.933503700566154118e-14
2.995905412041820909e-14
3.651424730406124779e-14
3.583552073264021533e-14
2.819989380775242256e-14
1.666990900985015322e-14
4.974857867880039000e-15
-4.235849055701554281e-15
-9.952274045373943302e-15
-1.244027925189139540e-14
-1.257717017838270891e-14
-1.132064533453928858e-14
-9.437145661779909932e-15
-7.433477884153272038e-15
-5.593152318552916864e-15
-4.044221855125311869e-15
-2.821920053472011038e-15
-1.914534800377654827e-15
-1.293018594028960259e-15
-9.286737403968647576e-16
-8.031910325459640191e-16
-8.280045642784117831e-16
-9.608123190452449038e-16
-1.351856902037138237e-15
-2.024505406354651939e-15
-3.018007071111878977e-15
-4.378266586827146090e-15
-6.141171296922481755e-15
-8.302916890791361790e-15
-1.077046809836410957e-14
-1.328708825533736489e-14
-1.533779851778617186e-14
-1.606538621768558191e-14
-1.427412266859973365e-14
-8.652557679086775125e-15
1.645399419077910723e-15
1.606988798141032165e-14
3.181312240740504845e-14
4.396064449279423243e-14
4.755180108071576892e-14
4.095739793419021739e-14
2.774942787139366375e-14
1.446173871853110473e-14
5.777374756652124976e-15
1.923228363943437365e-15
4.651830777546277693e-16
-4.943617102838117402e-16
-1.334258169365696318e-15
-1.833568582535717839e-15
-1.972208020539442133e-15
-1.973428252674373878e-15
-1.972208020539284361e-15
-1.833568582535314336e-15
-1.334258169364780253e-15
-4.943617102840172385e-16
4.651830777538925510e-16
1.923228363944787106e-15
5.777374756651499409e-15
1.446173871852836896e-14
2.774942787140367281e-14
4.095739793418341425e-14
4.755180108069766929e-14
4.396064449282031533e-14
3.181312240739902155e-14
1.606988798140298524e-14
1.645399419113178722e-15
-8.652557679143798725e-15
-1.427412266858366614e-14
-1.606538621770365313e-14
-1.533779851774548241e-14
-1.328708825536646754e-14
-1.077046809834449533e-14
-8.302916890802042966e-15
-6.141171296917146689e-15
-4.378266586827767712e-15
-3.018007071109162929e-15
-2.024505406357631466e-15
-1.351856902035442778e-15
-9.608123190458692872e-16
-8.280045642783392079e-16
-8.525720015941582226e-16
-9.927281591484621207e-16
-1.410698624368403326e-15
-2.135314016286397498e-15
-3.217324637492777918e-15
-4.721459410112066483e-15
-6.711647758470294298e-15
-9.222751997528622502e-15
-1.220951651274262747e-14
-1.546269017916309074e-14
-1.848858324079025065e-14
-2.037152903727175147e-14
-1.969079371691346964e-14
-1.464505337228770785e-14
-3.611485459093145884e-15
1.368727062545627038e-14
3.466313460064820822e-14
5.319253329798852457e-14
6.167497010565405206e-14
5.605969354586763395e-14
3.990650760078489897e-14
2.227821011309246684e-14
1.049041279915360224e-14
5.325306998744736421e-15
3.275675240430998574e-15
1.578244860426612917e-15
-1.512586568341448561e-16
-1.378510312902689366e-15
-1.917499569906315053e-15
-2.033734014978871231e-15
-1.917499569905915495e-15
-1.378510312902853646e-15
-1.512586568341176404e-16
1.578244860424972086e-15
3.275675240432693047e-15
5.325306998745381709e-15
1.049041279914982517e-14
2.227821011308813126e-14
3.990650760078725925e-14
5.605969354587592014e-14
6.167497010565039174e-14
5.319253329799584520e-14
3.466313460063139601e-14
1.368727062548765284e-14
-3.611485459136310775e-15
-1.464505337223012101e-14
-1.969079371695689801e-14
-2.037152903725693036e-14
-1.848858324081771879e-14
-1.546269017914459669e-14
-1.220951651276100635e-14
-9.222751997520080716e-15
-6.711647758473994844e-15
-4.721459410100240669e-15
-3.217324637493911117e-15
-2.135314016285283232e-15
-1.410698624369135981e-15
-9.927281591478519368e-16
-8.525720015942002294e-16
-8.767482127983683202e-16
-1.024226897126377575e-15
-1.469163658121003262e-15
-2.246210324679971565e-15
-3.418477425495956017e-15
-5.071369382989552800e-15
-7.300653582796425294e-15
-1.018729290365571257e-14
-1.374762590922356016e-14
-1.784385154372400442e-14
-2.204110546845217735e-14
-2.541449767062985053e-14
-2.636031373185884294e-14
-2.256709851674882070e-14
-1.144747510807334577e-14
8.566814628640029851e-15
3.575283000963601879e-14
6.305600228799545737e-14
7.943955299346532741e-14
7.677601212230165055e-14
5.759752225905617208e-14
3.419560418531538400e-14
1.802513271139045629e-14
1.105707827950837687e-14
8.232825709212600945e-15
5.435182709042152075e-15
2.279249794140626907e-15
-1.868319459736586381e-16
-1.447450856956018013e-15
-1.779957390894473122e-15
-1.447450856956158824e-15
-1.868319459745591228e-16
2.279249794140259693e-15
5.435182709043379543e-15
8.232825709212069253e-15
1.105707827950437419e-14
1.802513271139080970e-14
3.419560418531937249e-14
5.759752225904328525e-14
7.677601212228683259e-14
7.943955299348621644e-14
6.305600228799394276e-14
3.575283000962096733e-14
8.566814628633192005e-15
-1.144747510805539761e-14
-2.256709851674768474e-14
-2.636031373186001677e-14
-2.541449767062833908e-14
-2.204110546842357010e-14
-1.784385154376600338e-14
-1.374762590920786498e-14
-1.018729290365019055e-14
-7.300653582790010277e-15
-5.071369382995074827e-15
-3.418477425499837213e-15
-2.246210324681421491e-15
-1.469163658120587729e-15
-1.024226897127015171e-15
-8.767482127980510995e-16
-9.003843240483360120e-16
-1.055107465523263433e-15
-1.526851103077205136e-15
-2.356386390183271987e-15
-3.619924279840638933e-15
-5.425218244196686916e-15
-7.903471849420827277e-15
-1.118913777009018083e-14
-1.537460516193391702e-14
-2.042019235365817972e-14
-2.599520084760461824e-14
-3.123323035354916452e-14
-3.442602586123435016e-14
-3.278776924882717923e-14
-2.262769349870529234e-14
-5.654132520353716331e-16
3.351092179910645913e-14
7.244113765733041148e-14
1.011571595176690375e-13
1.050728331869389074e-13
8.356138274067611030e-14
5.260790669608453381e-14
3.011376486726720554e-14
2.053704240502155649e-14
1.665233593850327790e-14
1.222069273593729898e-14
6.845993569237321376e-15
2.346291377104816440e-15
-1.617601420554158059e-16
-8.807020232034173331e-16
-1.617601420552761775e-16
2.346291377105313423e-15
6.845993569237057108e-15
1.222069273593689193e-14
1.665233593850339465e-14
2.053704240501970109e-14
3.011376486726625891e-14
5.260790669608067155e-14
8.356138274067835698e-14
1.050728331869515166e-13
1.011571595176487291e-13
7.244113765730265620e-14
3.351092179915327960e-14
-5.654132520632184230e-16
-2.262769349868763448e-14
-3.278776924887148797e-14
-3.442602586120436082e-14
-3.123323035354569984e-14
-2.599520084760855938e-14
-2.042019235363560252e-14
-1.537460516191972383e-14
-1.118913777011679700e-14
-7.903471849421177531e-15
-5.425218244195805758e-15
-3.619924279840566358e-15
-2.356386390182396352e-15
-1.526851103077748266e-15
-1.055107465522825812e-15
-9.003843240484255477e-16
-9.233291357273896245e-16
-1.085164069638762175e-15
-1.583343385583145495e-15
-2.464985023219558641e-15
-3.819993437194638005e-15
-5.779903538677318557e-15
-8.514618935665701272e-15
-1.221914796058345350e-14
-1.707650372016631064e-14
-2.317364217622706881e-14
-3.033619348535040548e-14
-3.784264572019727488e-14
-4.400081341465245446e-14
-4.566347897080975114e-14
-3.799947863155155982e-14
-1.532293751042059629e-14
2.559572216743833959e-14
7.916155832227507242e-14
1.264250468034635090e-13
1.433056699829014404e-13
1.219766608397688351e-13
8.159147183489485448e-14
4.981890979423892675e-14
3.620014111879783235e-14
3.066470300646038994e-14
2.369865214351187528e-14
1.493036976817304914e-14
7.198408145397783598e-15
2.613103520675274360e-15
1.232576410769925146e-15
2.613103520675372967e-15
7.198408145397707868e-15
1.493036976817327633e-14
2.369865214351173644e-14
3.066470300645898892e-14
3.620014111879483468e-14
4.981890979424036563e-14
8.159147183490529269e-14
1.219766608397684312e-13
1.433056699828987646e-13
1.264250468034565922e-13
7.916155832231404846e-14
2.559572216737068373e-14
-1.532293751041485654e-14
-3.799947863154283186e-14
-4.566347897079101412e-14
-4.400081341468747357e-14
-3.784264572015552205e-14
-3.033619348536343746e-14
-2.317364217622754213e-14
-1.707650372016647156e-14
-1.221914796058021917e-14
-8.514618935666021549e-15
-5.779903538679674095e-15
-3.819993437193894898e-15
-2.464985023220108083e-15
-1.583343385582778478e-15
-1.085164069639132939e-15
-9.233291357272695205e-16
-9.454306592402393266e-16
-1.114188369516050365e-15
-1.638211018258328501e-15
-2.571109944608697078e-15
-4.016902470234600728e-15
-6.132033439879271684e-15
-9.127894784711091555e-15
-1.326648592825399827e-14
-1.883550949475467052e-14
-2.607776131285496819e-14
-3.503239893851999325e-14
-4.522627159039437137e-14
-5.514864173314109937e-14
-6.149945744451044131e-14
-5.843075078312536966e-14
-3.762026689245809295e-14
8.730057877140761118e-15
7.934157594749704028e-14
1.532034487172286532e-13
1.937354430624430074e-13
1.790233954501267633e-13
1.282018068640149284e-13
8.285933738645355354e-14
6.260062346371667491e-14
5.396947664319712281e-14
4.257270202781160179e-14
2.854080875387555869e-14
1.581578704380206059e-14
7.908303460035773765e-15
5.445883551856880166e-15
7.908303460035229451e-15
1.581578704380203535e-14
2.854080875387520528e-14
4.257270202781127993e-14
5.396947664319425767e-14
6.260062346371541273e-14
8.285933738646068484e-14
1.282018068640116215e-13
1.790233954501479931e-13
1.937354430624126646e-13
1.532034487171852091e-13
7.934157594753525901e-14
8.730057877140797406e-15
-3.762026689244903052e-14
-5.843075078311868012e-14
-6.149945744454838237e-14
-5.514864173310658513e-14
-4.522627159040978887e-14
-3.503239893850130040e-14
-2.607776131288172320e-14
-1.883550949474968808e-14
-1.326648592824557166e-14
-9.127894784714092382e-15
-6.132033439879039759e-15
-4.016902470235010935e-15
-2.571109944607339843e-15
-1.638211018258751725e-15
-1.114188369516271444e-15
-9.454306592401269139e-16
-9.665377525169884487e-16
-1.141971835726848117e-15
-1.691017928081406060e-15
-2.673837599995673607e-15
-4.208782758065033875e-15
-6.477973436497621663e-15
-9.736462635677418494e-15
-1.431872451923140183e-14
-2.063000569847925773e-14
-2.909739024317115145e-14
-4.003316269838019344e-14
-5.332933996435907233e-14
-6.786466932840549528e-14
-8.050182907453495130e-14
-8.471451267341871765e-14
-6.954109513506206006e-14
-2.132785635110734149e-14
6.671860521584377640e-14
1.762087112657170290e-13
2.570110239231252143e-13
2.630283945502369335e-13
2.044667928281795837e-13
1.403083315473843104e-13
1.091334782363156437e-13
9.381966251633399501e-14
7.311300179753152119e-14
5.026774441688468319e-14
2.997526432630948257e-14
1.702687417340109230e-14
1.290319715948920076e-14
1.702687417340006994e-14
2.997526432630772814e-14
5.026774441688361665e-14
7.311300179753076389e-14
9.381966251633027159e-14
1.091334782363185972e-13
1.403083315473804986e-13
2.044667928282185345e-13
2.630283945501853357e-13
2.570110239230841178e-13
1.762087112658680359e-13
6.671860521582036301e-14
-2.132785635113900637e-14
-6.954109513506352419e-14
-8.471451267348917239e-14
-8.050182907449597526e-14
-6.786466932842259779e-14
-5.332933996436312392e-14
-4.003316269839876007e-14
-2.909739024313076808e-14
-2.063000569851933502e-14
-1.431872451921398694e-14
-9.736462635676746384e-15
-6.477973436497854377e-15
-4.208782758066968161e-15
-2.673837599995634952e-15
-1.691017928082132009e-15
-1.141971835726368687e-15
-9.665377525171844807e-16
-9.865018266488289664e-16
-1.168308256096992701e-15
-1.741327221988964215e-15
-2.772230532441393539e-15
-4.393707973880894040e-15
-6.813904693675349193e-15
-1.033295818710068148e-14
-1.536203259945075441e-14
-2.243481035062055164e-14
-3.218871266983023664e-14
-4.526773068618664237e-14
-6.205313089026779073e-14
-8.205590517755999790e-14
-1.027233533222324878e-13
-1.174420407388529689e-13
-1.130916308508361380e-13
-6.952686248653644292e-14
3.216797345113789137e-14
1.845809662404927135e-13
3.285699161021099258e-13
3.826299211085811265e-13
3.293407389807702345e-13
2.433636397024370076e-13
1.965412061655211035e-13
1.663970227936062091e-13
1.226273673982206748e-13
8.255804912125460585e-14
5.075638387699946727e-14
3.076955654264216538e-14
2.436088749009926965e-14
3.076955654264265763e-14
5.075638387699902551e-14
8.255804912125254850e-14
1.226273673982173679e-13
1.663970227936025740e-13
1.965412061655048214e-13
2.433636397024161060e-13
3.293407389806998555e-13
3.826299211085830955e-13
3.285699161022545208e-13
1.845809662404496732e-13
3.216797345104129693e-14
-6.952686248648562765e-14
-1.130916308508361758e-13
-1.174420407388334304e-13
-1.027233533222677405e-13
-8.205590517752661331e-14
-6.205313089027155202e-14
-4.526773068618346169e-14
-3.218871266982866523e-14
-2.243481035061809986e-14
-1.536203259944844462e-14
-1.033295818709754023e-14
-6.813904693681940126e-15
-4.393707973876835351e-15
-2.772230532441640058e-15
-1.741327221990156578e-15
-1.168308256097019720e-15
-9.865018266489086413e-16
-1.005178600327624930e-15
-1.192996315906370545e-15
-1.788707395301309668e-15
-2.865351791243322076e-15
-4.569726617950963798e-15
-7.135892013487659483e-15
-1.090962908311851537e-14
-1.638143417704291631e-14
-2.422161959673033741e-14
-3.529979279785242828e-14
-5.064524269088611844e-14
-7.125143958494448753e-14
-9.752488127500999622e-14
-1.280085013518773646e-13
-1.568534359440627900e-13
-1.698470481393197825e-13
-1.408441235587480130e-13
-3.593000945318567391e-14
1.595429631299171089e-13
3.919870194923694819e-13
5.394807056492555799e-13
5.265960004233327117e-13
4.277954628846482347e-13
3.675587663439092592e-13
3.076360000777213562e-13
2.041496817902870841e-13
1.247000381849255252e-13
7.484337111429341666e-14
4.652401092807583165e-14
3.768092606015183742e-14
4.652401092807445587e-14
7.484337111429305063e-14
1.247000381849252222e-13
2.041496817902854685e-13
3.076360000777203465e-13
3.675587663439118340e-13
4.277954628846257175e-13
5.265960004233172627e-13
5.394807056492296295e-13
3.919870194923440364e-13
1.595429631298801018e-13
-3.593000945305542982e-14
-1.408441235588331848e-13
-1.698470481392456674e-13
-1.568534359441530609e-13
-1.280085013517776273e-13
-9.752488127504728094e-14
-7.125143958492106152e-14
-5.064524269089944703e-14
-3.529979279785078114e-14
-2.422161959673052674e-14
-1.638143417704185292e-14
-1.090962908313068434e-14
-7.135892013479229716e-15
-4.569726617951947507e-15
-2.865351791242063054e-15
-1.788707395301687138e-15
-1.192996315906135267e-15
-1.005178600327770475e-15
-1.022429868694813021e-15
-1.215842228066965421e-15
-1.832738765568057262e-15
-2.952280324292169963e-15
-4.734897243426748061e-15
-7.439961340993993200e-15
-1.145849872755295007e-14
-1.736114463487585645e-14
-2.595964288043621976e-14
-3.837166404735142166e-14
-5.605600740643699374e-14
-8.073018931519915441e-14
-1.139588784932540886e-13
-1.559461725672399274e-13
-2.026812654679963833e-13
-2.405300029281134324e-13
-2.391937643606280455e-13
-1.497061277840873471e-13
7.434606764455388691e-14
4.105889672756122340e-13
7.112814312354162895e-13
8.081239982906525501e-13
7.302315725538976917e-13
6.551329947158025001e-13
5.524753550509689155e-13
3.302740480452434004e-13
1.619394884856458771e-13
8.448415666540396501e-14
5.005795251105968116e-14
4.049507892548072819e-14
5.005795251106026807e-14
8.448415666540209699e-14
1.619394884856371933e-13
3.302740480452411790e-13
5.524753550509760847e-13
6.551329947158036108e-13
7.302315725540232026e-13
8.081239982905360259e-13
7.112814312354427448e-13
4.105889672756387902e-13
7.434606764442277192e-14
-1.497061277839951577e-13
-2.391937643605641794e-13
-2.405300029282058237e-13
-2.026812654679903248e-13
-1.559461725672624952e-13
-1.139588784931869408e-13
-8.073018931523043117e-14
-5.605600740642861919e-14
-3.837166404734876478e-14
-2.595964288043200409e-14
-1.736114463487898980e-14
-1.145849872754643566e-14
-7.439961341001103992e-15
-4.734897243426427784e-15
-2.952280324292374278e-15
-1.832738765566802578e-15
-1.215842228067917773e-15
-1.022429868694952058e-15
-1.038125245637851666e-15
-1.236662412106017839e-15
-1.873019854000408551e-15
-3.032127256653088328e-15
-4.887325099796278815e-15
-7.722185178689205289e-15
-1.197155015908240983e-14
-1.828497397583272183e-14
-2.761642738273396416e-14
-4.133995446810895600e-14
-6.137426826192775477e-14
-9.025074779570535749e-14
-1.309280625720260257e-13
-1.858379614841136393e-13
-2.540147369187535056e-13
-3.245741633877157325e-13
-3.661510593726204073e-13
-3.179894877900483252e-13
-9.955928457707877239e-14
3.254345061633735143e-13
8.287418528155677274e-13
1.132810863858175222e-12
1.111857730098321616e-12
8.041815926461849507e-13
6.781519379707300900e-13
4.290343832927039892e-13
1.340098052730944113e-13
2.978152553176186897e-14
-3.924645069863510185e-16
-5.427663110715976229e-15
-3.924645069954954942e-16
2.978152553174690585e-14
1.340098052730835566e-13
4.290343832926929830e-13
6.781519379707124196e-13
8.041815926461910091e-13
1.111857730098251338e-12
1.132810863858192589e-12
8.287418528155283474e-13
3.254345061634638862e-13
-9.955928457701457805e-14
-3.179894877899980906e-13
-3.661510593728337153e-13
-3.245741633878180699e-13
-2.540147369185207096e-13
-1.858379614840644396e-13
-1.309280625720918861e-13
-9.025074779569859222e-14
-6.137426826191114451e-14
-4.133995446813093051e-14
-2.761642738271479168e-14
-1.828497397584233016e-14
-1.197155015907986970e-14
-7.722185178690357026e-15
-4.887325099796266193e-15
-3.032127256653425172e-15
-1.873019854000155326e-15
-1.236662412106315240e-15
-1.038125245637929566e-15
-1.052143870243023459e-15
-1.255286007698732266e-15
-1.909174073579727997e-15
-3.104051471494131893e-15
-5.025201566222276276e-15
-7.978768878705315451e-15
-1.244093239626631932e-14
-1.913676967139189814e-14
-2.915887176986141145e-14
-4.413697374861250008e-14
-6.646254659609398108e-14
-9.953732567351919822e-14
-1.478950239526952231e-13
-2.166918318122442201e-13
-3.092119452327280268e-13
-4.197569873757044488e-13
-5.197863089908748119e-13
-5.419394310914155683e-13
-3.779266468471282131e-13
7.747425044035523526e-14
7.776588316381103486e-13
1.367737635716644680e-12
1.278450030820439098e-12
1.487613921708025133e-13
-1.322615524251752849e-14
2.776437795897526640e-13
-7.876861950060659074e-14
-1.683715528096549422e-13
-1.793704108572045440e-13
-1.750782386336356204e-13
-1.793704108572234261e-13
-1.683715528096936658e-13
-7.876861950063996271e-14
2.776437795897251990e-13
-1.322615524254984024e-14
1.487613921707953442e-13
1.278450030820384774e-12
1.367737635716706678e-12
7.776588316382053653e-13
7.747425044026266717e-14
-3.779266468471931900e-13
-5.419394310914094089e-13
-5.197863089907908013e-13
-4.197569873756559307e-13
-3.092119452328434403e-13
-2.166918318121612950e-13
-1.478950239526301957e-13
-9.953732567357947981e-14
-6.646254659611980523e-14
-4.413697374861153452e-14
-2.915887176985754919e-14
-1.913676967138612368e-14
-1.244093239628055510e-14
-7.978768878693869079e-15
-5.025201566224526896e-15
-3.104051471493927578e-15
-1.909174073578847629e-15
-1.255286007698563647e-15
-1.052143870243160327e-15
-1.064376017914027019e-15
-1.271557364485668783e-15
-1.940855895144578183e-15
-3.167275755621451250e-15
-5.146841491043941798e-15
-8.206142817588643855e-15
-1.285916607246157752e-14
-1.990091421746701675e-14
-3.055432499205507629e-14
-4.669431175382424871e-14
-7.117717630727851007e-14
-1.082890501794152860e-13
-1.642360704697921935e-13
-2.472519594349875599e-13
-3.658861511399045815e-13
-5.219966610962072407e-13
-6.938779994861597095e-13
-8.122011613001837881e-13
-7.474816936349548783e-13
-3.347591620294992238e-13
4.982701670635506424e-13
1.392161434659450487e-12
4.987918045832005420e-13
-1.221776743682475535e-12
-1.822251570146647746e-12
-9.875536502842256545e-15
-4.602543646777396404e-13
-5.224144625149535147e-13
-5.244120495737616215e-13
-5.184638873246851848e-13
-5.244120495738020112e-13
-5.224144625149948132e-13
-4.602543646777443862e-13
-9.875536502819032480e-15
-1.822251570146589181e-12
-1.221776743682416566e-12
4.987918045831635854e-13
1.392161434659617700e-12
4.982701670633976665e-13
-3.347591620294149104e-13
-7.474816936349285240e-13
-8.122011613003084912e-13
-6.938779994860179417e-13
-5.219966610962162274e-13
-3.658861511397731131e-13
-2.472519594351290752e-13
-1.642360704697662936e-13
-1.082890501793930085e-13
-7.117717630730180986e-14
-4.669431175380253926e-14
-3.055432499208049655e-14
-1.990091421746601963e-14
-1.285916607245423007e-14
-8.206142817596879563e-15
-5.146841491041497907e-15
-3.167275755621390902e-15
-1.940855895145548088e-15
-1.271557364485267252e-15
-1.064376017914194257e-15
-1.074724583560224719e-15
-1.285338400451540027e-15
-1.967756622051402479e-15
-3.221102115315595869e-15
-5.250719863607822493e-15
-8.401050830086811932e-15
-1.321935549441531161e-14
-2.056282201167468342e-14
-3.177179476038724732e-14
-4.894565176492604129e-14
-7.537513303644162713e-14
-1.161953986041463174e-13
-1.792762408824592035e-13
-2.760649804545596008e-13
-4.210057929571336359e-13
-6.253698111164368086e-13
-8.777597958852055662e-13
-1.108768702444535589e-12
-1.162018504599417104e-12
-8.040760004897376293e-13
1.855700287103926519e-13
1.548675787272451229e-12
-1.321916258415247788e-12
-2.039896358075755571e-12
-3.359999768850475271e-12
1.041636848713203217e-13
-6.303514358352339462e-13
-8.741721809984447499e-13
-9.277061790532475100e-13
-9.354011457916240109e-13
-9.277061790531620858e-13
-8.741721809983531663e-13
-6.303514358351724529e-13
1.041636848713742419e-13
-3.359999768850396107e-12
-2.039896358075556854e-12
-1.321916258415095721e-12
1.548675787272680239e-12
1.855700287104300123e-13
-8.040760004896489740e-13
-1.162018504599519290e-12
-1.108768702444381705e-12
-8.777597958850900517e-13
-6.253698111165738306e-13
-4.210057929571618582e-13
-2.760649804546200844e-13
-1.792762408824226509e-13
-1.161953986040770996e-13
-7.537513303646221325e-14
-4.894565176492967636e-14
-3.177179476037165943e-14
-2.056282201168959920e-14
-1.321935549441089872e-14
-8.401050830084385395e-15
-5.250719863608814880e-15
-3.221102115315882619e-15
-1.967756622050913780e-15
-1.285338400451461141e-15
-1.074724583560263965e-15
-1.083106453485061469e-15
-1.296510547018877618e-15
-1.989610172296424946e-15
-3.264924948461560412e-15
-5.335507460467448464e-15
-8.560632115901730379e-15
-1.351539326947909927e-14
-2.110943065420382499e-14
-3.278315104625602753e-14
-5.082976787739467681e-14
-7.892139982810244412e-14
-1.229548001186817026e-13
-1.923341819117654571e-13
-3.015867731019220401e-13
-4.711123612369272635e-13
-7.224688170611141574e-13
-1.056801402896989565e-12
-1.403650749940690393e-12
-1.556508490107806368e-12
-1.150103945731885137e-12
2.873101423876199973e-13
2.768898630110062179e-12
-2.299352250198932069e-12
-1.295023915672298341e-12
-3.359382519540164492e-12
9.420528240491839816e-13
-2.583869700381312394e-13
-1.050070277774883938e-12
-1.243112773092073513e-12
-1.284829302889808874e-12
-1.243112773092054530e-12
-1.050070277774845568e-12
-2.583869700380851447e-13
9.420528240488941857e-13
-3.359382519540137835e-12
-1.295023915672256133e-12
-2.299352250198872696e-12
2.768898630110201927e-12
2.873101423876414038e-13
-1.150103945732093548e-12
-1.556508490107627845e-12
-1.403650749940712810e-12
-1.056801402897060449e-12
-7.224688170611954416e-13
-4.711123612367315755e-13
-3.015867731019960542e-13
-1.923341819118041302e-13
-1.229548001186576455e-13
-7.892139982805152788e-14
-5.082976787740120858e-14
-3.278315104627468883e-14
-2.110943065418554235e-14
-1.351539326948602390e-14
-8.560632115899341708e-15
-5.335507460467829484e-15
-3.264924948460703709e-15
-1.989610172296854876e-15
-1.296510547018982931e-15
-1.083106453485076457e-15
-1.089453651921517566e-15
-1.304976693362575973e-15
-2.006197483605302004e-15
-3.298244061099825718e-15
-5.400100503092996835e-15
-8.682498331122868243e-15
-1.374214456884590168e-14
-2.152965962655041592e-14
-3.356428227132400990e-14
-5.229342159544516106e-14
-8.169659208818032641e-14
-1.282941992243459923e-13
-2.027748452463718208e-13
-3.223170636180034668e-13
-5.126621406971103003e-13
-8.051270750705862653e-13
-1.213750885835339670e-12
-1.664848915081269303e-12
-1.872623628219864980e-12
-1.239648242980654044e-12
1.095756443349462764e-12
5.467159521129300442e-12
-1.167222780981576194e-12
1.145780580692983243e-12
-2.119560569301307833e-12
2.137203757557358725e-12
6.134993871730550564e-13
-1.022314131858094552e-12
-1.422452974555619191e-12
-1.521277437709364635e-12
-1.422452974555678362e-12
-1.022314131858192497e-12
6.134993871730199174e-13
2.137203757556913226e-12
-2.119560569301323585e-12
1.145780580692917004e-12
-1.167222780982009171e-12
5.467159521128650976e-12
1.095756443349306860e-12
-1.239648242980605980e-12
-1.872623628219738964e-12
-1.664848915081569802e-12
-1.213750885835322504e-12
-8.051270750704713566e-13
-5.126621406972642860e-13
-3.223170636178010640e-13
-2.027748452463880776e-13
-1.282941992244251813e-13
-8.169659208817224848e-14
-5.229342159545052532e-14
-3.356428227131200659e-14
-2.152965962656290516e-14
-1.374214456883761075e-14
-8.682498331127150180e-15
-5.400100503091574519e-15
-3.298244061100183467e-15
-2.006197483605216413e-15
-1.304976693362343654e-15
-1.089453651921580872e-15
-1.093700615114018297e-15
-1.309096962113755229e-15
-2.011525007951244492e-15
-3.307193475371472007e-15
-5.417618521248686481e-15
-8.718788991716747506e-15
-1.381805149000922839e-14
-2.168750706604993304e-14
-3.388997262531137825e-14
-5.296228501059906680e-14
-8.306998693786030520e-14
-1.311266921731063319e-13
-2.086629220829595743e-13
-3.346662750821784018e-13
-5.386752169780532630e-13
-8.592606943875690588e-13
-1.320393509386189857e-12
-1.843396702928146379e-12
-2.056047721240491791e-12
-1.116837043089377762e-12
2.145608532534191785e-12
8.222309808050636099e-12
2.710077289779028040e-13
2.781027843748507281e-12
-1.866098442708211260e-12
2.446982131557138824e-12
1.284668247311456837e-12
-1.056726329582516556e-12
-1.577264037640695015e-12
-1.715413069148315750e-12
-1.577264037640828907e-12
-1.056726329582628840e-12
1.284668247311299318e-12
2.446982131557036234e-12
-1.866098442708261344e-12
2.781027843748250806e-12
2.710077289778699369e-13
8.222309808050335600e-12
2.145608532533868668e-12
-1.116837043089508423e-12
-2.056047721240518044e-12
-1.843396702927876979e-12
-1.320393509386288811e-12
-8.592606943875666355e-13
-5.386752169779678388e-13
-3.346662750822085426e-13
-2.086629220829111572e-13
-1.311266921731971835e-13
-8.306998693782368943e-14
-5.296228501061353767e-14
-3.388997262530992675e-14
-2.168750706604005650e-14
-1.381805149002017778e-14
-8.718788991711275967e-15
-5.417618521251081463e-15
-3.307193475372157133e-15
-2.011525007950169669e-15
-1.309096962114144729e-15
-1.093700615113889713e-15
-1.095867172835545253e-15
-1.315083940041521046e-15
-2.028781404646676643e-15
-3.345437783296494110e-15
-5.491594540088357679e-15
-8.852279645690930541e-15
-1.405058465162549955e-14
-2.208623913737161869e-14
-3.457150755836913856e-14
-5.413382249610270061e-14
-8.510904064277821554e-14
-1.347395645330117225e-13
-2.152067902147335765e-13
-3.468129210656557056e-13
-5.617532756958972718e-13
-9.037153958398518015e-13
-1.404382695987246342e-12
-1.984029751257878609e-12
-2.197585810753159877e-12
-9.423864679787903610e-13
3.325182968265171663e-12
1.105225054967058522e-11
2.967685498684893975e-12
6.879652858206119284e-12
1.399646776804128732e-12
4.137600314447928996e-12
2.483016622460989836e-12
-6.700990022470310555e-13
-1.465970954967640849e-12
-1.685384962739188353e-12
-1.465970954967718599e-12
-6.700990022471109261e-13
2.483016622460724880e-12
4.137600314448180220e-12
1.399646776804380764e-12
6.879652858206340619e-12
2.967685498685078152e-12
1.105225054967086794e-11
3.325182968265501242e-12
-9.423864679787311902e-13
-2.197585810753274583e-12
-1.984029751257993316e-12
-1.404382695987183940e-12
-9.037153958397207370e-13
-5.617532756960284373e-13
-3.468129210656539890e-13
-2.152067902147756070e-13
-1.347395645329154941e-13
-8.510904064278662164e-14
-5.413382249611126448e-14
-3.457150755837325326e-14
-2.208623913737436709e-14
-1.405058465162192285e-14
-8.852279645693554292e-15
-5.491594540087471788e-15
-3.345437783296130840e-15
-2.028781404647055296e-15
-1.315083940041683749e-15
-1.095867172835427910e-15
