-3.405350227948550220e-16
-2.618532741207488554e-16
-8.116420865112109558e-17
1.597181077871808737e-16
4.268088517425608908e-16
6.911434967218889877e-16
9.272296917989059228e-16
1.113114480217250359e-15
1.231797704631054722e-15
1.273232869101531861e-15
1.235961440637760721e-15
1.127558178824319431e-15
9.634635302658716015e-16
7.643248269704482073e-16
5.524833716482614971e-16
3.485207581754891714e-16
1.686791009475822841e-16
2.354986714139771867e-17
-8.207447512265441413e-17
-1.485993786434350997e-16
-1.806839990555402788e-16
-1.861324836281897203e-16
-1.745733101852816495e-16
-1.558468049089826010e-16
-1.382205888860870093e-16
-1.268440051898574466e-16
-1.230039476081819008e-16
-1.245852905178343839e-16
-1.276834042356872523e-16
-1.287776636795867891e-16
-1.265541533718496613e-16
-1.225703208760547161e-16
-1.204623937538839093e-16
-1.240579268555169519e-16
-1.352325393836821950e-16
-1.524086646891182390e-16
-1.702370725876377044e-16
-1.804533623572932278e-16
-1.734637128615456859e-16
-1.400877291712025815e-16
-7.306729777165102266e-17
3.174423258539434214e-17
1.744007829785430336e-16
3.500200912244377505e-16
5.482402233434732228e-16
7.533668708912344655e-16
9.456130912288114250e-16
1.103541169446789762e-15
1.207341574900209218e-15
1.242184238301477185e-15
1.200776279600038093e-15
1.084510152653333771e-15
9.030680834283242652e-16
6.728736588999736580e-16
4.151780239891844847e-16
1.547092227211119880e-16
-8.037063198664688934e-17
-2.569348266109047858e-16
-3.341356756571282653e-16
-3.411750554959573019e-16
-2.791264713212625447e-16
-1.323247901592230924e-16
6.247046704455033997e-17
2.768234411838767435e-16
4.876256181946387648e-16
6.750720467405203854e-16
8.221172148745110089e-16
9.153184421729646322e-16
9.464596768751326859e-16
9.140887326333615317e-16
8.241536130283698948e-16
6.892531467609204909e-16
5.265191336596898059e-16
3.546494909827597083e-16
1.909054230285315219e-16
4.882851685031076629e-17
-6.293437199508570299e-17
-1.407683415525914835e-16
-1.855502032931590047e-16
-2.017959756698248814e-16
-1.966617733009292456e-16
-1.787609872365956356e-16
-1.567302304233824295e-16
-1.376542124317331203e-16
-1.257190397546167296e-16
-1.215967912458927757e-16
-1.229194612903414907e-16
-1.257895217104805252e-16
-1.267879142715883878e-16
-1.246499615132934906e-16
-1.208751705117808199e-16
-1.189990211001551953e-16
-1.228562396112573332e-16
-1.345986494431482191e-16
-1.532845920236464749e-16
-1.745336367720572599e-16
-1.912448131143394803e-16
-1.949817769083677963e-16
-1.775130890459256480e-16
-1.321559010052371788e-16
-5.484331708324201189e-17
5.498868072792297622e-17
1.936376289839497521e-16
3.526453546646865562e-16
5.189345127469637625e-16
6.759209361884404262e-16
8.056755573291492149e-16
8.917750698294279272e-16
9.221301181691881777e-16
8.910195911938681147e-16
7.998286960441554837e-16
6.564607616198704345e-16
4.738766778064765318e-16
2.685445319412624857e-16
5.964386721875724540e-17
-1.303796820294523769e-16
-2.738181253421530078e-16
-3.347608109833131882e-16
-3.397094585961741951e-16
-2.692575896547796285e-16
-1.068341951849819155e-16
1.085973112398251074e-16
3.461858928855170745e-16
5.802657891179172607e-16
7.885343944006569256e-16
9.517907407023641758e-16
1.055066080021373318e-15
1.089455940693697161e-15
1.053719653952858299e-15
9.548055250429268968e-16
8.068419746337813346e-16
6.286842045524148415e-16
4.406304523917812413e-16
2.612016424009606180e-16
1.047768457033886887e-16
-1.954449196890587678e-17
-1.079771150269343324e-16
-1.614009110776442986e-16
-1.844314589665106456e-16
-1.843837614106031204e-16
-1.700782113697991991e-16
-1.504011401466135762e-16
-1.327160600169245516e-16
-1.214918898972453775e-16
-1.176571768291257054e-16
-1.190489179932366166e-16
-1.219112249202183495e-16
-1.229046918775358462e-16
-1.207892944176942027e-16
-1.170374147982127298e-16
-1.151013585378629901e-16
-1.186698379998895872e-16
-1.296863209661659381e-16
-1.469532607962199237e-16
-1.658145440132721427e-16
-1.789049944285722799e-16
-1.775589659394916359e-16
-1.533602024658592875e-16
-9.948573582299190333e-17
-1.177988960598570722e-17
1.103243075784369077e-16
2.629650413426382207e-16
4.372525126641522875e-16
6.193008780601723624e-16
7.913010901188873147e-16
9.337620242870445153e-16
1.028575474440160668e-15
1.062156768285509506e-15
1.027808828252961862e-15
9.267138513095313112e-16
7.674521708298430974e-16
5.644789752525384765e-16
3.363694699602085521e-16
1.047427149679513486e-16
-1.054589742625713506e-16
-2.641698424120191222e-16
-3.333273327631720561e-16
-3.383761553516433669e-16
-2.678213263294763450e-16
-1.069876743934093030e-16
1.055523708737748931e-16
3.393860313327903144e-16
5.693039501016504273e-16
7.734335262489864945e-16
9.329460218750352327e-16
1.033183527556241753e-15
1.065507714738134713e-15
1.028911558548839389e-15
9.305275985656765303e-16
7.845679790980734515e-16
6.098072726232254386e-16
4.262592124878234803e-16
2.519720308348418911e-16
1.007410355593534823e-16
-1.891282625540890328e-17
-1.036602163028455975e-16
-1.546310619026013223e-16
-1.764543817376788285e-16
-1.762448979074855198e-16
-1.624754505046711611e-16
-1.436318291065251881e-16
-1.267253051734947928e-16
-1.160030307148888100e-16
-1.123394784474025339e-16
-1.136639252046830178e-16
-1.163876473470491233e-16
-1.173208522186138532e-16
-1.152800620674207125e-16
-1.116735333120007872e-16
-1.098004451331905462e-16
-1.131852818657770650e-16
-1.236882943671725086e-16
-1.401782670235779909e-16
-1.582319665595738195e-16
-1.708422732098158753e-16
-1.697417649069808016e-16
-1.468503212522627008e-16
-9.552596971248747199e-17
-1.157600644098535707e-17
1.058389765746715291e-16
2.533280029590224144e-16
4.225818673699586608e-16
6.002852875238394737e-16
7.690753297178586890e-16
9.097119322445025389e-16
1.004136499697798650e-15
1.038660531578288117e-15
1.006397631066201894e-15
9.083046797511082049e-16
7.527121200575626583e-16
5.537825849693200414e-16
3.297356624796418190e-16
1.017742322074864959e-16
-1.056044293601659355e-16
-2.627633118305856019e-16
-3.320225850395710846e-16
-3.366665156414800361e-16
-2.659761652346869429e-16
-1.072678477044151930e-16
1.014120016465501857e-16
3.302463892521483260e-16
5.546531708511367121e-16
7.533572728396544919e-16
9.080500809664331193e-16
1.004501455458572129e-15
1.034419176472268566e-15
9.970694250069934033e-16
8.997649729404280870e-16
7.567520102851321505e-16
5.866312217008314494e-16
4.090040350229812962e-16
2.412998784330687400e-16
9.658702114189208720e-17
-1.731041153225436204e-17
-9.759409753668870145e-17
-1.456659666601904834e-16
-1.661382291966843990e-16
-1.658539328095893053e-16
-1.528438020841316018e-16
-1.350963068718204868e-16
-1.191917491061307881e-16
-1.091103264416236963e-16
-1.056668113506747310e-16
-1.069102682829933424e-16
-1.094625310380017995e-16
-1.103210178322113538e-16
-1.083729969469170977e-16
-1.049468894480704131e-16
-1.031503331207231403e-16
-1.063005179534074957e-16
-1.161484745914196038e-16
-1.316372448717808986e-16
-1.486241411954807687e-16
-1.605408092768975228e-16
-1.596156071174681537e-16
-1.381979987193586188e-16
-8.989500280620001269e-17
-1.050172846585092872e-17
1.011219876189458810e-16
2.421367773950805279e-16
4.049355355442751181e-16
5.769160396467011869e-16
7.413023177616148848e-16
8.792243829785547929e-16
9.727566340939455916e-16
1.008148466922121031e-15
9.783242944519707416e-16
8.839767091233480659e-16
7.331101557466226955e-16
5.394831658811838254e-16
3.208173640801557779e-16
9.773695924468331350e-17
-1.058723001177754912e-16
-2.609560734191840019e-16
-3.303492951494297921e-16
-3.346371457055429663e-16
-2.637801293378508589e-16
-1.077377238042689509e-16
9.610826285840093423e-17
3.187031965923519739e-16
5.362780055019421099e-16
7.283425967719155460e-16
8.772766918945003778e-16
9.694074218094344958e-16
9.968636902427639734e-16
9.591949337328442588e-16
8.638369030120945950e-16
7.249546060184819809e-16
5.608232625636125739e-16
3.904728882249273628e-16
2.305746062574375546e-16
9.336815289062312781e-17
-1.407458941279729594e-17
-8.949568245153509834e-17
-1.345382050234570165e-16
-1.537370921401077172e-16
-1.535875765277345937e-16
-1.416009101635052595e-16
-1.252019511498728306e-16
-1.104938386121581761e-16
-1.011690994570994928e-16
-9.798796169412300787e-17
-9.914427259153906408e-17
-1.015035067147962857e-16
-1.022775497194085163e-16
-1.004346964957534232e-16
-9.721261390814771944e-17
-9.549962636280398306e-17
-9.837231158614963033e-17
-1.074476969660193468e-16
-1.217387213328928784e-16
-1.374054331919013283e-16
-1.483665168361491614e-16
-1.474145652778834568e-16
-1.274071921001314324e-16
-8.227570186450786660e-17
-7.860078709208401109e-18
9.725529382483446247e-17
2.307984697419060630e-16
3.859253416612826833e-16
5.508506400343512937e-16
7.095225779149816296e-16
8.435933341748919799e-16
9.354121138593337179e-16
9.712722168927742181e-16
9.439603466468305581e-16
8.538935652171624679e-16
7.086779715506703706e-16
5.215433912039218172e-16
3.095508934843332499e-16
9.256397360786246893e-17
-1.063242461776345176e-16
-2.588047214776891920e-16
-3.283626374421046042e-16
-3.323566407565704661e-16
-2.613034749050425364e-16
-1.084739181702620778e-16
8.955753365863305281e-17
3.046755642291261218e-16
5.141276595449301661e-16
6.984200489655211462e-16
8.408142167977757235e-16
9.283411379867329039e-16
9.536228030348956080e-16
9.164692757080519788e-16
8.243191337026059369e-16
6.910603837087306054e-16
5.344165652165937342e-16
3.726440871928685243e-16
2.215202965007995344e-16
9.240424925223727540e-17
-8.362354617818335400e-18
-7.898921378495934103e-17
-1.212633317760988703e-16
-1.395435431917827441e-16
-1.398942335814078207e-16
-1.292500565298567825e-16
-1.144428342687951626e-16
-1.010921828858575396e-16
-9.261254868094587712e-17
-8.972842655586066848e-17
-9.080071267436448838e-17
-9.295915331143331260e-17
-9.364474634806845136e-17
-9.191230755659411616e-17
-8.890370256245686552e-17
-8.727315741141671068e-17
-8.983507602964475482e-17
-9.804883025363999337e-17
-1.109773909658088353e-16
-1.250742215533719014e-16
-1.347536748474908026e-16
-1.334059622182338924e-16
-1.144581134769043266e-16
-7.225105785682331842e-17
-2.767460426874731226e-18
9.559126135904404416e-17
2.210554911616796853e-16
3.675306226230954973e-16
5.241069406528797341e-16
6.755936338619824889e-16
8.043621129200579137e-16
8.932526091806963540e-16
9.287871085883363476e-16
9.037265815287083232e-16
8.182319022630892319e-16
6.794402181986394876e-16
4.999105066638604709e-16
2.958556418271996984e-16
8.617296154764378908e-17
-1.070352290323997115e-16
-2.563777834587729572e-16
-3.261294736861891225e-16
-3.299042070840493017e-16
-2.586272458541408480e-16
-1.095652592411458860e-16
8.166143669998140146e-17
2.880649282290771221e-16
4.881321656366812653e-16
6.636041684404752523e-16
7.988475011498002785e-16
8.817659040488391245e-16
9.055472732453068991e-16
8.702067016773577004e-16
7.829955714965230872e-16
6.572345973408648576e-16
5.097773864731973954e-16
3.578468256990205607e-16
2.161892549368720515e-16
9.528562892371004513e-17
8.608616849036475847e-19
-6.559088937151405764e-17
-1.058228752572496236e-16
-1.238719974198857660e-16
-1.252791552478994317e-16
-1.163678150853760291e-16
-1.033898327272354590e-16
-9.152152060996919567e-17
-8.394478068993120655e-17
-8.138383357710463119e-17
-8.238622067343037361e-17
-8.435226678113637801e-17
-8.495201881152779675e-17
-8.332671081049853734e-17
-8.052425282393891294e-17
-7.896514002990940651e-17
-8.119353359293912370e-17
-8.848827269989841304e-17
-9.992367666389623229e-17
-1.121999834022549835e-16
-1.201895917774522078e-16
-1.178734816414252818e-16
-9.929040528625322524e-17
-5.928959873177933089e-17
5.856090439019483550e-18
9.775459020184188096e-17
2.149766020120371349e-16
3.520762333914928743e-16
4.990281901004899101e-16
6.416452751452585262e-16
7.632746692084718802e-16
8.475550587780235076e-16
8.815138584598371347e-16
8.580652534283804471e-16
7.771639358988371599e-16
6.454053378125624885e-16
4.745127477225131985e-16
2.796336178010693655e-16
7.846715959008319919e-17
-1.080921402142583383e-16
-2.537543107341281032e-16
-3.237270111257065161e-16
-3.273680705826104458e-16
-2.558416063250262322e-16
-1.111111520684531582e-16
7.230799632788446045e-17
2.687546025115390514e-16
4.581982815004797501e-16
6.238827819844631132e-16
7.515372692614337885e-16
8.301355809725235236e-16
8.535114134615201546e-16
8.217995325422168258e-16
7.418007079580023024e-16
6.258714148903796847e-16
4.895664784227282625e-16
3.487393746445061804e-16
2.169563856542522829e-16
1.038800780804119517e-16
1.483628399575017855e-17
-4.868952509807509021e-17
-8.814366379744112799e-17
-1.070388373732296923e-16
-1.102868577430686290e-16
-1.035895243522526755e-16
-9.267910199901365340e-17
-8.238148804639037842e-17
-7.573288475480035985e-17
-7.351246502091488211e-17
-7.447175715861035747e-17
-7.627213020570014363e-17
-7.679603831299787616e-17
-7.526469596919730069e-17
-7.264173914608710050e-17
-7.113138577692142764e-17
-7.301435812395504910e-17
-7.936616083421940595e-17
-8.921154119066729890e-17
-9.940805941809584249e-17
-1.051963895679067617e-16
-1.010969194001390185e-16
-8.178259331130818514e-17
-4.272690963824278096e-17
1.930027537350740887e-17
1.056467468703637732e-16
2.149482397114271556e-16
3.422077062554421660e-16
4.782419910204739118e-16
6.100263791903544199e-16
7.222176128675397278e-16
7.996691183763399558e-16
8.302937792392594597e-16
8.074079712827686998e-16
7.308375886377039734e-16
6.065553622544451387e-16
4.452555077973509435e-16
2.607691096880365316e-16
6.933652942373458656e-17
-1.095921918152069286e-16
-2.510222532711124452e-16
-3.212412525376597670e-16
-3.248437032419944254e-16
-2.530439856874763421e-16
-1.132197191535105080e-16
6.137305382324214005e-17
2.466095480325815532e-16
4.242053579343192458e-16
5.792056329801549773e-16
6.989976186209071071e-16
7.738577718397891177e-16
7.983613247243678366e-16
7.726549562114895238e-16
7.027528499474741996e-16
5.995338929870668727e-16
4.766950081359168951e-16
3.482856895925223524e-16
2.265156154763942656e-16
1.203441725744154553e-16
3.503194654466113715e-17
-2.752256580098841710e-17
-6.807332420654729088e-17
-8.933948920976542302e-17
-9.548111286068968571e-17
-9.159286053529186247e-17
-8.299912462001762362e-17
-7.432632151154201471e-17
-6.859812145513200112e-17
-6.672690161227820026e-17
-6.768411750909228309e-17
-6.936573337738570288e-17
-6.983179725696751245e-17
-6.837007935518475099e-17
-6.587830668144010295e-17
-6.438060587229422414e-17
-6.591687132998816918e-17
-7.133542205948883160e-17
-7.952474797032298026e-17
-8.736236165421087087e-17
-9.031017608228728410e-17
-8.332870816853454734e-17
-6.172760178966576743e-17
-2.174253484616145798e-17
3.908272934315795019e-17
1.214543122869139217e-16
2.236673351352113315e-16
3.408642869505714432e-16
4.646134132406100772e-16
5.832433196258176159e-16
6.831531542180243629e-16
7.509546007031754893e-16
7.759380924198040955e-16
7.521399671458808685e-16
6.793548365889865490e-16
5.628350913709234894e-16
4.120174953311683390e-16
2.391285666374398279e-16
5.865918624953162540e-17
-1.116410890642741500e-16
-2.482766516576124414e-16
-3.187652689960758063e-16
-3.224319025825095238e-16
-2.503370740269560729e-16
-1.160057411187893704e-16
4.872196196182718115e-17
2.214764753089285509e-16
3.860014517778126281e-16
5.294728245464941082e-16
6.412723021763148349e-16
7.132539933347343250e-16
7.408576814237059839e-16
7.241239293072660392e-16
6.678780764857335975e-16
5.808853995168942830e-16
4.742750243798096810e-16
3.597311620693586306e-16
2.478798680098921983e-16
1.471408455546591035e-16
6.316958889001553743e-17
-1.146443237776174638e-18
-4.535173195428711768e-17
-7.102277726197439701e-17
-8.142303187320162752e-17
-8.107995893288242300e-17
-7.507660249099958967e-17
-6.805359356646951135e-17
-6.320618516647395007e-17
-6.168463412205896364e-17
-6.269623615991776730e-17
-6.432765097614121103e-17
-6.476227629533902920e-17
-6.333347691409800567e-17
-6.090085219216085693e-17
-5.936465344778432296e-17
-6.056275762828486952e-17
-6.508977009220215441e-17
-7.158183560955437356e-17
-7.674645458685307004e-17
-7.605809266469371630e-17
-6.476748983398153407e-17
-3.880404960596402829e-17
4.668784051703730476e-18
6.697372638270997269e-17
1.476630934680390760e-16
2.441370564174409993e-16
3.512505455489782028e-16
4.611923160704938953e-16
5.638897771020244251e-16
6.480429483301316788e-16
7.027112865287347307e-16
7.191720338797148024e-16
6.925615211246928756e-16
6.227489332651736872e-16
5.141411209710114559e-16
3.746471428980621271e-16
2.145608092881443504e-16
4.630310057766537942e-17
-1.143510078773200008e-16
-2.456176835332698423e-16
-3.163973294068588000e-16
-3.202367617062006720e-16
-2.478267089469093720e-16
-1.195884230887132608e-16
3.421157958531665718e-17
1.931844012356472544e-16
3.433999786263565279e-16
4.745236112292908316e-16
5.783105749848231237e-16
6.485177304543906353e-16
6.816138117345153607e-16
6.774224783594440560e-16
6.391246450183715566e-16
5.726118884018830831e-16
4.855641635313797087e-16
3.865781287295835935e-16
2.843863435449911139e-16
1.870656821594443483e-16
1.012606600306414871e-16
3.160021190579055093e-17
-1.957805978682248770e-17
-5.226306735506243192e-17
-6.864807793912795717e-17
-7.275878866826265225e-17
-6.966156421052258388e-17
-6.429201478357108029e-17
-6.025630112405652469e-17
-5.907720384631327394e-17
-6.021571463617704505e-17
-6.188792813880064986e-17
-6.232604259701996076e-17
-6.088008656731381357e-17
-5.840932756745142283e-17
-5.676727867025134466e-17
-5.764456814492270856e-17
-6.135068147077808403e-17
-6.612017783592115220e-17
-6.824370292869694281e-17
-6.293403670867336884e-17
-4.552918119305290460e-17
-1.254289528824192221e-17
3.773308266724126521e-17
1.050297560631708644e-16
1.870804072647801181e-16
2.796671368466446801e-16
3.768071161505480393e-16
4.711545888518339913e-16
5.545674374176969826e-16
6.187626620125692900e-16
6.561014711897973731e-16
6.605745269623245128e-16
6.288474335100397749e-16
5.609612698500892282e-16
4.603112368073602591e-16
3.329595501487827885e-16
1.868976839534850561e-16
3.212809142787039952e-17
-1.178384031043970480e-16
-2.431486043156174813e-16
-3.142389234877672531e-16
-3.183635695185333980e-16
-2.456196965967801882e-16
-1.240890155094185561e-16
1.769258330653533478e-17
1.615457807235836047e-16
2.961772122139204029e-16
4.141261143601873081e-16
5.099434650733941657e-16
5.796713864726919400e-16
6.210299153531340490e-16
6.335456629175314574e-16
6.182673055030615084e-16
5.773339368578005021e-16
5.139037389962631913e-16
4.325614567843776373e-16
3.397090716237316019e-16
2.432851475531843525e-16
1.516547439907674903e-16
7.214273815870758259e-17
9.827179962885166888e-18
-3.313093079472035511e-17
-5.764328178125546694e-17
-6.732485208900867374e-17
-6.751218457867641635e-17
-6.378820071662220124e-17
-6.046859340675870070e-17
-5.961700180645928321e-17
-6.097052722114379492e-17
-6.279684351910306918e-17
-6.328162757140201193e-17
-6.175435774129261684e-17
-5.912223529898891214e-17
-5.729054812029640698e-17
-5.787247426000879587e-17
-6.085327627943906334e-17
-6.387964508173001246e-17
-6.251755995738918394e-17
-5.137429770821779585e-17
-2.561617721761096439e-17
1.771128958553486947e-17
7.894267668883614116e-17
1.556392678869594808e-16
2.428686225617987142e-16
3.338805995063672361e-16
4.211807911586470752e-16
4.977364725624031596e-16
5.577965879996405702e-16
5.970068378023579500e-16
6.120655883449578986e-16
6.005142932527230747e-16
5.610055491104347202e-16
4.938187106473436381e-16
4.011147289144321495e-16
2.867342535881375262e-16
1.559552736158238437e-16
1.598812575514041162e-17
-1.222216762289259615e-16
-2.409736240044801060e-16
-3.123927166840628125e-16
-3.169166816952040909e-16
-2.438216109312106997e-16
-1.296283208996499161e-16
-9.878919258738884887e-19
1.263583281613678204e-16
2.440709403739059370e-16
3.479685667399618769e-16
4.358614085057756543e-16
5.065232699171028454e-16
5.592243796363537039e-16
5.931744364348978760e-16
6.068006525519185849e-16
5.975067840829996919e-16
5.626485387417715384e-16
5.016239603859300140e-16
4.178807968567803726e-16
3.193908082692852250e-16
2.171049970920196831e-16
1.222293281649001299e-16
4.366616201486944222e-17
-1.356329169857655024e-17
-4.882651172188497250e-17
-6.544476547952730851e-17
-6.937994837156812939e-17
-6.729206709926318611e-17
-6.456867055554700934e-17
-6.402025793376991645e-17
-6.569025346936098728e-17
-6.780484802441995313e-17
-6.838697931942592217e-17
-6.669985918470651519e-17
-6.375769270004162470e-17
-6.163750177664434939e-17
-6.195827018096409103e-17
-6.433082419467079897e-17
-6.558655438515908727e-17
-6.019357969687831791e-17
-4.173491518154908205e-17
-4.885517944017088020e-18
5.284567020429759017e-17
1.301146614294399290e-16
2.215851460531767920e-16
3.185938326282443445e-16
4.107287069604609567e-16
4.881935914014221417e-16
5.441603098095556600e-16
5.759149802968785474e-16
5.841833253057713137e-16
5.712312344478912306e-16
5.390833884379054811e-16
4.888354621274398285e-16
4.210123174598987377e-16
3.362442087815345652e-16
2.357141184468046501e-16
1.215357736232988515e-16
-2.266066514080953770e-18
-1.276187338073071675e-16
-2.391957629380148652e-16
-3.109604765342093192e-16
-3.159974032036734249e-16
-2.425346152457488837e-16
-1.363241208375966453e-16
-2.198327879389455339e-17
8.740763245208566756e-17
1.867805810274700239e-16
2.756527108875892709e-16
3.555942641557962592e-16
4.286259049091576111e-16
4.959633125415186093e-16
5.565756422673386494e-16
6.058202651838223431e-16
6.353057334128135763e-16
6.350854754525318901e-16
5.978904423629814258e-16
5.233261173414671349e-16
4.194745495192339077e-16
3.008568709046418165e-16
1.840075831637267571e-16
8.301571510612464253e-17
6.665808522998583421e-18
-4.253036230581711227e-17
-6.774389404967734335e-17
-7.599591594912733946e-17
-7.554013106112046162e-17
-7.326768107196318163e-17
-7.298397579601674025e-17
-7.508047580159010530e-17
-7.763536599023955369e-17
-7.837172052713836851e-17
-7.643205420925727080e-17
-7.300775224422097266e-17
-7.048888164992458961e-17
-7.059498032132086507e-17
-7.249727214229025113e-17
-7.193877885779134886e-17
-6.184538641098642104e-17
-3.427325310658503442e-17
1.698308680097592986e-17
9.403331987810923397e-17
1.934675817919668506e-16
3.061301420055847612e-16
4.182943671600661704e-16
5.145157120978827975e-16
5.818094213942887606e-16
6.135489040958268397e-16
6.109624884186288374e-16
5.812961987923861800e-16
5.338159278811404225e-16
4.760293023439465435e-16
4.118886664856853270e-16
3.420784461288704699e-16
2.653095282699890373e-16
1.796056407447175504e-16
8.343012896230891696e-17
-2.278405921035201482e-17
-1.341444705715136334e-16
-2.379147294127869215e-16
-3.100410101670022192e-16
-3.157019224949963848e-16
-2.418553492964621410e-16
-1.442885597615216159e-16
-4.544427461346693178e-17
4.447065244016607542e-17
1.239690434227408764e-16
1.966899801412996322e-16
2.684947916842132263e-16
3.452371158075785944e-16
4.305896235995005054e-16
5.234954457148225211e-16
6.158899769503617946e-16
6.924931751697218043e-16
7.343365888971796920e-16
7.256376193777779030e-16
6.609072298694121933e-16
5.482307216297078474e-16
4.067685420560725362e-16
2.601260223151364864e-16
1.292904941578635571e-16
2.797272897035670446e-17
-3.899404915859803507e-17
-7.480098638246231603e-17
-8.805896912635038526e-17
-8.923543899267133115e-17
-8.723517524565395527e-17
-8.715363390517915350e-17
-8.978721792575934478e-17
-9.294757263328010090e-17
-9.389945258323713402e-17
-9.160113583703637419e-17
-8.750293886993545906e-17
-8.447089073831866834e-17
-8.442959265838021798e-17
-8.602672722829903526e-17
-8.359309558644925824e-17
-6.798764081973981991e-17
-2.913703024241531284e-17
4.051871880396991233e-17
1.428000493510248301e-16
2.717239191537669075e-16
4.131335981909345849e-16
5.465746183512610667e-16
6.499342641212703973e-16
7.060953228437993183e-16
7.088240532784717142e-16
6.645480462235667282e-16
5.888157100827337146e-16
4.995240068911756401e-16
4.106869667058034145e-16
3.294315702514434221e-16
2.563832605575446435e-16
1.878344014265675155e-16
1.180809298794525065e-16
4.142151361240450365e-17
-4.571248451511937577e-17
-1.419082133115332103e-16
-2.372248612588356361e-16
-3.097281519899635528e-16
-3.161193360549558850e-16
-2.418729234788699760e-16
-1.536255244883444576e-16
-7.151522471999335173e-17
-2.679842878966984131e-18
5.526658994833134265e-17
1.105010790288056049e-16
1.737267347459703319e-16
2.552855231669829015e-16
3.619532745688844551e-16
4.930466738795559105e-16
6.368932360648085820e-16
7.702621465400990867e-16
8.632396658451253861e-16
8.892548344153435508e-16
8.359823621369142418e-16
7.110918624087877053e-16
5.394740851151571477e-16
3.538711272026786833e-16
1.843229722474910848e-16
5.098945959098638352e-17
-3.836753157519206543e-17
-8.715372537246399554e-17
-1.062271067895020898e-16
-1.090221680739733445e-16
-1.070610259833271076e-16
-1.070774530756764808e-16
-1.103475707368562505e-16
-1.142858119803536992e-16
-1.155170147738103777e-16
-1.127416515628681833e-16
-1.077632930157635940e-16
-1.041100096042426368e-16
-1.040254754604783496e-16
-1.055282893301110272e-16
-1.011561516728285614e-16
-7.908001938484442115e-17
-2.636468721909326796e-17
6.649045901156942701e-17
2.011104861469074062e-16
3.682495326932521900e-16
5.472103112918871479e-16
7.087301039713316529e-16
8.221108300391090710e-16
8.651719224486270743e-16
8.325826450005142673e-16
7.376940851647317253e-16
6.065334868501644699e-16
4.674382465721317244e-16
3.419122906950373885e-16
2.404129657825795552e-16
1.631117610471999888e-16
1.032563166068920363e-16
5.078161219353410991e-17
-4.710289254079780345e-18
-7.119149174974181249e-17
-1.510111637281560717e-16
-2.372131717568617526e-16
-3.101088391821581063e-16
-3.173297997365393486e-16
-2.426670589724051761e-16
-1.644280600652683257e-16
-1.003302197885600513e-16
-5.426985399737955096e-17
-1.972308885124878258e-17
1.641954681059725894e-17
7.025869396920331425e-17
1.573422953337210384e-16
2.883447116484814578e-16
4.635908767371822974e-16
6.678662354175446009e-16
8.690497886301587455e-16
1.024196783392661141e-15
1.093186970126905310e-15
1.054474570481488274e-15
9.144047782231000362e-16
7.046033865950239291e-16
4.693550127066686486e-16
2.504697299382941707e-16
7.658759339295910632e-17
-4.073263123190794871e-17
-1.053203101625979114e-16
-1.311133224003846593e-16
-1.354523905829339435e-16
-1.332016164331932532e-16
-1.331420888784197994e-16
-1.371220735428644228e-16
-1.420120584064637353e-16
-1.435874781018861710e-16
-1.402054296380047704e-16
-1.341317168683642094e-16
-1.297700885249423178e-16
-1.298101549524502057e-16
-1.315142405284075980e-16
-1.251809979029228979e-16
-9.554732926078322783e-17
-2.590109852157556145e-17
9.594088646566695421e-17
2.714844902369555793e-16
4.872459340876235156e-16
7.139451178057854491e-16
9.109094031130377662e-16
1.036657791027656172e-15
1.063144126404711797e-15
9.869408455144702977e-16
8.306522533092815429e-16
6.334009601155128258e-16
4.359071157474095128e-16
2.680192153831325918e-16
1.434377385420302898e-16
6.126245912912214779e-17
1.093029203123647478e-17
-2.267514538909614281e-17
-5.518357494913485385e-17
-9.935093840298690973e-17
-1.615438800711847615e-16
-2.379575376206187798e-16
-3.112613104498404508e-16
-3.194028403933891116e-16
-2.443064091875853602e-16
-1.767758642079132602e-16
-1.320089482205445071e-16
-1.105177483870331219e-16
-1.014144306642291616e-16
-8.630016832104412425e-17
-4.313500742310268545e-17
4.960122449741822961e-17
2.074340019284335866e-16
4.326165111850799069e-16
7.068104426051552184e-16
9.883123622541736351e-16
1.218977259433736551e-15
1.341845936043558694e-15
1.322944461726047917e-15
1.165652738320770544e-15
9.090757519956695364e-16
6.117746836030318844e-16
3.307596424794436553e-16
1.059057804129746741e-16
-4.614540346931158983e-17
-1.298434412802321843e-16
-1.632886669240543591e-16
-1.689425823412315304e-16
-1.659049888293655286e-16
-1.654840913842410834e-16
-1.702041601687136819e-16
-1.762177858481266803e-16
-1.782037098105117788e-16
-1.740743476149346354e-16
-1.666852937471964989e-16
-1.615665989217405179e-16
-1.620038278365878881e-16
-1.643598729421932892e-16
-1.561722431964015231e-16
-1.178218081484810408e-16
-2.763127880058580054e-17
1.302292855239653364e-16
3.571620287821042714e-16
6.340173384561841033e-16
9.201792638321088140e-16
1.160316908520715658e-15
1.299724359130469932e-15
1.303998056859644766e-15
1.173333267785760801e-15
9.426826555658182560e-16
6.673490153211317327e-16
4.024291740897639345e-16
1.867227607798774075e-16
3.674880256615769581e-17
-5.035115705390892850e-17
-8.986302824767727980e-17
-1.026883480281582025e-16
-1.102084740579112442e-16
-1.303063541514633025e-16
-1.735838386937694538e-16
-2.395250634373090666e-16
-3.132534606286819887e-16
-3.223958577435497891e-16
-2.468470937568114574e-16
-1.907329033548136360e-16
-1.666523591175702077e-16
-1.716269131483774037e-16
-1.902291038259527856e-16
-1.984696815802171323e-16
-1.678652770907913886e-16
-7.013057701897121958e-17
1.162188427652290924e-16
3.966155776079868551e-16
7.504825231394394661e-16
1.126251801364594254e-15
1.448456702758126209e-15
1.639469987486697435e-15
1.648653737415778641e-15
1.473726461987635664e-15
1.161486362278196305e-15
7.877708387158493499e-16
4.291087295849167420e-16
1.403929525076120249e-16
-5.470066648557063920e-17
-1.613635399204807763e-16
-2.032970583114650068e-16
-2.097191234471204979e-16
-2.051106298303025879e-16
-2.038720438032495896e-16
-2.093023501844964613e-16
-2.166118454001775475e-16
-2.190795526722910515e-16
-2.140498228920711468e-16
-2.051208091905269188e-16
-1.992537382073462818e-16
-2.005251993165788379e-16
-2.042550242697956839e-16
-1.946046309667951398e-16
-1.464132636167585342e-16
-3.142977568662831943e-17
1.711013928516026569e-16
4.623450097237561164e-16
8.153414405176565301e-16
1.174385913566152302e-15
1.465456254149150638e-15
1.618031309353325106e-15
1.591443177888054978e-15
1.392249502068029810e-15
1.071787386519756790e-15
7.050872874654978670e-16
3.635370135870017456e-16
9.509114697140291807e-17
-8.178054409381059960e-17
-1.730912440132916369e-16
-1.999045247450053498e-16
-1.896625460971225475e-16
-1.699798165020287201e-16
-1.641547323994434083e-16
-1.871931173851392849e-16
-2.419706528154921950e-16
-3.161413802582599393e-16
-3.263528423081844269e-16
-2.503314713979459309e-16
-2.063451938851659843e-16
-2.043382061389837141e-16
-2.377775426124027088e-16
-2.865826551140173500e-16
-3.209483632803672575e-16
-3.055099007731038787e-16
-2.044288542923689007e-16
1.098539400744958635e-17
3.509624029831413607e-16
7.941606800306469963e-16
1.279482413216516440e-15
1.712268075141254879e-15
1.989900294879517469e-15
2.039596121657518008e-15
1.849240207801060493e-15
1.472604924997844248e-15
1.005921292635020987e-15
5.506389092814473178e-16
1.818934178485651520e-16
-6.660975945118459256e-17
-2.007249739556845381e-16
-2.516887043346185456e-16
-2.577564485228573828e-16
-2.503236761257133095e-16
-2.475571968745762686e-16
-2.535925440761469292e-16
-2.623817437550005571e-16
-2.654161680942878024e-16
-2.593168390974587343e-16
-2.486126298268061608e-16
-2.420832729095891877e-16
-2.448755448357699184e-16
-2.511516893504206129e-16
-2.409613455787117908e-16
-1.820077521031811809e-16
-3.721072460476588036e-17
2.208191579058736055e-16
5.925584810166161776e-16
1.039979496645267712e-15
1.487150711704542626e-15
1.836406422794235305e-15
1.998863624202836769e-15
1.928668952735012739e-15
1.642885066579136692e-15
1.214388036349449876e-15
7.418826080848085832e-16
3.146844657866585065e-16
-1.048919939846278919e-17
-2.146414651435919680e-16
-3.084772553304985878e-16
-3.200186990100098453e-16
-2.839948741715581130e-16
-2.346691821702753941e-16
-2.009702175224413178e-16
-2.024162426901083584e-16
-2.453358117782164044e-16
-3.199681052726390031e-16
-3.313033307428339494e-16
-2.547871726277851729e-16
-2.236387918277453502e-16
-2.451165568163847317e-16
-3.091176870373668563e-16
-3.908687990951635237e-16
-4.546195729332246180e-16
-4.577848825360772955e-16
-3.562325964389191688e-16
-1.127132233558861988e-16
2.898001571375035409e-16
8.313884608896600405e-16
1.442625775692854863e-15
2.008334087350704613e-15
2.396230860332960963e-15
2.504456616407117518e-15
2.304877903204207528e-15
1.856002234626269826e-15
1.277408917918038675e-15
7.021521593423585986e-16
2.328223039116229897e-16
-8.225979920797030567e-17
-2.491056034497734153e-16
-3.090782636413961409e-16
-3.127191855006204292e-16
-3.004729135842244774e-16
-2.950979205353867645e-16
-3.015423148517461085e-16
-3.120280549530198513e-16
-3.157426937251898189e-16
-3.083828264620600874e-16
-2.956458994389890742e-16
-2.886417628141719124e-16
-2.940114865298884384e-16
-3.047190659817865230e-16
-2.957955648035990795e-16
-2.255782102148982694e-16
-4.493584795831053984e-17
2.824103991261943698e-16
7.551892592831103124e-16
1.319364708226225099e-15
1.871766958308204759e-15
2.285109073494043961e-15
2.449978979846623166e-15
2.317972584973021749e-15
1.922677934899248157e-15
1.364936640325563154e-15
7.713181713799879205e-16
2.501426068149908402e-16
-1.343311145142925741e-16
-3.646691209655033077e-16
-4.581576964471911212e-16
-4.510505617356659637e-16
-3.860598543061120631e-16
-3.044162608414309976e-16
-2.407997698962243915e-16
-2.192782429401155386e-16
-2.496477047373038389e-16
-3.247625975532956413e-16
-3.372616150069166701e-16
-2.602264076343919671e-16
-2.426180331465287489e-16
-2.890053661577879609e-16
-3.857537349669975847e-16
-5.034415536402331293e-16
-6.003614449840788083e-16
-6.265046808056910253e-16
-5.288059053388435226e-16
-2.600549681413697988e-16
2.059431657145939619e-16
8.537005090471219505e-16
1.607822913660094934e-15
2.332243410077823087e-15
2.860270308208460375e-15
3.052436810996809116e-15
2.855735465593892516e-15
2.328810857189908159e-15
1.616902625429120044e-15
8.928220010362151598e-16
2.965099538926161599e-16
-1.021776574561298609e-16
-3.081212293896485465e-16
-3.762191338155379584e-16
-3.739276650582833809e-16
-3.537794006917287197e-16
-3.441791387198044368e-16
-3.507197588217478869e-16
-3.631782299912597564e-16
-3.677354356200360132e-16
-3.588983469524179968e-16
-3.438388164206649768e-16
-3.366886659090023484e-16
-3.462339272980856677e-16
-3.643235249556654530e-16
-3.597995706576616296e-16
-2.784445600117891927e-16
-5.448480997969932679e-17
3.601336883651114344e-16
9.602713553746125654e-16
1.668503504569511065e-15
2.344941123991447636e-15
2.825624014026718421e-15
2.979366425152564503e-15
2.760197866709084659e-15
2.226695966290122067e-15
1.515450980365742760e-15
7.850383882829136108e-16
1.629124377960245152e-16
-2.814411357413409957e-16
-5.350043420592885802e-16
-6.238712548446156906e-16
-5.938373377157650813e-16
-4.961921655583150113e-16
-3.793196889154283479e-16
-2.836589035860764872e-16
-2.377829475968006308e-16
-2.549184778523725669e-16
-3.305389723621534894e-16
-3.442262167966232328e-16
-2.666455584959355273e-16
-2.632640651282275849e-16
-3.359862248575369980e-16
-4.677405494390346830e-16
-6.245955424871054241e-16
-7.590124580381120326e-16
-8.135308392215736288e-16
-7.256787089067965831e-16
-4.369167606494797338e-16
9.080613415997712252e-17
8.503399885365436370e-16
1.764156590454855105e-15
2.676427309989107091e-15
3.381731777903500681e-15
3.692849805403010182e-15
3.519595385580398378e-15
2.912609048052960319e-15
2.043678124129824547e-15
1.135158383342503038e-15
3.778201622775113115e-16
-1.267473388670845840e-16
-3.797653023189532312e-16
-4.540284139649988071e-16
-4.403607327780461418e-16
-4.076871125411999878e-16
-3.914770098210592780e-16
-3.976223751605461184e-16
-4.124026591242843950e-16
-4.180339180398007003e-16
-4.074829337831343088e-16
-3.897903105777355099e-16
-3.830463645044247070e-16
-3.991437537144712608e-16
-4.290414384461929547e-16
-4.338000952815433242e-16
-3.421170453868886123e-16
-6.520601326987800946e-17
4.602866710816964655e-16
1.221581547184761656e-15
2.107107085447752094e-15
2.927580707111397263e-15
3.474276034728685933e-15
3.594755628943683752e-15
3.253904724316373354e-15
2.546836117444857532e-15
1.654969324759755047e-15
7.724895199645302927e-16
4.466497227655437161e-17
-4.574845920797453497e-16
-7.290349991991030718e-16
-8.073968686107773277e-16
-7.491752263159840231e-16
-6.146676924159278475e-16
-4.594275751203266259e-16
-3.295276029247530234e-16
-2.579115717489452506e-16
-2.611448586530921377e-16
-3.372959838010711130e-16
-3.521796334818671174e-16
-2.740250590048555077e-16
-2.855337063978950514e-16
-3.860004029068097385e-16
-5.550715220810612039e-16
-7.545449068110881007e-16
-9.313322744465672106e-16
-1.020708914129825849e-15
-9.505639863281840835e-16
-6.498047992472527048e-16
-6.562510999563418376e-17
8.079848762940641690e-16
1.896984553925707013e-15
3.029090675407483299e-15
3.957040561101736552e-15
4.434338695645591564e-15
4.317021158304848232e-15
3.634390713252277231e-15
2.582983391629373462e-15
1.446261937636119530e-15
4.841331711465723095e-16
-1.554394811956556801e-16
-4.658628652771181760e-16
-5.433358385960362712e-16
-5.106474572084369987e-16
-4.589240722384423465e-16
-4.326634019442768206e-16
-4.376055386158494599e-16
-4.550939036730013110e-16
-4.621069360273255584e-16
-4.496166182344466751e-16
-4.290323410800719797e-16
-4.236365341496576914e-16
-4.497300384340979940e-16
-4.976429686367774512e-16
-5.184210949483731470e-16
-4.175543575917223416e-16
-7.485891584110824342e-17
5.924803464946350872e-16
1.558066773163440583e-15
2.660939642351744115e-15
3.645600230625793765e-15
4.249563513648131167e-15
4.302728870771828424e-15
3.794165618206652410e-15
2.870795582758389451e-15
1.768928037075626448e-15
7.206733368772350643e-16
-1.142773199663267273e-16
-6.687144246928025412e-16
-9.503149433469224006e-16
-1.010492685418288848e-15
-9.177817002493405768e-16
-7.416832801850747113e-16
-5.447279689721909071e-16
-3.783465335741715892e-16
-2.796216216277547710e-16
-2.683080350822359136e-16
-3.450167744155807527e-16
-3.610883566857760001e-16
-2.823295592205855314e-16
-3.093586694770882201e-16
-4.389453161355659325e-16
-6.476688490788279327e-16
-8.934013881805521063e-16
-1.117958620110596700e-15
-1.249794113596974188e-15
-1.207249756755518130e-15
-9.057396005771500389e-16
-2.747631189156269502e-16
7.105101737870343084e-16
1.987198697877599577e-15
3.372855726545437013e-15
4.577620696105991957e-15
5.283502545720386498e-15
5.271079079648611200e-15
4.527543387366991727e-15
3.267635151387779949e-15
1.849302089991906201e-15
6.266567347796225423e-16
-1.852928845530106765e-16
-5.664334881882264908e-16
-6.437484391294986403e-16
-5.827639394262066455e-16
-5.037115467246712857e-16
-4.626850686667914753e-16
-4.650605576022706945e-16
-4.855491130572028614e-16
-4.943011294428751298e-16
-4.797352009959729418e-16
-4.562360089667020855e-16
-4.538006083653682716e-16
-4.946068266646527481e-16
-5.682368713491512479e-16
-6.127438947371711319e-16
-5.031498797631500581e-16
-7.761452632033865097e-17
7.713869693760544614e-16
1.995540745902651669e-15
3.363335893061987161e-15
4.530625641398645669e-15
5.171614648409682829e-15
5.107221736141184203e-15
4.370861607529480025e-15
3.180781744146475445e-15
1.838479670145895790e-15
6.139403271843818924e-16
-3.249004884691400028e-16
-9.218566054604436890e-16
-1.202458966482141459e-15
-1.234824357236054459e-15
-1.100254094321319823e-15
-8.773357392765182609e-16
-6.351395636370237607e-16
-4.300136699949025682e-16
-3.028461535377494624e-16
-2.763738111829196531e-16
-3.536688901081988687e-16
-3.709031596632203356e-16
-2.915083661152948771e-16
-3.346451751020630267e-16
-4.946715465493259018e-16
-7.453743655792629528e-16
-1.041152259868585392e-15
-1.319361273777316846e-15
-1.502366685526132359e-15
-1.499464998735184010e-15
-1.212088390914900992e-15
-5.493070909373787394e-16
5.388251201946704717e-16
2.010447299542293686e-15
3.683093712432301713e-15
5.227497558815574545e-15
6.242620041598371479e-15
6.406361809685107930e-15
5.632679655009981373e-15
4.139845483119451482e-15
2.375083839379742365e-15
8.217134350117977773e-16
-2.086834906129905132e-16
-6.761289947759615183e-16
-7.502849772726089971e-16
-6.524715611462796263e-16
-5.378266618272769862e-16
-4.763878030256903376e-16
-4.740558147248585495e-16
-4.975421767335013266e-16
-5.083793603211767366e-16
-4.918156448230001901e-16
-4.658972459655107649e-16
-4.690042393680012798e-16
-5.301173795064504586e-16
-6.365592896719942619e-16
-7.104972789825292800e-16
-5.904706025480960588e-16
-6.103030576102601919e-17
1.018679330247572301e-15
2.568512087305064995e-15
4.256826813472370828e-15
5.620379222176379054e-15
6.260840768732139644e-15
6.007112944994336932e-15
4.966334568483040543e-15
3.451947494047011921e-15
1.839790808008640271e-15
4.338600564280655324e-16
-5.993804482362618367e-16
-1.223945428773272909e-15
-1.489013125033371124e-15
-1.481883709908166192e-15
-1.297025520206286647e-15
-1.021600748572666571e-15
-7.305029550948045130e-16
-4.843814643744825335e-16
-3.274934139067510000e-16
-2.852930310904754076e-16
-3.632045566955055312e-16
-3.815596448908100115e-16
-3.014961462065741163e-16
-3.612739819153351723e-16
-5.529805463801353905e-16
-8.479412984470165635e-16
-1.197638884104998723e-15
-1.535794539441012793e-15
-1.779738809324815747e-15
-1.830719950082620465e-15
-1.576338706978440006e-15
-9.030263333390232611e-16
2.708377636878078702e-16
1.936389284265953120e-15
3.925957421901025478e-15
5.880045735366616543e-15
7.306045994914915431e-15
7.746774296019390784e-15
6.997999252105940564e-15
5.253332805493229757e-15
3.063693757455555977e-15
1.091283147872438273e-15
-2.113908622087015855e-16
-7.784219113454155728e-16
-8.455208782965593208e-16
-7.079422139573426402e-16
-5.551342330002322180e-16
-4.690400804076783959e-16
-4.595113902909784371e-16
-4.858906593623980185e-16
-4.992425702744317259e-16
-4.809869234737345151e-16
-4.536684162000999360e-16
-4.656165200588419201e-16
-5.509576895840445950e-16
-6.901972954750774262e-16
-7.912518423281618891e-16
-6.571567100773790841e-16
-2.792117826493362303e-18
1.364556047903663036e-15
3.322112545280516762e-15
5.394818355093911395e-15
6.958327664270824344e-15
7.535223085386879117e-15
6.992504657535184259e-15
5.552255764451961755e-15
3.650578268859844114e-15
1.743389018753563772e-15
1.592181712067844105e-16
-9.508639827536975743e-16
-1.582103201853162483e-15
-1.813300998513226672e-15
-1.752899507150101964e-15
-1.508319429976375911e-15
-1.174312403390871375e-15
-8.305728014608004892e-16
-5.412546808304431585e-16
-3.534468827488892874e-16
-2.950022577564289492e-16
-3.735612098276388511e-16
-3.929790388303978964e-16
-3.122138712206722144e-16
-3.891008482164037818e-16
-6.136231510844626907e-16
-9.550273077450730029e-16
-1.362536756057587005e-15
-1.767249863327780243e-15
-2.082855530648086412e-15
-2.204122889120867258e-15
-2.005809401038798326e-15
-1.350415356842519943e-15
-1.183881552763120155e-16
1.728090913651361105e-15
4.056194795278523190e-15
6.493741437698329712e-15
8.454734448417973389e-15
9.311222812540855651e-15
8.678500260604620137e-15
6.675768632961757223e-15
3.966806223734607304e-15
1.462462236271150046e-15
-1.733199649197758342e-16
-8.398068565347518739e-16
-8.855540571539767366e-16
-7.154970800657736680e-16
-5.403467004107025792e-16
-4.344758481767419486e-16
-4.179208570588670967e-16
-4.496481258513670505e-16
-4.673937364470323150e-16
-4.469935013348239970e-16
-4.177657424592741779e-16
-4.398267208715815882e-16
-5.429174574499172119e-16
-6.930748238988505174e-16
-8.042573655112902939e-16
-6.586766639334112406e-16
1.308197561536282832e-16
1.848670312674069717e-15
4.314615868549406124e-15
6.843173994212079018e-15
8.591771809467742186e-15
9.005360052913608896e-15
8.039202400374560346e-15
6.085616201415473993e-15
3.732124828177525719e-15
1.513666252412389784e-15
-2.337996309596485421e-16
-1.393128034949427486e-15
-2.003261140950193933e-15
-2.178248027806184730e-15
-2.048742768716123484e-15
-1.734104423661012061e-15
-1.335144229763721038e-15
-9.350112364793040725e-16
-6.003890134701629927e-16
-3.805657365206255057e-16
-3.054246879761909404e-16
-3.846622657427196018e-16
-4.050692169286119101e-16
-3.235699831941259614e-16
-4.179574359431166991e-16
-6.762990138174181678e-16
-1.066189187172014339e-15
-1.535337946954820784e-15
-2.013410515708380151e-15
-2.412193087171709709e-15
-2.622177479750874968e-15
-2.507298825850874594e-15
-1.906200108313151976e-15
-6.562101867153857631e-16
1.341723457292458591e-15
4.014930384941000179e-15
7.006879493115222828e-15
9.648253674853080840e-15
1.110591290094270467e-14
1.073269008004949042e-14
8.491250069768375512e-15
5.152217146606897488e-15
1.968253024286981594e-15
-7.253028485235675864e-17
-8.098111367162537050e-16
-7.838331377931812260e-16
-5.911623533482685370e-16
-4.466622032592128917e-16
-3.539321168066979851e-16
-3.429110432394216063e-16
-3.968495421329606352e-16
-4.297167959943401836e-16
-4.002007728578783200e-16
-3.567522994614293846e-16
-3.775945612257027443e-16
-4.586220257471420710e-16
-5.527695260458548214e-16
-6.472728787311096790e-16
-5.236353054069652771e-16
3.846218685537142341e-16
2.522945552241216662e-15
5.621848806468502292e-15
8.681021752454721830e-15
1.056682284302662922e-14
1.066600281567322144e-14
9.100865797340389257e-15
6.503862003528241510e-15
3.639277586238606170e-15
1.108688361919120670e-15
-7.711693703115290413e-16
-1.940099131871193716e-15
-2.493821713321273672e-15
-2.586187948178975242e-15
-2.369829863100438046e-15
-1.974051135690139295e-15
-1.503592537386024371e-15
-1.043382888364756501e-15
-6.614905967081561331e-16
-4.086857390120689789e-16
-3.164712812868820173e-16
-3.964181163902862256e-16
-4.177259382862727289e-16
-3.354617522640831709e-16
-4.476526576433382960e-16
-7.406570615531888536e-16
-1.180879573136802887e-15
-1.715336882005430511e-15
-2.273610455607597824e-15
-2.767658751365689331e-15
-3.086566990819751249e-15
-3.086674803351404998e-15
-2.584681797286064962e-15
-1.371642940932434184e-15
7.267674655219334857e-16
3.727750851286698917e-15
7.331432018386779179e-15
1.081368369710046557e-14
1.311144510231649536e-14
1.321437116140139718e-14
1.080136118214762002e-14
6.712494609585345025e-15
2.657545970026034677e-15
1.194268538640630002e-16
-6.216842201215850665e-16
-3.993231703553575503e-16
-1.581459607619240207e-16
-1.415852776371185813e-16
-1.548394362438685249e-16
-1.977097015476203247e-16
-3.479285786458868033e-16
-4.480069178449351693e-16
-3.683148344017955151e-16
-2.446519965306966062e-16
-2.089594776751152317e-16
-1.523851871493651582e-16
-6.553661013962955856e-17
-1.437160025214402792e-16
-1.463080873318990208e-16
8.245148027888540265e-16
3.463886280308776178e-15
7.344750284033212337e-15
1.099865125166639325e-14
1.291755419501508565e-14
1.248238436288139720e-14
1.009840728133041751e-14
6.719426669835995244e-15
3.300413823445470722e-15
4.804994211982674127e-16
-1.480269284517442564e-15
-2.605221574425127744e-15
-3.059267240586510012e-15
-3.038657420779206459e-15
-2.716027321654215452e-15
-2.227493221930270104e-15
-1.678963000491900946e-15
-1.155151838601425256e-15
-7.242165009841960801e-16
-4.376205615942777301e-16
-3.280420765921478310e-16
-4.087273291240971931e-16
-4.308342665337805944e-16
-3.477767972125400108e-16
-4.779744596694132832e-16
-8.062970497050747319e-16
-1.298445981270297550e-15
-1.901620365977002119e-15
-2.546799623691136537e-15
-3.148496995039408663e-15
-3.597934020678137708e-15
-3.748416950286580579e-15
-3.398915967327879972e-15
-2.294187903559924452e-15
-1.730383291458569622e-16
3.103612525350265973e-15
7.346611888860639648e-15
1.183106959416804762e-14
1.526242321842898531e-14
1.615553833320098705e-14
1.372123016940833685e-14
8.777626647473442227e-15
3.624955497364502156e-15
4.864779969198925303e-16
-1.296938317315615631e-16
5.380641092219249534e-16
9.697476406168748915e-16
7.737230242878289232e-16
5.037584105612951585e-16
2.706875725542196523e-16
-3.278165824253241529e-16
-7.673277802632977020e-16
-3.851157843005013113e-16
1.717934040390493893e-16
4.389476832759443300e-16
8.330351684139756311e-16
1.227928421590881692e-15
1.052747504607332507e-15
6.881192069509772371e-16
1.593107228968456364e-15
4.804393219269950419e-15
9.618471490150039773e-15
1.388759431263991723e-14
1.564507000461789632e-14
1.436940190749984894e-14
1.090661141502080984e-14
6.614287197481142826e-15
2.628903744968287296e-15
-4.238669758715462240e-16
-2.388742926615416450e-15
-3.400673697984967054e-15
-3.703725174526863333e-15
-3.536187127680532103e-15
-3.086562953858367664e-15
-2.493394582151628806e-15
-1.860361335849390081e-15
-1.269680822336193038e-15
-7.881762878161784072e-16
-4.671635252484220993e-16
-3.400276679239703364e-16
-4.214780281858401159e-16
-4.442701510193628980e-16
-3.603947370227026279e-16
-5.086920254338946185e-16
-8.727722678480376080e-16
-1.418132439098992839e-15
-2.093062704766208884e-15
-2.831517932197663818e-15
-3.553207301216462663e-15
-4.155666561481666721e-15
-4.495128727922061853e-15
-4.359739856048382087e-15
-3.452217022844563459e-15
-1.417765732413702700e-15
2.035266618612247979e-15
6.893292265397184391e-15
1.251587866413726030e-14
1.741715116112072997e-14
1.953445362785842040e-14
1.736367394142631660e-14
1.152685628775537399e-14
5.062610501535483386e-15
1.297836740981851779e-15
1.159117247129656914e-15
2.875972631746862651e-15
4.077183234090381775e-15
4.073494280965770724e-15
3.856430177243974995e-15
3.090723626836530505e-15
-3.796048943390856299e-16
-3.089408383599763747e-15
-4.447818600136115601e-16
3.021554264746059741e-15
3.970948263939288834e-15
4.465599420617583360e-15
4.809987227649426817e-15
3.960230875087808800e-15
2.597358760348582933e-15
3.050361728320645112e-15
6.785443518407996878e-15
1.261457464426316461e-14
1.741380705379933022e-14
1.868061430617033320e-14
1.616205729850528477e-14
1.133883749855112908e-14
6.035697795743381737e-15
1.523898441020596544e-15
-1.660464020395069265e-15
-3.522952294365712213e-15
-4.336445979440927594e-15
-4.429506752838045692e-15
-4.078099643087531974e-15
-3.479948323407908675e-15
-2.770324970463899429e-15
-2.046688883845731561e-15
-1.386232925163844548e-15
-8.529346731754425115e-16
-4.970897488370191511e-16
-3.523108086469101304e-16
-4.345494329123219505e-16
-4.579021405933359267e-16
-3.731889405326573714e-16
-5.395583737198089444e-16
-9.395934197873352532e-16
-1.539083917075612198e-15
-2.288326664210032382e-15
-3.125880119052134122e-15
-3.979479248154950452e-15
-4.757703105168969484e-15
-5.327043590702325254e-15
-5.474680266543456848e-15
-4.870908482797832835e-15
-3.068194870679752545e-15
4.019994967663789971e-16
5.771179176463677949e-15
1.260049363821582609e-14
1.931584287848241206e-14
2.322072307042229797e-14
2.179962561825323515e-14
1.518877798493834996e-14
7.318898186835121797e-15
3.194016274829255457e-15
4.581321544707163572e-15
9.105447994469888670e-15
1.355361008755349438e-14
1.766667565646849470e-14
2.242644007066284590e-14
1.991276669258481255e-14
-3.146587220424841263e-15
-2.117396938317057842e-14
-2.849703209428217004e-15
2.039369475317825216e-14
2.380433480826298896e-14
1.963719252088067745e-14
1.582685969752446398e-14
1.154439418752176335e-14
7.176297435787678349e-15
5.979143469879863319e-15
9.804865679442225937e-15
1.651769415353134416e-14
2.155970522081169163e-14
2.182604203352781554e-14
1.757725374803497580e-14
1.113226392398065056e-14
4.794858140136341510e-15
-1.267185504229963691e-16
-3.285439510847514770e-15
-4.906024773588438251e-15
-5.419312519581502622e-15
-5.236642187924268949e-15
-4.662326128343203638e-15
-3.893917904441755044e-15
-3.056446048500502936e-15
-2.236643794532985371e-15
-1.503975967254948024e-15
-9.180153207888357902e-16
-5.271586791350842379e-16
-3.647681123976092600e-16
-4.478135257897755202e-16
-4.715932010444747677e-16
-3.860283413004206228e-16
-5.703133172952191897e-16
-1.006233670682762578e-15
-1.660353676479438991e-15
-2.485870857149528965e-15
-3.427573403389257634e-15
-4.424150462680754293e-15
-5.400370883537868862e-15
-6.241555938565313205e-15
-6.746795953972953428e-15
-6.569784838436388496e-15
-5.181453648694148794e-15
-1.924584417295289609e-15
3.741325829834300907e-15
1.171941664257543408e-14
2.052895224247089026e-14
2.688750694475241078e-14
2.697485185134685039e-14
2.001043905470693381e-14
1.093953891699006933e-14
7.326046138106816559e-15
1.253530416768262566e-14
2.348915440969955944e-14
3.776195827404038531e-14
6.071557250077482962e-14
9.185596572675110943e-14
7.878905427765410224e-14
-3.741180028964008790e-14
-1.235414739342561013e-13
-3.413118840883879777e-14
8.259291349005664241e-14
9.973225131823628370e-14
6.969632509382716139e-14
4.505967540610972239e-14
2.918471994018742139e-14
1.730188305857864429e-14
1.172242512171948322e-14
1.441537663181329557e-14
2.144585667034224176e-14
2.611577857571026234e-14
2.466695671615354202e-14
1.817125018571434940e-14
9.938459219906508466e-15
2.670740102270243539e-15
-2.440625754447621801e-15
-5.350912882430362401e-15
-6.555545658998569273e-15
-6.651747219237313273e-15
-6.122441388869976369e-15
-5.285255156886007374e-15
-4.325390194763496175e-15
-3.349509717844338891e-15
-2.428728374496576799e-15
-1.621989686814770777e-15
-9.829057571362100939e-16
-5.571169690416628033e-16
-3.772718190483797673e-16
-4.611368222374046871e-16
-4.852026064633003956e-16
-3.987792857892543732e-16
-6.006867379111783644e-16
-1.072134819660618677e-15
-1.780913563198526994e-15
-2.683963937559718362e-15
-3.733869560605211866e-15
-4.883192568613471159e-15
-6.078272055655931222e-15
-7.232812590464889546e-15
-8.173529914742963210e-15
-8.559967749169460168e-15
-7.805452375324464230e-15
-5.071308879829842079e-15
5.367484756728188482e-16
9.406328346065222792e-15
2.040491104487774105e-14
2.988344869081340110e-14
3.254873595623327554e-14
2.615521997009953516e-14
1.666355841082115690e-14
1.528389269622560532e-14
2.695814872051922024e-14
4.745769100282563002e-14
8.132741022588643735e-14
1.475841835349285222e-13
2.231991831153226544e-13
1.397304235653840144e-13
-1.882071463920351520e-13
-3.920683760193637247e-13
-1.731411116153826833e-13
1.605262916636983318e-13
2.535019519430047438e-13
1.745972271766318979e-13
9.900139366425313346e-14
5.893137461850324975e-14
3.520605114221417165e-14
2.196242677184330484e-14
2.120544591967307219e-14
2.726902934529192646e-14
3.050076772052095431e-14
2.646272944228175421e-14
1.730494115890975923e-14
7.326598169373712981e-15
-5.787486626703908310e-16
-5.532290479477050423e-15
-7.899788120675348622e-15
-8.481005988717817890e-15
-8.030855225551287333e-15
-7.081113896873413394e-15
-5.941627545505513034e-15
-4.770455630370904070e-15
-3.646870253309074271e-15
-2.621262949455226248e-15
-1.739275749808662290e-15
-1.047063366563831039e-15
-5.867016619867636877e-16
-3.896915946515006644e-16
-4.743822133091831703e-16
-4.985878749309403259e-16
-4.113073829438856217e-16
-6.304021303480040747e-16
-1.136714510283720394e-15
-1.899667196643206805e-15
-2.880705707475428372e-15
-4.041652593048637414e-15
-5.351729466825231643e-15
-6.784232043369500067e-15
-8.291404415104229614e-15
-9.745663612320602401e-15
-1.084133526718004357e-14
-1.097233987931222171e-14
-9.150734826928206611e-15
-4.117017133019142375e-15
5.113827915644053744e-15
1.804091663121806308e-14
3.107334285573305259e-14
3.760595375700297833e-14
3.343190638045434287e-14
2.528588792937290207e-14
2.838542812363699487e-14
4.417222685755929205e-14
7.023087647371054539e-14
1.428362402214734142e-13
2.706558950052919496e-13
2.844498784795339776e-13
-6.307017944503528866e-14
-4.444846063248619393e-13
-6.311052538086601416e-13
-4.723676788967975871e-13
5.955021269115786527e-14
3.564908949078359545e-13
3.041095079615737310e-13
1.668994389052008124e-13
8.556005708028395157e-14
5.547527777336400942e-14
3.748089986010771474e-14
3.045537544077564898e-14
3.326223595293254135e-14
3.350211982916490651e-14
2.604013261042942599e-14
1.414047424801473373e-14
2.807790021092428595e-15
-5.197024887081580777e-15
-9.501219053029565451e-15
-1.095972689511457502e-14
-1.068117801418168945e-14
-9.547405805192042103e-15
-8.103485087876912178e-15
-6.624490462369456147e-15
-5.224395408901485443e-15
-3.945511319091551973e-15
-2.812406348485787947e-15
-1.854770530432993391e-15
-1.109922383546182464e-15
-6.156436362214812160e-16
-4.018963346330926105e-16
-4.874108524767899474e-16
-5.116067196250367054e-16
-4.234793244589297258e-16
-6.591803615298538577e-16
-1.199374360942435761e-15
-2.015465872460145509e-15
-3.074055051868617232e-15
-4.347462375740683800e-15
-5.824091539543128109e-15
-7.509321780477287657e-15
-9.404199351892989449e-15
-1.144647803435507006e-14
-1.339982640802219921e-14
-1.469142796206525378e-14
-1.424553558625011493e-14
-1.047161192727849005e-14
-1.735139395395654902e-15
1.231918291114919384e-14
2.870614845635187876e-14
4.021065111260161685e-14
4.066559361047849929e-14
3.705168478989953553e-14
4.510075812791004790e-14
4.829213673233302184e-14
6.595816107486187785e-14
2.315849600275959694e-13
4.074070889264664158e-13
3.207021678475325994e-13
-2.145349694773119188e-13
-7.310732527429192911e-13
-6.722977998160436097e-13
-7.013816342367192927e-13
-6.332209195957206130e-13
8.606651051220613931e-14
3.852356691383014766e-13
2.497285218298806824e-13
7.111099930772615986e-14
5.537212393781596703e-14
5.451228230609451408e-14
4.134243850367155745e-14
3.753575306598805502e-14
3.298316646424738146e-14
2.176032537809030814e-14
7.702881483064762458e-15
-4.113962726591734149e-15
-1.140101354424549754e-14
-1.441774841106257664e-14
-1.453669660647595042e-14
-1.314164269002756971e-14
-1.118506496360628340e-14
-9.176846610526443004e-15
-7.325221986108723469e-15
-5.681734522690748642e-15
-4.242088225374217267e-15
-3.000182925245637912e-15
-1.967360482493089180e-15
-1.170901771890409344e-15
-6.436712549170788226e-16
-4.137559411321458900e-16
-5.000840582370206070e-16
-5.241189853194426269e-16
-4.351646580072443705e-16
-6.867435561176330285e-16
-1.259508921736091185e-15
-2.127126796816919918e-15
-3.261864449943065249e-15
-4.647553892338914648e-15
-6.293907586701409867e-15
-8.242964034009449648e-15
-1.055435100972704844e-14
-1.325124248883589284e-14
-1.620516600658457517e-14
-1.894226126042474721e-14
-2.039097525839094142e-14
-1.871792717753482756e-14
-1.166490277945276894e-14
2.057408460948697455e-15
2.046842204790798370e-14
3.692544725596911268e-14
4.451543583786642528e-14
4.985055594477334169e-14
5.453939372452358940e-14
7.278259508775082967e-15
2.874971728488854360e-14
4.054272239041450596e-13
5.134952017713665275e-13
2.354354576336043279e-13
-5.006358245991261704e-13
-1.315174301533631021e-12
-6.524897868183233633e-13
-9.937485954441596768e-13
-6.178171897891709281e-13
-3.959293131690399940e-14
4.602452942307806488e-13
4.259775023613621368e-13
1.233232116282549917e-15
-9.082517335621609381e-15
5.742027433407169859e-14
5.041281520332666537e-14
3.632050509588362034e-14
2.574902339332319158e-14
1.168803670772462252e-14
-2.964358108423236121e-15
-1.386731253718304047e-14
-1.934736687246540493e-14
-2.030737573902702510e-14
-1.860869519643418828e-14
-1.583272430383066975e-14
-1.291993852508750768e-14
-1.028497288763081309e-14
-8.033635715098982424e-15
-6.136330531224022578e-15
-4.532985133535555867e-15
-3.182515822388786641e-15
-2.075899757583015494e-15
-1.229413890569087100e-15
-6.705141402560825586e-16
-4.251430562293494790e-16
-5.122652033515864066e-16
-5.359885447543830534e-16
-4.462374785259900183e-16
-7.128190795651541151e-16
-1.316515179336078513e-15
-2.233453493155569244e-15
-3.441919889168506830e-15
-4.937972047300873439e-15
-6.754232625102384309e-15
-8.973132305649243872e-15
-1.172150845078236790e-14
-1.512714223671670205e-14
-1.920934577711746637e-14
-2.366855963134610973e-14
-2.755738339774868791e-14
-2.894347885608514455e-14
-2.504742558564978792e-14
-1.371773953783812394e-14
3.979384141749938460e-15
2.287363106967508308e-14
3.809415835791526864e-14
5.554230894134527927e-14
2.286363288735961057e-14
-1.433520451196746363e-13
3.717758193145565405e-14
8.074530110164988070e-13
5.751601868782737568e-13
-4.671633648362434261e-13
-1.983057280020408216e-12
-3.247862173823488554e-14
-7.365222127191735201e-13
-4.386558100071104570e-13
-1.072400994199552996e-12
2.198623681166760993e-13
6.697337826280285527e-13
8.977190712190767785e-13
-1.435034157089803620e-14
-2.080730024648037552e-13
8.169689617101895923e-15
4.958879415876616726e-14
2.370572305423084959e-14
8.045433126013737234e-15
-5.884125442242490614e-15
-1.855997195670730776e-14
-2.672855866661064260e-14
-2.909563164172029848e-14
-2.713528150139345885e-14
-2.312030873892427911e-14
-1.870814448648538910e-14
-1.472052476090520167e-14
-1.140832920076870539e-14
-8.738172451645541864e-15
-6.581496607919616784e-15
-4.814387068237070468e-15
-3.357265373690327471e-15
-2.179229925852203800e-15
-1.284873665578442555e-15
-6.959070518550591149e-16
-4.359347132828980094e-16
-5.238215666347444377e-16
-5.470851299011624049e-16
-4.565780161960192127e-16
-7.371435424372040454e-16
-1.369802441640556009e-15
-2.333257762856170286e-15
-3.611985626071172674e-15
-5.214639187816093030e-15
-7.197712120963892156e-15
-9.686636322421759426e-15
-1.288226009584482308e-14
-1.703370624127341353e-14
-2.234624789007931777e-14
-2.877385723460349704e-14
-3.563476371237158505e-14
-4.109018396915010801e-14
-4.200109404727489061e-14
-3.545543795690920086e-14
-2.214070793589543955e-14
-6.405519269680759959e-15
1.190167423920490395e-14
3.718152871460010349e-14
-1.310200736018122021e-13
-5.636788264602901389e-13
2.254729203428716670e-13
1.706594631612069787e-12
7.174963406219183990e-13
-1.466660233960006321e-12
-7.484600969047583869e-13
-9.639393760163762390e-13
-7.952556269243541937e-13
-1.011530196990546635e-12
5.548300001366055356e-13
-8.250243101598802158e-13
1.307308967480450648e-12
2.012868436106235798e-12
2.378026859988666051e-13
-6.685931790449971016e-13
-1.661047502134450962e-13
2.668447083306687126e-14
-6.259474209231142988e-15
-2.256669197440662072e-14
-3.155010304178989610e-14
-3.927686731197333404e-14
-4.274007722906886310e-14
-4.057296872066429632e-14
-3.479278959238500455e-14
-2.797889977210508988e-14
-2.170472694601553075e-14
-1.654814059411067985e-14
-1.252449967891299143e-14
-9.426173384215070060e-15
-7.010159706409193074e-15
-5.082363610945989530e-15
-3.522272395685749984e-15
-2.276201025586544906e-15
-1.336708204864516600e-15
-7.195937493515784628e-16
-4.460139018841463603e-16
-5.346261197729801103e-16
-5.572860694223659176e-16
-4.660741316144538802e-16
-7.594666766926847784e-16
-1.418802533745651638e-15
-2.425382376935295050e-15
-3.769852908596583891e-15
-5.473452587544117592e-15
-7.616777713163446916e-15
-1.036949221604564933e-14
-1.401080299930758272e-14
-1.892383393631118283e-14
-2.553259419066854172e-14
-3.412011117788073421e-14
-4.442122149753253712e-14
-5.491946899026617781e-14
-6.230241970727679381e-14
-6.284151620962379883e-14
-5.705358100790826065e-14
-5.044131114980584220e-14
-3.703827299135920349e-14
-1.767755211206816678e-14
-5.441541082088380139e-13
-1.607377159118383410e-12
5.043430307963288780e-13
3.695756938257173431e-12
1.600048744134876188e-12
-4.592210599091987748e-14
-9.031666920813098171e-13
-1.329690101283218672e-12
-8.374897550031086914e-13
-9.380191949412188568e-13
-8.309288599644581966e-13
1.041430913639242433e-12
2.529001965584721041e-12
4.370025743969639754e-12
7.531557140859980015e-13
-1.642227917598957752e-12
-5.719454200142860746e-13
-2.157049031985954797e-14
-5.174253644295968611e-14
-6.376475520065647118e-14
-6.392688660050425009e-14
-6.463512775364816415e-14
-6.164615449044120443e-14
-5.354522101406217632e-14
-4.308746555850056910e-14
-3.305350384611209635e-14
-2.474333301882118930e-14
-1.835791522016234442e-14
-1.360882141452087415e-14
-1.008423708373306699e-14
-7.415046348237713460e-15
-5.332963293084586541e-15
-3.675404607726853603e-15
-2.365693627724154952e-15
-1.384366560963058037e-15
-7.413307926100099206e-16
-4.552710242031250698e-16
-5.445592265650249553e-16
-5.664779143671713125e-16
-4.746226772854406020e-16
-7.795551019891497355e-16
-1.462979840144069657e-15
-2.508724369707662615e-15
-3.913390208713567678e-15
-5.710390612796597081e-15
-8.003864493937053946e-15
-1.100737120050473550e-14
-1.507981641890500941e-14
-2.074544058609860518e-14
-2.867045356944541622e-14
-3.953004856821207411e-14
-5.361867990622017201e-14
-6.998744487167773781e-14
-8.533215387999464647e-14
-9.469887415684030649e-14
-9.716399473149457401e-14
-9.909251056856966708e-14
-8.611690182057789665e-14
-6.775335586569437678e-14
-1.293137363831512565e-12
-3.612513306224022987e-12
-4.457410349535277863e-13
7.633995407867146538e-12
4.282489044840121775e-12
1.823148241921263162e-12
-9.454123579276669323e-14
-1.024651462093755887e-12
-9.244606618095932368e-13
-8.934211641625147990e-13
-9.180623656794294136e-13
2.348583320112292730e-12
5.365710750897430171e-12
8.535905579223525639e-12
2.583411531014685160e-13
-3.417676637694670688e-12
-1.265259634439871775e-12
-5.507718475354536265e-14
-9.013213075920032676e-14
-1.054590690050429257e-13
-9.937297749931352127e-14
-9.345426328508560121e-14
-8.285860644954803622e-14
-6.759660511039508463e-14
-5.173984525112621261e-14
-3.817706925777329363e-14
-2.773129685044695969e-14
-2.010033100236937330e-14
-1.463522646901860420e-14
-1.069864244377243638e-14
-7.788892803545388341e-15
-5.562314324611221997e-15
-3.814605360011348475e-15
-2.446641080486663731e-15
-1.427329504464203260e-15
-7.608911753811840088e-16
-4.636052392396005285e-16
-5.535102311804285354e-16
-5.745579435759266863e-16
-4.821306585826582328e-16
-7.971960628788061116e-16
-1.501840649344976492e-15
-2.582258744258010553e-15
-4.040592747843625787e-15
-5.921624257569653846e-15
-8.351642012604411454e-15
-1.158610483158046249e-14
-1.606151942439276961e-14
-2.244364782478931000e-14
-3.165145341764113844e-14
-4.479378786086746348e-14
-6.283910230698292202e-14
-8.563635649651135227e-14
-1.100574811746089016e-13
-1.290775137077463177e-13
-1.366572729558802594e-13
-1.327005245453490723e-13
-7.758756475738583213e-14
7.680133299312223553e-15
-2.171874618648817145e-12
-5.967723328402166234e-12
-5.700542467022675905e-12
1.373221405174946844e-11
8.426763008592969547e-12
2.718603392109918836e-12
3.803027875874277994e-14
-7.098510875830731584e-13
-1.118341960793177410e-12
-1.221845023030994340e-12
-1.319186721023881619e-12
3.009913480669152235e-12
8.609187639788721354e-12
1.420863672882364648e-11
-4.711452007325253441e-12
-5.633695564254495699e-12
-2.083505399260865700e-12
1.822614217676248840e-14
-7.348487497102453860e-14
-1.303455469951695663e-13
-1.326042084216322801e-13
-1.239909042912445165e-13
-1.054474808561479579e-13
-8.212369612250628524e-14
-6.038905984094279687e-14
-4.315283876376749038e-14
-3.056633155744731588e-14
-2.172332164943801652e-14
-1.557723425539896021e-14
-1.125583476093771231e-14
-8.124663936211873218e-15
-5.766732180880356279e-15
-3.937940966420551602e-15
-2.518052392861766412e-15
-1.465118545840704545e-15
-7.780679475608034406e-16
-4.709256111937297072e-16
-5.613789289401497526e-16
-5.814354916417481881e-16
-4.885164158027684764e-16
-8.122003896394947008e-16
-1.534943068088661507e-15
-2.645058966533556467e-15
-4.149634884353426184e-15
-6.103620960449832344e-15
-8.653263121418227496e-15
-1.209220310658541535e-14
-1.692888434611679185e-14
-2.396340350212083894e-14
-3.436252966012221066e-14
-4.968023994535948989e-14
-7.162283564097667535e-14
-1.010131090320865880e-13
-1.350450438649650104e-13
-1.635038043765778430e-13
-1.690982236360494900e-13
-1.288396853805347717e-13
5.657373479905904858e-14
2.739523706454764100e-13
-2.793624306837096920e-12
-7.328481506905264523e-12
-1.356618163784794051e-11
2.119393005231173270e-11
1.718071163174843220e-11
1.217974283588759636e-12
-2.733380112306257858e-12
-1.645641149554485390e-12
-1.610906679441219696e-12
-2.639475391179297891e-12
-3.078119313241058733e-12
1.119624412591496507e-12
1.564628191135483240e-11
1.940297898750118100e-11
-1.344812773453572222e-11
-7.163320777380222975e-12
-2.698699272859270496e-12
2.416148212289743388e-13
5.385803346227181311e-14
-1.193418716623584102e-13
-1.582250846274713992e-13
-1.541769393357515781e-13
-1.281523319384989129e-13
-9.635050193933115530e-14
-6.860992015761476150e-14
-4.776484980237072338e-14
-3.314196207149391941e-14
-2.317472624064778583e-14
-1.640910723461896462e-14
-1.174291693099651363e-14
-8.415791246029660697e-15
-5.942819110607480445e-15
-4.043650837583401916e-15
-2.579032108223796877e-15
-1.497305413695039376e-15
-7.926771427424835322e-16
-4.771522541996975165e-16
-5.680768690617834924e-16
-5.870331381376315589e-16
-4.937104925128117912e-16
-8.244056286455177569e-16
-1.561904948776550982e-15
-2.696318254206311975e-15
-4.238914862939644408e-15
-6.253251849533839272e-15
-8.902593656225614833e-15
-1.251339790844538131e-14
-1.765688344331834660e-14
-2.525241177606071671e-14
-3.669293569461730326e-14
-5.395240510602141227e-14
-7.947204199328737384e-14
-1.151173216626610981e-13
-1.585370100526314058e-13
-1.952350210704712702e-13
-1.897572165066031539e-13
-7.391850405157647704e-14
3.446715604004141394e-13
5.840802608349018063e-13
-2.965377987234605161e-12
-7.777455627627180718e-12
-1.464139480908783719e-11
1.789729137151332906e-11
4.124906639100738715e-11
3.055848657187469861e-12
-1.158396398381381958e-11
-4.932226573518502882e-12
-3.176282321204305258e-12
-6.277587572479405307e-12
-7.160444738721244569e-12
-3.663386711744829261e-12
3.698848383594064552e-11
1.200218184818514626e-11
-1.618286883406339880e-11
-7.839093276457711702e-12
-2.871797751924115662e-12
5.054013897364192431e-13
3.189754113770534947e-13
-6.129302884338705374e-14
-1.727747363835765954e-13
-1.818054105821742899e-13
-1.494351233728151521e-13
-1.093696127454296182e-13
-7.594330818410362621e-14
-5.179212017398330692e-14
-3.535406818022502587e-14
-2.440504834970284274e-14
-1.710703153219586251e-14
-1.214816501340294366e-14
-8.656393246162105355e-15
-6.087565969569460593e-15
-4.130191013624310971e-15
-2.628800440376607283e-15
-1.523519906608718099e-15
-8.045607247004621876e-16
-4.822172239736469786e-16
-5.735285122100256221e-16
-5.912877487234236713e-16
-4.976562045544852598e-16
-8.336791871915421908e-16
-1.582409908056608449e-15
-2.735370308570100524e-15
-4.307091668173237993e-15
-6.367895765840989592e-15
-9.094413655427738065e-15
-1.283918563016117087e-14
-1.822365470068179212e-14
-2.626429566528566114e-14
-3.854146817496727867e-14
-5.738697495985899983e-14
-8.589265761568503037e-14
-1.269005389001531352e-13
-1.785627823644201289e-13
-2.216367405589887650e-13
-1.971471046318555368e-13
2.346695458830750287e-14
7.354469927767523804e-13
7.598595136079679164e-13
-2.800568718669045270e-12
-7.078913331872650390e-12
-8.402881558110731202e-12
1.576771548606083983e-12
8.954015578739543598e-11
2.538284308305492433e-11
-3.387068590478562132e-11
-2.436257525393023787e-11
-9.821517941276067338e-12
-1.588127505108016735e-11
-4.574300053754819536e-11
1.862453443130759360e-11
7.965412688100923067e-11
-5.234452218310630623e-12
-9.403481929260859574e-12
-6.928852044603564437e-12
-2.645944075736605812e-12
6.816479202028389835e-13
6.850959686627818968e-13
3.532891925843275576e-14
-1.758176070577289521e-13
-2.047647789017676898e-13
-1.675591482145967192e-13
-1.202297086440399378e-13
-8.193448056704346650e-14
-5.502672070481386312e-14
-3.710764508559850196e-14
-2.537042189493738716e-14
-1.765022022740441002e-14
-1.246154506100423810e-14
-8.841466070807206253e-15
-6.198452970701648221e-15
-4.196268713257451306e-15
-2.666713742336492420e-15
-1.543455414721439484e-15
-8.135897796613898511e-16
-4.860650348291403546e-16
-5.776722583095898674e-16
-5.935352818803557130e-16
-4.902965964740329679e-16
-8.104812118060084799e-16
-1.538764637742620220e-15
-2.668408096457514253e-15
-4.215748169520257647e-15
-6.253059844085353562e-15
-8.959919173872313877e-15
-1.269513714832728707e-14
-1.809602445587741856e-14
-2.621845577293849388e-14
-3.873604892944359805e-14
-5.819146572647058788e-14
-8.810941027098852162e-14
-1.321008688392440581e-13
-1.888819162026000866e-13
-2.360087277044669038e-13
-1.934102750307606155e-13
1.162498807008438755e-13
1.047189889622945148e-12
7.168731257693596986e-13
-2.727999483227309007e-12
-7.622734084437711649e-12
-1.255325837602204873e-11
-9.162057360863421877e-12
1.217134069811009081e-10
1.299789636132284624e-10
-6.380978474980024140e-12
-7.144145227161813022e-11
-5.152164567720287993e-11
-7.757548339092792460e-11
-1.041609948691847317e-11
1.175014249889428668e-10
1.100835741203574460e-10
-1.132547033988848967e-11
-1.261291773634107982e-11
-7.224499804143321888e-12
-2.521869786154428686e-12
6.652274931597560963e-13
9.804373950316823517e-13
1.236460792812745163e-13
-1.710344259480586238e-13
-2.175249392230082685e-13
-1.769710355980680658e-13
-1.250429278559346301e-13
-8.400858189668281436e-14
-5.578666276208281000e-14
-3.729320465625209519e-14
-2.532708965809675749e-14
-1.752790851111328305e-14
-1.232277438153408090e-14
-8.711406629855552373e-15
-6.087094073876861781e-15
-4.107513208464483604e-15
-2.601558585635570512e-15
-1.500949818490799926e-15
-7.909863794884722391e-16
-4.788935241816125576e-16
-5.798607310550678218e-16
-5.962069536075151890e-16
-5.116597514729790892e-16
-8.724930065591007043e-16
-1.660615853813742239e-15
-2.868236183248606653e-15
-4.513724746297385338e-15
-6.677083018589882211e-15
-9.555226901597361515e-15
-1.353975719798630578e-14
-1.932465625567609976e-14
-2.805944224689944239e-14
-4.156931415159152870e-14
-6.263574551395466960e-14
-9.514513628660550667e-14
-1.431137279927493392e-13
-2.050899525316257294e-13
-2.540866869410021433e-13
-1.877961337203522870e-13
2.273870712154049774e-13
1.291607933977878288e-12
9.708316944263531161e-14
-4.181175272667839651e-12
-1.036133229202971449e-11
-1.964383230250073989e-11
-2.982829041033365452e-11
-6.528374441316679884e-11
1.886797271113767341e-10
6.799758291471747695e-11
-1.503844144867101810e-10
-2.784796829507682347e-10
-1.559245991320378151e-10
6.067024133644773877e-11
1.813601116942050482e-10
-4.889018116639872140e-11
-2.050278572792314812e-11
-1.509831889104597384e-11
-8.587052623243971643e-12
-3.642465146122003972e-12
1.403995771041514062e-13
1.227715755269652152e-12
2.352571601547871875e-13
-1.621971079250161796e-13
-2.327634194602951697e-13
-1.914703885686162637e-13
-1.351307590026056358e-13
-9.055112553267838536e-14
-5.996350434500752596e-14
-3.997733511101347701e-14
-2.708208308263446125e-14
-1.870515958811135862e-14
-1.313554835357489963e-14
-9.286321698815105958e-15
-6.497774241476923431e-15
-4.396754959064474270e-15
-2.795846780689908215e-15
-1.619560594866215623e-15
-8.513970929719322115e-16
-4.997158971493020355e-16
-5.824639178948335477e-16
