-3.340019073165515360e-17
1.731604982279310112e-15
5.887522629032206693e-15
1.234246611399094226e-14
2.056876583706889176e-14
2.944108524353467646e-14
3.735020773982589875e-14
4.253378683079013988e-14
4.352597671325831612e-14
3.958758267476671387e-14
3.096783516468922076e-14
1.889241382607297918e-14
5.266785921774177838e-15
-7.807661553095957259e-15
-1.853750034926614431e-14
-2.579814956654871915e-14
-2.926100934562398925e-14
-2.929434444650963704e-14
-2.672044476003666064e-14
-2.253609472763442907e-14
-1.768158863491809305e-14
-1.289953416760956610e-14
-8.683578442934789830e-15
-5.292773622862509152e-15
-2.800740051716173821e-15
-1.153993367995644687e-15
-2.234716990094054212e-16
1.576717718500880021e-16
1.707352773467345338e-16
-1.410982598091968029e-27
-1.707352773618086796e-16
-1.576717718806681951e-16
2.234716989939831905e-16
1.153993367969103461e-15
2.800740051673859322e-15
5.292773622888257572e-15
8.683578442892554217e-15
1.289953416756537412e-14
1.768158863485877071e-14
2.253609472760653495e-14
2.672044476008765261e-14
2.929434444650859574e-14
2.926100934557605806e-14
2.579814956674482997e-14
1.853750034945455585e-14
7.807661553131337670e-15
-5.266785921686971632e-15
-1.889241382600060592e-14
-3.096783516486657563e-14
-3.958758267473317151e-14
-4.352597671297946957e-14
-4.253378683076499099e-14
-3.735020773975887712e-14
-2.944108524360415933e-14
-2.056876583703711644e-14
-1.234246611407743297e-14
-5.887522628991059708e-15
-1.731604982225762234e-15
3.340019077942857002e-17
-3.341487419166901610e-17
1.739840447595936338e-15
5.931839756227827891e-15
1.246848459979120842e-14
2.083424761219153932e-14
2.990623837135346058e-14
3.806387747454888912e-14
4.351751272959175353e-14
4.476028958134314447e-14
4.100620427541950325e-14
3.246420809840906731e-14
2.033892485444152147e-14
6.541702533440608276e-15
-6.794293153372626921e-15
-1.782761053070266769e-14
-2.538354490030584827e-14
-2.909411894938402320e-14
-2.930613999480692646e-14
-2.683870886526963939e-14
-2.269900106409515412e-14
-1.784462952206064580e-14
-1.303649207410397567e-14
-8.783626864743327615e-15
-5.355943080762850833e-15
-2.833402167991940618e-15
-1.165228886071876201e-15
-2.225350128296440417e-16
1.629402216951183163e-16
1.747905454006639593e-16
-5.300428802704763759e-27
-1.747905453976919259e-16
-1.629402216737283529e-16
2.225350128564455909e-16
1.165228886068716813e-15
2.833402167992319271e-15
5.355943080744517706e-15
8.783626864737837144e-15
1.303649207406964444e-14
1.784462952206918127e-14
2.269900106407323956e-14
2.683870886523502418e-14
2.930613999479102302e-14
2.909411894932312314e-14
2.538354490028986595e-14
1.782761053062251942e-14
6.794293153484061412e-15
-6.541702533558936623e-15
-2.033892485441568785e-14
-3.246420809878058924e-14
-4.100620427537236092e-14
-4.476028958130098775e-14
-4.351751272951258345e-14
-3.806387747456031183e-14
-2.990623837121203360e-14
-2.083424761225875027e-14
-1.246848459979865526e-14
-5.931839756283584580e-15
-1.739840447626544141e-15
3.341487417569458277e-17
-3.344150745474160212e-17
1.756331781333131897e-15
6.020669250933771704e-15
1.272129182671722569e-14
2.136732380134424145e-14
3.084124059873589940e-14
3.950020119808945203e-14
4.550017277500289338e-14
4.725200623228717984e-14
4.387510903702399551e-14
3.549628217909602596e-14
2.327623452279206189e-14
9.136692159408758389e-15
-4.726025649292251346e-15
-1.637365691699071501e-14
-2.452960713553987388e-14
-2.874522729098987843e-14
-2.932282887981633765e-14
-2.707424944716834454e-14
-2.302729152687203795e-14
-1.817458249424930333e-14
-1.331423588219203297e-14
-8.986734259102092500e-15
-5.484246896037870067e-15
-2.899773555700834612e-15
-1.188100543260777476e-15
-2.206776112510930700e-16
1.736283282416447486e-16
1.830353614062076325e-16
3.861554289491399351e-27
-1.830353614103077370e-16
-1.736283282884675876e-16
2.206776112334304743e-16
1.188100543246984243e-15
2.899773555737587642e-15
5.484246896060463043e-15
8.986734259110470203e-15
1.331423588219518842e-14
1.817458249423890614e-14
2.302729152688631634e-14
2.707424944707737310e-14
2.932282887973966037e-14
2.874522729099805102e-14
2.452960713547234738e-14
1.637365691699200875e-14
4.726025649380903535e-15
-9.136692159349521246e-15
-2.327623452300244162e-14
-3.549628217907674620e-14
-4.387510903685593658e-14
-4.725200623221858050e-14
-4.550017277493571399e-14
-3.950020119801605641e-14
-3.084124059866086295e-14
-2.136732380139431834e-14
-1.272129182671618440e-14
-6.020669250886597821e-15
-1.756331781306042413e-15
3.344150745086040646e-17
-3.347463460343891620e-17
1.781119163544746667e-15
6.154398666955378143e-15
1.310242140634424202e-14
2.217221076675721970e-14
3.225548600992439852e-14
4.167719609212711963e-14
4.851234761222751438e-14
5.104769216396733908e-14
4.825834386239251341e-14
4.014387288321639095e-14
2.779452976631964605e-14
1.314403672361444578e-14
-1.517670361810078425e-15
-1.410525285381243584e-14
-2.318514302569535224e-14
-2.818279374246791494e-14
-2.932970187348998194e-14
-2.742451079697998827e-14
-2.352555239766392826e-14
-1.867894913244279979e-14
-1.374026919241832614e-14
-9.298826655034150860e-15
-5.681504187737262697e-15
-3.001715328228054566e-15
-1.223029124110428217e-15
-2.175339285687218242e-16
1.903001993784449748e-16
1.958414220347956917e-16
-8.040300044413416231e-27
-1.958414220297361351e-16
-1.903001993582639407e-16
2.175339286497851708e-16
1.223029124108767664e-15
3.001715328254639178e-15
5.681504187742966161e-15
9.298826655137838737e-15
1.374026919237531745e-14
1.867894913236705337e-14
2.352555239767150132e-14
2.742451079701927354e-14
2.932970187349992158e-14
2.818279374238031982e-14
2.318514302571515265e-14
1.410525285400335596e-14
1.517670361986917374e-15
-1.314403672367818417e-14
-2.779452976616432249e-14
-4.014387288327161121e-14
-4.825834386196618143e-14
-5.104769216375873271e-14
-4.851234761207535889e-14
-4.167719609195849273e-14
-3.225548600988482925e-14
-2.217221076676965215e-14
-1.310242140637608045e-14
-6.154398666933668690e-15
-1.781119163538372671e-15
3.347463461138274551e-17
-3.350609988491538826e-17
1.814261300995063016e-15
6.333601956530266160e-15
1.361415618705782909e-14
2.325520976107454009e-14
3.416306873673690784e-14
4.462200531881446389e-14
5.260031266597166611e-14
5.621815001041732262e-14
5.425379140998708134e-14
4.652962144839419659e-14
3.403316836262259518e-14
1.870716240437505060e-14
2.963980076544619315e-15
-1.091161234636626942e-14
-2.126895072014815447e-14
-2.735623749882769139e-14
-2.930262774180756023e-14
-2.788461675455753392e-14
-2.420034182670736753e-14
-1.936906600503816245e-14
-1.432608250848314730e-14
-9.729013473321002710e-15
-5.953579087845395417e-15
-3.142080097769326138e-15
-1.270652408698248367e-15
-2.124856305059529272e-16
2.139445781189698936e-16
2.138885602382406019e-16
-1.165785407733751341e-26
-2.138885602720876651e-16
-2.139445781536699127e-16
2.124856304526219857e-16
1.270652408739695119e-15
3.142080097811080545e-15
5.953579087827117510e-15
9.729013473393499027e-15
1.432608250855843618e-14
1.936906600512365920e-14
2.420034182668805621e-14
2.788461675445624418e-14
2.930262774186278049e-14
2.735623749879834577e-14
2.126895072022293849e-14
1.091161234630252945e-14
-2.963980076570351957e-15
-1.870716240457409599e-14
-3.403316836255519490e-14
-4.652962144827684564e-14
-5.425379141011730650e-14
-5.621815001019861882e-14
-5.260031266599583680e-14
-4.462200531867335245e-14
-3.416306873678777359e-14
-2.325520976099527535e-14
-1.361415618704224120e-14
-6.333601956519253662e-15
-1.814261300989556767e-15
3.350609990712182274e-17
-3.352508474548001632e-17
1.855833551017736448e-15
6.559030444533561856e-15
1.425950627786297061e-14
2.462467618686376585e-14
3.658278000005636728e-14
4.837102676896304826e-14
5.782650660668809766e-14
6.285955072523851790e-14
6.199535180832895591e-14
5.482255278014374118e-14
4.218570718009186230e-14
2.602687453889268699e-14
8.906977553047035077e-15
-6.634938430603394952e-15
-1.866416615714725219e-14
-2.619170733669321997e-14
-2.920534462846371206e-14
-2.844597040319854162e-14
-2.505971596257044017e-14
-2.026015717284611111e-14
-1.508741568003412624e-14
-1.028986483960101491e-14
-6.308574490995608585e-15
-3.324775003259832473e-15
-1.331778308198630627e-15
-2.046103450278743239e-16
2.459514181417629235e-16
2.381105756134674774e-16
-1.854851517425699115e-27
-2.381105756240934338e-16
-2.459514181731162002e-16
2.046103449513232617e-16
1.331778308074684802e-15
3.324775003250484472e-15
6.308574490904984244e-15
1.028986483956682567e-14
1.508741568007921753e-14
2.026015717275384594e-14
2.505971596262136903e-14
2.844597040322558377e-14
2.920534462826514000e-14
2.619170733651752487e-14
1.866416615709048576e-14
6.634938430465391625e-15
-8.906977553220087494e-15
-2.602687453923938820e-14
-4.218570718002673394e-14
-5.482255278010082714e-14
-6.199535180803575209e-14
-6.285955072514719936e-14
-5.782650660668576263e-14
-4.837102676898318000e-14
-3.658277999999527789e-14
-2.462467618685063920e-14
-1.425950627775335050e-14
-6.559030444572500031e-15
-1.855833551001123038e-15
3.352508476001083419e-17
-3.351816141560629568e-17
1.905925423148185929e-15
6.831600518155261318e-15
1.504217829066619197e-14
2.629097400455383111e-14
3.953809322462458082e-14
5.297006427083099549e-14
6.427012689337051346e-14
7.109491626889230346e-14
7.165586000576884037e-14
6.524291017238034649e-14
5.250683239845289630e-14
3.537006286196068201e-14
1.656386360422784585e-14
-1.060975794303820098e-15
-1.521009870863997404e-14
-2.458590824793902427e-14
-2.898546027172379025e-14
-2.909414933686287034e-14
-2.611248125854537838e-14
-2.137136729822856995e-14
-1.604460991135392377e-14
-1.099779071795731474e-14
-6.757106283473766097e-15
-3.554920394802205470e-15
-1.407464543001143383e-15
-1.926954874995769530e-16
2.881548881214780968e-16
2.697447888608393419e-16
-1.698130621611235926e-26
-2.697447888841876526e-16
-2.881548881068526157e-16
1.926954875070671873e-16
1.407464543046597548e-15
3.554920394793386006e-15
6.757106283516916788e-15
1.099779071794474030e-14
1.604460991142529991e-14
2.137136729822961124e-14
2.611248125860896057e-14
2.909414933689448789e-14
2.898546027172710347e-14
2.458590824792678115e-14
1.521009870870144208e-14
1.060975794297730092e-15
-1.656386360416261652e-14
-3.537006286193967937e-14
-5.250683239802120637e-14
-6.524291017256931970e-14
-7.165586000576396837e-14
-7.109491626885216621e-14
-6.427012689330172479e-14
-5.297006427084582608e-14
-3.953809322454058291e-14
-2.629097400456607423e-14
-1.504217829059857081e-14
-6.831600518133330984e-15
-1.905925423122500618e-15
3.351816140636084587e-17
-3.346936709385954330e-17
1.964637462135285518e-15
7.152377813552170521e-15
1.596653461091143519e-14
2.826641144496356791e-14
4.305712787107896882e-14
5.847448323465914321e-14
7.202782561953801187e-14
8.107592770576239978e-14
8.345073941844852808e-14
7.806833839178194832e-14
6.532138524575087437e-14
4.708122714673791004e-14
2.626463406299901431e-14
6.093867143436401441e-15
-1.069095463320029180e-14
-2.239746344324112679e-14
-2.856877363506329417e-14
-2.980585275647537899e-14
-2.736704702924969644e-14
-2.272572586832040405e-14
-1.722303689828141650e-14
-1.187352096778971541e-14
-7.312633124975385267e-15
-3.838971014384865943e-15
-1.498957314954668005e-15
-1.750762551544388107e-16
3.429973180415667593e-16
3.104284608144831850e-16
-6.472497216137653805e-27
-3.104284608173487223e-16
-3.429973180378236143e-16
1.750762551837686592e-16
1.498957314993732397e-15
3.838971014435132159e-15
7.312633124885928440e-15
1.187352096778692284e-14
1.722303689832352590e-14
2.272572586830229180e-14
2.736704702907538973e-14
2.980585275624301212e-14
2.856877363520270167e-14
2.239746344333272932e-14
1.069095463327671665e-14
-6.093867143687353873e-15
-2.626463406290823220e-14
-4.708122714686715701e-14
-6.532138524557822111e-14
-7.806833839199649324e-14
-8.345073941846556747e-14
-8.107592770546755513e-14
-7.202782561970916313e-14
-5.847448323447631681e-14
-4.305712787105839533e-14
-2.826641144496293682e-14
-1.596653461094753346e-14
-7.152377813548762642e-15
-1.964637462124714782e-15
3.346936708944192223e-17
-3.336030282980672912e-17
2.032077519886173811e-15
7.522557650775892955e-15
1.703754128724698442e-14
3.056515335679491915e-14
4.717258034492292294e-14
6.494934766093850250e-14
8.121446995667335315e-14
9.298502080573338139e-14
9.764238408143346843e-14
9.364149567190661645e-14
8.103572376033624507e-14
6.159727764108687535e-14
3.843369189915591370e-14
1.519964042380650880e-14
-4.820609463805369703e-15
-1.943507208415901442e-14
-2.785136006786051358e-14
-3.054454382853391703e-14
-2.882969013326588342e-14
-2.434996600858657885e-14
-1.865358704574628292e-14
-1.294268820824676612e-14
-7.991846532277400136e-15
-4.184832020929803759e-15
-1.607579441168515288e-15
-1.494036774597682422e-16
4.137635270970502423e-16
3.623415220032617910e-16
1.768849729665394090e-26
-3.623415220081428678e-16
-4.137635271805353919e-16
1.494036773436321398e-16
1.607579441071564283e-15
4.184832020825248134e-15
7.991846532244094429e-15
1.294268820824288492e-14
1.865358704570901713e-14
2.434996600866603292e-14
2.882969013333858484e-14
3.054454382839362601e-14
2.785136006796511654e-14
1.943507208398855736e-14
4.820609463931429676e-15
-1.519964042402934623e-14
-3.843369189915301701e-14
-6.159727764155514318e-14
-8.103572376014266492e-14
-9.364149567188394774e-14
-9.764238408110652661e-14
-9.298502080583978294e-14
-8.121446995647923026e-14
-6.494934766093313824e-14
-4.717258034491528677e-14
-3.056515335670934352e-14
-1.703754128723215384e-14
-7.522557650800631633e-15
-2.032077519917807134e-15
3.336030280196782777e-17
-3.317026279246786991e-17
2.108356428187886374e-15
7.943441451848224670e-15
1.826070296312249660e-14
3.320310480585820356e-14
5.192160815065283955e-14
7.246951014316159916e-14
9.196392120811492481e-14
1.070377158696453788e-13
1.145452467237539673e-13
1.123791766732717988e-13
1.001517048491162757e-13
7.946617864780918781e-14
5.361165584402497334e-14
2.673530488001060968e-14
2.777716435338794018e-15
-1.544143178690207796e-14
-2.668862723261623556e-14
-3.125426950984428736e-14
-3.050194961990245443e-14
-2.627407563929758203e-14
-2.037318157714411287e-14
-1.423651820274169236e-14
-8.815148820968651662e-15
-4.602013489602375620e-15
-1.734613535098015329e-15
-1.123823505901555550e-16
5.048501072322597111e-16
4.283716232406847761e-16
-1.230437656621126177e-26
-4.283716232237025729e-16
-5.048501071144196691e-16
1.123823506866647981e-16
1.734613535180869390e-15
4.602013489648760641e-15
8.815148821028131774e-15
1.423651820282031024e-14
2.037318157715373697e-14
2.627407563929912820e-14
3.050194961996931828e-14
3.125426950973315263e-14
2.668862723265962291e-14
1.544143178672594110e-14
-2.777716435137760705e-15
-2.673530488013491838e-14
-5.361165584412214838e-14
-7.946617864791209313e-14
-1.001517048489283248e-13
-1.123791766731038788e-13
-1.145452467238567843e-13
-1.070377158690965840e-13
-9.196392120824259406e-14
-7.246951014315964279e-14
-5.192160815066312630e-14
-3.320310480575849155e-14
-1.826070296326925629e-14
-7.943441451808781625e-15
-2.108356428231463050e-15
3.317026277377186646e-17
-3.287639798643777660e-17
2.193583092525511244e-15
8.416408880380104769e-15
1.964198317655666470e-14
3.619775996571235552e-14
5.734565142337173689e-14
8.111962099420691904e-14
1.044297747230446426e-13
1.234851088429200503e-13
1.345315871636881648e-13
1.347830193529629506e-13
1.232836083390649504e-13
1.013701272365756341e-13
7.248312889490221586e-14
4.131794295902343328e-14
1.259842755371928860e-14
-1.007149950375981181e-14
-2.488022012535810913e-14
-3.185090645421466032e-14
-3.237672651559049401e-14
-2.853038289407075403e-14
-2.242523784946244761e-14
-1.579261536174234513e-14
-9.807224713935119798e-15
-5.101825196144563406e-15
-1.881170617574481135e-15
-5.946099977754852292e-17
6.220860365690054311e-16
5.123112408553117966e-16
8.715306385624561708e-27
-5.123112408500343171e-16
-6.220860365619806248e-16
5.946099984658962934e-17
1.881170617640429907e-15
5.101825196234036010e-15
9.807224713964212988e-15
1.579261536170810857e-14
2.242523784949617930e-14
2.853038289396574087e-14
3.237672651575703832e-14
3.185090645427234183e-14
2.488022012535315508e-14
1.007149950387268203e-14
-1.259842755334745112e-14
-4.131794295882015960e-14
-7.248312889480425827e-14
-1.013701272364541117e-13
-1.232836083389388589e-13
-1.347830193528684388e-13
-1.345315871635560906e-13
-1.234851088427800748e-13
-1.044297747232255126e-13
-8.111962099411231884e-14
-5.734565142350180428e-14
-3.619775996558904079e-14
-1.964198317655006982e-14
-8.416408880433589538e-15
-2.193583092481776795e-15
3.287639798880435931e-17
-3.245392146355869743e-17
2.287859032804893795e-15
8.942885464920925847e-15
2.118770832865117723e-14
3.956800994915537197e-14
6.349017417653753767e-14
9.099401708645717514e-14
1.187859896911239427e-13
1.426164262368406077e-13
1.580378021089456850e-13
1.614518448695604720e-13
1.511783508527271091e-13
1.281540904122069572e-13
9.591181202535369332e-14
5.974059008346826237e-14
2.528924982817957065e-14
-2.863121351572137881e-15
-2.214918663325378806e-14
-3.220973801081502330e-14
-3.443244390463787414e-14
-3.115185192650280091e-14
-2.485994936565074685e-14
-1.765578993199352379e-14
-1.099767650349896641e-14
-5.697572160653027353e-15
-2.047984741616080699e-15
1.559623127853249268e-17
7.731706888251105758e-16
6.191262774366510616e-16
6.744005312635319708e-27
-6.191262774337224155e-16
-7.731706888303801666e-16
-1.559623131477276267e-17
2.047984741503021154e-15
5.697572160589098065e-15
1.099767650341690910e-14
1.765578993201545413e-14
2.485994936568630870e-14
3.115185192649923526e-14
3.443244390459906218e-14
3.220973801093688653e-14
2.214918663337527264e-14
2.863121351915071493e-15
-2.528924982821314457e-14
-5.974059008340844779e-14
-9.591181202555981952e-14
-1.281540904122340183e-13
-1.511783508527201924e-13
-1.614518448696739165e-13
-1.580378021091062845e-13
-1.426164262364659934e-13
-1.187859896913220289e-13
-9.099401708642126619e-14
-6.349017417653854741e-14
-3.956800994899955616e-14
-2.118770832869522723e-14
-8.942885464930676168e-15
-2.287859032781985274e-15
3.245392145724781018e-17
-3.187635914020383663e-17
2.391272410639809841e-15
9.524305515452312690e-15
2.290445370081879837e-14
4.333390306945312000e-14
7.040430617893730917e-14
1.021964455773791346e-13
1.352273232795872529e-13
1.647615164167345432e-13
1.855712115474374859e-13
1.930956359665996629e-13
1.847393448909162776e-13
1.608606584915969654e-13
1.249846806283429118e-13
8.302109880288456796e-14
4.169844595514151032e-14
6.802689762999225644e-15
-1.811314552052419463e-14
-3.214775562297470374e-14
-3.662427894884200957e-14
-3.416905581242321570e-14
-2.773412086925297727e-14
-1.987880387720309720e-14
-1.242165080671883409e-14
-6.404682431793637112e-15
-2.235050688900660576e-15
1.213480321607742790e-16
9.683061524747466426e-16
7.553399591710043865e-16
4.157012462419050226e-26
-7.553399591036593311e-16
-9.683061525160277338e-16
-1.213480322432260208e-16
2.235050688807716984e-15
6.404682431739331928e-15
1.242165080672438767e-14
1.987880387725102839e-14
2.773412086927241481e-14
3.416905581240456703e-14
3.662427894871793753e-14
3.214775562292491083e-14
1.811314552050280072e-14
-6.802689762554812964e-15
-4.169844595529331871e-14
-8.302109880265724980e-14
-1.249846806281273824e-13
-1.608606584916668901e-13
-1.847393448908028331e-13
-1.930956359665695725e-13
-1.855712115474649004e-13
-1.647615164163613678e-13
-1.352273232798200489e-13
-1.021964455772657911e-13
-7.040430617895971282e-14
-4.333390306917140199e-14
-2.290445370079955016e-14
-9.524305515470929807e-15
-2.391272410612357482e-15
3.187635911250693025e-17
-3.111585168151101557e-17
2.503891590567257508e-15
1.016207021647318023e-14
2.479891007288102857e-14
4.751635113484823943e-14
7.814036545297885013e-14
1.148395727231529516e-13
1.539694680440900990e-13
1.902931142713990215e-13
2.177171160662704951e-13
2.305510892725054103e-13
2.250543370631333897e-13
2.007723009410914474e-13
1.610673284616373786e-13
1.124651444678081384e-13
6.293728951859396279e-14
1.975559648214486866e-14
-1.224423076252676135e-14
-3.139830837179044673e-14
-3.887093689461050966e-14
-3.760494333416126359e-14
-3.111008514915775994e-14
-2.252278994185082004e-14
-1.412032333020395924e-14
-7.240675826311212955e-15
-2.441020393338012364e-15
2.696077121319925169e-16
1.221095320555459167e-15
9.295735418834132898e-16
-3.673495322095549355e-26
-9.295735419243236164e-16
-1.221095320535145998e-15
-2.696077119245220988e-16
2.441020393650795713e-15
7.240675826637075618e-15
1.412032333026788853e-14
2.252278994187978701e-14
3.111008514925728263e-14
3.760494333435021156e-14
3.887093689463379683e-14
3.139830837195686483e-14
1.224423076216331735e-14
-1.975559648223492502e-14
-6.293728951850688516e-14
-1.124651444675409860e-13
-1.610673284616398778e-13
-2.007723009412005500e-13
-2.250543370630593504e-13
-2.305510892727060965e-13
-2.177171160658383256e-13
-1.902931142715790080e-13
-1.539694680441511379e-13
-1.148395727230211803e-13
-7.814036545318679387e-14
-4.751635113476051809e-14
-2.479891007290923824e-14
-1.016207021645014549e-14
-2.503891590624339483e-15
3.111585168472167945e-17
-3.014351201198529334e-17
2.625758300424994675e-15
1.085750087910302655e-14
2.687772979685654061e-14
5.213677583147108111e-14
8.675324113179145712e-14
1.290442238380526574e-13
1.752487756342900960e-13
2.196286752411528215e-13
2.551458614149178747e-13
2.747985729648961679e-13
2.734274945963860503e-13
2.494622183029176614e-13
2.058730256557390393e-13
1.497473580723808549e-13
9.046280501946574881e-14
3.710913012015740413e-14
-3.813177546384122542e-15
-2.957455752970976106e-14
-4.103457626309456503e-14
-4.146592901244978375e-14
-3.505284856467142393e-14
-2.565686976660757149e-14
-1.614098616809467245e-14
-8.224826404317603599e-15
-2.662248135907667855e-15
4.767692229680065198e-16
1.549790720873663604e-15
1.153293395921379707e-15
-4.773635049775855709e-26
-1.153293395924598260e-15
-1.549790720734760975e-15
-4.767692228022195119e-16
2.662248135964544727e-15
8.224826404297250987e-15
1.614098616813004497e-14
2.565686976653171463e-14
3.505284856462251456e-14
4.146592901245394893e-14
4.103457626335892810e-14
2.957455752946003925e-14
3.813177546496834988e-15
-3.710913012046786823e-14
-9.046280501929949479e-14
-1.497473580724264447e-13
-2.058730256553680348e-13
-2.494622183033687131e-13
-2.734274945961613323e-13
-2.747985729649365576e-13
-2.551458614148153858e-13
-2.196286752413931906e-13
-1.752487756337810851e-13
-1.290442238382294128e-13
-8.675324113183954609e-14
-5.213677583124937964e-14
-2.687772979692211073e-14
-1.085750087908163265e-14
-2.625758300429475405e-15
3.014351202289523966e-17
-2.892984103174593985e-17
2.756880467928180542e-15
1.161178746192902737e-14
2.914735159872119130e-14
5.721669007583309555e-14
9.629961701856097890e-14
1.449382976204531715e-13
1.993214344202042521e-13
2.532315289551767149e-13
2.986195496425984880e-13
3.269801744033577001e-13
3.314158818138855104e-13
3.088550458015822260e-13
2.615485247174413713e-13
1.970156659614384725e-13
1.261874714533676243e-13
6.036051608876362898e-14
8.189145284724699592e-15
-2.611641178778419461e-14
-4.289011756566771170e-14
-4.572684633103534147e-14
-3.962393754168236299e-14
-2.935606677779905792e-14
-1.853623371140694958e-14
-9.377238296124688077e-15
-2.891296684558127522e-15
7.656855350027271305e-16
1.979023464764295981e-15
1.441839276996831686e-15
1.137064489864796343e-25
-1.441839276931778271e-15
-1.979023465009560725e-15
-7.656855353669915421e-16
2.891296684096454566e-15
9.377238295820755748e-15
1.853623371120216128e-14
2.935606677771512312e-14
3.962393754165894960e-14
4.572684633101325336e-14
4.289011756570481972e-14
2.611641178836971873e-14
-8.189145284767929170e-15
-6.036051608882002307e-14
-1.261874714532981540e-13
-1.970156659614489738e-13
-2.615485247172585070e-13
-3.088550458021702492e-13
-3.314158818135480547e-13
-3.269801744029608210e-13
-2.986195496422519951e-13
-2.532315289553127271e-13
-1.993214344198309000e-13
-1.449382976206887948e-13
-9.629961701846883995e-14
-5.721669007589216545e-14
-2.914735159865663093e-14
-1.161178746198737152e-14
-2.756880467808652338e-15
2.892984104746004908e-17
-2.744520387713002112e-17
2.897224828563650040e-15
1.242593262205560178e-14
3.161380393734955077e-14
6.277721047817144158e-14
1.068370178371132955e-13
1.626552971118718793e-13
2.264619550225440382e-13
2.916110537898953984e-13
3.489979192873368464e-13
3.884183231409975198e-13
4.008702532152658643e-13
3.812986439314925601e-13
3.307801584581886542e-13
2.570252627143377316e-13
1.726248353145422383e-13
9.152729143067118105e-14
2.516247793208461600e-14
-2.021288565329603063e-14
-4.407795557627203788e-14
-5.030563530984456992e-14
-4.486922439946521839e-14
-3.369581291318780174e-14
-2.136126095891919445e-14
-1.071678404956822865e-14
-3.114557558803511309e-15
1.168367557641170344e-15
2.542221152060441882e-15
1.815852134281993125e-15
-3.415728274406727542e-27
-1.815852134279500325e-15
-2.542221151998579410e-15
-1.168367557544392888e-15
3.114557558887256782e-15
1.071678404962843452e-14
2.136126095892127704e-14
3.369581291305476823e-14
4.486922439948913665e-14
5.030563530992244627e-14
4.407795557651286134e-14
2.021288565302510424e-14
-2.516247793178497507e-14
-9.152729143116782263e-14
-1.726248353144723894e-13
-2.570252627142270134e-13
-3.307801584582335877e-13
-3.812986439304556561e-13
-4.008702532153909208e-13
-3.884183231409708121e-13
-3.489979192868976591e-13
-2.916110537897787732e-13
-2.264619550227334910e-13
-1.626552971116848246e-13
-1.068370178370377542e-13
-6.277721047805462706e-14
-3.161380393732651604e-14
-1.242593262209412975e-14
-2.897224828524049223e-15
2.744520384970921605e-17
-2.566036640455465405e-17
3.046709415956361582e-15
1.330069173870559528e-14
3.428248743525546267e-14
6.883849877322081544e-14
1.184226630445121727e-13
1.823324211414297131e-13
2.569608074186996864e-13
3.353215240485853825e-13
4.072427811830746862e-13
4.606342137086552029e-13
4.839797558853324836e-13
4.696480547751166840e-13
4.169242598839095329e-13
3.333102692204958028e-13
2.330829523062942938e-13
1.333349142907047449e-13
4.905436659801218985e-14
-1.068761310356640265e-14
-4.403052932626884620e-14
-5.502082049273431580e-14
-5.079591010295878047e-14
-3.873989567848062928e-14
-2.466738379845715985e-14
-1.225683894021414811e-14
-3.308337496074691333e-15
1.729973233579354788e-15
3.285063935339936591e-15
2.303295168710700190e-15
-1.245609042957148133e-25
-2.303295168821361598e-15
-3.285063935070083053e-15
-1.729973233007967057e-15
3.308337496559935453e-15
1.225683894051505122e-14
2.466738379843027547e-14
3.873989567846321123e-14
5.079591010297771313e-14
5.502082049272592232e-14
4.403052932626417614e-14
1.068761310323590148e-14
-4.905436659775615715e-14
-1.333349142907796425e-13
-2.330829523060734632e-13
-3.333102692210312690e-13
-4.169242598835909088e-13
-4.696480547751220356e-13
-4.839797558856573175e-13
-4.606342137082871519e-13
-4.072427811828179088e-13
-3.353215240486229954e-13
-2.569608074188739679e-13
-1.823324211411146736e-13
-1.184226630445909326e-13
-6.883849877325691372e-14
-3.428248743529370665e-14
-1.330069173871039156e-14
-3.046709416022720562e-15
2.566036638033662426e-17
-2.354709042472418003e-17
3.205196061391711581e-15
1.423650954464090495e-14
3.715793771103970299e-14
7.541913227593327103e-14
1.311121173625819291e-13
2.041081649118011822e-13
2.911210482858670752e-13
3.849592349377071507e-13
4.744202445241957678e-13
5.453649219617542265e-13
5.833196437812783513e-13
5.773623336439792449e-13
5.241663141780535771e-13
4.304030357984823111e-13
3.119214771555482023e-13
1.894752278512458166e-13
8.258457012003251763e-14
4.171254364673417985e-15
-4.185744581218062784e-14
-5.952008895800448934e-14
-5.733015998718199786e-14
-4.451606879983046138e-14
-2.848822779698979263e-14
-1.399679421729243061e-14
-3.432218205502073594e-15
2.514910830876097409e-15
4.270569567169936624e-15
2.942389962126030706e-15
1.053025734698858395e-25
-2.942389962088181160e-15
-4.270569567463361327e-15
-2.514910831281224816e-15
3.432218205063025169e-15
1.399679421698988667e-14
2.848822779685751643e-14
4.451606879952400469e-14
5.733015998729256461e-14
5.952008895815771769e-14
4.185744581234862366e-14
-4.171254364790421835e-15
-8.258457011983536551e-14
-1.894752278511518349e-13
-3.119214771553050564e-13
-4.304030357983444813e-13
-5.241663141781840358e-13
-5.773623336438703947e-13
-5.833196437810689308e-13
-5.453649219618215763e-13
-4.744202445247257813e-13
-3.849592349378908228e-13
-2.911210482861711085e-13
-2.041081649117650839e-13
-1.311121173624555094e-13
-7.541913227599669545e-14
-3.715793771094598631e-14
-1.423650954465015040e-14
-3.205196061425001512e-15
2.354709049606876029e-17
-2.107878259699415759e-17
3.372483046956488020e-15
1.523345422076183915e-14
4.024357086978379840e-14
8.253540610147808368e-14
1.449577330094851557e-13
2.281193870924948947e-13
3.292537797751283823e-13
4.411574722165950635e-13
5.516998065732250159e-13
6.445777046538153149e-13
7.019004180953197732e-13
7.086142793017341870e-13
6.577133897122076783e-13
5.541131954591052685e-13
4.148932765749901399e-13
2.649635545475839908e-13
1.295671382848242959e-13
2.686559429653805354e-14
-3.616454844035397984e-14
-6.316028207579521252e-14
-6.424045265956486743e-14
-5.096883046646289942e-14
-3.281199475298772239e-14
-1.590561271452492629e-14
-3.417558120705889111e-15
3.616446441909514020e-15
5.586763317589875595e-15
3.785978120213186883e-15
2.246073294117443579e-27
-3.785978120083758474e-15
-5.586763317322167758e-15
-3.616446441707912727e-15
3.417558120628706960e-15
1.590561271444793347e-14
3.281199475284673717e-14
5.096883046638994556e-14
6.424045265949418549e-14
6.316028207569297614e-14
3.616454844051086849e-14
-2.686559429628157908e-14
-1.295671382846342625e-13
-2.649635545472703650e-13
-4.148932765743745002e-13
-5.541131954593413461e-13
-6.577133897122844187e-13
-7.086142793018561638e-13
-7.019004180954379130e-13
-6.445777046539168950e-13
-5.516998065734020237e-13
-4.411574722162291835e-13
-3.292537797753693067e-13
-2.281193870923943244e-13
-1.449577330096426755e-13
-8.253540610140020733e-14
-4.024357086973968529e-14
-1.523345422080519495e-14
-3.372483046937239814e-15
2.107878266819674289e-17
-1.823119002930232227e-17
3.548298069796120520e-15
1.629115003002357320e-14
4.354141493385260018e-14
9.020057302511475733e-14
1.600068860430689373e-13
2.544978140387936583e-13
3.716722934595049952e-13
5.045788699615748460e-13
6.403492199355125338e-13
7.604794975486439145e-13
8.432158784686837088e-13
8.684119453418497601e-13
8.240240719994897578e-13
7.118808213881372250e-13
5.495978852632476769e-13
3.666332003870267250e-13
1.953749400402904194e-13
6.107069518861777195e-14
-2.476728943213659691e-14
-6.480566473727457860e-14
-7.100047261390979867e-14
-5.787038715668304513e-14
-3.752764894364441364e-14
-1.789054720168668805e-14
-3.147371130854698740e-15
5.172097291359445048e-15
7.358411595516772623e-15
4.908075661205503180e-15
2.135539416011963950e-26
-4.908075661314287099e-15
-7.358411595749328818e-15
-5.172097291500493378e-15
3.147371131016699215e-15
1.789054720151787182e-14
3.752764894387425616e-14
5.787038715663937380e-14
7.100047261355487437e-14
6.480566473712564166e-14
2.476728943185727704e-14
-6.107069518853131280e-14
-1.953749400409056047e-13
-3.666332003871160366e-13
-5.495978852635322222e-13
-7.118808213886508808e-13
-8.240240719998664926e-13
-8.684119453405447696e-13
-8.432158784686645237e-13
-7.604794975486917763e-13
-6.403492199352905925e-13
-5.045788699620910261e-13
-3.716722934593313196e-13
-2.544978140386245265e-13
-1.600068860429208838e-13
-9.020057302521655195e-14
-4.354141493373969841e-14
-1.629115003003985529e-14
-3.548298069819502358e-15
1.823118996646955117e-17
-1.498313293794079263e-17
3.732291688246005091e-15
1.740870979147164099e-14
4.705183158463137132e-14
9.842403039206691690e-14
1.763000182563174682e-13
2.833659700259036064e-13
4.186847782567125797e-13
5.759046992732025679e-13
7.417239104112128783e-13
8.955190978341744738e-13
1.011286363010615145e-12
1.062729047851689683e-12
1.031079012614266763e-12
9.132201070881864778e-13
7.260821459085277050e-13
5.038213414755978759e-13
2.876124939641865642e-13
1.122159253806154366e-13
-4.234512420953060539e-15
-6.248876146920710436e-14
-7.654582897192440193e-14
-6.465556733468621288e-14
-4.232259156102347150e-14
-1.973824039552257792e-14
-2.420761806412138315e-15
7.388688251356583669e-15
9.765172856423481710e-15
6.413796230961215279e-15
-1.970412621715671097e-25
-6.413796231053496227e-15
-9.765172856024191874e-15
-7.388688250916083740e-15
2.420761806617557694e-15
1.973824039565889308e-14
4.232259156067700379e-14
6.465556733464897864e-14
7.654582897196706353e-14
6.248876146913478159e-14
4.234512420747325615e-15
-1.122159253799818235e-13
-2.876124939642719379e-13
-5.038213414758325400e-13
-7.260821459077585846e-13
-9.132201070883979178e-13
-1.031079012613632645e-12
-1.062729047851291239e-12
-1.011286363010147028e-12
-8.955190978350024622e-13
-7.417239104104888933e-13
-5.759046992731173457e-13
-4.186847782568965547e-13
-2.833659700257533064e-13
-1.763000182560280509e-13
-9.842403039206325659e-14
-4.705183158466980463e-14
-1.740870979138373033e-14
-3.732291688267462108e-15
1.498313297634254149e-17
-1.131726157285538157e-17
3.924031428366129165e-15
1.858466871686348918e-14
5.077323370220625089e-14
1.072104673269738359e-13
1.938685065907213760e-13
3.148325459254417301e-13
4.705855109909807817e-13
6.558206619587597362e-13
8.572496190460848064e-13
1.052378963932544759e-12
1.210691953373272708e-12
1.298638788819594925e-12
1.288692824468118272e-12
1.170271322264126355e-12
9.576330065045112652e-13
6.893210278049783642e-13
4.170938788060009861e-13
1.883682877087516848e-13
3.084029939795667428e-14
-5.284027524108474023e-14
-7.884496857644740594e-14
-7.011910061652379578e-14
-4.649041296189085610e-14
-2.100418733418232666e-14
-8.890857645131903760e-16
1.058416007339345990e-14
1.307027646169808828e-14
8.454628975035696026e-15
1.692143546635509694e-25
-8.454628975007218148e-15
-1.307027646213249820e-14
-1.058416007396756131e-14
8.890857640921279793e-16
2.100418733388420034e-14
4.649041296191887644e-14
7.011910061639366528e-14
7.884496857611873493e-14
5.284027524071997095e-14
-3.084029939820885734e-14
-1.883682877088269105e-13
-4.170938788050781830e-13
-6.893210278053642876e-13
-9.576330065037390146e-13
-1.170271322264698879e-12
-1.288692824468328298e-12
-1.298638788819601387e-12
-1.210691953372911624e-12
-1.052378963932864847e-12
-8.572496190455823588e-13
-6.558206619582840467e-13
-4.705855109911743492e-13
-3.148325459251138669e-13
-1.938685065906682384e-13
-1.072104673270014775e-13
-5.077323370223042158e-14
-1.858466871682827443e-14
-3.924031428323341349e-15
1.131726152496363602e-17
-7.220820518541936126e-18
4.122996736485030593e-15
1.981692132638933465e-14
5.470180529030867001e-14
1.165589895062385578e-13
2.127323937890217171e-13
3.489872475117988516e-13
5.276445046936801122e-13
7.449988355610394612e-13
9.883969134522298274e-13
1.233953045097325502e-12
1.446588644951113933e-12
1.584441977745578849e-12
1.608863734772621750e-12
1.498478447483217569e-12
1.261818376489152537e-12
9.407020168415771710e-13
5.992676875256038331e-13
3.015816911762614329e-13
8.900596282154150550e-14
-3.013163855195192916e-14
-7.414606680005150280e-14
-7.186487102903257688e-14
-4.857245323025390283e-14
-2.080530516395904175e-14
2.060720597168149466e-15
1.525965572478260012e-14
1.766739614993369683e-14
1.125268850226651227e-14
7.110996000460100004e-27
-1.125268850220548599e-14
-1.766739614988787979e-14
-1.525965572514970443e-14
-2.060720597320115631e-15
2.080530516403893759e-14
4.857245323006306160e-14
7.186487102877509268e-14
7.414606679970718079e-14
3.013163855158286847e-14
-8.900596282145542500e-14
-3.015816911758990365e-13
-5.992676875253115128e-13
-9.407020168420721465e-13
-1.261818376489599449e-12
-1.498478447483108315e-12
-1.608863734772605594e-12
-1.584441977744245586e-12
-1.446588644951451186e-12
-1.233953045097728793e-12
-9.883969134523526120e-13
-7.449988355609955374e-13
-5.276445046937032353e-13
-3.489872475115068848e-13
-2.127323937890058137e-13
-1.165589895061112041e-13
-5.470180529037556541e-14
-1.981692132643881201e-14
-4.122996736428989914e-15
7.220820423286981820e-18
-2.686402645797575398e-18
4.328574963232654114e-15
2.110266333339940184e-14
5.883123140232712647e-14
1.264622427841197235e-13
2.328980266431431112e-13
3.858951980917346230e-13
5.900956636742076183e-13
8.440755381912051484e-13
1.136646289960868670e-12
1.443306647598023730e-12
1.724698516465255522e-12
1.929775474071172396e-12
2.006150258890313901e-12
1.917406271686471861e-12
1.661843140220966912e-12
1.282140096936092804e-12
8.562966380887615269e-13
4.699627439352886767e-13
1.838247651436977538e-13
1.533073791374824803e-14
-5.566098506030166885e-14
-6.531010259010506079e-14
-4.569334907891969150e-14
-1.743083579543095769e-14
7.522328133329975588e-15
2.222757740315911444e-14
2.416000643326302705e-14
1.514053758443940639e-14
-1.899197274817943058e-25
-1.514053758476350200e-14
-2.416000643337081700e-14
-2.222757740299174971e-14
-7.522328133186592230e-15
1.743083579531975986e-14
4.569334907854911621e-14
6.531010258961962734e-14
5.566098505981169156e-14
-1.533073791369902311e-14
-1.838247651435993040e-13
-4.699627439357727470e-13
-8.562966380884112474e-13
-1.282140096937074273e-12
-1.661843140221842358e-12
-1.917406271687476352e-12
-2.006150258890109126e-12
-1.929775474071268927e-12
-1.724698516464303941e-12
-1.443306647598537284e-12
-1.136646289960619465e-12
-8.440755381912667427e-13
-5.900956636735523967e-13
-3.858951980921699733e-13
-2.328980266428612922e-13
-1.264622427843682463e-13
-5.883123140217345637e-14
-2.110266333365019650e-14
-4.328574963079236445e-15
2.686402540563530642e-18
2.287328053738123492e-18
4.540058559532086485e-15
2.243834051215484060e-14
6.315244657879396335e-14
1.369055607978212654e-13
2.543556611897254714e-13
4.255910074212571343e-13
6.581235854285003139e-13
9.536250601169960771e-13
1.303442806180229811e-12
1.683614167039365164e-12
2.051262960141248014e-12
2.345680817353842744e-12
2.498053088834083201e-12
2.451701343436774725e-12
2.188296524604491233e-12
1.746941918329216012e-12
1.220094146436956748e-12
7.208388082362141352e-13
3.368741451237907161e-13
9.989292537581587342e-14
-1.127533443807137169e-14
-4.189436140965360247e-14
-3.233539230048023704e-14
-7.613767393638526598e-15
1.747352322367809257e-14
3.284353813828079989e-14
3.349917738086442967e-14
2.062825777746857460e-14
-2.140179296158455391e-25
-2.062825777771337392e-14
-3.349917738094596634e-14
-3.284353813823081766e-14
-1.747352322371722007e-14
7.613767393797813392e-15
3.233539230018312047e-14
4.189436140980809299e-14
1.127533443779167317e-14
-9.989292537592467311e-14
-3.368741451238162120e-13
-7.208388082357588426e-13
-1.220094146437611060e-12
-1.746941918328885423e-12
-2.188296524609048400e-12
-2.451701343434140914e-12
-2.498053088836608768e-12
-2.345680817353580211e-12
-2.051262960140226963e-12
-1.683614167040549390e-12
-1.303442806181242784e-12
-9.536250601160471216e-13
-6.581235854287250824e-13
-4.255910074216277096e-13
-2.543556611893841786e-13
-1.369055607975848596e-13
-6.315244657893299219e-14
-2.243834051204137084e-14
-4.540058559500658267e-15
-2.287328058913051030e-18
7.694969520673742206e-18
4.756643656981469551e-15
2.381960663798013856e-14
6.765341101438776781e-14
1.478661650893396285e-13
2.770771068789832228e-13
4.680726584438576318e-13
7.318492556209308925e-13
1.074129447013662584e-12
1.490139577196323366e-12
1.958070707145392478e-12
2.432946367490891129e-12
2.844605625269491073e-12
3.105364210198722564e-12
3.132182226800016665e-12
2.881369247134901057e-12
2.381010230972547246e-12
1.736755438582965774e-12
1.095620741220576558e-12
5.825604042186602236e-13
2.510391521136345019e-13
8.041811643223063312e-14
1.412556266112757828e-14
1.912394532160467041e-15
1.483053554737019471e-14
3.553215847118298744e-14
4.943157681834172666e-14
4.722677412772025794e-14
2.851823125322692321e-14
3.657680941508990423e-25
-2.851823125308410784e-14
-4.722677412841956735e-14
-4.943157681942202434e-14
-3.553215847184966957e-14
-1.483053554801087598e-14
-1.912394532415679321e-15
-1.412556266045307066e-14
-8.041811643203625780e-14
-2.510391521146957407e-13
-5.825604042183071168e-13
-1.095620741222417519e-12
-1.736755438581536384e-12
-2.381010230968839474e-12
-2.881369247140175141e-12
-3.132182226798899890e-12
-3.105364210200233137e-12
-2.844605625269709581e-12
-2.432946367487510513e-12
-1.958070707148441091e-12
-1.490139577195138736e-12
-1.074129447013187400e-12
-7.318492556201529873e-13
-4.680726584445149738e-13
-2.770771068782178384e-13
-1.478661650894693803e-13
-6.765341101426420064e-14
-2.381960663791444222e-14
-4.756643656989957694e-15
-7.694969529635202089e-18
1.352379441053668298e-17
4.977430185208072388e-15
2.524129260329708746e-14
7.231892411846890242e-14
1.593124490527045032e-13
3.010134933527046511e-13
5.132954032219823990e-13
8.113149996480758083e-13
1.205944815004092163e-12
1.697930063065337813e-12
2.269774317487192674e-12
2.876676776378315518e-12
3.440302509965462490e-12
3.852422977154384189e-12
3.997010680857421555e-12
3.793605347960942608e-12
3.247559421363640941e-12
2.473011372208375057e-12
1.657269285306826994e-12
9.758326576892585327e-13
5.148545764745496970e-13
2.569558083898489455e-13
1.313816082783433023e-13
7.647091511733082350e-14
6.154406482995506405e-14
6.837818798403926688e-14
7.607296993413458851e-14
6.791171537499250176e-14
4.010474196529709270e-14
-2.187217283448224145e-25
-4.010474196512089273e-14
-6.791171537394729261e-14
-7.607296993321244166e-14
-6.837818798347153946e-14
-6.154406482981395261e-14
-7.647091511705718343e-14
-1.313816082782645424e-13
-2.569558083891739330e-13
-5.148545764735848886e-13
-9.758326576891268624e-13
-1.657269285305617323e-12
-2.473011372210493900e-12
-3.247559421359138703e-12
-3.793605347962864349e-12
-3.997010680854669402e-12
-3.852422977156053090e-12
-3.440302509964791214e-12
-2.876676776376820292e-12
-2.269774317487547700e-12
-1.697930063065651641e-12
-1.205944815002432147e-12
-8.113149996489474175e-13
-5.132954032221782890e-13
-3.010134933522427951e-13
-1.593124490528523042e-13
-7.231892411857460978e-14
-2.524129260333867621e-14
-4.977430185208829695e-15
-1.352379434072249286e-17
1.975326667131441721e-17
5.201423660806346947e-15
2.669738873951947875e-14
7.713048527625066048e-14
1.712033788348267853e-13
3.260932531306817541e-13
5.611658969951764336e-13
8.964691767293805535e-13
1.349265020990460409e-12
1.927769880019528152e-12
2.621576959039315108e-12
3.389410492903749276e-12
4.147583134098613305e-12
4.767190295164134297e-12
5.092839723352310927e-12
4.993208760796860947e-12
4.433451869922924665e-12
3.525595893940273043e-12
2.501759469326560165e-12
1.604536126042600509e-12
9.683976229769933309e-13
5.837184163800033031e-13
3.614907965195811936e-13
2.272624267849197187e-13
1.543549278046430674e-13
1.284416564308140411e-13
1.200913002645396093e-13
9.995009996124405929e-14
5.752956977958896617e-14
7.669841107853710388e-26
-5.752956977973525254e-14
-9.995009996145067774e-14
-1.200913002642139675e-13
-1.284416564303975225e-13
-1.543549278046314554e-13
-2.272624267853902584e-13
-3.614907965201254446e-13
-5.837184163792884058e-13
-9.683976229753979386e-13
-1.604536126043507257e-12
-2.501759469326102146e-12
-3.525595893939897823e-12
-4.433451869921764673e-12
-4.993208760799388533e-12
-5.092839723352281846e-12
-4.767190295164050287e-12
-4.147583134095433830e-12
-3.389410492906227183e-12
-2.621576959036885264e-12
-1.927769880019915085e-12
-1.349265020990086603e-12
-8.964691767295508970e-13
-5.611658969952750854e-13
-3.260932531302628122e-13
-1.712033788345191927e-13
-7.713048527622882481e-14
-2.669738873956807258e-14
-5.201423660852132434e-15
-1.975326657598846543e-17
2.635469035856180307e-17
5.427538751789583091e-15
2.818104224369618694e-14
8.206621137761411362e-14
1.834880450387727291e-13
3.522204202921839695e-13
6.115368317682472591e-13
9.871512218279289478e-13
1.504083886156037100e-12
2.180289868185552546e-12
3.015904446245377770e-12
3.977810314108088557e-12
4.981880714008858803e-12
5.881018857369802078e-12
6.475749353888948630e-12
6.567822789711697762e-12
6.057553453755478483e-12
5.034766723910420259e-12
3.775682984526145981e-12
2.609196551090243694e-12
1.740147918584650535e-12
1.173880163607549740e-12
7.967867153683495474e-13
5.202457638904150881e-13
3.340388511577089404e-13
2.389935501928102311e-13
1.948867331070487700e-13
1.510700517169812664e-13
8.443563339785712713e-14
1.743972663135364906e-25
-8.443563339755382589e-14
-1.510700517169060406e-13
-1.948867331072277468e-13
-2.389935501933047522e-13
-3.340388511573615892e-13
-5.202457638890266929e-13
-7.967867153684727360e-13
-1.173880163606592505e-12
-1.740147918580925597e-12
-2.609196551091809198e-12
-3.775682984525598297e-12
-5.034766723911180393e-12
-6.057553453754301528e-12
-6.567822789711254284e-12
-6.475749353888127104e-12
-5.881018857369045983e-12
-4.981880714007884603e-12
-3.977810314109552279e-12
-3.015904446244462540e-12
-2.180289868185560624e-12
-1.504083886156061535e-12
-9.871512218283005329e-13
-6.115368317681156897e-13
-3.522204202918496440e-13
-1.834880450386644343e-13
-8.206621137763645416e-14
-2.818104224362626231e-14
-5.427538751815079075e-15
-2.635469026069571916e-17
3.329101074002726977e-17
5.654604687350704489e-15
2.968457137250752537e-14
8.710082005562989673e-14
1.961053984026309634e-13
3.792733483168221265e-13
6.642023549349121580e-13
1.083077747537212079e-12
1.670157549750902741e-12
2.455703300299602166e-12
3.454548533372529919e-12
4.647832351657692304e-12
5.958575827892667419e-12
7.227964673701505065e-12
8.211660229094264029e-12
8.628502380477377563e-12
8.281439452015254297e-12
7.203648055519994323e-12
5.703272852864432173e-12
4.214759894451605715e-12
3.043746440949423726e-12
2.222172709571299149e-12
1.601186047690502751e-12
1.075619432573652851e-12
6.763824910330829874e-13
4.437307089901835773e-13
3.253724965943532625e-13
2.352152919350319360e-13
1.272034685642091823e-13
3.525345904441766745e-25
-1.272034685636665722e-13
-2.352152919342266668e-13
-3.253724965932819263e-13
-4.437307089893565986e-13
-6.763824910327962207e-13
-1.075619432573148586e-12
-1.601186047690329075e-12
-2.222172709570989764e-12
-3.043746440948145796e-12
-4.214759894452822252e-12
-5.703272852865479881e-12
-7.203648055517986148e-12
-8.281439452015435242e-12
-8.628502380477947865e-12
-8.211660229091863266e-12
-7.227964673702565698e-12
-5.958575827891174616e-12
-4.647832351659067977e-12
-3.454548533373032771e-12
-2.455703300299547640e-12
-1.670157549750907992e-12
-1.083077747536930563e-12
-6.642023549348618729e-13
-3.792733483166152808e-13
-1.961053984025978943e-13
-8.710082005541027785e-14
-2.968457137259518360e-14
-5.654604687278476385e-15
-3.329101071057120357e-17
4.051679263888083725e-17
5.881372545188443775e-15
3.119949776440258641e-14
9.220568649313818126e-14
2.089842004401223973e-13
4.071039488113314737e-13
7.188945710479440836e-13
1.183830501597759030e-12
1.846968881014170843e-12
2.753711337723249051e-12
3.938437911254541389e-12
5.404224984128726277e-12
7.092051474655658504e-12
8.843463336714693660e-12
1.037576211226544403e-11
1.131325086470781592e-11
1.132249619224401944e-11
1.032550684142441573e-11
8.627873696920103440e-12
6.781728323786238331e-12
5.233757483387890365e-12
4.061780143693622035e-12
3.063430946163642288e-12
2.110526050632861060e-12
1.321119722756089191e-12
8.245155381518327149e-13
5.583065733216777122e-13
3.780904564247632285e-13
1.973259791714546657e-13
4.887609560824478776e-25
-1.973259791699314700e-13
-3.780904564225579520e-13
-5.583065733189506012e-13
-8.245155381499833726e-13
-1.321119722754615573e-12
-2.110526050632591661e-12
-3.063430946162823993e-12
-4.061780143690895732e-12
-5.233757483381739825e-12
-6.781728323790994619e-12
-8.627873696921489614e-12
-1.032550684142953229e-11
-1.132249619224244424e-11
-1.131325086470873195e-11
-1.037576211226473963e-11
-8.843463336712281589e-12
-7.092051474656570503e-12
-5.404224984126191421e-12
-3.938437911257552036e-12
-2.753711337721244915e-12
-1.846968881014955615e-12
-1.183830501597809719e-12
-7.188945710477657631e-13
-4.071039488114392636e-13
-2.089842004400122092e-13
-9.220568649322842695e-14
-3.119949776430300060e-14
-5.881372545147454562e-15
-4.051679260401318524e-17
4.797839222499474245e-17
6.106524403391211735e-15
3.271659784882963054e-14
9.734898017715583499e-14
2.220432161760247892e-13
4.355375463535715019e-13
7.752814229652785908e-13
1.288847024789434476e-12
2.033696161344473834e-12
3.073412013166006690e-12
4.467398913529549770e-12
6.249955043573278521e-12
8.394467327541009122e-12
1.076220044688945090e-11
1.305032911770721513e-11
1.478893712382291648e-11
1.546873146379403370e-11
1.482130070177595179e-11
1.307543905650775999e-11
1.088915970820285635e-11
8.898478085771840746e-12
7.260213049329995380e-12
5.688263945213026325e-12
4.013278880785660871e-12
2.522772344781738282e-12
1.533244117207494952e-12
9.814330212370311133e-13
6.276697676682001875e-13
3.159530782734760336e-13
1.323710174458947017e-24
-3.159530782716735432e-13
-6.276697676677025866e-13
-9.814330212373241404e-13
-1.533244117206004977e-12
-2.522772344780793971e-12
-4.013278880786684346e-12
-5.688263945210520549e-12
-7.260213049331664281e-12
-8.898478085768011804e-12
-1.088915970820929608e-11
-1.307543905650451589e-11
-1.482130070178189392e-11
-1.546873146378929680e-11
-1.478893712382640615e-11
-1.305032911770606160e-11
-1.076220044689035078e-11
-8.394467327536857063e-12
-6.249955043573070918e-12
-4.467398913531797052e-12
-3.073412013163103883e-12
-2.033696161345795384e-12
-1.288847024788144026e-12
-7.752814229656408863e-13
-4.355375463531638185e-13
-2.220432161763434890e-13
-9.734898017741596976e-14
-3.271659784876488084e-14
-6.106524403336464788e-15
-4.797839218485749959e-17
5.561433678479477957e-17
6.328684300821289533e-15
3.422597383442269224e-14
1.024958860719281995e-13
2.351916705715055125e-13
4.643734326632584037e-13
8.329662302225909693e-13
1.397414857315517657e-12
2.229188428585694685e-12
3.413218995616965520e-12
5.039920790165769910e-12
7.185590207678564544e-12
9.874281564595615130e-12
1.301506110982302777e-11
1.632017470260741123e-11
1.924962074423614142e-11
2.109305496938402052e-11
2.128923386023590807e-11
1.985108995072145533e-11
1.747077928059148930e-11
1.501673017115280930e-11
1.278221524719826749e-11
1.035228382904297709e-11
7.470525749342240402e-12
4.737037374732697350e-12
2.846543439635481126e-12
1.757450750135640634e-12
1.073480630980459630e-12
5.224077881303882940e-13
7.169061814844593219e-25
-5.224077881280675031e-13
-1.073480630977634170e-12
-1.757450750131649730e-12
-2.846543439632127571e-12
-4.737037374728949188e-12
-7.470525749345140381e-12
-1.035228382903909484e-11
-1.278221524719770365e-11
-1.501673017114789468e-11
-1.747077928059014836e-11
-1.985108995072883533e-11
-2.128923386022885119e-11
-2.109305496939207584e-11
-1.924962074422919763e-11
-1.632017470260712688e-11
-1.301506110982238638e-11
-9.874281564593967231e-12
-7.185590207675780887e-12
-5.039920790165393479e-12
-3.413218995616681177e-12
-2.229188428586302954e-12
-1.397414857314308794e-12
-8.329662302222789591e-13
-4.643734326630669566e-13
-2.351916705715399447e-13
-1.024958860718928585e-13
-3.422597383441410944e-14
-6.328684300746978836e-15
-5.561433679053768696e-17
6.335591904433312816e-17
6.546430916936190453e-15
3.571714420605688788e-14
1.076089124179155379e-13
2.483299831567436047e-13
4.933861854357883522e-13
8.914891267968967744e-13
1.508670090059334097e-12
2.431949913512648301e-12
3.770797019719984119e-12
5.652943906444671763e-12
8.208681245450821298e-12
1.153459956506601755e-11
1.562516812691112677e-11
2.026503240764537504e-11
2.490838506185018402e-11
2.866191600468592852e-11
3.056522307989721967e-11
3.018341365698608696e-11
2.804063229409030581e-11
2.522926084540581097e-11
2.227264068292713786e-11
1.857286747310056265e-11
1.368274934411099796e-11
8.760693211014793717e-12
5.252854318499878483e-12
3.180183168587455271e-12
1.880191618043470035e-12
8.895788536345525231e-13
1.222561007946642448e-24
-8.895788536324270163e-13
-1.880191618042266423e-12
-3.180183168586333650e-12
-5.252854318499622412e-12
-8.760693211012733843e-12
-1.368274934411430668e-11
-1.857286747310099239e-11
-2.227264068293117360e-11
-2.522926084540374302e-11
-2.804063229408835418e-11
-3.018341365699350574e-11
-3.056522307989418883e-11
-2.866191600468931479e-11
-2.490838506184612890e-11
-2.026503240764498730e-11
-1.562516812690761772e-11
-1.153459956507022292e-11
-8.208681245449982808e-12
-5.652943906444103884e-12
-3.770797019719029307e-12
-2.431949913512385768e-12
-1.508670090059151334e-12
-8.914891267964757120e-13
-4.933861854357952185e-13
-2.483299831566980654e-13
-1.076089124179758699e-13
-3.571714420615874560e-14
-6.546430917015139653e-15
-6.335591912061597770e-17
7.112800792089436736e-17
6.758311830673684480e-15
3.717915312300041047e-14
1.126482846114375913e-13
2.613507872979567353e-13
5.223277931700934756e-13
9.503305874788271112e-13
1.621600946120511234e-12
2.640135858051290724e-12
4.143021015843554539e-12
6.301691464772791437e-12
9.313201032108071374e-12
1.337148590436165841e-11
1.860321716219126569e-11
2.494848123874215815e-11
3.197907097734032006e-11
3.872858827221020261e-11
4.378531897286811775e-11
4.593175203670906065e-11
4.506937016879920365e-11
4.232396255664519138e-11
3.856773294218973539e-11
3.298592066053361805e-11
2.472902083704718855e-11
1.594039308747481447e-11
9.570815374701202372e-12
5.755134795645258268e-12
3.340899654667003737e-12
1.550144643447144208e-12
1.075559763227743248e-24
-1.550144643445342829e-12
-3.340899654665527090e-12
-5.755134795645096709e-12
-9.570815374700580371e-12
-1.594039308747693089e-11
-2.472902083704738888e-11
-3.298592066053669413e-11
-3.856773294219372912e-11
-4.232396255663939466e-11
-4.506937016880363682e-11
-4.593175203670873754e-11
-4.378531897287717797e-11
-3.872858827220029583e-11
-3.197907097734619434e-11
-2.494848123873810302e-11
-1.860321716219189577e-11
-1.337148590436428858e-11
-9.313201032104971063e-12
-6.301691464774239811e-12
-4.143021015845295334e-12
-2.640135858051553257e-12
-1.621600946120254760e-12
-9.503305874782739745e-13
-5.223277931700382427e-13
-2.613507872977776575e-13
-1.126482846115548475e-13
-3.717915312290189752e-14
-6.758311830664281258e-15
-7.112800793384746343e-17
7.885008384029802262e-17
6.962859011809524529e-15
3.860069780624928181e-14
1.175724213279643749e-13
2.741402312795690951e-13
5.509305995656349589e-13
1.008917157856116038e-12
1.735056918618217485e-12
2.851561644497837875e-12
4.525965579535370128e-12
6.979565692979631967e-12
1.048910608275432638e-11
1.537242963585353733e-11
2.194256585771513650e-11
3.040379654690226251e-11
4.064459877704136947e-11
5.189551696470758961e-11
6.242378247488019070e-11
6.985921056319449030e-11
7.260544041264194336e-11
7.113300691978793565e-11
6.667595726906962170e-11
5.824751569484220872e-11
4.419904042860416577e-11
2.843291447534171488e-11
1.704095518669650164e-11
1.027272858076757779e-11
5.944257590259851943e-12
2.735959678476600331e-12
-5.093890093791539389e-25
-2.735959678477130648e-12
-5.944257590261107255e-12
-1.027272858076828541e-11
-1.704095518669785550e-11
-2.843291447534537580e-11
-4.419904042860998835e-11
-5.824751569485110091e-11
-6.667595726906904009e-11
-7.113300691977701428e-11
-7.260544041265190830e-11
-6.985921056319327538e-11
-6.242378247488374499e-11
-5.189551696470733758e-11
-4.064459877704025148e-11
-3.040379654690886703e-11
-2.194256585771281651e-11
-1.537242963585475225e-11
-1.048910608275510024e-11
-6.979565692978888797e-12
-4.525965579537038222e-12
-2.851561644497467905e-12
-1.735056918617947682e-12
-1.008917157855399525e-12
-5.509305995660697538e-13
-2.741402312794578720e-13
-1.175724213279631127e-13
-3.860069780629724456e-14
-6.962859011833632118e-15
-7.885008392943930491e-17
8.643745798620884232e-17
7.158605454091810284e-15
3.997027163235125580e-14
1.223384878581902301e-13
2.865795441276686511e-13
5.789110570814303215e-13
1.066629401984938552e-12
1.847763790246261808e-12
3.063726606009430364e-12
4.914930302998652618e-12
7.678127782835095604e-12
1.172208698702411353e-11
1.751519059463752759e-11
2.561477728867686120e-11
3.661828565959264815e-11
5.101100882545532747e-11
6.872578420830762774e-11
8.824937756101524427e-11
1.059244662350196549e-10
1.172544818078048413e-10
1.202262075354317576e-10
1.157966301642194270e-10
1.029124828036001309e-10
7.838062487030287234e-11
4.936359789857145647e-11
2.911242607173115260e-11
1.770418682051761822e-11
1.039297356955622820e-11
4.817376591616378557e-12
-2.148138899544527493e-24
-4.817376591620862619e-12
-1.039297356956192637e-11
-1.770418682052271701e-11
-2.911242607173728537e-11
-4.936359789858037451e-11
-7.838062487031058839e-11
-1.029124828036090748e-10
-1.157966301642262254e-10
-1.202262075354379614e-10
-1.172544818077961559e-10
-1.059244662350247213e-10
-8.824937756100067814e-11
-6.872578420828525509e-11
-5.101100882547833989e-11
-3.661828565960307192e-11
-2.561477728866348091e-11
-1.751519059464987714e-11
-1.172208698701386101e-11
-7.678127782837373582e-12
-4.914930302998962811e-12
-3.063726606010528963e-12
-1.847763790245072331e-12
-1.066629401984802842e-12
-5.789110570809087898e-13
-2.865795441278261708e-13
-1.223384878582419794e-13
-3.997027163239114061e-14
-7.158605454023210940e-15
-8.643745800085010072e-17
9.380261233242936652e-17
7.344103540619047271e-15
4.127631893612483632e-14
1.269030192897190124e-13
2.985468401948113726e-13
6.059742357133677425e-13
1.122812012175739636e-12
1.958344517069277540e-12
3.273853357185943502e-12
5.304504325126751230e-12
8.387177454065181094e-12
1.299356444359181358e-11
1.976725899137143119e-11
2.956648978705171278e-11
4.351897678335916756e-11
6.305184224502383021e-11
8.958770795531127601e-11
1.231012528922997785e-10
1.594159741932945247e-10
1.895411283635506652e-10
2.050575054559409341e-10
2.037248495656122699e-10
1.838695278520794460e-10
1.389275305840978354e-10
8.227241004783195077e-11
4.588092594308686444e-11
2.826780849028879422e-11
1.729641086438439488e-11
8.259322077497353161e-12
-8.378864221769779155e-24
-8.259322077513599506e-12
-1.729641086440179153e-11
-2.826780849030762874e-11
-4.588092594310682663e-11
-8.227241004785393568e-11
-1.389275305841086146e-10
-1.838695278520929911e-10
-2.037248495656139501e-10
-2.050575054559294570e-10
-1.895411283635634090e-10
-1.594159741933071651e-10
-1.231012528922922305e-10
-8.958770795530233212e-11
-6.305184224502143914e-11
-4.351897678337165282e-11
-2.956648978704841698e-11
-1.976725899137361547e-11
-1.299356444358858241e-11
-8.387177454064084111e-12
-5.304504325129078483e-12
-3.273853357186538442e-12
-1.958344517069049742e-12
-1.122812012174731105e-12
-6.059742357133752146e-13
-2.985468401948564576e-13
-1.269030192897135850e-13
-4.127631893607163554e-14
-7.344103540572977794e-15
-9.380261229227634645e-17
1.008569325965068629e-16
7.517941341462974693e-15
4.250740598609850394e-14
1.312225879748335285e-13
3.099191501028534975e-13
6.318189624809649854e-13
1.176785966953400032e-12
2.065345616819584587e-12
3.478942611354513190e-12
5.688671432471822153e-12
9.094940320967100920e-12
1.428097337929645387e-11
2.208610752540002510e-11
3.371852084908806415e-11
5.096346253381661973e-11
7.655527056546629060e-11
1.144389046757183705e-10
1.683632676900368390e-10
2.365060253689683766e-10
3.052275316467145071e-10
3.532923054375349699e-10
3.665772569021018842e-10
3.380324205121283995e-10
2.505861789671000886e-10
1.278234947051985286e-10
5.961964851970406001e-11
3.751406459534389285e-11
2.556124881530115837e-11
1.315805805505344009e-11
-1.902142725097176506e-23
-1.315805805509231920e-11
-2.556124881533975474e-11
-3.751406459538419206e-11
-5.961964851973594524e-11
-1.278234947052195183e-10
-2.505861789671343649e-10
-3.380324205121351721e-10
-3.665772569021013672e-10
-3.532923054375342462e-10
-3.052275316467342560e-10
-2.365060253689704445e-10
-1.683632676900463774e-10
-1.144389046756871315e-10
-7.655527056548286006e-11
-5.096346253382829074e-11
-3.371852084907519115e-11
-2.208610752541301765e-11
-1.428097337929028071e-11
-9.094940320968231831e-12
-5.688671432474169601e-12
-3.478942611355159829e-12
-2.065345616819632247e-12
-1.176785966953019764e-12
-6.318189624804543589e-13
-3.099191501030049588e-13
-1.312225879746975920e-13
-4.250740598604157973e-14
-7.517941341504374113e-15
-1.008569325851157114e-16
1.075121387108897112e-16
7.678762524293019405e-15
4.365239095331697941e-14
1.352545284299036185e-13
3.205745768344479277e-13
6.561435822030117439e-13
1.227862239619961380e-12
2.167268899499466957e-12
3.675841602239702914e-12
6.060955937781185805e-12
9.788360460659641853e-12
1.555835447867716679e-11
2.442032690961336649e-11
3.796786580344345096e-11
5.873988998505361862e-11
9.109289971943141201e-11
1.426016870646535501e-10
2.240829861007179717e-10
3.425131749017487979e-10
4.849419163045175233e-10
6.116486463810247833e-10
6.784535126533585122e-10
6.542612651664898709e-10
4.783804548784158409e-10
1.720998686487915205e-10
3.221286580366840813e-11
2.346247253134578123e-11
2.670622835464110004e-11
1.729235329345961599e-11
-4.603781736397254043e-23
-1.729235329354852821e-11
-2.670622835472268719e-11
-2.346247253142264440e-11
-3.221286580373277958e-11
-1.720998686488470450e-10
-4.783804548784185292e-10
-6.542612651664864588e-10
-6.784535126533551001e-10
-6.116486463810528041e-10
-4.849419163045202116e-10
-3.425131749017251715e-10
-2.240829861007408743e-10
-1.426016870646255552e-10
-9.109289971947487776e-11
-5.873988998503349486e-11
-3.796786580345311864e-11
-2.442032690961339881e-11
-1.555835447867626852e-11
-9.788360460658872833e-12
-6.060955937782067915e-12
-3.675841602240177897e-12
-2.167268899499399507e-12
-1.227862239619543145e-12
-6.561435822028701781e-13
-3.205745768342179590e-13
-1.352545284301492382e-13
-4.365239095332606709e-14
-7.678762524370453992e-15
-1.075121386670605993e-16
1.136820155008915088e-16
7.825285955836000606e-15
4.470059838826914071e-14
1.389576795113317281e-13
3.303945778830238579e-13
6.786520614006205418e-13
1.275356966031864309e-12
2.262606998844877488e-12
3.861325557933929020e-12
6.414601889109920088e-12
1.045349688325190861e-11
1.679721873973541064e-11
2.671166254527718559e-11
4.219267620284242415e-11
6.657897607817901874e-11
1.060305063265134063e-10
1.726321915228739263e-10
2.879280555789853052e-10
4.782274535436392892e-10
7.484195694270580366e-10
1.047893878380070275e-09
1.280908149504481078e-09
1.349678174226744815e-09
1.015541896409349350e-09
1.653041301289557062e-10
-1.719282022107029906e-10
-8.523881110407059114e-11
-9.322278648064525165e-12
1.058721283498915757e-11
-8.818509932056124863e-23
-1.058721283516301090e-11
9.322278647906229937e-12
8.523881110392343054e-11
1.719282022105924327e-10
-1.653041301290552005e-10
-1.015541896409292275e-09
-1.349678174226802098e-09
-1.280908149504516233e-09
-1.047893878380028916e-09
-7.484195694271279334e-10
-4.782274535436289494e-10
-2.879280555789980748e-10
-1.726321915228927447e-10
-1.060305063265042427e-10
-6.657897607818639874e-11
-4.219267620284446625e-11
-2.671166254528311157e-11
-1.679721873973737196e-11
-1.045349688325190537e-11
-6.414601889108702743e-12
-3.861325557935732823e-12
-2.262606998844310821e-12
-1.275356966031353380e-12
-6.786520614002903562e-13
-3.303945778827865685e-13
-1.389576795113983711e-13
-4.470059838835105603e-14
-7.825285955815490222e-15
-1.136820155302844661e-16
1.192848800811167393e-16
7.956315452603213288e-15
4.564201215519818386e-14
1.422930976164951853e-13
3.392663476920536972e-13
6.990602245856120790e-13
1.318607600712934571e-12
2.349881681820615320e-12
4.032188733468501111e-12
6.742780653107501117e-12
1.107600075482080587e-11
1.796765243367627308e-11
2.889775260400533456e-11
4.625990034931268341e-11
7.417749560650289130e-11
1.205949473367313332e-10
2.024017009267849127e-10
3.545520245613070422e-10
6.349093267913744131e-10
1.098735463228303034e-09
1.729626737200317786e-09
2.394521614001764617e-09
2.883699679910483445e-09
2.199440381917953953e-09
1.614196102677023400e-10
-8.910780652317920875e-10
-4.355053479830968292e-10
-1.442263133314743422e-10
-3.071744643736187185e-11
-1.508605513506909484e-22
3.071744643707407116e-11
1.442263133312127204e-10
4.355053479828622201e-10
8.910780652315751593e-10
-1.614196102678202133e-10
-2.199440381917932446e-09
-2.883699679910552928e-09
-2.394521614001835754e-09
-1.729626737200263192e-09
-1.098735463228372103e-09
-6.349093267913789626e-10
-3.545520245613198118e-10
-2.024017009267865153e-10
-1.205949473367178140e-10
-7.417749560651752206e-11
-4.625990034930317729e-11
-2.889775260400811014e-11
-1.796765243367832164e-11
-1.107600075481711749e-11
-6.742780653106200569e-12
-4.032188733468224038e-12
-2.349881681820806363e-12
-1.318607600712647198e-12
-6.990602245849449425e-13
-3.392663476925234797e-13
-1.422930976165940138e-13
-4.564201215533727581e-14
-7.956315452663671588e-15
-1.192848800738592189e-16
1.242435112108052312e-16
8.070772735781935786e-15
4.646741086332657487e-14
1.452248537564990689e-13
3.470849945614808682e-13
7.171023574698692512e-13
1.356988750979833949e-12
2.427684914850489468e-12
4.185338924370288364e-12
7.038821911938860124e-12
1.164164129901829050e-11
1.903959922652244221e-11
3.091528639273918425e-11
5.003452778561935883e-11
8.122949658380572981e-11
1.339915949462895770e-10
2.294679878628518635e-10
4.161257224980978056e-10
7.912829255765861251e-10
1.498633111796061010e-09
2.652892901419949428e-09
4.223082104665072532e-09
5.971307274444171945e-09
3.681554400375783733e-09
5.126219533086203297e-10
-2.239231533873445191e-09
-1.065174668413992300e-09
-3.887837139707178958e-10
-1.131407967423869779e-10
-2.016834254243262200e-22
1.131407967419929038e-10
3.887837139703570900e-10
1.065174668413657912e-09
2.239231533873036978e-09
-5.126219533088168885e-10
-3.681554400375722522e-09
-5.971307274444305121e-09
-4.223082104665098174e-09
-2.652892901420063579e-09
-1.498633111796044466e-09
-7.912829255766385477e-10
-4.161257224981090760e-10
-2.294679878628452460e-10
-1.339915949462816929e-10
-8.122949658381021468e-11
-5.003452778561289002e-11
-3.091528639273841523e-11
-1.903959922652704986e-11
-1.164164129901526289e-11
-7.038821911939598448e-12
-4.185338924369129988e-12
-2.427684914850394149e-12
-1.356988750979305046e-12
-7.171023574698687463e-13
-3.470849945613228436e-13
-1.452248537565326428e-13
-4.646741086343285021e-14
-8.070772735855962494e-15
-1.242435111538336966e-16
1.284898836712693788e-16
8.167689111625595572e-15
4.716858140937095987e-14
1.477206247180570815e-13
3.537559556448171523e-13
7.325369883048796582e-13
1.389929001641163235e-12
2.494717420480354426e-12
4.317898585254461517e-12
7.296442509239392354e-12
1.213688006319168245e-11
1.998416747778765139e-11
3.270338460189461496e-11
5.338868899580920757e-11
8.745893467615756241e-11
1.455419559029743125e-10
2.516892243535219527e-10
4.644736837041030001e-10
9.174729635276835581e-10
1.860299579271160686e-09
3.638936210740268456e-09
6.612726296855715920e-09
1.104446487511445040e-08
5.301477077096495132e-09
8.610124243133801779e-10
-3.572879340166499182e-09
-1.708723156132276630e-09
-5.989526432829591434e-10
-1.738100896861571086e-10
-2.235626083571625894e-22
1.738100896857093971e-10
5.989526432824680049e-10
1.708723156131887234e-09
3.572879340165959447e-09
-8.610124243138163089e-10
-5.301477077097010465e-09
-1.104446487511423699e-08
-6.612726296855837516e-09
-3.638936210740543080e-09
-1.860299579271062251e-09
-9.174729635278291419e-10
-4.644736837040577637e-10
-2.516892243535377726e-10
-1.455419559029562955e-10
-8.745893467616875520e-11
-5.338868899580532370e-11
-3.270338460189100897e-11
-1.998416747779449501e-11
-1.213688006318615552e-11
-7.296442509243004807e-12
-4.317898585252727184e-12
-2.494717420480213062e-12
-1.389929001640468129e-12
-7.325369883049846713e-13
-3.537559556448429007e-13
-1.477206247182441362e-13
-4.716858140944189424e-14
-8.167689111762920479e-15
-1.284898836341140301e-16
1.319626233839373795e-16
8.246248441399959621e-15
4.773840258920018888e-14
1.497524583830482043e-13
3.591968026962096407e-13
7.451531655274900473e-13
1.416925096637222125e-12
2.549829160945470924e-12
4.427295674473765965e-12
7.509986909679718237e-12
1.254940675964624394e-11
2.077498674730616462e-11
3.420661344045226027e-11
5.620974520144151785e-11
9.264414508626647014e-11
1.547989917860523818e-10
2.678551108311126940e-10
4.943422576496049682e-10
9.878285241740405492e-10
2.079268009592426630e-09
4.356102430165717520e-09
8.773728680883871818e-09
1.700597499426672732e-08
7.687952207932516891e-09
1.369714244695016448e-09
-4.532755446655832620e-09
-2.274024794290079611e-09
-6.869821433268958765e-10
-1.701131370319288511e-10
-3.221164999665092885e-22
1.701131370313151865e-10
6.869821433263734085e-10
2.274024794289594056e-09
4.532755446655154331e-09
-1.369714244695424248e-09
-7.687952207932874233e-09
-1.700597499426773317e-08
-8.773728680883989278e-09
-4.356102430165902808e-09
-2.079268009592589170e-09
-9.878285241740459258e-10
-4.943422576496393996e-10
-2.678551108311191564e-10
-1.547989917860384748e-10
-9.264414508628154034e-11
-5.620974520145114029e-11
-3.420661344044754275e-11
-2.077498674731176101e-11
-1.254940675964462997e-11
-7.509986909679988040e-12
-4.427295674474207828e-12
-2.549829160944607393e-12
-1.416925096637207181e-12
-7.451531655274504655e-13
-3.591968026961210358e-13
-1.497524583829647744e-13
-4.773840258915866324e-14
-8.246248441434858828e-15
-1.319626233486595198e-16
1.346128734688701953e-16
8.305769278046221292e-15
4.817104087690386623e-14
1.512972062797298318e-13
3.633393368227229180e-13
7.547751047839570064e-13
1.437556769949908013e-12
2.592052165593108699e-12
4.511356184594669962e-12
7.674632366774607009e-12
1.286867991334630755e-11
2.138936118709822764e-11
3.537775772729233922e-11
5.840542681436817090e-11
9.663003795486834335e-11
1.615891012119628081e-10
2.780389226605860123e-10
5.061042346154112513e-10
9.971455670714786372e-10
2.107018768471069682e-09
4.584067315889590980e-09
1.004969858617283287e-08
2.254881309146086623e-08
1.048401851530440045e-08
2.231400813917068769e-09
-4.965139081194218968e-09
-2.852346210418430813e-09
-6.930720333882854504e-10
-1.217600817377402512e-10
-9.632422626623424579e-23
1.217600817375293202e-10
6.930720333879938692e-10
2.852346210418037488e-09
4.965139081194021272e-09
-2.231400813917353732e-09
-1.048401851530482066e-08
-2.254881309146231545e-08
-1.004969858617334407e-08
-4.584067315890074880e-09
-2.107018768471025428e-09
-9.971455670715381942e-10
-5.061042346155178542e-10
-2.780389226606035899e-10
-1.615891012119672283e-10
-9.663003795485704716e-11
-5.840542681437809706e-11
-3.537775772729131817e-11
-2.138936118710575628e-11
-1.286867991334697317e-11
-7.674632366774922049e-12
-4.511356184593051144e-12
-2.592052165593415256e-12
-1.437556769948951989e-12
-7.547751047840002234e-13
-3.633393368228579710e-13
-1.512972062798435540e-13
-4.817104087679355192e-14
-8.305769278152812178e-15
-1.346128734898538954e-16
1.364013629320012932e-16
8.345741457335496407e-15
4.846200008519144528e-14
1.523371160500735070e-13
3.661308951317969202e-13
7.612670698899410865e-13
1.451497487790335537e-12
2.620632823478454504e-12
4.568375845698844583e-12
7.786586523289084600e-12
1.308635712228530950e-11
2.180934551116177525e-11
3.617975601076105697e-11
5.990682373889125511e-11
9.932348283288857835e-11
1.659668170590824231e-10
2.834104146666659046e-10
5.059608539305240845e-10
9.677015658536637517e-10
2.002430080074214671e-09
4.428570738785695685e-09
1.045939121318026297e-08
2.676513290718639904e-08
1.290217486466731083e-08
3.181924148289123095e-09
-4.988774120832130958e-09
-3.392121731654391955e-09
-6.665732173572623512e-10
-6.305340531695619699e-11
2.308939079595649196e-22
6.305340531735117573e-11
6.665732173575110224e-10
3.392121731654329090e-09
4.988774120832151637e-09
-3.181924148289459758e-09
-1.290217486466781210e-08
-2.676513290718763651e-08
-1.045939121318081719e-08
-4.428570738785961210e-09
-2.002430080074232456e-09
-9.677015658538573120e-10
-5.059608539304405392e-10
-2.834104146666481202e-10
-1.659668170590783389e-10
-9.932348283289725082e-11
-5.990682373889077690e-11
-3.617975601075027777e-11
-2.180934551117108749e-11
-1.308635712228600420e-11
-7.786586523288469061e-12
-4.568375845697791220e-12
-2.620632823479128204e-12
-1.451497487789149292e-12
-7.612670698898201194e-13
-3.661308951319031955e-13
-1.523371160498347030e-13
-4.846200008522299972e-14
-8.345741457447262220e-15
-1.364013630532018827e-16
1.373023018181063282e-16
8.365814758957677379e-15
4.860824728565812126e-14
1.528601169007667152e-13
3.675357246759494939e-13
7.645364868354034773e-13
1.458524396949553634e-12
2.635054425762495629e-12
4.597183842845503449e-12
7.843231528990869347e-12
1.319666988627098337e-11
2.202251370650698292e-11
3.658720279760019460e-11
6.066866542646298847e-11
1.006785788547883356e-10
1.680924909917092283e-10
2.855480411003596641e-10
5.027469504472673164e-10
9.382796478538698530e-10
1.898873631813850662e-09
4.230752958382994714e-09
1.051627641818009654e-08
2.901523729229158985e-08
1.428315069727434358e-08
3.811230281503970987e-09
-4.871436632214035726e-09
-3.758532926681484010e-09
-6.592526203057509363e-10
-3.179656798678544615e-11
4.831017976164723764e-22
3.179656798767001241e-11
6.592526203064287074e-10
3.758532926681821500e-09
4.871436632213952181e-09
-3.811230281504008210e-09
-1.428315069727458511e-08
-2.901523729229338980e-08
-1.051627641818059285e-08
-4.230752958383183312e-09
-1.898873631813992937e-09
-9.382796478539006655e-10
-5.027469504473042293e-10
-2.855480411003601811e-10
-1.680924909917084011e-10
-1.006785788547943197e-10
-6.066866542646232931e-11
-3.658720279759912831e-11
-2.202251370650907995e-11
-1.319666988627533899e-11
-7.843231528990093865e-12
-4.597183842842665671e-12
-2.635054425762837326e-12
-1.458524396948888820e-12
-7.645364868351507388e-13
-3.675357246761703750e-13
-1.528601169006239629e-13
-4.860824728571302598e-14
-8.365814758906559193e-15
-1.373023018841970949e-16
