7.856490785468017712e-01
7.810409199982771833e-01
7.762783600646179227e-01
-7.996993231771410970e-01
-8.052710155145468285e-01
-8.110807163336898329e-01
-8.169605555148302667e-01
-8.227969195724164075e-01
-8.285885906769667741e-01
-8.345553329256805153e-01
-8.415521309972245900e-01
-8.539232523198613256e-01
-1.217644115223545098e+00
7.496197991819743001e-01
7.377121204245244979e-01
7.332140174493508855e-01
7.310299990482781451e-01
7.302547437795054996e-01
7.306853145786141868e-01
7.323372931307223777e-01
7.353162130219194070e-01
7.397551271835930420e-01
7.457555140280628381e-01
7.533102599274656974e-01
7.622045076774041084e-01
7.719113480700248164e-01
-7.892663930845001952e-01
-7.809570343114698998e-01
-7.752707825084811377e-01
-8.700041148443199424e-01
7.955255442873213623e-01
7.898392924842893015e-01
7.815299337106637045e-01
-7.988849787245655421e-01
-8.085918191171364011e-01
-8.174860668675848485e-01
-8.250408127666440938e-01
-8.310411996111458643e-01
-8.354801137728049554e-01
-8.384590336641166708e-01
-8.401110122163735205e-01
-8.405415830153744050e-01
-8.397663277465213794e-01
-8.375823093459467961e-01
-8.330842063708363554e-01
-8.211765276130494895e-01
3.531522115828688579e-01
7.168730744752483952e-01
7.292441957973538891e-01
7.362409938692485722e-01
7.422077361182117805e-01
7.479994072225057966e-01
7.538357712801218025e-01
7.597156104611467731e-01
7.655253112803795945e-01
7.710970036176560960e-01
-7.945179667302143534e-01
-7.897554067964842606e-01
-7.851472482477359627e-01
7.856481875072108823e-01
7.810384620520491872e-01
7.762520296916554097e-01
-7.997690253261910964e-01
-8.054025434542876338e-01
-8.112933793901442314e-01
-8.172773658857140910e-01
-8.232496149377664940e-01
-8.292279286180704867e-01
-8.354764544732836695e-01
-8.429748757189577946e-01
-8.565745920652608758e-01
-1.133798723396028052e+00
7.538076586863400319e-01
7.395721020654060229e-01
7.343782342783309325e-01
7.318538375368359716e-01
7.308737077650432346e-01
7.311660087275626552e-01
7.327176513157056537e-01
7.356199994403138653e-01
7.399983261306023463e-01
7.459496843934447785e-01
7.534645937317058229e-01
7.623271339640107502e-01
7.720099036783223401e-01
-7.891848930680895879e-01
-7.808865738441359561e-01
-7.752064232687683187e-01
1.183554079993329733e+00
7.955899035259554886e-01
7.899097529501717396e-01
7.816114337263511125e-01
-7.987864231165398010e-01
-8.084691928308900266e-01
-8.173317330630739397e-01
-8.248466424014397891e-01
-8.307980006641876303e-01
-8.351763273546074506e-01
-8.380786754791270665e-01
-8.396303180672713973e-01
-8.399226190298286765e-01
-8.389424892579327997e-01
-8.364180925165326519e-01
-8.312242247292972452e-01
-8.169886681090949843e-01
4.369976033940375371e-01
7.142217347296619945e-01
7.278214510752731847e-01
7.353198723216676225e-01
7.415683981768772526e-01
7.475467118572001191e-01
7.535189609091721419e-01
7.595029474048800022e-01
7.653937833405448643e-01
7.710273014686986892e-01
-7.945442971033265245e-01
-7.897578647429253085e-01
-7.851481392878051357e-01
7.856464027420730911e-01
7.810336303884777287e-01
7.762000100702215466e-01
-7.999065998764299801e-01
-8.056616324174417088e-01
-8.117111308007887160e-01
-8.178974537385531596e-01
-8.241315325158297123e-01
-8.304657151276980676e-01
-8.372437933722240988e-01
-8.456626584114876888e-01
-8.613867959894180304e-01
-1.064087607223374476e+00
7.627322607965500989e-01
7.433530217089218128e-01
7.367068724412046965e-01
7.334877501110735887e-01
7.320949068827320438e-01
7.321111799905553053e-01
7.334638795471892792e-01
7.362152146755105431e-01
7.404745667543408683e-01
7.463299372811533772e-01
7.537668472029774858e-01
7.625668877686512248e-01
7.722015317757493502e-01
-7.890277796789135767e-01
-7.807516252558398540e-01
-7.750833410383526356e-01
5.649908195184503157e-01
7.957129857567604159e-01
7.900447015403053719e-01
7.817685471162733046e-01
-7.985947950189877798e-01
-8.082294390265247763e-01
-8.170294795920468589e-01
-8.244663895137748222e-01
-8.303217600405791154e-01
-8.345811121193613680e-01
-8.373324472477426950e-01
-8.386851468041586211e-01
-8.387014199120165214e-01
-8.373085766838662680e-01
-8.340894543535603001e-01
-8.274433050859728578e-01
-8.080640659987622376e-01
5.067087195709218950e-01
7.094095308048884441e-01
7.251336683834050945e-01
7.335525334228475414e-01
7.403306116672804249e-01
7.466647942791261316e-01
7.528988730563991316e-01
7.590851959941748994e-01
7.651346943774053333e-01
7.708897269184662449e-01
-7.945963167246020697e-01
-7.897626964063511057e-01
-7.851499240528523327e-01
7.856437193977406919e-01
7.810265887996540313e-01
7.761235497974382502e-01
-8.001084911629188223e-01
-8.060406019306186609e-01
-8.123193791728713364e-01
-8.187949239875101926e-01
-8.253981503375411588e-01
-8.322253223272167988e-01
-8.397194819635467322e-01
-8.493344594533330794e-01
-8.675592725094281032e-01
-1.024055892209818852e+00
7.777326147799475953e-01
7.491928522488842113e-01
7.402045952285369879e-01
7.359068577867532435e-01
7.338872490058497844e-01
7.334907378551762669e-01
7.345493784285183070e-01
7.370794906339854791e-01
7.411656802531961796e-01
7.468818919260796774e-01
7.542058778634663785e-01
7.629153718121225447e-01
7.724800842363527265e-01
-7.887998253122885384e-01
-7.805568034238047348e-01
-7.749067468987982377e-01
9.948003960641735866e-01
7.958895798958055545e-01
7.902395233705816757e-01
7.819965014813407000e-01
-7.983162425585218491e-01
-8.078809549829722991e-01
-8.165904489314496084e-01
-8.239144348692455377e-01
-8.296306465415775877e-01
-8.337168361607060207e-01
-8.362469483663903524e-01
-8.373055889397612583e-01
-8.369090777890654254e-01
-8.348894690080058689e-01
-8.305917315663928768e-01
-8.216034745464800837e-01
-7.930637120158422482e-01
5.467404345846098579e-01
7.032370542859015528e-01
7.214618673414456840e-01
7.310768448318274437e-01
7.385710044678746033e-01
7.453981764574776347e-01
7.520014028075210355e-01
7.584769476220594164e-01
7.647557248642611327e-01
7.706878356319427636e-01
-7.946727769974255562e-01
-7.897697379952269836e-01
-7.851526073970976904e-01
7.856401314240929468e-01
7.810175717123022388e-01
7.760244406120726524e-01
-8.003696153242321198e-01
-8.065285375287245540e-01
-8.130975638787849569e-01
-8.199336925805628118e-01
-8.269883315656603173e-01
-8.344036110374567494e-01
-8.427234118638835536e-01
-8.536422539186047098e-01
-8.742327836460062063e-01
-1.000803010100330015e+00
8.016215775333859206e-01
7.573430907855234206e-01
7.448890280359977689e-01
7.390798640256449614e-01
7.362089574578970508e-01
7.352637567284761033e-01
7.359378555761251217e-01
7.381822794592332038e-01
7.420468563795523664e-01
7.475859597187338723e-01
7.547665855515102162e-01
7.633611589328171965e-01
7.728370406578838336e-01
-7.885071374140167899e-01
-7.803060593392068256e-01
-7.746789317579289014e-01
-9.979779970541321488e-01
7.961173950386823961e-01
7.904902674565114085e-01
7.822891893816596998e-01
-7.979592861374218415e-01
-8.074351678623719053e-01
-8.160297412432984121e-01
-8.232103670764454595e-01
-8.287494704155851100e-01
-8.326140473358738525e-01
-8.348584712187328005e-01
-8.355325700662381561e-01
-8.345873693370965407e-01
-8.317164627691973067e-01
-8.259072987590241333e-01
-8.134532360092018299e-01
-7.691747492613867365e-01
5.699933166925618133e-01
6.965635431491032925e-01
7.171540728764755901e-01
7.280729149308743375e-01
7.363927157576388716e-01
7.438079952292216968e-01
7.508626342144468779e-01
7.576987629160812920e-01
7.642677892662429473e-01
7.704267114706826458e-01
-7.947718861828066972e-01
-7.897787550825805525e-01
-7.851561953706434061e-01
7.856356329082850865e-01
7.810068717658524839e-01
7.759049279442578051e-01
-8.006836334408262701e-01
-8.071119465308559393e-01
-8.140205672820783889e-01
-8.212703616110581528e-01
-8.288300432573767473e-01
-8.368824158934602409e-01
-8.460576530722855315e-01
-8.582309172991816615e-01
-8.806882217122162793e-01
-9.858569724583272631e-01
8.405082499894069858e-01
7.682372705565638782e-01
7.508041495208762628e-01
7.429757249104448347e-01
7.390126815635856827e-01
7.373828214015755167e-01
7.375870326000255606e-01
7.394879502872814259e-01
7.430891554385905540e-01
7.484192902716220175e-01
7.554313505489385072e-01
7.638909780485284573e-01
7.732626546354958164e-01
-7.881568107975691628e-01
-7.800048177250441528e-01
-7.744045278528951526e-01
8.429547653437371446e-01
7.963917989424859067e-01
7.907915090705440742e-01
7.826395159983573491e-01
-7.975336721582716448e-01
-8.069053487463073715e-01
-8.153649762455255079e-01
-8.223770365231508617e-01
-8.277071713564441158e-01
-8.313083765073953080e-01
-8.332092941949736931e-01
-8.334135053933652282e-01
-8.317836452310044537e-01
-8.278206018841860470e-01
-8.199921772739214854e-01
-8.025590562379919524e-01
-7.302880768044112125e-01
5.849393543338435864e-01
6.901081050828420382e-01
7.125654094957494245e-01
7.247386737228981302e-01
7.339139109015078155e-01
7.419662835375163690e-01
7.495259651838173109e-01
7.567757595128689063e-01
7.636843802640542744e-01
7.701126933541875275e-01
-7.948913988506948192e-01
-7.897894550290044391e-01
-7.851606938865085539e-01
7.856302196280126049e-01
7.809948249165519218e-01
7.757676037773535427e-01
-8.010432756463301551e-01
-8.077755248766389506e-01
-8.150603327646381846e-01
-8.227574241322843651e-01
-8.308464983513016433e-01
-8.395402488400540708e-01
-8.495293693322774065e-01
-8.627861173809255879e-01
-8.864368010345002880e-01
-9.751422758762665621e-01
9.091780069190600333e-01
7.826172822487185154e-01
7.580397993652832067e-01
7.475718186951426647e-01
7.422512665848247648e-01
7.397987678920280308e-01
7.394526191369826806e-01
7.409590729039192691e-01
7.442621519429928334e-01
7.493578252278707552e-01
7.561815188405038857e-01
7.644905104257865291e-01
7.737458616697188152e-01
-7.877576671735115887e-01
-7.796604988072678433e-01
-7.740901993034908779e-01
1.494856773328520738e+00
7.967061274923735725e-01
7.911358279873361710e-01
7.830386596212931538e-01
-7.970504651255533313e-01
-8.063058163690579594e-01
-8.146148079545697529e-01
-8.214385015669832812e-01
-8.265341748520924625e-01
-8.298372538909724039e-01
-8.313437076580312279e-01
-8.309975589029180432e-01
-8.285450602100856710e-01
-8.232245080997347975e-01
-8.127565274297058329e-01
-7.881790445461638317e-01
-6.616183198762857209e-01
5.956540509187204790e-01
6.843595257613167560e-01
7.080102094137280533e-01
7.212669574626247027e-01
7.312560779548789025e-01
7.399498284436488715e-01
7.480389026626074189e-01
7.557359940303227663e-01
7.630208019182506129e-01
7.697530511486373461e-01
-7.950287230175109299e-01
-7.898015018782855723e-01
-7.851661071669481240e-01
7.856238906750668827e-01
7.809817942318387773e-01
7.756152902243160785e-01
-8.014406889915089982e-01
-8.085029641635654851e-01
-8.161875212689272407e-01
-8.243464244761858906e-01
-8.329619083344533825e-01
-8.422624727820715584e-01
-8.529684445024098283e-01
-8.670624955904882025e-01
-8.912176312190109861e-01
-9.667115370331345048e-01
1.048536746180136481e+00
8.017763098670379618e-01
7.667601151013982985e-01
7.528634002744061249e-01
7.458836307746501415e-01
7.424652513923235553e-01
7.414920409573857452e-01
7.425594544648825845e-01
7.455363661188810775e-01
7.503782028269685433e-01
7.569988782472203415e-01
7.651456217932879333e-01
7.742755600907447189e-01
-7.873187287312630733e-01
-7.792808506134573099e-01
-7.737430386267056814e-01
9.427278397772933527e-01
7.970532881682813597e-01
7.915154761813691930e-01
7.834775980633124082e-01
-7.965207667044446049e-01
-8.056507050018774097e-01
-8.137974485473339348e-01
-8.204181239679173565e-01
-8.252599606761132911e-01
-8.282368723299829982e-01
-8.293042858372304815e-01
-8.283310754022213951e-01
-8.249126960204472558e-01
-8.179329265206278787e-01
-8.040362116936280446e-01
-7.690200169271874664e-01
-5.222595806152501297e-01
6.040847897614157747e-01
6.795786955760961812e-01
7.037338312041934163e-01
7.178278822924519798e-01
7.285338540130428253e-01
7.378344184603319311e-01
7.464499023188309046e-01
7.546088055259858596e-01
7.622933626313349587e-01
7.693556378033532539e-01
-7.951810365705751504e-01
-7.898145325630342439e-01
-7.851724361198595403e-01
7.856166499980561380e-01
7.809681535479460202e-01
7.754509222376168021e-01
-8.018677823606618071e-01
-8.092777316678402277e-01
-8.173730551802693700e-01
-8.259907585783470285e-01
-8.351062285338091140e-01
-8.449488234795234920e-01
-8.562381373609475599e-01
-8.708924702018184805e-01
-8.949474022813340701e-01
-9.595963446380239015e-01
1.353393065116071270e+00
8.280605036837763722e-01
7.772467565020012570e-01
7.588745168498653992e-01
7.498803725621443483e-01
7.453427210060754593e-01
7.436675456515329241e-01
7.442566153213439062e-01
7.468852285909005628e-01
7.514593067997941134e-01
7.578669144744115682e-01
7.658434957985488234e-01
7.748417967709897436e-01
-7.868478600571894299e-01
-7.788723738688312359e-01
-7.733688124435469380e-01
-3.739944175141191041e-01
7.974275143515197062e-01
7.919239529273803813e-01
7.839484667388333383e-01
-7.959545300232672149e-01
-8.049528309958658978e-01
-8.129294123203713029e-01
-8.193370199950849031e-01
-8.239110982039227205e-01
-8.265397114736862116e-01
-8.271287811434717696e-01
-8.254536057886344702e-01
-8.209159542328829939e-01
-8.119218099447973458e-01
-7.935495702931052442e-01
-7.427358231105525288e-01
-2.174032616779507099e-01
6.111999821556847179e-01
6.758489245138394885e-01
6.999038565930736366e-01
7.145581894341650475e-01
7.258475033153231060e-01
7.356900982612147866e-01
7.448055682165551916e-01
7.534232716146339603e-01
7.615185951271253861e-01
7.689285444342469633e-01
-7.953454045573109532e-01
-7.898281732470191496e-01
-7.851796767970228297e-01
7.856085077393968330e-01
7.809542720577765662e-01
7.752774370381160240e-01
-8.023165451057278075e-01
-8.100837674208754002e-01
-8.185894327654481550e-01
-8.276478970338924102e-01
-8.372185464603218996e-01
-8.475178760299452163e-01
-8.592390026197923580e-01
-8.741808470922390883e-01
-8.976597912517370048e-01
-9.532965750609616595e-01
-1.402940999052018523e+00
8.660014281327890195e-01
7.899689050172572502e-01
7.656712134637889688e-01
7.542289941067913395e-01
7.484015916474190400e-01
7.459484974845275174e-01
7.460235525172772553e-01
7.482864557102811842e-01
7.525833346245441868e-01
7.587716368397938727e-01
7.665732753885119433e-01
7.754362726002087536e-01
-7.863513577109175756e-01
-7.784399691336560956e-01
-7.729716351499342775e-01
-1.128494919400320651e+00
7.978246916444878822e-01
7.923563576596233116e-01
7.844449690831604149e-01
-7.953600541951649783e-01
-8.042230514065763503e-01
-8.120246899552848729e-01
-8.182129921705368902e-01
-8.225098710846373562e-01
-8.247727742776189697e-01
-8.248478293104583026e-01
-8.223947351473435141e-01
-8.165673326881508487e-01
-8.051251133308880981e-01
-7.808274217779708204e-01
-7.047948986617758038e-01
1.678553277436051483e-01
6.174997517337569297e-01
6.731365355433596154e-01
6.966154797027630519e-01
7.115573241750468014e-01
7.232784507652669781e-01
7.335777803345072678e-01
7.431484297610031486e-01
7.522068940294427408e-01
7.607125593740967640e-01
7.684797816890308608e-01
-7.955188897567307960e-01
-7.898420547372110301e-01
-7.851878190556182968e-01
7.855994812596894805e-01
7.809405006938997529e-01
7.750976763665942126e-01
-8.027793214597208626e-01
-8.109060585814915623e-01
-8.198117404140252695e-01
-8.292809255285398251e-01
-8.392490318660019710e-01
-8.499086574057294063e-01
-8.619075388839526619e-01
-8.768916535386667155e-01
-8.994541314127211251e-01
-9.475474043957948789e-01
-1.196805630228362061e+00
9.251322262557898357e-01
8.057050348998932021e-01
7.733788913130353881e-01
7.589389397172512375e-01
7.516246241970047093e-01
7.483128608677486193e-01
7.478397995959062960e-01
7.497228473723271946e-01
7.537363894790150010e-01
7.597019765253893997e-01
7.673262592705987206e-01
7.760523213013209576e-01
-7.858341973512579237e-01
-7.779873886753311263e-01
-7.725545628373543527e-01
6.331462939117246114e-01
7.982417639573792245e-01
7.928089381194793894e-01
7.849621294431324836e-01
-7.947440054939030052e-01
-8.034700675246113644e-01
-8.110943502695765472e-01
-8.170599373158129453e-01
-8.210734794226207667e-01
-8.229565271988550368e-01
-8.224834659273395632e-01
-8.191717025979476929e-01
-8.118573870776495394e-01
-7.974174354819999477e-01
-7.650912918956118691e-01
-6.456641005396626110e-01
3.739906965664186456e-01
6.232489223991912741e-01
6.713421953822599209e-01
6.939046732563051156e-01
7.088887879109925239e-01
7.208876693892305454e-01
7.315472949288001070e-01
7.415154012664079142e-01
7.509845863807945721e-01
7.598902682134881514e-01
7.680170053351842441e-01
-7.956986504283680706e-01
-7.898558261009074322e-01
-7.851968455351926446e-01
7.855895957995926437e-01
7.809271609243210177e-01
7.749143058032952336e-01
-8.032490292078714456e-01
-8.117310693066481786e-01
-8.210183348420193594e-01
-8.308593999727232893e-01
-8.411595803884749367e-01
-8.520799895541822933e-01
-8.642114670079125149e-01
-8.790325009642466769e-01
-9.004589067182181550e-01
-9.422069716575213194e-01
-1.100681704087236756e+00
1.027422026046518111e+00
8.257710635778680031e-01
7.822073989155052809e-01
7.640469919004859722e-01
7.550087176689680435e-01
7.507480233431640393e-01
7.496919163875355174e-01
7.511826258973306469e-01
7.549087087090303738e-01
7.606498996758508380e-01
7.680958903539744087e-01
7.766847745448239859e-01
-7.853002783438912671e-01
-7.775175660803679278e-01
-7.721199752688471252e-01
6.748612125131234762e-01
7.986763515259711621e-01
7.932787607145829201e-01
7.854960484512327756e-01
-7.941115522495918455e-01
-8.027004364407264170e-01
-8.101464271188592026e-01
-8.158876180859072624e-01
-8.196137008976179805e-01
-8.211044104073562666e-01
-8.200483034516934389e-01
-8.157876091260339857e-01
-8.067493348945280474e-01
-7.885889278797724167e-01
-7.450252632169764855e-01
-5.433743007484158616e-01
4.701146227074464168e-01
6.285893551374831523e-01
6.703374200766771818e-01
6.917638258305722765e-01
7.065848597869185399e-01
7.187163372408982287e-01
7.296367464063336916e-01
7.399369268221944740e-01
7.497779919528790860e-01
7.590652574883517412e-01
7.675472975869881420e-01
-7.958820209916110944e-01
-7.898691658705309093e-01
-7.852067309953412177e-01
7.855788847497323646e-01
7.809145362988354488e-01
7.747297534392920682e-01
-8.037193175812182844e-01
-8.125470213021643850e-01
-8.221912062381059316e-01
-8.323595918138294580e-01
-8.429234150459445907e-01
-8.540082976160628947e-01
-8.661434058277496240e-01
-8.806398622707555246e-01
-9.008086887414138433e-01
-9.371991378476994816e-01
-1.047934816317149131e+00
1.221780354743970065e+00
8.524823089162281153e-01
7.924905407734298413e-01
7.696239672188686098e-01
7.585664661386745111e-01
7.532512079160520457e-01
7.515736186246220196e-01
7.526594951606626616e-01
7.560946864267689138e-01
7.616103902733113440e-01
7.688777155671500108e-01
7.773299420920937175e-01
-7.847523831097608094e-01
-7.770325074167688806e-01
-7.716694210737391479e-01
-3.679647789613871844e-01
7.991269057199587023e-01
7.937638193784858354e-01
7.860439436855743978e-01
-7.934663847024671091e-01
-8.019186112276088796e-01
-8.091859365215932076e-01
-8.147016403682011410e-01
-8.181368316342610969e-01
-8.192227081702545544e-01
-8.175451188787308254e-01
-8.122298606561838552e-01
-8.011723595760101846e-01
-7.783057860219314561e-01
-7.183140178784258589e-01
-3.490159720516743391e-01
5.228615104783257417e-01
6.335971889471316842e-01
6.699876380535201292e-01
6.901564645241564655e-01
7.046529209671325011e-01
7.167880291789832103e-01
7.278729117488567102e-01
7.384367349811217229e-01
7.486051205567821887e-01
7.582493054929113629e-01
7.670770092136925955e-01
-7.960665733556236967e-01
-7.898817904960095948e-01
-7.852174420453212900e-01
7.855673895463913814e-01
7.809028668351001290e-01
7.745461683549926812e-01
-8.041846650833344157e-01
-8.133440342110156429e-01
-8.233160618405109821e-01
-8.337642464497738715e-01
-8.445239620480151643e-01
-8.556845881202842508e-01
-8.677142811671793021e-01
-8.817669042890649012e-01
-9.006310172543037229e-01
-9.324829487680829088e-01
-1.014690734472171174e+00
1.539125576404460016e+00
8.901701635068876017e-01
8.047528143117681498e-01
7.757841929011644044e-01
7.623279457026927997e-01
7.558297735431637188e-01
7.534857873048891319e-01
7.541526171721606442e-01
7.572928467044949263e-01
7.625814125538300514e-01
7.696693616906684632e-01
7.779856583646916901e-01
-7.841920126180224049e-01
-7.765330085545731897e-01
-7.712032570899290951e-01
-1.453615953920272874e+00
7.995930697056008452e-01
7.942633182401785952e-01
7.866043141759461177e-01
-7.928106684311527763e-01
-8.011269651049376384e-01
-8.082149142411686471e-01
-8.135034800904413776e-01
-8.166437096228343906e-01
-8.173105394901724052e-01
-8.149665532517483824e-01
-8.084683810923244396e-01
-7.950121338934447168e-01
-7.660435124830387021e-01
-6.806261632882100177e-01
-3.167075038930706327e-02
5.561055923225441955e-01
6.383133780267423729e-01
6.701653095406439054e-01
6.890294225057774780e-01
7.030820456278650266e-01
7.151117386745556859e-01
7.262723647468518617e-01
7.370320803451706482e-01
7.474802649542873212e-01
7.574522925839339837e-01
7.666116617115410481e-01
-7.962501584398790078e-01
-7.898934599598992357e-01
-7.852289372484877461e-01
7.855551592372113090e-01
7.808923461063467242e-01
7.743653978418318928e-01
-8.046404224757890411e-01
-8.141141448949443804e-01
-8.243821862728055727e-01
-8.350619958961448264e-01
-8.459533069685771789e-01
-8.571111681033272145e-01
-8.689473109207526136e-01
-8.824743165390050992e-01
-9.000398583360487148e-01
-9.280358049811960885e-01
-9.916256590728542708e-01
-1.324392920171293841e+00
9.476162683184587987e-01
8.198292595083269685e-01
7.827001060154191725e-01
7.663432989603631285e-01
7.585017162927104595e-01
7.554365950635694160e-01
7.556666956113340383e-01
7.585059104499689564e-01
7.635639378521061893e-01
7.704705320735806273e-01
7.786512995281045235e-01
-7.836193008813139294e-01
-7.760184936783476317e-01
-7.707204371310090174e-01
1.520952600304143809e+00
8.000758896639207363e-01
7.947778331157092646e-01
7.871770259129645675e-01
-7.921450272669355863e-01
-8.003257947212764067e-01
-8.072323889428405508e-01
-8.122904163448501080e-01
-8.151296311835211084e-01
-8.153597317313272530e-01
-8.122946105023594043e-01
-8.044530278343738905e-01
-7.880962207795566554e-01
-7.509670672862662766e-01
-6.231800584766626905e-01
2.464034066242966059e-01
5.791706677224197630e-01
6.427605218135059584e-01
6.707564684589110149e-01
6.883220102558984532e-01
7.018490158741743645e-01
7.136851586915060608e-01
7.248430198264944613e-01
7.357343308986957764e-01
7.464141405220752201e-01
7.566821819000739691e-01
7.661559043190632190e-01
-7.964309289530439040e-01
-7.899039806885557180e-01
-7.852411675576285166e-01
7.855422497753172806e-01
7.808831207346441650e-01
7.741889811850150016e-01
-8.050828091827021415e-01
-8.148512302719930211e-01
-8.253821410701855932e-01
-8.362465621798443882e-01
-8.472104881462209081e-01
-8.582985055465905955e-01
-8.698729883294487042e-01
-8.828239148114687129e-01
-8.991330936667509821e-01
-9.238440296824855791e-01
-9.745129442674068665e-01
-1.172399292839305218e+00
1.044131151236823651e+00
8.390943407534257048e-01
7.906258672178971825e-01
7.706868178320973595e-01
7.612966811246427712e-01
7.574419670713630204e-01
7.572123381647780649e-01
7.597410916690834348e-01
7.645621329126870425e-01
7.712830759200871578e-01
7.793277763467464370e-01
-7.830330419906169626e-01
-7.754870357163644590e-01
-7.702185266704143496e-01
1.175222406624561039e-01
8.005778001237829899e-01
7.953092910797603388e-01
7.877632848054051395e-01
-7.914685504471812294e-01
-7.995132508743508781e-01
-8.062341938819747034e-01
-8.110552351257394044e-01
-8.135839886301050594e-01
-8.133543597235171063e-01
-8.094996456702748810e-01
-8.001095089631284907e-01
-7.801704595769715089e-01
-7.317019860414335497e-01
-5.266651755583928729e-01
3.983970339556281992e-01
5.962833825275909438e-01
6.469522971121408617e-01
6.716632331282592627e-01
6.879724119835225471e-01
7.009233384655554344e-01
7.124978212482606654e-01
7.235858386487943328e-01
7.345497646149776738e-01
7.454141857247497116e-01
7.559450965228742270e-01
7.657135176122359388e-01
-7.966073456099367345e-01
-7.899132060600569938e-01
-7.852540770195010067e-01
7.855287231170592355e-01
7.808752918838705037e-01
7.740181571359702195e-01
-8.055088729679605875e-01
-8.155508601562879711e-01
-8.263113635143676250e-01
-8.373158684850328104e-01
-8.482998183936515391e-01
-8.592624700391924275e-01
-8.705251860910253603e-01
-8.828745201283991761e-01
-8.979923223997220427e-01
-9.198975912840476887e-01
-9.611920795171793319e-01
-1.090509663469120705e+00
1.220806384649731235e+00
8.649301743917744423e-01
7.999368816045064889e-01
7.754634478246225093e-01
7.642577928238925011e-01
7.595265688010368610e-01
7.588068498744109380e-01
7.610107570888620110e-01
7.655838330992825735e-01
7.721112455256288198e-01
7.800176157984414216e-01
7.883656154238571911e-01
-7.749354318575604195e-01
-7.696938102249314406e-01
-8.608394476867221590e-01
8.011025165699545703e-01
7.958608949370832297e-01
-7.824307113712857253e-01
-7.907787109965992434e-01
-7.986850812693419011e-01
-8.052124936956173151e-01
-8.097855697059370694e-01
-8.119894769205018292e-01
-8.112697579938987769e-01
-8.065385339711159673e-01
-7.953328789701394896e-01
-7.708594451905644851e-01
-7.058661524027073364e-01
-3.499899421454501502e-01
4.802866633259267881e-01
6.096042472776745935e-01
6.508987355112321183e-01
6.728040043951366567e-01
6.879218066665045983e-01
7.002711407039676761e-01
7.115338567557463190e-01
7.224965084011893968e-01
7.334804583099231445e-01
7.444849632805594641e-01
7.552454666386674287e-01
7.652874538269526239e-01
-7.967781696589600893e-01
-7.899210349109645479e-01
-7.852676036779677737e-01
7.855146461952422499e-01
7.808689182981239929e-01
7.738538819031397509e-01
-8.059164230797944972e-01
-8.162101053502314185e-01
-8.271677170191381601e-01
-8.382711485605753854e-01
-8.492293600329062775e-01
-8.600220633358748312e-01
-8.709383219795758801e-01
-8.826795614694056269e-01
-8.966838903650324877e-01
-9.161872230476846291e-01
-9.504515022893381682e-01
-1.041334316637134716e+00
1.510586406234212253e+00
9.017631212856923595e-01
8.111982454699179224e-01
7.808190335781420854e-01
7.674446269016386157e-01
7.617254874571243173e-01
7.604755890746150992e-01
7.623335803044147818e-01
7.666414432669473866e-01
7.729622982386038510e-01
7.807253076311960749e-01
7.889880480359247050e-01
-7.743591063425533383e-01
-7.691412470792708955e-01
-1.404889295486430489e+00
8.016550797164155862e-01
7.964372204514339471e-01
-7.818082787601575712e-01
-7.900710191643860458e-01
-7.978340285565983514e-01
-8.041548835279297425e-01
-8.084627464904697858e-01
-8.103207377202915618e-01
-8.090708393377677998e-01
-8.033516998932577202e-01
-7.899772932166129191e-01
-7.595980813251113073e-01
-6.690332055091454677e-01
-6.020992056135742593e-02
5.294620101575495674e-01
6.203448245057064936e-01
6.546091037472167029e-01
6.741124364297994553e-01
6.881167653255575445e-01
6.998580048153772992e-01
7.107742634590171749e-01
7.215669667619496463e-01
7.325251782344127660e-01
7.436286097757369706e-01
7.545862214446514837e-01
7.648799037150811886e-01
-7.969424448917620252e-01
-7.899274084968709309e-01
-7.852816805997643312e-01
7.855000898395475550e-01
7.808640204301799947e-01
7.736968545231176497e-01
-8.063039464480552532e-01
-8.168273230584777167e-01
-8.279510345788260173e-01
-8.391161172826094861e-01
-8.500096215739102457e-01
-8.605976587579911019e-01
-8.711454357118705305e-01
-8.822859078244790210e-01
-8.952604919487135993e-01
-9.127029426832491410e-01
-9.415601171770556777e-01
-1.008854255005256162e+00
-1.351826986126287933e+00
9.585566396566854719e-01
8.252883324511973706e-01
7.869563369540291120e-01
7.709376735331086028e-01
7.640867455711178868e-01
7.622539927501552626e-01
7.637363135363872679e-01
7.677534138219958004e-01
7.738476062296919533e-01
7.814580946213911528e-01
7.896367187261222886e-01
-7.737516068582985795e-01
-7.685540219598714362e-01
2.523216181124188218e-01
8.022423048348032992e-01
7.970447199374013358e-01
-7.811596080680913712e-01
-7.893382321730014750e-01
-7.969487205649536943e-01
-8.030429129728210436e-01
-8.070600132583601871e-01
-8.085423340447843721e-01
-8.067095812238319619e-01
-7.998586532618451317e-01
-7.838399898408240363e-01
-7.455079943438027712e-01
-6.122396871382482786e-01
2.189693406688340283e-01
5.619420717897268824e-01
6.292362096177830377e-01
6.580933841116667349e-01
6.755358348462281448e-01
6.885104189704093214e-01
6.996508910829234429e-01
7.101986680368737037e-01
7.207867052209168124e-01
7.316802095122899585e-01
7.428452922161116190e-01
7.539690037363964148e-01
7.644923803468927082e-01
-7.970994722717864578e-01
-7.899323063647640808e-01
-7.852962369550401389e-01
7.854851277003318533e-01
7.808605852346770515e-01
7.735475467339479883e-01
-8.066705152791822098e-01
-8.174019374571339647e-01
-8.286626853814860194e-01
-8.398562404234556356e-01
-8.506525010302777856e-01
-8.610097125760867165e-01
-8.711769966337805648e-01
-8.817335311895420080e-01
-8.937629652296075200e-01
-9.094333858311168806e-01
-9.340493747870501906e-01
-9.858375905335382550e-01
-1.187616339083138461e+00
1.055055472455382670e+00
8.436339194644203454e-01
7.941601383019127880e-01
7.748446988816485304e-01
7.666747440723293838e-01
7.641903429187605346e-01
7.652562877183096690e-01
7.689464380662247578e-01
7.747844166707722469e-01
7.822273197199618444e-01
7.903209696035138343e-01
-7.731036229094626622e-01
-7.679226275079481523e-01
7.608800702519390446e-01
8.028736992863404476e-01
7.976927038848465878e-01
-7.804753571916570598e-01
-7.885690070748627711e-01
-7.960119101240727968e-01
-8.018498887286010790e-01
-8.055400390765571350e-01
-8.066059838761107104e-01
-8.041215827225355328e-01
-7.959516279132934358e-01
-7.766361884930691462e-01
-7.271624073305734681e-01
-5.157408543397474787e-01
3.831799877121612186e-01
5.849587362612800323e-01
6.367469520078212764e-01
6.613629409637521439e-01
6.770333615652802672e-01
6.890627956053356762e-01
6.996193301610870163e-01
7.097866142188660188e-01
7.201438257645743635e-01
7.309400863714680119e-01
7.421336414133666848e-01
7.533943893377983425e-01
7.641258115157362196e-01
-7.972487800609827646e-01
-7.899357415601934163e-01
-7.853111990942710507e-01
7.854698352240697679e-01
7.808585712597360118e-01
7.734062348903411044e-01
-8.070156928268052976e-01
-8.179342287212595375e-01
-8.293051840921255025e-01
-8.404981215746606393e-01
-8.511704711220555719e-01
-8.612778818314947848e-01
-8.710602670226433863e-01
-8.810557006444411643e-01
-8.922220708877651729e-01
-9.063656011678654645e-01
-9.276031816153504916e-01
-9.686649157272492205e-01
-1.097960005021131114e+00
1.233208124896088664e+00
8.686871167452042686e-01
8.028370648720030145e-01
7.793094681413074154e-01
7.695746586071178230e-01
7.663492884814655515e-01
7.669447373600730700e-01
7.702585344300402204e-01
7.757984105674016195e-01
7.830503863864948233e-01
7.910548890545032741e-01
-7.724016876083105165e-01
-7.672337063562854054e-01
-7.072964477660154126e-01
8.035626204390342586e-01
7.983946391869958248e-01
-7.797414377402391850e-01
-7.877459404085227490e-01
-7.949979162274045663e-01
-8.005377923649504845e-01
-8.038515894348091662e-01
-8.044470383133339730e-01
-8.012216681877419866e-01
-7.914868586535206418e-01
-7.679592619229178574e-01
-7.021092100494314980e-01
-3.375882018991155920e-01
4.728363217736390456e-01
6.021314110675173303e-01
6.431931451794975496e-01
6.644307256271985151e-01
6.785742559071401558e-01
6.897406261504429592e-01
6.997360597722790398e-01
7.095184449633359369e-01
7.196258556728815092e-01
7.302982052202742214e-01
7.414911427028177959e-01
7.528620980735961643e-01
7.637806339681477708e-01
-7.973900919045654456e-01
-7.899377555351901892e-01
-7.853264915710738148e-01
7.854542887160310682e-01
7.808579137381055357e-01
7.732730319470199065e-01
-8.073394424585249585e-01
-8.184251395313726363e-01
-8.298818533802301278e-01
-8.410490093393065969e-01
-8.515759835461663707e-01
-8.614204731100348900e-01
-8.708190683715607561e-01
-8.802794930463311296e-01
-8.906601482152685101e-01
-9.034850941161975957e-01
-9.219984509695191566e-01
-9.553503355440507994e-01
-1.044600816774979180e+00
1.524611207656140444e+00
9.049674702289757233e-01
8.135801491255556517e-01
7.845233386680040555e-01
7.728976775982563385e-01
7.688160385900341121e-01
7.688710242783174387e-01
7.717432365597091115e-01
7.769273167666992386e-01
7.839534934219313245e-01
7.918592984204405605e-01
-7.716267044941420572e-01
-7.664688942503689040e-01
1.402078678310771265e+00
8.043274325447939965e-01
7.991696223001930610e-01
-7.789370283748413559e-01
-7.868428333730876911e-01
-7.938690100282557172e-01
-7.990530902350749809e-01
-8.019253025165705706e-01
-8.019802882048698844e-01
-7.978986491966253425e-01
-7.862729881268500920e-01
-7.572161776695068847e-01
-6.658288565659199465e-01
-4.618511913850736894e-02
5.261955100201681779e-01
6.154459912508267738e-01
6.487978758254734357e-01
6.673112326787362658e-01
6.801361785796878889e-01
6.905168337484797192e-01
6.999772584234135175e-01
7.093758536848752128e-01
7.192203432486953263e-01
7.297473174556192710e-01
7.409144734147433686e-01
7.523711872635232556e-01
7.634568843363551682e-01
-7.975232948478155892e-01
-7.899384130568165574e-01
-7.853420380787217159e-01
7.854385645121215731e-01
7.808585294529941656e-01
7.731479180287806896e-01
-8.076420435699539491e-01
-8.188761043739487544e-01
-8.303965433363795778e-01
-8.415164179708897185e-01
-8.518810603979626306e-01
-8.614541483986838388e-01
-8.704738265415998821e-01
-8.794264736468400123e-01
-8.890926029385826102e-01
-9.007759924579352706e-01
-9.170711819921107955e-01
-9.447186906631139802e-01
-1.009903132661838621e+00
-1.340797156068961993e+00
9.615138124308529877e-01
8.272764980638956933e-01
7.907402118850276329e-01
7.767867369133546473e-01
7.717009784173548548e-01
7.711277790753037209e-01
7.734752000551511353e-01
7.782260608418654080e-01
7.849756306341446610e-01
7.927645883045353337e-01
-7.707519933547186675e-01
-7.656034272638726490e-01
-9.026716860719871671e-02
8.051928995309605153e-01
8.000443334406623919e-01
-7.780317384899613220e-01
-7.858206961605519458e-01
-7.925702659529293426e-01
-7.973211267397523061e-01
-7.996685477195663028e-01
-7.990953483774841937e-01
-7.940095898814826247e-01
-7.800561149098256264e-01
-7.435198287309862097e-01
-6.092825143643185726e-01
2.299991707255276407e-01
5.608931941332386817e-01
6.260776361316959804e-01
6.537251448027632250e-01
6.700203343369622866e-01
6.817037238563623536e-01
6.913698531480205745e-01
7.003225002533459698e-01
7.093421783962674532e-01
7.189152663969101686e-01
7.292799088240690120e-01
7.403997834585310800e-01
7.519202224209418084e-01
7.631542832249317287e-01
-7.976484087660931088e-01
-7.899377973418530985e-01
-7.853577622829460703e-01
7.854227382667420265e-01
7.808603212198799159e-01
7.730307685713178056e-01
-8.079240165248556815e-01
-8.192889039739272850e-01
-8.308534064614241377e-01
-8.419078487690170309e-01
-8.520970379964233343e-01
-8.613938219493000314e-01
-8.700417997315476049e-01
-8.785134507681859883e-01
-8.875292177204788802e-01
-8.982212624530051537e-01
-9.126961779653247619e-01
-9.360298368173411987e-01
-9.857591081409039502e-01
-1.180412324562937654e+00
1.057760599821711001e+00
8.452929796248876970e-01
7.982951636917817728e-01
7.814220416747768017e-01
7.751442057122243101e-01
7.738368540204938473e-01
7.755575856475879215e-01
7.797741696831124170e-01
7.861747075233337378e-01
7.938152948592127611e-01
-7.697399880130257888e-01
-7.646036690564733673e-01
7.291238117912027805e-01
8.061926577383068393e-01
8.010563387818322445e-01
-7.769810319354807371e-01
-7.846216192715056437e-01
-7.910221571118056794e-01
-7.952387411472697787e-01
-7.969594727743617435e-01
-7.956521210826241752e-01
-7.893742851200704624e-01
-7.725011631031277748e-01
-7.255033471700746972e-01
-5.130357269732253034e-01
3.903840022318457725e-01
5.850372186539616326e-01
6.347664899775725678e-01
6.581001488295814550e-01
6.725750643419984298e-01
6.832671090744010245e-01
6.922828760266804826e-01
7.007545270633385170e-01
7.094025048456054083e-01
7.186992887984745559e-01
7.288884780259285989e-01
7.399429203334814131e-01
7.515074228210067986e-01
7.628723102700111225e-01
-7.977655582236091725e-01
-7.899360055749553577e-01
-7.853735885284788276e-01
7.854068843622016294e-01
7.808631818874850472e-01
7.729213794141410743e-01
-8.081860576775181659e-01
-8.196655449714987940e-01
-8.312567236913009916e-01
-8.422305967677286009e-01
-8.522344295110868551e-01
-8.612526924042696042e-01
-8.695374176942062272e-01
-8.775532451303844628e-01
-8.859752970489759294e-01
-8.958029406679961504e-01
-9.087744161400718168e-01
-9.287922863887585478e-01
-9.680966503335561857e-01
-1.093542713062399585e+00
1.232885741118843859e+00
8.698077187886511519e-01
8.076266101892829452e-01
7.870251679504279840e-01
7.793191530724773441e-01
7.771557632124056481e-01
7.781315407463480494e-01
7.816863089194504566e-01
7.876369222672765513e-01
7.950775070377495979e-01
-7.685365833983749395e-01
-7.634226227506905049e-01
-1.559913988133828422e+00
8.073737040446778979e-01
8.022597433965986680e-01
-7.757188197572204569e-01
-7.831594045276626392e-01
-7.891100178754222316e-01
-7.926647860484891117e-01
-7.936405635824297367e-01
-7.914771737223651460e-01
-7.837711588444739030e-01
-7.631697166056280457e-01
-7.009886080061540348e-01
-3.379105856759638815e-01
4.772536137323730721e-01
6.026996764612917445e-01
6.420040404060675110e-01
6.620219106548378418e-01
6.749933861269025170e-01
6.848210297459698115e-01
6.932430816644883365e-01
7.012589091007103148e-01
7.095436343906249554e-01
7.185618972838920815e-01
7.285657300271014547e-01
7.395396031036591822e-01
7.511307818233312616e-01
7.626102691174384551e-01
-7.978749473809035875e-01
-7.899331449072507505e-01
-7.853894424330366553e-01
7.853910754353586876e-01
7.808669978118268906e-01
7.728194885564900751e-01
-8.084289846709177274e-01
-8.200081634174533063e-01
-8.316107751075335619e-01
-8.424916266457842529e-01
-8.523028761559645616e-01
-8.610423650842541354e-01
-8.689726804168073082e-01
-8.765554394124148718e-01
-8.844326696080161421e-01
-8.935023717343688610e-01
-9.052248971093177499e-01
-9.226640628638774766e-01
-9.546825108919094749e-01
-1.042360040162546797e+00
1.511637867464755924e+00
9.044176355041154691e-01
8.193008766338740756e-01
7.938599757335971230e-01
7.844341038834942159e-01
7.812839932613612204e-01
7.813879941966600517e-01
7.841269678686780820e-01
7.894906442043031491e-01
7.966501334603339757e-01
-7.670624781935307945e-01
-7.619930314774772118e-01
-1.234704508603174489e+00
8.088032953177076712e-01
8.037338486014061756e-01
-7.741461933345803459e-01
-7.813056825905840830e-01
-7.866693589262451214e-01
-7.894083325981999799e-01
-7.895123335335504366e-01
-7.863622229113784723e-01
-7.769363510612907753e-01
-7.514954501610273674e-01
-6.663786912908475912e-01
-5.915845933013393065e-02
5.284362866323921715e-01
6.161138159026474659e-01
6.481322639311496436e-01
6.655714296854631229e-01
6.772939550605454606e-01
6.863636571869279335e-01
6.942408873824266191e-01
7.018236463780304080e-01
7.097539617107094800e-01
7.184934506389236697e-01
7.283047001490569050e-01
7.391855516874356047e-01
7.507881633775006502e-01
7.623673421239303138e-01
-7.979768382383430891e-01
-7.899293289830381370e-01
-7.854052513595539686e-01
7.853753820062110425e-01
7.808716517942807522e-01
7.727247945377767602e-01
-8.086536915894446675e-01
-8.203189497044650613e-01
-8.319197482246855069e-01
-8.426975025813626674e-01
-8.523111610873745914e-01
-8.607730291033994785e-01
-8.683575795923051954e-01
-8.755270897539071395e-01
-8.829005764714843441e-01
-8.913004599642440073e-01
-9.019792258640061400e-01
-9.173967123160463588e-01
-9.441959787563081186e-01
-1.009550118382677164e+00
-1.365771213857829069e+00
9.552415549222372793e-01
8.340361726851917012e-01
8.022281379428111148e-01
7.907301497159993087e-01
7.864682462836484200e-01
7.855818724454034507e-01
7.873306783179218060e-01
7.919266770114017362e-01
7.986813954433027440e-01
-7.652009410334473793e-01
-7.602180398352341717e-01
1.183731111330971197e-01
8.105782869595342666e-01
8.055953857617458302e-01
-7.721149313513047119e-01
-7.788696497833722532e-01
-7.834656484768913742e-01
-7.852144543494686824e-01
-7.843280805112993193e-01
-7.800661770789101279e-01
-7.685681888520151661e-01
-7.367601541097442697e-01
-6.155547718723299866e-01
2.050251129366512937e-01
5.612462084125989792e-01
6.266003480383045554e-01
6.533996144789059324e-01
6.688171009308366832e-01
6.794958668306654292e-01
6.878957503235401116e-01
6.952692370408541933e-01
7.024387472026542012e-01
7.100232976915301641e-01
7.184851657075934650e-01
7.280988242134573962e-01
7.388765785703418354e-01
7.504773770904065167e-01
7.621426352054947451e-01
-7.980715322570837156e-01
-7.899246750006242435e-01
-7.854209447887121609e-01
7.853598721987072873e-01
7.808770255072146060e-01
7.726369715834311425e-01
-8.088611131397842602e-01
-8.206000920603758741e-01
-8.321876767331020108e-01
-8.428543583677995388e-01
-8.522672647227382825e-01
-8.604536623472818224e-01
-8.677005171982408172e-01
-8.744733902832830807e-01
-8.813764742505767469e-01
-8.891779554835648192e-01
-8.989779362469237922e-01
-9.128020177710582939e-01
-9.358038591553764496e-01
-9.871474477551063220e-01
-1.208771693622756160e+00
1.032648511427000981e+00
8.527197532779571265e-01
8.124571648111377220e-01
7.984741457772833728e-01
7.930053486518816586e-01
7.910487033506765631e-01
7.916299256307306464e-01
7.952283519688628788e-01
8.013935192983050460e-01
-7.627802039425533032e-01
-7.579584589220322854e-01
-1.474835844612494062e+00
8.128378678727451456e-01
8.080161228519978645e-01
-7.694028074967864672e-01
-7.755679748261155027e-01
-7.791664011641803445e-01
-7.797476234442406451e-01
-7.777909781430201175e-01
-7.723221810176484903e-01
-7.583391619838113495e-01
-7.180765735169553077e-01
-5.381478153680349097e-01
3.620246331719400579e-01
5.836488790400421456e-01
6.349924676394620437e-01
6.579943090239348535e-01
6.718183905479300222e-01
6.816183713113552756e-01
6.894198525443760994e-01
6.963229365116025971e-01
7.030958095966463040e-01
7.103426644477126572e-01
7.185290620720897747e-01
7.279419684270769242e-01
7.386086500618592732e-01
7.501962347344950377e-01
7.619352136550757715e-01
-7.981593552114859547e-01
-7.899193012876826181e-01
-7.854364545959916510e-01
7.853446115428865948e-01
7.808830014456563662e-01
7.725556817829167811e-01
-8.090521968057289293e-01
-8.208537355697276272e-01
-8.324184030393041445e-01
-8.429678960722136738e-01
-8.521784445428419730e-01
-8.600922442174600002e-01
-8.670087032230441304e-01
-8.733982861124476305e-01
-8.798567793075994237e-01
-8.871158040491879948e-01
-8.961679974680907268e-01
-9.087313138835824144e-01
-9.289491613111872104e-01
-9.711375411557943149e-01
-1.123075344110935125e+00
1.151985775902413689e+00
8.764069113552406254e-01
8.248798738690229504e-01
8.079456879668476255e-01
8.012411923750065723e-01
7.982230884758777512e-01
7.974937500780452382e-01
7.998174677946152666e-01
8.051217398251026003e-01
-7.595458001305207540e-01
-7.550130682843670948e-01
-4.081201702397551645e-01
8.157832585106082890e-01
8.112505266644295387e-01
-7.656745869698476925e-01
-7.709788590003283648e-01
-7.733025767168524300e-01
-7.725732383189927166e-01
-7.695551344198666710e-01
-7.628506388280776873e-01
-7.459164529259398879e-01
-6.943894154396125229e-01
-4.188105508925653586e-01
4.477209826839568252e-01
5.996587856391555338e-01
6.418471654836408469e-01
6.620650129113238025e-01
6.746283293268166004e-01
6.836805227457875000e-01
6.909395474872296328e-01
6.973980406825346368e-01
7.037876235718324436e-01
7.107040825774564308e-01
7.186178822520478127e-01
7.278284307226770000e-01
7.383779237556514774e-01
7.499425912252352111e-01
7.617441299891745121e-01
-7.982406450120028696e-01
-7.899133253492797158e-01
-7.854517152517516143e-01
7.853296628341744912e-01
7.808894644577677457e-01
7.724805846297629897e-01
-8.092278818214470038e-01
-8.210819537805693624e-01
-8.326155586803712927e-01
-8.430434035794870384e-01
-8.520513263069026122e-01
-8.596959615316505099e-01
-8.662885198814083143e-01
-8.723050310923864403e-01
-8.783375723942965507e-01
-8.850955932575123031e-01
-8.935011946432626084e-01
-9.050621641911629212e-01
-9.232383188783731542e-01
-9.593035413562442937e-01
-1.073111679702929866e+00
1.323425849596832515e+00
9.062831516037840318e-01
8.398067389359749058e-01
8.194182149642359470e-01
8.115636747099811421e-01
8.076571800321905581e-01
8.055799303144249857e-01
8.063246707018887349e-01
8.103775174090951383e-01
-7.551145288764236074e-01
-7.510850459182709660e-01
-2.547164742578129637e-01
8.197112808765016911e-01
8.156817979184567413e-01
-7.604188093857783270e-01
-7.644716560929648574e-01
-7.652163964804931107e-01
-7.631391467627652858e-01
-7.592326520849121962e-01
-7.513781118306886997e-01
-7.309895878590407792e-01
-6.645131751910473561e-01
-2.473704771981662665e-01
4.976846470919241150e-01
6.114927854386812411e-01
6.475580079165357272e-01
6.657341626037492910e-01
6.772951321516532674e-01
6.857007335374091239e-01
6.924587544005713635e-01
6.984912957025438685e-01
7.045078069134863563e-01
7.111003652632458261e-01
7.187450004879710752e-01
7.277529232154210659e-01
7.381807681145694522e-01
7.497143730143510654e-01
7.615684449734422268e-01
-7.983157421651013719e-01
-7.899068623371497955e-01
-7.854666639604678258e-01
7.853150860472715156e-01
7.808963029124166288e-01
7.724113442893324466e-01
-8.093890838104180752e-01
-8.212867301859653191e-01
-8.327825575529490543e-01
-8.430857833247556998e-01
-8.518919969446704377e-01
-8.592713972632979313e-01
-8.655458433613733016e-01
-8.711966854202740640e-01
-8.768152727124742807e-01
-8.831001241718990924e-01
-8.909332326691685733e-01
-9.016896057495357164e-01
-9.183771200884464081e-01
-9.503166705700361039e-01
-1.041830031931409772e+00
1.520183728432350279e+00
9.435627128234002070e-01
8.574963956353651717e-01
8.331360928010517197e-01
8.243874085374958138e-01
8.200348011602492937e-01
8.168012410572914606e-01
8.156936447256181166e-01
8.179483077745335340e-01
-7.488994697025965763e-01
-7.457256337895403764e-01
2.467690892245786305e-01
8.250706930051863175e-01
8.218968570921771910e-01
-7.528480190204702716e-01
-7.551026820693355068e-01
-7.539950857376187532e-01
-7.507615256346641397e-01
-7.464089182574059622e-01
-7.376602339938530539e-01
-7.132999311595659142e-01
-6.272336139714606018e-01
-5.061259836258805156e-02
5.289662948635226458e-01
6.204796562248655611e-01
6.524192067064433775e-01
6.691067210454031411e-01
6.798630941257156612e-01
6.876962026230269975e-01
6.939810540823954099e-01
6.995996413746158327e-01
7.052504834335248107e-01
7.115249295315968503e-01
7.189043298502462154e-01
7.277105434701517384e-01
7.380137692419711515e-01
7.495095966089372341e-01
7.614072429845389900e-01
-7.983849825056021920e-01
-7.899000238824223086e-01
-7.854812407475515457e-01
7.853009382826200424e-01
7.809034095617722881e-01
7.723476349571964938e-01
-8.095366839961565253e-01
-8.214699471907261907e-01
-8.329225977852464657e-01
-8.430995862876548008e-01
-8.517060921859707090e-01
-8.588246951721973943e-01
-8.647863168253127064e-01
-8.700765464025037588e-01
-8.752872772125261935e-01
-8.811141233043902066e-01
-8.884235095202366317e-01
-8.985204810084249649e-01
-9.141322861022669333e-01
-9.433167928248897827e-01
-1.021173996804958239e+00
-1.455970456922876410e+00
9.892934352611102433e-01
8.781338988291323977e-01
8.492919024197305156e-01
8.401286082133311295e-01
8.361736302391989950e-01
8.324004722267118739e-01
8.293251492532146552e-01
8.290442575101568679e-01
-7.399978538735673128e-01
-7.382485689201050416e-01
-2.752982678598334121e-01
8.325477578744330254e-01
8.307984729210616814e-01
-7.417520692849531860e-01
-7.414711775417803796e-01
-7.383958545682370866e-01
-7.346226965557040023e-01
-7.306677185815825259e-01
-7.215044243752086750e-01
-6.926624279658687433e-01
-5.815028915336929449e-01
1.148258698719786947e-01
5.496223299898431724e-01
6.274795339700411922e-01
6.566640406926206319e-01
6.722758457864900228e-01
6.823728172746913456e-01
6.896822034905031318e-01
6.955090495824169938e-01
7.007197803923362889e-01
7.060100099696398068e-01
7.119716316226691877e-01
7.190902346089275143e-01
7.276967405072596318e-01
7.378737290096387680e-01
7.493263796041902403e-01
7.612596427987181613e-01
-7.984486918376578757e-01
-7.898929172330932946e-01
-7.854953885121929158e-01
7.852872737400883318e-01
7.809106821563248646e-01
7.722891446575931296e-01
-8.096715220024794935e-01
-8.216333805245946698e-01
-8.330386689354186691e-01
-8.430890468515034319e-01
-8.514988742783857756e-01
-8.583616960766105031e-01
-8.640155704460686925e-01
-8.689485045042428801e-01
-8.737525471521446763e-01
-8.791250827691194925e-01
-8.859355515423179561e-01
-8.954701383096889122e-01
-9.103075091204485547e-01
-9.377016176174243212e-01
-1.006988720092868439e+00
-1.342986428037882485e+00
1.044054968349041657e+00
9.018294747335925399e-01
8.680110209259294107e-01
8.591708906802375534e-01
8.570050185528881315e-01
8.540182771011177731e-01
8.492553052905913447e-01
8.454899404039272204e-01
-7.270466952679418560e-01
-7.276209638617371356e-01
8.791356841237774056e-02
8.431753629328300192e-01
8.437496315269106262e-01
-7.253063863909540165e-01
-7.215410215043707165e-01
-7.167780496938026547e-01
-7.137913082419919952e-01
-7.116254361146934215e-01
-7.027853058689534915e-01
-6.689668520613591962e-01
-5.267413584457114606e-01
2.278098987569008027e-01
5.638076067019586191e-01
6.330947091775133151e-01
6.604888176744222461e-01
6.753261884852234109e-01
6.848607752525797121e-01
6.916712440258302452e-01
6.970437796427524368e-01
7.018478222906180397e-01
7.067807563489030276e-01
7.124346307182363169e-01
7.192974525165786170e-01
7.277072799433704775e-01
7.377576578595191892e-01
7.491629462702558140e-01
7.611248047923558913e-01
-7.985071821372768941e-01
-7.898856446385323915e-01
-7.855090530547155225e-01
7.852741437083304854e-01
7.809180238628194992e-01
7.722355778002386595e-01
-8.097943913880392142e-01
-8.217786974141156886e-01
-8.331335619690454219e-01
-8.430581154370658803e-01
-8.512752969433788897e-01
-8.578880437783295010e-01
-8.632393860222071780e-01
-8.678173168582385966e-01
-8.722121130740445594e-01
-8.771241774177613859e-01
-8.834380943238957506e-01
-8.924612396593316621e-01
-9.067285166368744820e-01
-9.330119632855924383e-01
-9.969042798447239617e-01
-1.270255737560077369e+00
1.107597534362654956e+00
9.286508490016249784e-01
8.893541200083188158e-01
8.818278104734714740e-01
8.835197205296166922e-01
8.837176195878291285e-01
8.783286884839484054e-01
8.699184986275274589e-01
-7.080917662063602736e-01
-7.123721304539386567e-01
-9.791630593738261112e-02
8.584241963406352705e-01
8.627045605883342239e-01
-7.008778281675582811e-01
-6.924676383110528466e-01
-6.870787072071418145e-01
-6.872766062652416741e-01
-6.889685163214619434e-01
-6.814422067865874011e-01
-6.421454777933214286e-01
-4.631987924322548689e-01
3.005405892346177943e-01
5.738920469502397648e-01
6.377843635092521613e-01
6.640678101580654857e-01
6.783350871355666722e-01
6.873582324710124647e-01
6.936721493771484948e-01
6.985842137208976288e-01
7.029790099366646228e-01
7.075569407726987059e-01
7.129082830165460738e-01
7.195210298515789527e-01
7.277382113578508838e-01
7.376627648258726744e-01
7.490176293807748742e-01
7.610019354068668918e-01
-7.985607489946547899e-01
-7.898783029320235460e-01
-7.855221830865789512e-01
7.852615965658603647e-01
7.809253435203367122e-01
7.721866567877108123e-01
-8.099060371985142837e-01
-8.219074571677258412e-01
-8.332098801145568778e-01
-8.430104869395385059e-01
-8.510400560897498634e-01
-8.574092605287381152e-01
-8.624638055967710493e-01
-8.666887915001423304e-01
-8.706694649398880603e-01
-8.751071653893246483e-01
-8.809067190138555326e-01
-8.894246464124231366e-01
-9.032348181484683991e-01
-9.288651014334731171e-01
-9.894150408139740227e-01
-1.222633964725248878e+00
1.178574852032832965e+00
9.586989480751670900e-01
9.133531021409667661e-01
9.083175021126183024e-01
9.166705129800126750e-01
9.238875253389789988e-01
9.202294144998300895e-01
9.057988647831921591e-01
-6.806366486828014928e-01
-6.906646491840650048e-01
2.885777515727148274e-02
8.801316776106172801e-01
8.901596781120365565e-01
-6.649974620117425905e-01
-6.505669122950752392e-01
-6.469088014559498667e-01
-6.541258138148527967e-01
-6.624788246822791438e-01
-6.574432246539139157e-01
-6.120973787197552252e-01
-3.922214747621174946e-01
3.481623620695824539e-01
5.813812859809296407e-01
6.419312253614117836e-01
6.675615086464498082e-01
6.813716803824797497e-01
6.898896077810661165e-01
6.956891614055418227e-01
7.001268618550215983e-01
7.041075352947657739e-01
7.083325211981441605e-01
7.133870662661651041e-01
7.197562707051582409e-01
7.277858398553921360e-01
7.375864466803386810e-01
7.488888696271801537e-01
7.608902895963695068e-01
-7.986096700072233823e-01
-7.898709832746139137e-01
-7.855347302292007283e-01
7.852496777870288103e-01
7.809325557690479647e-01
7.721421229068770042e-01
-8.100071549156138140e-01
-8.220211131927400716e-01
-8.332700491826294797e-01
-8.429496239307087135e-01
-8.507976258942108183e-01
-8.569307932575470632e-01
-8.616951859136592340e-01
-8.655698774904221349e-01
-8.691307970754706957e-01
-8.730751491251984575e-01
-8.783258214464410019e-01
-8.863023403113494680e-01
-8.996775651580751765e-01
-9.249156314428437220e-01
-9.834400485603415065e-01
-1.189994315233839917e+00
1.254601816555363625e+00
9.922291216954368664e-01
9.401030142080971652e-01
9.387822057133642373e-01
9.572382502069294308e-01
9.768833525413339602e-01
9.790054180771140535e-01
9.567951637420782918e-01
-6.423621799044232361e-01
-6.609484093361712720e-01
-4.361061881340248525e-01
9.098479174586222573e-01
9.284341468904268035e-01
-6.140011630528202646e-01
-5.917909087177941618e-01
-5.939129742535385059e-01
-6.135580765879649068e-01
-6.320141210815195532e-01
-6.306933125867918433e-01
-5.785672050994882243e-01
-3.161945102395418705e-01
3.808020115610523670e-01
5.873562782345238542e-01
6.458806953520912497e-01
6.711187616368067266e-01
6.844939864835652976e-01
6.924705053484611073e-01
6.977211776696872203e-01
7.016655297194563934e-01
7.052264493044582139e-01
7.091011408812063488e-01
7.138655335373457200e-01
7.199987009006947325e-01
7.278467028642240377e-01
7.375262776122768482e-01
7.487752136021842420e-01
7.607891718792574309e-01
-7.986542038879840266e-01
-7.898637710258422651e-01
-7.855466490078948372e-01
7.852384299208179375e-01
7.809395811830464051e-01
7.721017365977195235e-01
-8.100983902222722577e-01
-8.221210157541647412e-01
-8.333163264588331343e-01
-8.428787740524570360e-01
-8.505522811226247093e-01
-8.564580322468758888e-01
-8.609402034447353191e-01
-8.644686594721433526e-01
-8.676050847867051719e-01
-8.710350741953807319e-01
-8.756905432531727485e-01
-8.830520324126065468e-01
-8.959237687367820335e-01
-9.208366451977246792e-01
-9.780939091990006329e-01
-1.166074245955476263e+00
1.332769283514263048e+00
1.029803479271981903e+00
9.699395566633919330e-01
9.734151110404192231e-01
1.005717553745650417e+00
1.044235720860914984e+00
1.057458973065864782e+00
1.024453625221694475e+00
-5.935604461024294176e-01
-6.241113665105284536e-01
-9.589702641739070721e-01
9.466849602844475964e-01
9.772358806925264263e-01
-5.463427015731702197e-01
-5.133373537290146782e-01
-5.265606059339558165e-01
-5.650787730492238259e-01
-5.973812157544576840e-01
-6.008567701315123966e-01
-5.409928475229462963e-01
-2.380270432806244063e-01
4.047220808394110803e-01
5.927024175958962582e-01
6.499596815971767638e-01
6.748725580581225181e-01
6.877442943822733579e-01
6.951057835417374653e-01
6.997612525995143828e-01
7.031912420081929405e-01
7.063276673227636415e-01
7.098561233501389234e-01
7.143382945480338808e-01
7.202440456722830620e-01
7.279175527424822656e-01
7.374800003360288958e-01
7.486753110407470269e-01
7.606979365726278530e-01
-7.986945901971920225e-01
-7.898567456118656960e-01
-7.855578968742592538e-01
7.852278925992544067e-01
7.809463463211907541e-01
7.720652774407836816e-01
-8.101803395083077008e-01
-8.222084144970627229e-01
-8.333508082705702869e-01
-8.428009808738283759e-01
-8.503081077311513969e-01
-8.559963046766706496e-01
-8.602058156222239793e-01
-8.633942632202252776e-01
-8.661039757422597241e-01
-8.689998764803990028e-01
-8.730082131357727038e-01
-8.796525559751535717e-01
-8.918668084872805046e-01
-9.163208651874650279e-01
-9.725681330887491205e-01
-1.146737939702452858e+00
1.410459560591899919e+00
1.072420074601325046e+00
1.003724738836502928e+00
1.012797810630431394e+00
1.062388193881940834e+00
1.125494423796298937e+00
1.154405172501392185e+00
1.103681422138428347e+00
-5.420648615317792407e-01
-5.877625810266718931e-01
-1.209654320021686047e+00
9.830337457684500402e-01
1.028731465263267308e+00
-4.671149046563899399e-01
-4.163911542934613519e-01
-4.453019029985538224e-01
-5.084081329129306326e-01
-5.579985161644528402e-01
-5.670715879583925201e-01
-4.983762521935608536e-01
-1.603367662030624752e-01
4.240583870924489740e-01
5.982281937061791899e-01
6.544754616074793807e-01
6.789295183075739759e-01
6.911437708197225582e-01
6.977881136591711497e-01
7.017964503144444866e-01
7.046923510527046686e-01
7.074020635746512964e-01
7.105905111726689150e-01
7.148000221182035929e-01
7.204882190637881267e-01
7.279953459210797284e-01
7.374455185243695698e-01
7.485879122978145173e-01
7.606159872865791982e-01
-7.987310493541257550e-01
-7.898499804736627272e-01
-7.855684341956710171e-01
7.852181026482730752e-01
7.809527832042545414e-01
7.720325444628660660e-01
-8.102535511308491811e-01
-8.222844603923654683e-01
-8.333754355357689825e-01
-8.427190897487040200e-01
-8.500690012660042649e-01
-8.555508502471710353e-01
-8.594991799713438407e-01
-8.623566897594137082e-01
-8.646414915242448540e-01
-8.669882248531208813e-01
-8.702989233528616309e-01
-8.761085651377455985e-01
-8.874415410276184080e-01
-9.111034151891180821e-01
-9.660946457673513788e-01
-1.128908077117981801e+00
1.486092554250886710e+00
1.121479281240517656e+00
1.043189213476338528e+00
1.058566938081930253e+00
-4.428952386512335915e-01
1.217396788095909343e+00
1.263945107152327552e+00
1.178630519661634901e+00
-5.079279487461209053e-01
-5.692248804999017198e-01
-1.300149814058639164e+00
1.001571446295470569e+00
1.062868378049049767e+00
-3.921658071330720863e-01
-3.068512196424660887e-01
-3.533995386989201570e-01
1.127901088143679065e+00
-5.122293887129537593e-01
-5.276071133185623596e-01
-4.493170455544057695e-01
-8.470377254403510525e-02
4.418882496769011570e-01
6.047016810275589460e-01
6.596929116057953513e-01
6.833547857672847003e-01
6.946877616571316416e-01
7.004974034420481388e-01
7.038081019417712358e-01
7.061548352706760179e-01
7.084396370354952843e-01
7.112971468235257388e-01
7.152454765477165299e-01
7.207273255289026181e-01
7.280772370462484933e-01
7.374208912591274645e-01
7.485118664025278701e-01
7.605427756640492643e-01
-7.987637823320136166e-01
-7.898435435906141500e-01
-7.855782241465464333e-01
7.852090937196678500e-01
7.809588303865754311e-01
7.720033544237731027e-01
-8.103185246330564251e-01
-8.223502096114420068e-01
-8.333919945930301498e-01
-8.426357517400788755e-01
-8.498386532796727844e-01
-8.551267829948938637e-01
-8.588275423844125012e-01
-8.613665829250950479e-01
-8.632335817324819915e-01
-8.650238121382610723e-01
-8.675950771369005388e-01
-8.724529534298806066e-01
-8.826397281189506394e-01
-9.050040778520426210e-01
-9.579909338449562606e-01
-1.110067481182271054e+00
1.559518024631320721e+00
1.178337937126117341e+00
1.090998716835869908e+00
-4.564886150839025380e-01
-3.660218283940261386e-01
1.313861880568461649e+00
1.384334142394988421e+00
1.217799064884871330e+00
1.048226092787656105e+00
-5.886785043701366904e-01
-1.392642165531305487e+00
9.821178224253522826e-01
-5.225702340068806295e-01
-3.529972619097337394e-01
-1.864621843998402750e-01
-2.569344462263877804e-01
1.204774498400902782e+00
1.114307711710993853e+00
-4.797976099590337551e-01
-3.924583896688008111e-01
-1.127830216360509695e-02
4.607288456126276688e-01
6.128053929499386321e-01
6.657922489428889090e-01
6.881565986759295983e-01
6.983433733650037389e-01
7.032012496580309913e-01
7.057725146565944074e-01
7.075627450624519810e-01
7.094297438697958480e-01
7.119687844104555241e-01
7.156695437999952558e-01
7.209576735152253280e-01
7.281605750548403311e-01
7.374043322019049329e-01
7.484461171834392301e-01
7.604778021618687767e-01
-7.987929723711046925e-01
-7.898374964083458849e-01
-7.855872330752075028e-01
7.852008967310228904e-01
7.809644318753604653e-01
7.719775427551173186e-01
-8.103757134276792229e-01
-8.224066222169702511e-01
-8.334021222106746674e-01
-8.425534156139812270e-01
-8.496205408679462501e-01
-8.547290279733872342e-01
-8.581981207195357175e-01
-8.604349293607232996e-01
-8.618975795598418088e-01
-8.631342509734546420e-01
-8.649398042401661435e-01
-8.687461998960165355e-01
-8.775195841651389772e-01
-8.979772577363561714e-01
-9.477815553324616671e-01
-1.088195262445676104e+00
-1.509601962915515738e+00
1.243302036093907326e+00
1.149593728387322100e+00
-3.854721903422780871e-01
-2.715263591389036613e-01
1.400877915605705404e+00
-1.517122161606932140e+00
1.077620203557826395e+00
9.475248250565162511e-01
-6.531191972769383458e-01
-1.474778691270790087e+00
9.176771295186373356e-01
-6.232715017379004685e-01
-4.931761232363028880e-01
5.367416518781673029e-02
-1.699184111891358373e-01
1.299269967655998448e+00
1.185324136452613031e+00
-4.212025984075847829e-01
-3.274942907009953941e-01
6.119436387938059080e-02
4.826010643492341656e-01
6.230147714624298949e-01
6.728190690585625910e-01
6.932767426297166136e-01
7.020501268989132182e-01
7.058565225547097643e-01
7.076620758214471341e-01
7.088987472350608554e-01
7.103613974341830284e-01
7.125982060753491831e-01
7.160672988215064372e-01
7.211757859269521953e-01
7.282429111809379796e-01
7.373942045842333259e-01
7.483897045779577262e-01
7.604206133671717049e-01
-7.988187840397803496e-01
-7.898318949195807237e-01
-7.855954300637932874e-01
7.851935398310435632e-01
7.809695363130718659e-01
7.719549637800792175e-01
-8.104255257519115130e-01
-8.224545632905660986e-01
-8.334073039028360164e-01
-8.424743246860192381e-01
-8.494178988599275781e-01
-8.543622685065075384e-01
-8.576179477597164480e-01
-8.595727724730803931e-01
-8.606515125090563600e-01
-8.613498012042976049e-01
-8.623842337543219383e-01
-8.650726087096162198e-01
-8.722051672430850555e-01
-8.901467378881648962e-01
-9.353572476870498642e-01
-1.062026493450857645e+00
-1.435835984661154807e+00
1.314665451053790957e+00
1.217871641074611100e+00
-2.977392489680089072e-01
-1.530536522864829052e-01
1.381216716022652946e+00
-1.086787237550446011e-01
2.640052053683458189e-01
7.565359039019461385e-01
-7.470942219765059900e-01
-1.515997621142754825e+00
8.237021048190213968e-01
-8.142604228924628096e-01
-1.306791121426156277e+00
1.462117603039775782e+00
-1.895796107720925383e-01
1.417742674508405631e+00
1.273057077826890593e+00
-3.529246857202933962e-01
-2.561308757411188686e-01
1.349603421337126907e-01
5.087698333440459075e-01
6.354390791078498024e-01
6.806495889067228910e-01
6.985911595518212724e-01
7.057237180852751202e-01
7.084120930405727323e-01
7.094465255905862966e-01
7.101448142858360901e-01
7.112235543218143885e-01
7.131783790351965413e-01
7.164340582883594877e-01
7.213784279349881867e-01
7.283220021089017449e-01
7.373890228920848555e-01
7.483417635043584371e-01
7.603708010429757191e-01
-7.988413630148423206e-01
-7.898267904818125906e-01
-7.856027869639059524e-01
7.851870471120855344e-01
7.809741014119739866e-01
7.719354852283978330e-01
7.603280070850654271e-01
-8.224948090647851151e-01
-8.334088659938164723e-01
-8.424005151419827753e-01
-8.492336873405085251e-01
-8.540308868403357900e-01
-8.570937191444271130e-01
-8.587908935253981690e-01
-8.595134263586434731e-01
-8.597018569130074894e-01
-8.599843051441830033e-01
-8.615333424194197010e-01
-8.668759136783411590e-01
-8.818046670676883414e-01
-9.210848646234317538e-01
-1.031458492799652182e+00
-1.358389564961020035e+00
1.389171861841803413e+00
1.288419792598243685e+00
-2.056781116589260217e-01
-2.476788261655823303e-02
1.038265316726211029e+00
4.633157276245365719e-02
1.570856019757574107e-01
5.902519329315586427e-01
-8.372473237161479620e-01
-1.522445034846694467e+00
7.335490030792275462e-01
-9.805443938630121758e-01
-1.413710724819021936e+00
-1.524464754032422320e+00
-5.325310100684967907e-01
1.546028444178335404e+00
1.365118215135966429e+00
-2.823765341966572584e-01
-1.816244649531174038e-01
2.124067618338582597e-01
5.393378339952467071e-01
6.497114621714689120e-01
6.889916597272106591e-01
7.039204131165678335e-01
7.092629843754675312e-01
7.108120216507324285e-01
7.110944698818839615e-01
7.112829004362505314e-01
7.120054332695253674e-01
7.137026076504833227e-01
7.167654399545730914e-01
7.215626394543820377e-01
7.283958116529293259e-01
7.373874608011279363e-01
7.483015177300632592e-01
-8.104683197098491165e-01
-7.988608415665400253e-01
-7.898222253829563222e-01
-7.856092796827982561e-01
7.851814418271404472e-01
7.809780847247220770e-01
7.719189985869928661e-01
7.602919107683780986e-01
-8.225280320994573513e-01
-8.334079904720471665e-01
-8.423337854499818311e-01
-8.490705895052695906e-01
-8.537388678479442827e-01
-8.566316848536901229e-01
-8.580994534873530588e-01
-8.585007666102290047e-01
-8.582213696378895307e-01
-8.577973467343610325e-01
-8.582378799105137013e-01
-8.617473816233600648e-01
-8.733754245672998850e-01
-9.057820793586526253e-01
-9.977888676125136191e-01
-1.276158145003994493e+00
1.463901653938468161e+00
1.350530419080607780e+00
-1.277693893358808341e-01
-1.509774066125470604e+00
1.052690775377759236e+00
1.857562904460092756e-01
2.121930444288026574e-01
-1.024846465346860303e+00
-8.811705745974959259e-01
-1.462017180566482777e+00
6.896257521977190441e-01
5.459498614482367618e-01
-1.358603282365996812e+00
-1.385040036348853532e+00
-5.181055514170407328e-01
6.102226066942043753e-02
1.443026937459011672e+00
-2.202659077143002686e-01
-1.068946728564349885e-01
2.946381817909101142e-01
5.730074591823786090e-01
6.650142474362473743e-01
6.974209022276012249e-01
7.090489451715441538e-01
7.125584468843820796e-01
7.129989800605484040e-01
7.125749571570122454e-01
7.122955601846525653e-01
7.126968733075645934e-01
7.141646419412011060e-01
7.170574589469728144e-01
7.217257372896349610e-01
7.284625413449381526e-01
7.373883363228519450e-01
7.482682946954573033e-01
-8.105044160265227893e-01
-7.988773282079340010e-01
-7.898182420702146711e-01
-7.856148849676568569e-01
7.851767409165010259e-01
7.809814570724583627e-01
7.719054028981688909e-01
7.602622473593211305e-01
-8.225548236286925885e-01
-8.334056835352916526e-01
-8.422757213386518060e-01
-8.489309402279016092e-01
-8.534897917103577702e-01
-8.562374401729587747e-01
-8.575077938702752034e-01
-8.576296251220779654e-01
-8.569376011379254976e-01
-8.558784479381942312e-01
-8.552956754463464373e-01
-8.570473314986579716e-01
-8.653558035698717399e-01
-8.905656867861919679e-01
-9.634830009255908045e-01
-1.191042441678470620e+00
1.537563772886489044e+00
1.394133255166337459e+00
-7.217408629106054907e-02
-1.508664471360658954e+00
1.001798224959641770e+00
-1.268046548713967825e+00
2.854647502982545770e-01
-9.858071814541529143e-01
-8.685540690979189904e-01
-1.389900789133125425e+00
7.022422576971791841e-01
5.849891453408955222e-01
-1.285331576496546502e+00
3.027497780809716432e-01
-5.689981018351693010e-01
6.213185543424715879e-02
1.498622240503826530e+00
-1.766630716285738367e-01
-3.323255390840915147e-02
3.797538851164429796e-01
6.073133258692881009e-01
6.802306400087203553e-01
7.054405232250224866e-01
7.137489952962512429e-01
7.155006513485450137e-01
7.149178788567115417e-01
7.138587256569817185e-01
7.131667016727983865e-01
7.132885329246535511e-01
7.145588866219091395e-01
7.173065350845679866e-01
7.218653865670014991e-01
7.285206054562779476e-01
7.373906432595985772e-01
7.482415031662039695e-01
-8.105340794356051815e-01
-7.988909238967475401e-01
-7.898148697225128023e-01
-7.856195858783315833e-01
7.851729621584461194e-01
7.809841863517466010e-01
7.718946236940712469e-01
7.602387848873278786e-01
-8.225756641082923037e-01
-8.334028083184005231e-01
-8.422276397648583712e-01
-8.488167589416917291e-01
-8.532867002448358829e-01
-8.559158996453620771e-01
-8.570240449968474783e-01
-8.569143580344639188e-01
-8.558766341815319256e-01
-8.542778258030843119e-01
-8.528078275491340898e-01
-8.529941016734524650e-01
-8.582462732021459706e-01
-8.766489197866217387e-01
-9.315505510229906694e-01
-1.108813507115149921e+00
-1.531226048671513906e+00
1.409947757069467844e+00
-4.617423840759350695e-02
-1.556706513701715977e+00
9.757472491601928422e-01
-1.177741907359661555e+00
3.331689067610003607e-01
-9.316095810154900736e-01
-8.370873921472377077e-01
-1.329785118825915768e+00
7.337089346478370411e-01
6.391867457795136209e-01
-1.237627420033828640e+00
3.930544194352918463e-01
-5.950490776346604171e-01
1.408981309316407679e-02
1.524622088387298957e+00
-1.608485697254264379e-01
3.957027812337497730e-02
4.619828196797404751e-01
6.392457757719148814e-01
6.941474070082723768e-01
7.125500535927531409e-01
7.178022251214529748e-01
7.179884992457550297e-01
7.165185009918034753e-01
7.149196926133777330e-01
7.138819687604190944e-01
7.137722817980596268e-01
7.148804271495347029e-01
7.175096265500552351e-01
7.219795678532304750e-01
7.285686870300420725e-01
7.373935184765005868e-01
7.482206626866151344e-01
-8.105575419075528032e-01
-7.989017031008122105e-01
-7.898121404431683867e-01
-7.856233646363902645e-01
7.851701163228064217e-01
7.809862541493131083e-01
7.718865929491026678e-01
7.602213483058515298e-01
-8.225909527026605828e-01
-8.334000428447509989e-01
-8.421906292411798223e-01
-8.487296622200046770e-01
-8.531321297136815751e-01
-8.556710784523795521e-01
-8.566550515409749877e-01
-8.563669112258257554e-01
-8.550606326286491754e-01
-8.530379910095617912e-01
-8.508615014534169907e-01
-8.497774787626217741e-01
-8.524954683325052240e-01
-8.651500971406415053e-01
-9.048912626941888471e-01
-1.037856368894543690e+00
-1.459473804640078809e+00
1.400125748876841714e+00
-3.800863692309158770e-02
1.546654297081233143e+00
9.896823964181878930e-01
-1.106513211046960210e+00
3.493222112388452705e-01
-8.916894152817568253e-01
-8.117073356627959591e-01
-9.661811090667903335e-01
7.590889911321421213e-01
6.791069115131838085e-01
-1.221474115555974960e+00
4.642831157479589965e-01
-5.811139303767001163e-01
-2.414202971367648484e-02
1.532787689871804471e+00
-1.706705779180515969e-01
1.113225221548092420e-01
5.329399579003697429e-01
6.659050641007069338e-01
7.056462296542441726e-01
7.183008584623911119e-01
7.210188480322768934e-01
7.199348253414913357e-01
7.177583357853255519e-01
7.157356941662526006e-01
7.144294155690491532e-01
7.141412752539195719e-01
7.151252483425185602e-01
7.176641970812391857e-01
7.220666645748915480e-01
7.286056975537574809e-01
7.373962839501454480e-01
7.482053740922232077e-01
-8.105749784890632359e-01
-7.989097338457610276e-01
-7.898100726456392939e-01
-7.856262104721256634e-01
7.851682141961552341e-01
7.809876411746111691e-01
7.718812663295798737e-01
7.602097982178059876e-01
-8.226009795361675092e-01
-8.333979115072721600e-01
-8.421654971617571483e-01
-8.486709020611276078e-01
-8.530279926009803892e-01
-8.555061044175350515e-01
-8.564060556892810760e-01
-8.559966344562290885e-01
-8.545067755330806314e-01
-8.521923517347288479e-01
-8.495248694847704618e-01
-8.475474669062535993e-01
-8.484589080798329297e-01
-8.569707280784638614e-01
-8.858237175598748792e-01
-9.862924975164220065e-01
-1.394932001181397707e+00
1.376325079613919256e+00
-3.624724657808776201e-02
1.526396499879892898e+00
1.011220452169025785e+00
-1.056370662782241121e+00
3.506559733986402971e-01
-8.676525582281656712e-01
-7.962538545779286325e-01
-4.083458674392499987e-01
7.745424722168988696e-01
7.031437685667014659e-01
-1.220140353396217181e+00
5.144256640126722013e-01
-5.595758746258640004e-01
-4.439982691500395096e-02
1.534549080216803807e+00
-1.944712471809740273e-01
1.758643256134946320e-01
5.845038292784824341e-01
6.849726092350068019e-01
7.138255987164484617e-01
7.223374187150705117e-01
7.232488598886467335e-01
7.212714573101242088e-01
7.186039750601717069e-01
7.162895512618392413e-01
7.147996923386420454e-01
7.143902711056141497e-01
7.152902223773710544e-01
7.177683341939321560e-01
7.221254247337564047e-01
7.286308296331874823e-01
7.373984152876337239e-01
7.481953472587218323e-01
-8.105865285770484929e-01
-7.989150604653248999e-01
-7.898086856203445638e-01
-7.856281125989457159e-01
7.851672614321454358e-01
7.809883376725056392e-01
7.718786106819273130e-01
7.602040460238596031e-01
-8.226059438502282273e-01
-8.333967586659485338e-01
-8.421527938761863563e-01
-8.486413114896329546e-01
-8.529755953933716439e-01
-8.554230845302805974e-01
-8.562806482981097922e-01
-8.558098862534139206e-01
-8.542268512849503503e-01
-8.517637539532439961e-01
-8.488447138888151056e-01
-8.464068140351805880e-01
-8.463806172829121399e-01
-8.527338573583175263e-01
-8.759449880249440268e-01
-9.597004739102092952e-01
-1.356031207810528105e+00
1.357416714344487518e+00
1.535742432805630386e+00
1.517909665541158359e+00
1.024737106464741032e+00
-1.029038275310913519e+00
3.477135500510358801e-01
-8.585335735062848972e-01
-7.903009502771214390e-01
-1.445677047669993998e-01
7.804953765176384506e-01
7.122627532885387192e-01
-1.223082776743854128e+00
5.417580514840002470e-01
-5.460592203301685155e-01
-5.288666125374971716e-02
-3.505389398926686551e-02
-2.133796124504090674e-01
2.147651189843762798e-01
6.110958528846823778e-01
6.948513387699545296e-01
7.180624694365772553e-01
7.244157095119869716e-01
7.243895127597193007e-01
7.219516129060812304e-01
7.190325728416561146e-01
7.165694755099508706e-01
7.149864405414797508e-01
7.145156784967677810e-01
7.153732422646270628e-01
7.178207314015701002e-01
7.221550153052556098e-01
7.286435329187390675e-01
7.373995681289658988e-01
7.481903829446461263e-01
-8.105922807710108646e-01
-7.989177161129845661e-01
-7.898079891223639404e-01
-7.856290653628622556e-01
