4.860837125730807832e-05
3.455755587001409744e-03
2.917010066594228138e-02
1.517917683994772782e+00
1.544236241260798836e+00
1.549572750009816424e+00
1.552367580004125003e+00
1.554688647797416445e+00
1.557080232218848392e+00
1.559721138101546778e+00
1.562663420727670172e+00
1.565906426393262274e+00
1.569424987126876836e+00
1.568412477432310492e+00
1.564471022480875106e+00
1.560407504175441940e+00
1.556305052322483728e+00
1.552271909965094121e+00
1.548447091649328033e+00
1.545003657338591685e+00
1.542147685539140056e+00
1.540111764981046516e+00
1.539144802081777286e+00
1.539510554644371476e+00
1.541559559877478724e+00
1.546450726977849799e+00
2.207018626335000289e-01
2.419855618114943180e-02
1.669542486304981949e-02
1.080544953743681029e-02
6.948551365743719024e-03
9.869039114444344216e-03
1.455994056241132206e-01
1.521264094677553969e+00
1.532852491386545779e+00
1.535421929272195118e+00
1.537051696939164325e+00
1.539041362812417768e+00
1.541649925903224583e+00
1.544843734718044370e+00
1.548492883765346884e+00
1.552444781314692435e+00
1.556555814021165940e+00
1.560703844007206076e+00
1.564790688865949519e+00
1.568739530673937121e+00
1.569102236173026466e+00
1.565596545084855240e+00
1.562372479783801893e+00
1.559453076603352528e+00
1.556837085953971078e+00
1.554470663146821030e+00
1.552173087020813691e+00
1.549397219210769006e+00
1.544067392784815640e+00
1.517687121952155715e+00
2.927816749023670617e-02
3.460978885808495102e-03
4.896315972086968715e-05
4.843884660952313376e-05
3.457507441798715522e-03
2.922061031198810999e-02
1.517493286232969307e+00
1.543999790095570424e+00
1.549342002605496482e+00
1.552122951416742502e+00
1.554425886910712595e+00
1.556799486071281713e+00
1.559424495085911966e+00
1.562354006290908259e+00
1.565587932544550975e+00
1.569101370530151973e+00
1.568737204408406694e+00
1.564792935005975050e+00
1.560722860610430862e+00
1.556610363775116523e+00
1.552564011816105038e+00
1.548723250207023394e+00
1.545261747671225150e+00
1.542386483096834571e+00
1.540331421687159530e+00
1.539347687486489535e+00
1.539703097359492290e+00
1.541758067688445921e+00
1.546715402790853178e+00
2.346400715811446103e-01
2.429984816286197280e-02
1.671611245938560419e-02
1.079516375350942844e-02
6.907422102574342117e-03
9.756394429073517865e-03
1.452331806071067155e-01
1.521635361945777642e+00
1.533085334447782611e+00
1.535633709133248148e+00
1.537268109246082481e+00
1.539271866274168898e+00
1.541898131243434333e+00
1.545110320645260993e+00
1.548776811221242999e+00
1.552743941142403550e+00
1.556867414282760986e+00
1.561024646651051784e+00
1.565117152641047893e+00
1.569067902461546593e+00
1.568775845082564846e+00
1.565276066952908218e+00
1.562061758154983604e+00
1.559155672350340582e+00
1.556555990945174273e+00
1.554207843037117787e+00
1.551928586364954787e+00
1.549166710629574784e+00
1.543831249409407746e+00
1.517263178155014547e+00
2.932822446445843348e-02
3.462714101212627672e-03
4.879262649711976291e-05
4.809908451697181883e-05
3.460946173591223328e-03
2.931961953948606855e-02
1.516645411094605933e+00
1.543529877258295047e+00
1.548884228915613948e+00
1.551638314527706175e+00
1.553906047134697266e+00
1.556244868703581474e+00
1.558839362107706128e+00
1.561744631815489948e+00
1.564961648942324590e+00
1.568465958690603346e+00
1.569373929718302918e+00
1.565423398926625298e+00
1.561339898722958308e+00
1.557207334808510035e+00
1.553134911822731334e+00
1.549262898425459500e+00
1.545766119975571673e+00
1.542853278089914015e+00
1.540760990176527567e+00
1.539744650821262439e+00
1.540079821792452286e+00
1.542145661345323493e+00
1.547228624524136675e+00
2.641438277957219860e-01
2.449365159214265952e-02
1.675500182539338412e-02
1.077471788614468504e-02
6.827837849869600705e-03
9.539341974081235603e-03
1.445556294237380357e-01
1.522357608733251322e+00
1.533540580982738044e+00
1.536048439385985453e+00
1.537691846905426818e+00
1.539722935076968335e+00
1.542383592657742719e+00
1.545631556275910867e+00
1.549331877771979338e+00
1.553328840536603472e+00
1.557476849442404943e+00
1.561652470233302115e+00
1.565756622939869835e+00
1.569711835412604062e+00
1.568134950528842442e+00
1.564645865544087577e+00
1.561449806094999504e+00
1.558569042078863154e+00
1.556000692030807153e+00
1.553687894488570809e+00
1.551444210660834822e+00
1.548709417294731328e+00
1.543361953777776296e+00
1.516416217206766559e+00
2.942633480936185375e-02
3.466119665296662957e-03
4.845085696998549215e-05
4.758777516853670382e-05
3.465945488442993307e-03
2.946324610169955005e-02
1.515375736609296808e+00
1.542832326841735213e+00
1.548206664241705388e+00
1.550922627835150669e+00
1.553140111016368285e+00
1.555429624079919471e+00
1.557981391336159538e+00
1.560853385494105350e+00
1.564047986783338118e+00
1.567541223567640696e+00
1.570298523647207567e+00
1.566337145779460149e+00
1.562232808795589900e+00
1.558070245247421326e+00
1.553959594846894277e+00
1.550042276967218413e+00
1.546494707183240225e+00
1.543527968371232406e+00
1.541382391355693215e+00
1.540319422466805976e+00
1.540625704016462816e+00
1.542707344519174351e+00
1.547970651169717105e+00
3.133347574920548051e-01
2.477339461563332276e-02
1.680985383799380589e-02
1.074434729486196775e-02
6.712407255675732418e-03
9.224089983518580366e-03
1.435875474362495186e-01
1.523405098152648574e+00
1.534201585889561681e+00
1.536650286716632730e+00
1.538306164932308429e+00
1.540376176401770714e+00
1.543085970094389081e+00
1.546385164263475831e+00
1.550134116996324529e+00
1.554174253257669003e+00
1.558358188086675478e+00
1.562561302782418338e+00
1.566683647671132551e+00
1.570647042048015196e+00
1.567202152790922787e+00
1.563726450884886710e+00
1.560554783806588963e+00
1.557708887455289792e+00
1.555184465096596025e+00
1.552921819204542420e+00
1.550728928986758959e+00
1.548032579947336229e+00
1.542665333245596182e+00
1.515147929676833538e+00
2.956862903452842778e-02
3.471069537568111357e-03
4.793655153196454510e-05
4.690321511202248862e-05
3.472324794630058525e-03
2.964599635123648172e-02
1.513686381825922522e+00
1.541915501045709069e+00
1.547319663842285475e+00
1.549988652998162575e+00
1.552143641673179308e+00
1.554372415302567978e+00
1.556872512796482866e+00
1.559705465027819038e+00
1.562875222168898182e+00
1.566358135425657272e+00
1.570114769616754336e+00
1.567499644893889821e+00
1.563366426292637890e+00
1.559164124989178335e+00
1.555004087817855707e+00
1.551029126682439419e+00
1.547417533860595329e+00
1.544383221659893612e+00
1.542171022388311163e+00
1.541049875308816208e+00
1.541320354382410551e+00
1.543422644678309030e+00
1.548914125573877421e+00
3.888054427191051099e-01
2.513381544164007553e-02
1.687997201440660788e-02
1.070440605173999908e-02
6.562487473826211434e-03
8.815834844215426555e-03
1.423502448023680755e-01
1.524742072251200620e+00
1.535045611515769348e+00
1.537417769678957047e+00
1.539088302858349744e+00
1.541206575362562781e+00
1.543977622538899253e+00
1.547340896021745404e+00
1.551150997224769901e+00
1.555245923651576989e+00
1.559476172866276267e+00
1.563715701014974480e+00
1.567863440120570218e+00
1.569752455792168711e+00
1.566008604763120760e+00
1.562546241011914860e+00
1.559401993245225659e+00
1.556597210675293441e+00
1.554126020086984417e+00
1.551925208568452286e+00
1.549795518720741505e+00
1.547146561954979349e+00
1.541749754930913596e+00
1.513460453709338571e+00
2.974963181640895640e-02
3.477383485756045320e-03
4.724802062332588803e-05
4.604359769784904501e-05
3.479858985405568945e-03
2.986112097708394988e-02
1.511579453444043208e+00
1.540789887113177992e+00
1.546236157593975591e+00
1.548852220571394822e+00
1.550935802940291763e+00
1.553096043249923897e+00
1.555539301903803739e+00
1.558331158787141568e+00
1.561477078052298628e+00
1.564953361610825322e+00
1.568719581096827742e+00
1.568870497515182594e+00
1.564699782385753135e+00
1.560448346982126866e+00
1.556228981080582718e+00
1.552186037072842639e+00
1.548499814310652978e+00
1.545387277273727600e+00
1.543098247473419837e+00
1.541910210223066402e+00
1.542139970060906862e+00
1.544267765710817919e+00
1.550027743129324787e+00
4.980784923635308004e-01
2.556762771205458792e-02
1.696361888615242203e-02
1.065528717300959910e-02
6.380534309461547739e-03
8.321759018678525494e-03
1.408726848490598205e-01
1.526327520259827430e+00
1.536046221318162486e+00
1.538325828681424090e+00
1.540011754012396539e+00
1.542185052621826591e+00
1.545026464933642485e+00
1.548463676569118208e+00
1.552344810267625386e+00
1.556504123023628505e+00
1.560789843523563425e+00
1.565074365770476428e+00
1.569255292698065851e+00
1.568340561448411163e+00
1.564591200567490681e+00
1.561139137302321567e+00
1.558021855288240776e+00
1.555260679762727971e+00
1.552848218495284094e+00
1.550717263282395786e+00
1.548659831055383629e+00
1.546064303977539911e+00
1.540625712651219059e+00
1.511355921721790674e+00
2.996261702717952294e-02
3.484836844489420937e-03
4.638348106407799709e-05
4.500733491893467886e-05
3.488290107110538114e-03
3.010102971667970306e-02
1.509056477839429977e+00
1.539467601143420517e+00
1.544971001791520582e+00
1.547531366763931215e+00
1.549538221241621549e+00
1.551625977143840540e+00
1.554011132057943723e+00
1.556763591511259204e+00
1.559890059384527294e+00
1.563366217796178015e+00
1.567149963776937049e+00
1.570407051881517413e+00
1.566189853545980171e+00
1.561880395907059738e+00
1.557593103266020629e+00
1.553473928723160924e+00
1.549705168267448085e+00
1.546506850999478377e+00
1.544133979675708090e+00
1.542873234144126915e+00
1.543059329622747500e+00
1.545217135204051573e+00
1.551276633581188058e+00
6.416534336409055461e-01
2.606444779306030593e-02
1.705806353180807158e-02
1.059736116366410442e-02
6.169908871913587327e-03
7.751721395511663830e-03
1.392028795274259378e-01
1.528115988972257533e+00
1.537175032566949762e+00
1.539347946769892950e+00
1.541048630724658031e+00
1.543281112972284763e+00
1.546198927731457173e+00
1.549716867006657894e+00
1.553676195002335447e+00
1.557907360787403883e+00
1.562256337054832134e+00
1.566593917961654370e+00
1.570776440563011800e+00
1.566751634430268325e+00
1.562989515657961404e+00
1.559541852253230276e+00
1.556447650844817732e+00
1.553728778527704968e+00
1.551376602521069126e+00
1.549319654571633675e+00
1.547339927558448514e+00
1.544800675688126956e+00
1.539305330793749649e+00
1.508835892884586416e+00
3.020002150190605195e-02
3.493172193263189423e-03
4.534136815955555399e-05
4.379342647031063022e-05
3.497340075227546672e-03
3.035772581199225328e-02
1.506117744505162337e+00
1.537961846741817240e+00
1.543540281718359441e+00
1.546045418400654237e+00
1.547973798407089152e+00
1.549988847935635849e+00
1.552318314289504730e+00
1.555036495419714893e+00
1.558150865668599838e+00
1.561635758749147396e+00
1.565446609262801214e+00
1.569524903769743407e+00
1.567794990997150029e+00
1.563419282028717161e+00
1.559056826489592096e+00
1.554855170802246667e+00
1.550998492296019604e+00
1.547709727450538697e+00
1.545248990484395346e+00
1.543912418436495626e+00
1.544053693791422655e+00
1.546245465632889893e+00
1.552626004373836910e+00
8.007618135497596157e-01
2.661317937498126202e-02
1.716027545573989635e-02
1.053092968111942959e-02
5.934097866070657187e-03
7.115896020547546330e-03
1.373886972701635900e-01
1.530062051950023205e+00
1.538404003116339958e+00
1.540458171918871466e+00
1.542171805914192895e+00
1.544465218366449122e+00
1.547462600782435693e+00
1.551065179471474043e+00
1.555107292646435102e+00
1.559415722834485596e+00
1.563834330305193365e+00
1.568232352170050969e+00
1.569088363644548068e+00
1.565026692226236138e+00
1.561242886859386170e+00
1.557791314719676024e+00
1.554713287312261549e+00
1.552031943397125247e+00
1.549737886921473073e+00
1.547755336226242617e+00
1.545855164757098388e+00
1.543371778277132789e+00
1.537801822935631391e+00
1.505900696721554910e+00
3.045387839649317877e-02
3.502112054233582836e-03
4.412070586972291307e-05
4.240178506161778796e-05
3.506723472660665166e-03
3.062322300461707558e-02
1.502761585848926496e+00
1.536286366957047678e+00
1.541960617920137500e+00
1.544414099886807668e+00
1.546265577192238450e+00
1.548211040976013697e+00
1.550490400753909537e+00
1.553182227395466741e+00
1.556294145654000705e+00
1.559798314085862003e+00
1.563646877232810484e+00
1.567777811457917725e+00
1.569477655384639458e+00
1.565028225756398772e+00
1.560584638946409308e+00
1.556295991544255797e+00
1.552348173007983334e+00
1.548966757976045772e+00
1.546416695272373021e+00
1.545003509417604892e+00
1.545100360210705848e+00
1.547329583315811385e+00
1.554044425530875406e+00
9.444387373475812142e-01
2.720440608104971597e-02
1.726771546185949802e-02
1.045618136378627036e-02
5.675866470135793908e-03
6.422550638573603678e-03
1.354626826009890372e-01
1.532124434196772134e+00
1.539707471691090124e+00
1.541632778329737219e+00
1.543356594369243107e+00
1.545710626686939149e+00
1.548788273785737912e+00
1.552476925589509893e+00
1.556604187300764330e+00
1.560993470102510550e+00
1.565486746927540196e+00
1.569951790243709899e+00
1.567311229228872671e+00
1.563203427643642174e+00
1.559387939037389481e+00
1.555922418116679307e+00
1.552851311342491991e+00
1.550199864124624627e+00
1.547958550034507219e+00
1.546047409271272821e+00
1.544225300756135955e+00
1.541794250569135993e+00
1.536128943746263742e+00
1.502548713391657520e+00
3.071623316072315951e-02
3.511371644872486250e-03
4.272143424999460539e-05
4.083353079526014207e-05
3.516159566566647802e-03
3.088991460989710600e-02
1.498983616363635196e+00
1.534454924336955850e+00
1.540248522667624353e+00
1.542656724912789601e+00
1.544435742217589391e+00
1.546317493633175166e+00
1.548554781906872124e+00
1.551230185121546423e+00
1.554350766553053376e+00
1.557885655129533697e+00
1.561782909158668131e+00
1.565976373849253367e+00
1.570386383962225185e+00
1.566676436318424237e+00
1.562146821721457135e+00
1.557768033788053508e+00
1.553727509757439229e+00
1.550253146393349768e+00
1.547614306763548608e+00
1.546125570227742552e+00
1.546179644235651240e+00
1.548449455978418321e+00
1.555505247397674262e+00
1.056013484761362253e+00
2.783094110057980977e-02
1.737845910379747644e-02
1.037315069316821319e-02
5.397059884194521477e-03
5.677500340668020958e-03
1.334374971676667576e-01
1.534267961769932853e+00
1.541063334783150385e+00
1.542851326539883328e+00
1.544581848158377069e+00
1.546994584902731118e+00
1.550151252596357443e+00
1.553925463363338366e+00
1.558138481156700506e+00
1.562610731857425606e+00
1.567182550051055223e+00
1.569872307544934342e+00
1.565477423177538130e+00
1.561314314213883003e+00
1.557456745263249953e+00
1.553966284451168356e+00
1.550891321164213021e+00
1.548260078354886549e+00
1.546063629733482658e+00
1.544218121957528167e+00
1.542469686444383870e+00
1.540084625312143851e+00
1.534300468951480756e+00
1.498775613045191246e+00
3.097951149700084450e-02
3.520670905833847217e-03
4.114470869647091083e-05
3.909123608480498055e-05
3.525382915500795047e-03
3.115087279530545650e-02
1.494775948374407637e+00
1.532480837788988692e+00
1.538419842855415665e+00
1.540791518821327033e+00
1.542504812959728522e+00
1.544330764205911199e+00
1.546535650760649361e+00
1.549205697751213195e+00
1.552346669470413776e+00
1.555923854367992964e+00
1.559880525979714605e+00
1.564145900695433467e+00
1.568636472775690072e+00
1.568339991790232091e+00
1.563720249502748683e+00
1.559249083078388942e+00
1.555115378004353843e+00
1.551549053753674023e+00
1.548823383665722364e+00
1.547261470695118435e+00
1.547275296157313296e+00
1.549588487728027486e+00
1.556986561692165427e+00
1.137395464658660593e+00
2.848710283222258624e-02
1.749087510045754454e-02
1.028167561826550010e-02
5.098826505772162745e-03
4.884665223460486934e-03
1.313064112754834534e-01
1.536463736515691236e+00
1.542453425145793311e+00
1.544097131658040079e+00
1.545830482336519873e+00
1.548298903662462367e+00
1.551531982362931883e+00
1.555389873173492532e+00
1.559688031353908766e+00
1.564244312699697215e+00
1.568897627209539403e+00
1.568079562016329032e+00
1.563612574880415718e+00
1.559385499865970415e+00
1.555475682340988763e+00
1.551949116124113015e+00
1.548858854200181545e+00
1.546236933486211385e+00
1.544075790707559737e+00
1.542288061708146252e+00
1.540606587318849252e+00
1.538258771783421075e+00
1.532329732070274453e+00
1.494573571933722755e+00
3.123681787657171111e-02
3.529745086182282162e-03
3.939312203598441345e-05
3.717907057026514429e-05
3.534152035397634083e-03
3.140006673727975539e-02
1.490126395227194811e+00
1.530376597002184091e+00
1.536489313281599545e+00
1.538835098880637409e+00
1.540491057313708945e+00
1.542270398583301505e+00
1.544453352905504895e+00
1.547129395628987769e+00
1.550302294608373987e+00
1.553932794887606272e+00
1.557958838340299357e+00
1.562304675843329438e+00
1.566882799388831904e+00
1.570001960498334626e+00
1.565288464186108452e+00
1.560723118536408327e+00
1.556496278235509179e+00
1.552839657172629062e+00
1.550029898664438077e+00
1.548397949013395225e+00
1.548374523149473658e+00
1.550733431952896257e+00
1.558470767123510070e+00
1.196573471589070570e+00
2.916814752658980145e-02
1.760339975586433861e-02
1.018135798317950855e-02
4.781749964901689000e-03
4.046456958452797521e-03
1.290387294254265460e-01
1.538688745212448916e+00
1.543863465074127861e+00
1.545357315898334694e+00
1.547089559238807199e+00
1.549610040153165835e+00
1.552916114191259078e+00
1.556855009030666093e+00
1.561236999517998436e+00
1.565877762925987238e+00
1.570614907992198939e+00
1.566280405742827675e+00
1.561735272441735489e+00
1.557436417332661582e+00
1.553464939032611625e+00
1.549891619075503657e+00
1.546774754438256183e+00
1.544150934600269087e+00
1.542014689474277223e+00
1.540275567597862993e+00
1.538652663068945214e+00
1.536331448695327451e+00
1.530229238552437865e+00
1.489930475637530005e+00
3.148215278655770027e-02
3.538353386577871001e-03
3.747087650265335413e-05
3.510288448559596068e-05
3.542255908197902096e-03
3.163249738388967253e-02
1.485017665271104903e+00
1.528153566519088846e+00
1.534470231723557454e+00
1.536802121453014092e+00
1.538410128915721264e+00
1.540152586477502972e+00
1.542324096656930488e+00
1.545017009205180925e+00
1.548232496829048621e+00
1.551926217592990431e+00
1.556030424625539865e+00
1.560464249674760051e+00
1.565136158597511429e+00
1.569940680609768435e+00
1.566841235038912483e+00
1.562179896399139567e+00
1.557859970012796857e+00
1.554114848047501329e+00
1.551223996855886300e+00
1.549525410538605374e+00
1.549467801737836048e+00
1.551874195047442617e+00
1.559944320717108202e+00
1.240586656118702669e+00
2.987039200104812248e-02
1.771457009690938222e-02
1.007153013954163907e-02
4.445743291119004167e-03
3.163552250803095336e-03
1.265639955912058467e-01
1.540925645862454951e+00
1.545282899833217094e+00
1.546622644080072773e+00
1.548350103545498291e+00
1.550918864963979571e+00
1.554294203935496554e+00
1.558311126967216076e+00
1.562775425639125526e+00
1.567500927236254782e+00
1.569268728855092165e+00
1.564485856442560330e+00
1.559857361958053135e+00
1.555479965981317880e+00
1.551438564428801570e+00
1.547808917632035319e+00
1.544654969698378233e+00
1.542018452736519274e+00
1.539896628993031147e+00
1.538196366466254128e+00
1.536622613980274998e+00
1.534315978809774883e+00
1.528010369550543368e+00
1.484829113057002381e+00
3.171054704920697048e-02
3.546285456389330123e-03
3.538384976330600942e-05
3.287019854090179974e-05
3.549518205792420202e-03
3.184425450586511608e-02
1.479426542724778137e+00
1.525821783812694843e+00
1.532374256199174889e+00
1.534705089892127727e+00
1.536274911004684496e+00
1.537990073759057719e+00
1.540159967646739458e+00
1.542879514198111091e+00
1.546146837905927329e+00
1.549912161290463608e+00
1.554101903025641107e+00
1.558630113266570971e+00
1.563401342062166188e+00
1.568307187356849708e+00
1.568373827390793895e+00
1.563614281743403778e+00
1.559200895381954277e+00
1.555368759501637221e+00
1.552399619298543865e+00
1.550637622470761201e+00
1.550548617366296567e+00
1.553003615557202899e+00
1.561397579160539451e+00
1.274308238128680326e+00
3.059163828965865556e-02
1.782315966484757791e-02
9.951222847129832447e-03
4.089848476043707153e-03
2.234408714516908975e-03
1.237411431961184249e-01
1.543162667469030858e+00
1.546704714558516658e+00
1.547887290802971716e+00
1.549606815579814389e+00
1.552220293525044204e+00
1.555661237027123001e+00
1.559753297508094994e+00
1.564298543736698743e+00
1.569109195316616079e+00
1.567572614324816982e+00
1.562700922214216526e+00
1.557984632514819445e+00
1.553523090500256609e+00
1.549404910953036119e+00
1.545710847061613880e+00
1.542510695623557693e+00
1.539851737790070674e+00
1.537734469398751358e+00
1.536063415530139808e+00
1.534528987946623069e+00
1.532224045597878170e+00
1.525683179486143848e+00
1.479246356839198029e+00
3.191811835131550673e-02
3.553365634459438715e-03
3.313958534382833488e-05
3.049014180289236648e-05
3.555799412707391378e-03
3.203250715689567873e-02
1.473323044976610152e+00
1.523389848809133529e+00
1.530211315946125472e+00
1.532554305728160537e+00
1.534095536295140505e+00
1.535792282421400312e+00
1.537969177167337831e+00
1.540723527049607577e+00
1.544050133352540710e+00
1.547893648733363881e+00
1.552174729812360265e+00
1.556802570987425804e+00
1.561678041441713960e+00
1.566689858256759660e+00
1.569886172276716563e+00
1.565025514061462397e+00
1.560517567758795687e+00
1.556599288558809580e+00
1.553554145060202174e+00
1.551731440978474819e+00
1.551613233630338984e+00
1.554117242351190198e+00
1.562824529015112374e+00
1.300912864496277965e+00
3.133141974658412016e-02
1.792823917422970217e-02
9.819126957954039947e-03
3.712093090057223040e-03
1.254916476397880364e-03
1.203006395116196225e-01
1.545393415638038448e+00
1.548125273288354142e+00
1.549148655297974075e+00
1.550857829014724354e+00
1.553512942205199865e+00
1.557016149025679974e+00
1.561180781010391705e+00
1.565806026645433002e+00
1.570702647956391473e+00
1.565889121655345217e+00
1.560925523619453026e+00
1.556117702667109137e+00
1.551567587736619069e+00
1.547367324479409723e+00
1.543602501282570705e+00
1.540348770209003515e+00
1.537659165229114278e+00
1.535537746303275330e+00
1.533886920889627747e+00
1.532382130668329401e+00
1.530065603538436125e+00
1.523256285098434359e+00
1.473152319987852454e+00
3.210206156354619006e-02
3.559455052471884040e-03
3.074723994721124525e-05
2.797330085192695318e-05
3.560997073570550901e-03
3.219544171294997509e-02
1.466669541113474695e+00
1.520864897511135183e+00
1.527989621650888807e+00
1.530357938942579654e+00
1.531879545311506163e+00
1.533565584013347527e+00
1.535756471064850803e+00
1.538551857588851934e+00
1.541943141861187527e+00
1.545869490668518198e+00
1.550246083848281220e+00
1.554977664319580510e+00
1.559961767932683818e+00
1.565084292525741105e+00
1.570210571937124433e+00
1.566416545706742491e+00
1.561812059565980348e+00
1.557807740999428647e+00
1.554688175296690789e+00
1.552806687524410201e+00
1.552660593867844829e+00
1.555213186268844749e+00
1.564222433996017569e+00
1.322459819057649089e+00
3.209093408532334712e-02
1.802911399359388711e-02
9.673541095348013250e-03
3.309431862189313699e-03
2.182615403583349574e-04
1.157248535503631881e-01
1.547616647470902107e+00
1.549544277494964151e+00
1.550407343116015024e+00
1.552104641667922058e+00
1.554798940200927015e+00
1.558361474296085181e+00
1.562596501322097264e+00
1.567301300091253902e+00
1.569307409570027234e+00
1.564213951270746916e+00
1.559155435407172385e+00
1.554252960124997918e+00
1.549611000812532335e+00
1.545324952869533863e+00
1.541484923339794921e+00
1.538172225589637510e+00
1.535445643351096123e+00
1.533312942550784763e+00
1.531674494439952294e+00
1.530190254844297826e+00
1.527848887557687441e+00
1.520736838311911088e+00
1.466509472856391438e+00
3.226058667091977888e-02
3.564451867800708194e-03
2.821742918336910891e-05
2.533156972545899788e-05
3.565044416154731187e-03
3.233216247119044540e-02
1.459419813491142026e+00
1.518252648953952511e+00
1.525715757179317844e+00
1.528122190274373571e+00
1.529632144487835577e+00
1.531313674277811732e+00
1.533523632674882231e+00
1.536364139052696531e+00
1.539823306522839497e+00
1.543835109313408838e+00
1.548309734718202435e+00
1.553148043534618772e+00
1.558244686743960106e+00
1.563482802069120270e+00
1.568724050500260425e+00
1.567793543820577007e+00
1.563089677578530567e+00
1.558998689312902863e+00
1.555805554644223987e+00
1.553866277959634834e+00
1.553692470416487392e+00
1.556292187270292615e+00
1.565591640638662518e+00
1.340304945362646771e+00
3.287283026684183207e-02
1.812518930583697715e-02
9.512298850892083116e-03
2.877708304545280576e-03
8.851727433113647583e-04
1.089696561957045895e-01
1.549836350592227685e+00
1.550965022773775681e+00
1.551667452731123831e+00
1.553352337793677096e+00
1.556084001489795865e+00
1.559703217581886792e+00
1.564006708290646142e+00
1.568791016770950231e+00
1.567728511376478506e+00
1.562539573700042483e+00
1.557383145721797035e+00
1.552383450414192234e+00
1.547647497040898212e+00
1.543273573732630188e+00
1.539355847356161489e+00
1.535980916963004983e+00
1.533213114451742021e+00
1.531063861073299170e+00
1.529431410496304045e+00
1.527959601343539253e+00
1.525580503886426742e+00
1.518130572465349992e+00
1.459271702566778739e+00
3.239281953438566397e-02
3.568289938411049918e-03
2.556206579626337942e-05
2.257791101893352710e-05
3.567907846751741576e-03
3.244256933274920762e-02
1.451518044271433272e+00
1.515557513399536926e+00
1.523394834085520344e+00
1.525851519012287216e+00
1.527356528185341622e+00
1.529038003320747352e+00
1.531270025084214392e+00
1.534157473755025425e+00
1.537685482047423058e+00
1.541783314571269381e+00
1.546356829470961092e+00
1.551303725696736580e+00
1.556516309335016057e+00
1.561875003027881403e+00
1.567237089945761053e+00
1.569165604251668400e+00
1.564358877103604106e+00
1.560180102944974223e+00
1.556913704045079783e+00
1.554916699437643990e+00
1.554713985386026565e+00
1.557358074113873059e+00
1.566935879318876790e+00
1.355357512350421123e+00
3.368119032416166253e-02
1.821586322390210053e-02
9.332666807430866837e-03
2.411520745947636456e-03
2.068200104329274893e-03
9.771712422331468861e-02
1.552062587462026633e+00
1.552395181264600188e+00
1.552937322145523380e+00
1.554610216683975255e+00
1.557377841508542859e+00
1.561051011786217968e+00
1.565420880639048384e+00
1.570284738188547413e+00
1.566143447071598915e+00
1.560855856188533952e+00
1.555598575069356393e+00
1.550499652157264263e+00
1.545668663807269860e+00
1.541206374026110604e+00
1.537210425794999002e+00
1.533772166727636055e+00
1.530961095126299298e+00
1.528792053211495361e+00
1.527160926255257678e+00
1.525694665787048709e+00
1.523265583638543808e+00
1.515441909622305294e+00
1.451383295981054422e+00
3.249867958352867930e-02
3.570936271006442796e-03
2.279414511096451341e-05
1.972617159782247270e-05
3.569583549193671313e-03
3.252722485384209467e-02
1.442897712739476646e+00
1.512782749450043429e+00
1.521030691101541432e+00
1.523548912347619799e+00
1.525054234207435577e+00
1.526738224893893214e+00
1.528993131856946075e+00
1.531927051695009645e+00
1.535522606462629280e+00
1.539704995158591716e+00
1.544376565380993105e+00
1.549432712047644101e+00
1.554764021582707656e+00
1.560248222630276960e+00
1.565737335141737629e+00
1.570544693927804714e+00
1.565631437589573460e+00
1.561363788198758318e+00
1.558024327518577445e+00
1.555968929661911915e+00
1.555734629556137616e+00
1.558418786122064414e+00
1.568263357715572681e+00
1.368232024666094615e+00
3.452206379611576920e-02
1.830055504626964397e-02
9.131199035180649626e-03
1.903854222851545557e-03
3.347910585878487600e-03
7.593372514657309447e-02
1.554313532968663703e+00
1.553848345838058087e+00
1.554230905234870841e+00
1.555892948430487088e+00
1.558695013988633971e+00
1.562418602884056762e+00
1.566851890762535726e+00
1.569797815233528571e+00
1.564539944249028647e+00
1.559150509093386372e+00
1.553789632727873071e+00
1.548590111145076609e+00
1.543664189005704568e+00
1.539114643130877980e+00
1.535041900146071780e+00
1.531541381001773505e+00
1.528687214777232573e+00
1.526497266056593860e+00
1.524864635745456720e+00
1.523398466674528384e+00
1.520907981331657721e+00
1.512674116769592736e+00
1.442777831912076092e+00
3.257874720100471799e-02
3.572387663117053240e-03
1.992753853205507812e-05
1.679082686373122233e-05
3.570093610139445789e-03
3.258722071467387571e-02
1.433480398934187772e+00
1.509930658725574304e+00
1.518626122853578231e+00
1.521216176368717754e+00
1.522725509057738735e+00
1.524412638228244798e+00
1.526689068839249819e+00
1.529666716560228901e+00
1.533326296270278499e+00
1.537589710104999785e+00
1.542356741153687816e+00
1.547521463344608383e+00
1.552973451241512759e+00
1.558587727971289860e+00
1.564209957553861940e+00
1.569646838037477066e+00
1.566922902677408302e+00
1.562566163056594348e+00
1.559154556830817384e+00
1.557039908084458357e+00
1.556769919588899764e+00
1.559488099129875405e+00
1.569588781311732850e+00
1.379334275641499463e+00
3.540463681070040586e-02
1.837887497052357114e-02
8.903524537444475542e-03
1.345412826970641528e-03
4.747636669017745240e-03
2.301013126946738555e-02
1.556618996649463460e+00
1.555346573575030256e+00
1.555569981223019704e+00
1.557222403343673678e+00
1.560056247238325700e+00
1.563824689233604959e+00
1.568316430859861610e+00
1.568256034264130738e+00
1.562903431516054376e+00
1.557409359147787553e+00
1.551942613260914650e+00
1.546641930766093465e+00
1.541622417569032955e+00
1.536988364231066218e+00
1.532842193721676294e+00
1.529282612808239294e+00
1.526387724896272502e+00
1.524177882233821224e+00
1.522542833487250391e+00
1.521072835143768565e+00
1.518510502627455239e+00
1.509829499500743077e+00
1.433376977037230215e+00
3.263413042291134214e-02
3.572666826713157082e-03
1.697676712635407946e-05
1.378680969336457842e-05
3.569481920824595610e-03
3.262405117822122363e-02
1.423174505792529798e+00
1.507002808315762499e+00
1.516183124884975530e+00
1.518854233315821256e+00
1.520369665845649809e+00
1.522058605000612630e+00
1.524353051269144999e+00
1.527369467410305548e+00
1.531087359732413500e+00
1.535426183009878764e+00
1.540284196447027076e+00
1.545555248939216364e+00
1.551128694336593838e+00
1.556876798758362268e+00
1.562637536375714786e+00
1.568205280064641549e+00
1.568253275005428549e+00
1.563809388691274282e+00
1.560328614894967769e+00
1.558154713160550875e+00
1.557843890574487355e+00
1.560588217440667336e+00
1.570656364506218816e+00
1.388910248973671324e+00
3.634269127925993798e-02
1.845078409584635648e-02
8.644031580252623664e-03
7.237104500331627754e-04
6.299667493501128965e-03
1.784645215296187526e-01
1.559025663807976914e+00
1.556924240508947621e+00
1.556987491291452974e+00
1.558630361185070701e+00
1.561490378580958405e+00
1.565294135743318771e+00
1.569835683438255414e+00
1.566664042295741854e+00
1.561216986469055712e+00
1.555616471723852534e+00
1.550042451674783051e+00
1.544641133292669055e+00
1.539530793032073408e+00
1.534816705918430113e+00
1.530602421016373560e+00
1.526989060163508549e+00
1.524057963348005362e+00
1.521831334745443076e+00
1.520194870797244358e+00
1.518718711019453549e+00
1.516075148357995284e+00
1.506909623475302551e+00
1.423089197377997772e+00
3.266633865710133477e-02
3.571818303788231157e-03
1.395677710953707629e-05
1.072926808127232836e-05
3.567810106167158216e-03
3.263949829941426017e-02
1.411873942137005677e+00
1.504000273153766498e+00
1.513703144898791653e+00
1.516463414073891736e+00
1.517985423902349806e+00
1.519672931898905510e+00
1.521979809670529482e+00
1.525027894511864046e+00
1.528796233773260793e+00
1.533202712675979962e+00
1.538145160831421610e+00
1.543518395976433366e+00
1.549212429719977191e+00
1.555096674825795278e+00
1.560999798330683586e+00
1.566700943671724522e+00
1.569647947527990972e+00
1.565122882381515979e+00
1.561580113298212336e+00
1.559349686349592146e+00
1.558992759567508379e+00
1.561753559535216995e+00
1.569249182783811536e+00
1.397075761978489705e+00
3.735596673095410714e-02
1.851655231347455396e-02
8.345397255891036717e-03
2.198431392422466347e-05
8.048573304552303354e-03
9.197683055792725826e-01
1.561604688479141023e+00
1.558633788853453161e+00
1.558532490676584503e+00
1.560162415124381807e+00
1.563037021210095023e+00
1.566859579982047945e+00
1.570156448436281327e+00
1.564999635861993310e+00
1.559461157301303080e+00
1.553754152291716206e+00
1.548072864601554022e+00
1.542572916755249546e+00
1.537376204235719079e+00
1.532588427127054675e+00
1.528313318973972601e+00
1.524653497536744728e+00
1.521692767165779836e+00
1.519454487363147477e+00
1.517819493847111678e+00
1.516336434117354193e+00
1.513603364843089327e+00
1.503915555810867444e+00
1.411808425608977124e+00
3.267716819474814766e-02
3.569904393619695478e-03
1.088277873635933272e-05
7.633435255742797212e-06
3.565153643174905421e-03
3.263553193541318675e-02
1.399456853995969086e+00
1.500923892306591068e+00
1.511187333019081258e+00
1.514043738825782803e+00
1.515571224278283724e+00
1.517252215363851242e+00
1.519563954717825238e+00
1.522634554526661965e+00
1.526443356476361091e+00
1.530907520179159542e+00
1.535925539805691464e+00
1.541394471278574096e+00
1.547205956266156202e+00
1.553226413765304237e+00
1.559273253596167086e+00
1.565106881699763974e+00
1.570453807726212681e+00
1.566545243592778469e+00
1.562955153176188050e+00
1.560676884311209767e+00
1.560270338815195501e+00
1.563036418130537397e+00
1.567725406115427322e+00
1.403832426765425190e+00
3.847169160884194444e-02
1.857651443288780083e-02
7.997887798478006335e-03
7.822447805345329221e-04
1.005567390262230090e-02
1.167167341249530255e+00
1.564463254875160247e+00
1.560554470447071740e+00
1.560277536025168832e+00
1.561883555881590224e+00
1.564750148705379207e+00
1.568563443104947552e+00
1.568441675385904732e+00
1.563236397384666798e+00
1.557613697561906818e+00
1.551802860330517175e+00
1.546016409157998428e+00
1.540421837903474644e+00
1.535145263706486851e+00
1.530292215140282908e+00
1.525965612114990488e+00
1.522268645931627695e+00
1.519286834060416203e+00
1.517043977146761202e+00
1.515415157645300992e+00
1.513926023816177580e+00
1.511096293273442859e+00
1.500848120387490603e+00
1.399412770895079650e+00
3.266860237905005321e-02
3.567001297257914229e-03
7.770023291246701771e-06
4.514424769145573507e-06
3.561598312290472582e-03
3.261422549508564278e-02
1.385784565088931108e+00
1.497774535023184583e+00
1.508636786248522599e+00
1.511595182027952067e+00
1.513125519305050126e+00
1.514793149576539877e+00
1.517100295678634359e+00
1.520182294074214013e+00
1.524019490247688458e+00
1.528529055377658041e+00
1.533611168918914247e+00
1.539166432264418960e+00
1.545089190407053170e+00
1.551242696334448778e+00
1.557430768357271900e+00
1.563390788322614799e+00
1.568826906134159094e+00
1.568126632923733776e+00
1.564516475070538704e+00
1.562210454342511712e+00
1.561756142769024081e+00
1.564515656864813087e+00
1.565999515917642970e+00
1.409066588929226205e+00
3.972740086532128290e-02
1.863087283897393864e-02
7.588315392067278807e-03
1.719476609634042847e-03
1.240610764226250488e-02
1.212631029547396322e+00
1.567763054070864692e+00
1.562805952672619680e+00
1.562329831573395111e+00
1.563886173166925131e+00
1.566702847236222329e+00
1.570460347724129013e+00
1.566572088227549342e+00
1.561343115513136315e+00
1.555649254433462580e+00
1.549741069066956634e+00
1.543854493147887030e+00
1.538171955171155902e+00
1.532824547772810186e+00
1.527916979448791457e+00
1.523550326699654844e+00
1.519827490736783693e+00
1.516835037352652460e+00
1.514596520241702216e+00
1.512980314143512306e+00
1.511487443030448574e+00
1.508555013388218180e+00
1.497708163044219276e+00
1.385763429521677192e+00
3.264272761388947036e-02
3.563195552966292885e-03
4.633704101045201643e-06
1.387149247604714025e-06
3.557237023190431332e-03
3.257768745966809626e-02
1.370700993934492740e+00
1.494553373676051233e+00
1.506052784209379158e+00
1.509117920274658520e+00
1.510647037191774622e+00
1.512292801814071108e+00
1.514584119767097281e+00
1.517664532327908100e+00
1.521516011165269688e+00
1.526056286106754145e+00
1.531188068609473651e+00
1.536816786383775169e+00
1.542840664959409969e+00
1.549119619188297436e+00
1.555441116349474129e+00
1.561514211118415485e+00
1.567014923153219330e+00
1.569931648193612084e+00
1.566349010250003948e+00
1.564055863060619833e+00
1.563567701814130073e+00
1.566310221690980109e+00
1.563942709839082790e+00
1.412527515867568084e+00
4.117623862034991422e-02
1.867976228556302021e-02
7.098469751040391816e-03
2.832037237890623355e-03
1.522025363759870083e-02
1.210922830776171688e+00
1.569842546657325810e+00
1.565569738102300379e+00
1.564848244345968586e+00
1.566301590299790325e+00
1.568993563355349785e+00
1.568972732845608897e+00
1.564498371489744688e+00
1.559283228362402740e+00
1.553539048276068479e+00
1.547545103167776936e+00
1.541567372167115924e+00
1.535806968434023423e+00
1.530400830177243376e+00
1.525452124747048055e+00
1.521059069675121833e+00
1.517323558167343212e+00
1.514332701739218301e+00
1.512109185086757401e+00
1.510513675534436606e+00
1.509020845200615524e+00
1.505980778554964150e+00
1.494496823732127888e+00
1.370704061593660539e+00
3.260166503184663139e-02
3.558580887564074310e-03
1.488793053958316920e-06
1.733729453194229130e-06
3.552167091944329926e-03
3.252800762913449217e-02
1.354032972396586709e+00
1.491262161731883529e+00
1.503437014601005872e+00
1.506612563237344382e+00
1.508135024522140544e+00
1.509748861068145542e+00
1.512011441066878792e+00
1.515075513428230769e+00
1.518925178516924879e+00
1.523478991502885016e+00
1.528642732747198973e+00
1.534327802284548126e+00
1.540437575314133500e+00
1.546828517549054149e+00
1.553268552725824536e+00
1.559431786663235009e+00
1.564957967589598598e+00
1.569549917269912553e+00
1.568567334542539715e+00
1.566363467168904178e+00
1.565879607645428884e+00
1.568600296503523284e+00
1.561360203647367051e+00
1.413786232277049582e+00
4.289503105834766711e-02
1.872337814862820582e-02
6.502734434011406273e-03
4.179863980936879275e-03
1.867066784678284019e-02
1.184805185946463002e+00
1.564790015068692419e+00
1.569123202995992727e+00
1.568069652643582002e+00
1.569316846624034811e+00
1.569838389644336862e+00
1.566462740168173218e+00
1.562161379983405318e+00
1.557014350176471940e+00
1.551250574850449926e+00
1.545188985744005539e+00
1.539134173150693119e+00
1.533310396188261704e+00
1.527861341757501767e+00
1.522887824891420383e+00
1.518484286821224050e+00
1.514751161309352501e+00
1.511775848645101616e+00
1.509579639024327902e+00
1.508014455580272806e+00
1.506526804529466190e+00
1.503375240725655315e+00
1.491215813879716467e+00
1.354061056267745977e+00
3.254751688079444982e-02
3.553255483561649445e-03
1.650080742492450458e-06
4.834140865972284049e-06
3.546487933242828145e-03
3.246721652920422918e-02
1.335592105442100719e+00
1.487903515232578133e+00
1.500791787596195581e+00
1.504080368822944491e+00
1.505589470334024238e+00
1.507159866680017890e+00
1.509379228198032274e+00
1.512410538754147549e+00
1.516240395753964298e+00
1.520788077205652344e+00
1.525962483127057068e+00
1.531681821183308312e+00
1.537855928163718300e+00
1.544337866981972951e+00
1.550872454096057451e+00
1.557090560628879405e+00
1.562583850856755552e+00
1.567028500737259300e+00
1.570266929446540560e+00
1.569348868711127887e+00
1.568953745016375301e+00
1.569931499706206601e+00
1.557956135204079606e+00
1.412177367761232594e+00
4.499467148003290923e-02
1.876152366948295042e-02
5.764429313940663997e-03
5.848675446261227852e-03
2.300521848258797741e-02
1.138442565913835525e+00
1.558084111739781008e+00
1.567698004963386849e+00
1.569242101831373803e+00
1.568393245733235464e+00
1.566431640205548259e+00
1.563493157577956039e+00
1.559491290413554720e+00
1.554487929308364880e+00
1.548747351675043404e+00
1.542644328510992535e+00
1.536532992342200643e+00
1.530665836520138212e+00
1.525194088667328973e+00
1.520215316300411512e+00
1.515819511837098732e+00
1.512105626059759178e+00
1.509161420472304949e+00
1.507006375118306707e+00
1.505482592773867090e+00
1.504006530648441364e+00
1.500740664508264377e+00
1.487867697522972543e+00
1.335645323689623298e+00
3.248232600305387546e-02
3.547319679108115395e-03
4.768616047958493002e-06
7.900268377967890510e-06
3.540299176558647700e-03
3.239725624068488796e-02
1.315179090225059966e+00
1.484481196260092783e+00
1.498120238596969633e+00
1.501523443857316842e+00
1.503011315729975594e+00
1.504525423804600193e+00
1.506685619830224088e+00
1.509666188145087018e+00
1.513456470488641070e+00
1.517975924510553742e+00
1.523135919614548417e+00
1.528861723635921654e+00
1.535070863235527661e+00
1.541613327096096997e+00
1.548207069933308366e+00
1.554429449179162370e+00
1.559806748293742107e+00
1.563966233052226595e+00
1.566760895121575015e+00
1.568268546514153261e+00
1.568403850766739493e+00
1.565673410105251184e+00
1.553277151800755762e+00
1.406717307981230514e+00
4.763361297612376394e-02
1.879199180822719098e-02
4.830164827406399110e-03
7.961516510115007605e-03
2.857830826690318723e-02
1.072548390779268779e+00
1.548799122937603023e+00
1.561038148090046374e+00
1.563358376971077712e+00
1.563258623692055371e+00
1.562145113405997821e+00
1.559930171334203752e+00
1.556407114916377399e+00
1.551649054075719070e+00
1.545988718488827907e+00
1.539880309265014846e+00
1.533741131337821306e+00
1.527857366182138188e+00
1.522388259983084247e+00
1.517427224075270420e+00
1.513059614621414806e+00
1.509383506277308218e+00
1.506487492963119568e+00
1.504388926095373780e+00
1.502918959268750854e+00
1.501462069059297910e+00
1.498080129858230691e+00
1.484456174580884191e+00
1.315256532055959271e+00
3.240804669736830484e-02
3.540874075884303026e-03
7.853046256468794730e-06
1.091892436678156519e-05
3.533699149930789093e-03
3.231996073527711871e-02
1.292591728652754401e+00
1.481000395885452736e+00
1.495426518609952904e+00
1.498944931370984390e+00
1.500402652290125705e+00
1.501846411925714220e+00
1.503930136783782290e+00
1.506840538357315129e+00
1.510569877531299232e+00
1.515036777666158851e+00
1.520153489540603253e+00
1.525851613976477061e+00
1.532057242349952109e+00
1.538618016887659978e+00
1.545221437474172621e+00
1.551378881253247410e+00
1.556526134200000744e+00
1.560201513899976300e+00
1.562227955058820061e+00
1.562846204108651271e+00
1.562388762864362235e+00
1.559544367765258732e+00
1.546617633993735197e+00
1.395980814078599641e+00
5.103942648990533737e-02
1.880796369572053373e-02
3.621124099539364035e-03
1.069612701807548527e-02
3.589543809790093909e-02
9.903325057732116354e-01
1.535456699571008166e+00
1.551423213297786319e+00
1.555030582490092739e+00
1.556314163283613050e+00
1.556670253850237939e+00
1.555612514035058958e+00
1.552816657111909304e+00
1.548436367182243201e+00
1.542929695992624195e+00
1.536863806490703421e+00
1.530735560542373586e+00
1.524870141099171850e+00
1.519434750667265410e+00
1.514517926616605781e+00
1.510201053377612457e+00
1.506582796677385705e+00
1.503753484574421817e+00
1.501728071743444914e+00
1.500325559004038523e+00
1.498896488447355457e+00
1.495397722602987090e+00
1.480986364093091812e+00
1.292691029861675833e+00
3.232652511725372935e-02
3.534018027060512566e-03
1.089006537605657747e-05
1.387743589989086711e-05
3.526783715261301490e-03
3.223704391697262278e-02
1.267638146280199773e+00
1.477468013181534978e+00
1.492715970712881646e+00
1.496349184600822335e+00
1.497766911628077846e+00
1.499125191466101459e+00
1.501113898636569521e+00
1.503933386807764006e+00
1.507579026132476852e+00
1.511967163624175381e+00
1.517008187870063196e+00
1.522637788566284289e+00
1.528790633768445595e+00
1.535313161206077748e+00
1.541859536774744743e+00
1.547860628463359367e+00
1.552626081485880105e+00
1.555536761708739668e+00
1.556292449143572121e+00
1.555296400143598490e+00
1.553608888014475609e+00
1.550455362838075057e+00
1.536858542430086683e+00
1.377932664666915885e+00
5.554950650678967816e-02
1.879569701360879128e-02
2.019720399813616698e-03
1.431241852901955075e-02
4.568013775611870497e-02
9.015064502954570624e-01
1.515675463274873014e+00
1.537128753820717453e+00
1.542932376259569693e+00
1.546743543480551208e+00
1.549602252436658389e+00
1.550349425141109627e+00
1.548616842777315483e+00
1.544781971664952458e+00
1.539520923256461726e+00
1.533559813227427293e+00
1.527493736918012157e+00
1.521691268382364015e+00
1.516326815132973183e+00
1.511483954873299673e+00
1.507242132252838429e+00
1.503703151753854605e+00
1.500960370984080416e+00
1.499026044932066704e+00
1.497705717381864421e+00
1.496314055108227681e+00
1.492698711411994061e+00
1.477465083763481735e+00
1.267754979668395343e+00
3.223948727538494818e-02
3.526848463441735037e-03
1.386692565344332767e-05
1.676370534680033414e-05
3.519645375956768386e-03
3.215009374923241681e-02
1.240156797009144274e+00
1.473892924721723174e+00
1.489995290176834297e+00
1.493741926704773348e+00
1.495109046712391754e+00
1.496365811832822468e+00
1.498239851638533127e+00
1.500946488900333664e+00
1.504484531671465231e+00
1.508766327693211062e+00
1.513696378515160701e+00
1.519210047651057049e+00
1.525248861203410300e+00
1.531659333581693705e+00
1.538060830340129082e+00
1.543787792241821943e+00
1.547974885334173489e+00
1.549733710300479128e+00
1.548449211161148531e+00
1.544588581239025871e+00
1.540454515457497786e+00
1.536606884068263179e+00
1.522202966580643579e+00
1.349809463884179328e+00
6.168772840528981283e-02
1.873450954542833433e-02
1.502854181859559449e-04
1.919532672292361547e-02
5.897285369101988584e-02
8.209301157172260721e-01
1.485665937033090245e+00
1.515339104476830734e+00
1.524931500100810355e+00
1.533338011333852391e+00
1.540413366315791732e+00
1.543919500056935012e+00
1.543694071112210242e+00
1.540611136741395049e+00
1.535708763759003892e+00
1.529932345762348156e+00
1.523994950497543188e+00
1.518311017341348546e+00
1.513060846805835302e+00
1.508324411414125654e+00
1.504183265117448265e+00
1.500746119256258337e+00
1.498110911730961670e+00
1.496286739753578177e+00
1.495064263245995395e+00
1.493720393437987681e+00
1.489989708695855120e+00
1.473901120566390999e+00
1.240284312176411774e+00
3.214853318661866494e-02
3.519458993218916448e-03
1.677142738334708188e-05
1.956619070363069799e-05
3.512372640835861957e-03
3.206057100261947013e-02
1.210044381514442602e+00
1.470286237033305188e+00
1.487272664480879136e+00
1.491130393563643963e+00
1.492435703516646006e+00
1.493574221829971016e+00
1.495313012770523198e+00
1.497883817567332798e+00
1.501289493928877006e+00
1.505436659508469832e+00
1.510218695077901518e+00
1.515563382120376446e+00
1.521414325265019629e+00
1.527618655674559900e+00
1.533761489562036395e+00
1.539064925041977672e+00
1.542424703306135569e+00
1.542508966831298345e+00
1.538019097637613797e+00
1.529128570701165479e+00
1.520214637046471307e+00
1.514978893696726781e+00
1.499787078109291016e+00
1.308443379707800780e+00
7.029741415756536604e-02
1.860123587184030203e-02
3.151617289147948860e-03
2.591661399516584363e-02
7.726564615324903185e-02
7.613739850848334489e-01
1.439797370100583063e+00
1.481493597146569030e+00
1.497536150093880636e+00
1.514281068423607213e+00
1.528418883029592612e+00
1.536069811409053187e+00
1.537923804487275392e+00
1.535841610240030741e+00
1.531435845089583081e+00
1.525946211579051415e+00
1.520222421543179658e+00
1.514724412992754843e+00
1.509637247740928112e+00
1.505041384944407756e+00
1.501027247840635015e+00
1.497715397213035704e+00
1.495209894112073057e+00
1.493515922851479161e+00
1.492407701775094742e+00
1.491122629954400702e+00
1.487278811803453227e+00
1.470305484711873723e+00
1.210172673987183645e+00
3.205513551094180819e-02
3.511939265112907702e-03
1.959195726148567818e-05
2.227396521575433644e-05
3.505049573540335115e-03
3.196981130401888027e-02
1.177291403101487388e+00
1.466661511756822689e+00
1.484557887974749191e+00
1.488523455303060405e+00
1.489755379032545068e+00
1.490758480304120281e+00
1.492340732100199130e+00
1.494751853270271935e+00
1.497999788887719008e+00
1.501984081097023305e+00
1.506580938338350384e+00
1.511699999697335040e+00
1.517277313151100815e+00
1.523158500021709383e+00
1.528896930675959887e+00
1.533588439554623317e+00
1.535810532120854166e+00
1.533529074720727747e+00
1.524088179215948413e+00
1.506388494706986547e+00
1.488185353016510559e+00
1.480517091409656594e+00
1.465281767749978092e+00
1.251982130002318172e+00
8.275488891439762573e-02
1.838247018654827480e-02
7.367051437090216780e-03
3.531226569673846100e-02
1.026662712395815524e-01
7.286501177430861897e-01
1.371460922038587160e+00
1.428618258975666189e+00
1.454973101847929273e+00
1.486792525340496995e+00
1.512730749012459963e+00
1.526513182029212601e+00
1.531168152466016119e+00
1.530382563674387741e+00
1.526642653001313965e+00
1.521570207902057659e+00
1.516166390267458475e+00
1.510933193253825024e+00
1.506061310842841561e+00
1.501640332241263920e+00
1.497779546156774666e+00
1.494617123181263274e+00
1.492264396762958967e+00
1.490721446012126306e+00
1.489744374444420316e+00
1.488529516500528782e+00
1.484575719172556374e+00
1.466691636839369428e+00
1.177407155910253245e+00
3.196064163049639612e-02
3.504374510415284028e-03
2.231747638491216309e-05
2.487667191690445709e-05
3.497755511331556051e-03
3.187902961426666154e-02
1.142022341083138048e+00
1.463034950638700149e+00
1.481862444596186990e+00
1.485931710293307395e+00
1.487078558930246874e+00
1.487928960973665893e+00
1.489332971612681300e+00
1.491559910763091912e+00
1.494624387064268589e+00
1.498418377762286147e+00
1.502794848422363883e+00
1.507631535195192329e+00
1.512840435898171743e+00
1.518257444992253680e+00
1.523406852148108115e+00
1.527248066784064884e+00
1.527947624658027248e+00
1.522402579599361205e+00
1.505421319089178978e+00
1.472249073381336926e+00
1.436058668263895610e+00
1.425226375943455359e+00
1.413187241896840085e+00
1.183967667082630015e+00
1.013029998138149229e-01
1.810472014886463712e-02
1.332386439388271414e-02
4.855525719346952956e-02
1.380802601330641255e-01
7.231334321526462494e-01
1.278581246821189676e+00
1.348093297457642281e+00
1.387951479267480304e+00
1.446536404572761336e+00
1.492187717005014180e+00
1.514919097429512362e+00
1.523270072201630576e+00
1.524133907039499691e+00
1.521271421468928464e+00
1.516782552820621799e+00
1.511828379819610380e+00
1.506947993868284152e+00
1.502343995181717462e+00
1.498130407321825563e+00
1.494448612612371718e+00
1.491460202590594086e+00
1.489284071434800349e+00
1.487913454107144151e+00
1.487084599334074220e+00
1.485951526376297904e+00
1.481891814922922324e+00
1.463075675568451306e+00
1.142108842593151374e+00
3.186627798438020770e-02
3.496845238988394340e-03
2.493754291800644225e-05
2.736455445380279365e-05
3.490564895747515477e-03
3.178932606961886592e-02
1.104533407516463672e+00
1.459425524927114637e+00
1.479199550625678761e+00
1.483367543535144328e+00
1.484417825286601378e+00
1.485098540696723424e+00
1.486302593186636267e+00
1.488320504790450416e+00
1.491175715562302662e+00
1.494753474887950517e+00
1.498878613417891303e+00
1.503381118557194585e+00
1.508124088008915953e+00
1.512914325438873719e+00
1.517244821234294827e+00
1.519931599940962386e+00
1.518627203305840778e+00
1.508664082080036550e+00
1.480332626327033330e+00
1.419852255564818755e+00
1.349749173616808573e+00
1.339127759080846580e+00
1.340089996676792072e+00
1.117370524608986671e+00
1.295832017867039054e-01
1.791126891955021130e-02
2.165869942884809940e-02
6.716326996500673885e-02
1.874101841507617161e-01
7.432653536684538098e-01
1.174744144883540065e+00
1.236425792093465592e+00
1.283740217236136516e+00
1.386711112784812627e+00
1.465239823779907358e+00
1.500891065616881681e+00
1.514043883673704682e+00
1.516988339818554410e+00
1.515274483148690843e+00
1.511579485433257375e+00
1.507226585487293491e+00
1.502790451567074914e+00
1.498502453646748833e+00
1.494524739698633642e+00
1.491046250711294485e+00
1.488256678954671619e+00
1.486281435985682187e+00
1.485104577775115064e+00
1.484440782231691180e+00
1.483400915307720558e+00
1.479240213757390565e+00
1.459476469897751594e+00
1.104571170245614242e+00
3.177315592518951265e-02
3.489427066180398208e-03
2.744229580173689764e-05
2.972844399679759733e-05
3.483547211010874604e-03
3.170169276282502197e-02
1.065316734552584466e+00
1.455855031495232765e+00
1.476584148801980856e+00
1.480845139634645591e+00
1.481787922048307005e+00
1.482282755399414897e+00
1.483265640600342161e+00
1.485049750099075805e+00
1.487670079906635801e+00
1.491007693638886966e+00
1.494857010499306860e+00
1.498984797309956374e+00
1.503172325874116755e+00
1.507160931999197651e+00
1.510395417292653475e+00
1.511538051569868868e+00
1.507613938228173245e+00
1.491744405828954623e+00
1.446485165416541374e+00
1.337967774629717166e+00
1.211392281706512586e+00
1.219696207786190367e+00
1.253547373134615173e+00
1.071373002159875520e+00
1.734932625662934103e-01
1.823529959700283948e-02
3.288713361379753952e-02
9.277629621203514754e-02
2.557832375181113838e-01
7.877697430402221812e-01
1.089235894705325114e+00
1.109794592175759487e+00
1.134779957691656849e+00
1.297193232988064215e+00
1.429752051231315102e+00
1.483923173140084373e+00
1.503265926424982357e+00
1.508841568817529843e+00
1.508630296243757662e+00
1.505987737220890077e+00
1.502401855363943328e+00
1.498494726055280557e+00
1.494560200719394105e+00
1.490840694641053732e+00
1.487588043688471195e+00
1.485022141956331643e+00
1.483272163843367686e+00
1.482310095046972753e+00
1.481827486176327424e+00
1.480891737370526373e+00
1.476635757464382470e+00
1.455915718649083201e+00
1.065284865558905336e+00
3.168227836850168178e-02
3.482190653327540096e-03
2.982247405619110528e-05
3.195976288669608620e-05
3.476766913931545952e-03
3.161702105633600740e-02
1.025058190785657297e+00
1.452348056490948336e+00
1.474032844646606444e+00
1.478380439792883916e+00
1.479205763037037435e+00
1.479499903492196511e+00
1.480241590199570245e+00
1.481767780507854848e+00
1.484128154098135033e+00
1.487204041128991294e+00
1.490761173563147635e+00
1.494491733118327614e+00
1.498057812084845342e+00
1.501077786480690568e+00
1.502902250259290140e+00
1.502008798485979568e+00
1.494658568563228318e+00
1.470931083982386145e+00
1.400610080964170834e+00
1.211164485062070195e+00
1.023463982549886575e+00
1.090788067665799055e+00
1.178536831709909860e+00
1.061638203642369049e+00
2.424886639367400121e-01
2.005749668463843727e-02
4.669239963178167113e-02
1.262804272775283621e-01
3.497768130713879153e-01
8.566283010784330187e-01
1.044979625644513410e+00
1.002635547477502165e+00
9.614024531493339243e-01
1.166563359372693620e+00
1.382708916850649894e+00
1.463340466655977057e+00
1.490679621183039760e+00
1.499620773510936367e+00
1.501370824742047416e+00
1.500080519189354256e+00
1.497422964127125500e+00
1.494107839426400242e+00
1.490546904203892353e+00
1.487100173486515464e+00
1.484093857660318205e+00
1.481776158975254942e+00
1.480275344762706613e+00
1.479548041645304846e+00
1.479261444158769701e+00
1.478439805157016673e+00
1.474094953755587190e+00
1.452417917682900850e+00
1.024936458058534505e+00
3.159454707896089398e-02
3.475201617225409049e-03
3.206940122586700477e-05
3.405053256067633874e-05
3.470283440174182915e-03
3.153610869022424601e-02
9.845998869987820923e-01
1.448931829172264374e+00
1.471563774865486174e+00
1.475991033351796933e+00
1.476690364450227388e+00
1.476771072808203744e+00
1.477253534802087431e+00
1.478499153083407514e+00
1.480575535926893282e+00
1.483370589004916473e+00
1.486628116455617654e+00
1.489962754030790038e+00
1.492883713499195908e+00
1.494810051558284725e+00
1.494908090018137958e+00
1.491390445934753561e+00
1.479559117604213769e+00
1.445369309041767192e+00
1.338337419967617903e+00
1.032973474182056206e+00
8.392038083641379931e-01
9.944308814495405047e-01
1.144149279034295974e+00
1.096259955575288769e+00
3.513929868955448788e-01
2.482538331814734822e-02
6.043758590209338810e-02
1.654052201292939006e-01
4.774708180978508021e-01
9.516609030912336342e-01
1.048265349443149308e+00
9.382620093442997078e-01
8.081373837118972503e-01
9.952752737184409337e-01
1.320005130843874497e+00
1.438275763791222017e+00
1.476049758107596421e+00
1.489345935559170053e+00
1.493622112713762329e+00
1.493994333614091952e+00
1.492389055617271865e+00
1.489688365736165698e+00
1.486497926365762501e+00
1.483330012228580186e+00
1.480588417376760280e+00
1.478542697055409638e+00
1.477313681108746390e+00
1.476839245824064006e+00
1.476761496744253277e+00
1.476062584509140629e+00
1.471635847312929846e+00
1.449010217006007073e+00
9.843711330361252232e-01
3.151076973286363186e-02
3.468520509533541338e-03
3.417500267851450511e-05
3.599333692096950277e-05
3.464151663909798180e-03
3.145966530395386679e-02
9.448687267837933002e-01
1.445635950238528089e+00
1.469196400634727340e+00
1.473695972706847934e+00
1.474262687572866604e+00
1.474120058117513565e+00
1.474328263088886315e+00
1.475273173288001782e+00
1.477043344591947971e+00
1.479540975275578152e+00
1.482500224945949130e+00
1.485467321622924830e+00
1.487780222965784382e+00
1.488577275415403189e+00
1.486701433017395546e+00
1.479940117607414729e+00
1.462330685151321807e+00
1.414280055038524608e+00
1.255242720420971292e+00
8.375464758453129432e-01
7.062727848309989787e-01
9.533382506203507134e-01
1.168062027592723595e+00
1.179514032435029725e+00
5.234371983433875331e-01
3.258105035893901769e-02
6.779663777764817489e-02
1.999753313896874274e-01
6.480969370655179640e-01
1.077292224384905461e+00
1.100945857308338161e+00
9.205423277163683471e-01
6.968290179872324019e-01
8.155166915527547467e-01
1.237409014850076039e+00
1.407864278585374551e+00
1.459328584501761616e+00
1.478236469096019912e+00
1.485653243768259912e+00
1.487940443043353378e+00
1.487426786864563200e+00
1.485303474867579077e+00
1.482453837697587984e+00
1.479562516258664528e+00
1.477101933591383753e+00
1.475350471551712728e+00
1.474413581018373609e+00
1.474207254954882806e+00
1.474348439569365565e+00
1.473779012846390346e+00
1.469277815262412190e+00
1.445722152340886746e+00
9.445210433141314477e-01
3.143166541127314501e-02
3.462203270270774579e-03
3.613177094251601338e-05
3.778141229802001454e-05
3.458420993855510720e-03
3.138832243627528301e-02
9.067855001224587319e-01
1.442491970889222541e+00
1.466951228204886437e+00
1.471515498044049908e+00
1.471945381205759462e+00
1.471573136737011067e+00
1.471496182095645144e+00
1.472124070994937028e+00
1.473568763645021873e+00
1.475755072672099155e+00
1.478424880294585630e+00
1.481079571748608270e+00
1.482894444445442605e+00
1.482667895339995878e+00
1.478751474619621975e+00
1.468260853575262592e+00
1.443541517718346823e+00
1.377775041724975225e+00
1.152253584374725026e+00
6.826525519143895604e-01
6.233873579290529765e-01
9.732268527074697806e-01
1.267022445997987745e+00
1.316089413248817452e+00
7.990608592317233194e-01
3.709727975421024670e-02
6.180596069004683224e-02
2.074723471816903031e-01
8.720248710669330494e-01
1.241448554071094890e+00
1.217232256545466074e+00
9.524463626036951958e-01
6.221751493407225997e-01
6.718560336023732260e-01
1.135791037140579718e+00
1.372050032514285034e+00
1.440997868130105886e+00
1.466853729020076491e+00
1.477916363166584146e+00
1.482201658427078295e+00
1.482680650278411782e+00
1.481024975736387583e+00
1.478460084077234837e+00
1.475836174596928174e+00
1.473670689785478993e+00
1.472233147822369803e+00
1.471605096978926497e+00
1.471678119607713775e+00
1.472044770486043541e+00
1.471609227045044932e+00
1.467041289400324411e+00
1.442585227409405091e+00
9.063135622347157083e-01
3.135787411808438341e-02
3.456300427540668924e-03
3.793285074411563933e-05
3.940853380563472439e-05
3.453136482741955664e-03
3.132263504302623680e-02
8.711775226891657065e-01
1.439532841728505819e+00
1.464849435331202709e+00
1.469470688677939618e+00
1.469762389788660251e+00
1.469158701413886714e+00
1.468790997438350621e+00
1.469090965025295015e+00
1.470195365051851777e+00
1.472059768005675062e+00
1.474454416081612651e+00
1.476874166841837699e+00
1.478374999128157619e+00
1.477410439022691202e+00
1.471700246180405847e+00
1.457405972302511010e+00
1.424756334977366645e+00
1.338545529396788503e+00
1.046142793662729886e+00
5.900523028426665206e-01
5.787537691286471775e-01
1.074327606245731426e+00
1.485915172049604216e+00
1.510451829373943733e+00
1.239921404696366025e+00
2.439004446949562255e-02
4.423549405215915220e-02
1.618476982734104175e-01
1.164218709505436378e+00
1.453444456695715647e+00
1.447943120468599298e+00
1.058423928333787067e+00
5.780997562080402163e-01
5.829593973909134030e-01
1.031450968000678703e+00
1.333326805512857316e+00
1.422539813469874570e+00
1.456220645967570837e+00
1.471046031048939495e+00
1.477105499988127679e+00
1.478297581121809978e+00
1.476925163366226146e+00
1.474567004855183328e+00
1.472196511737583036e+00
1.470337418514864991e+00
1.469229333108256874e+00
1.468921623364234152e+00
1.469280032503961442e+00
1.469874303499988377e+00
1.469574215438001596e+00
1.464947385799463042e+00
1.439632362100969010e+00
8.705827694468633027e-01
3.128995944473117463e-02
3.450857879034812704e-03
3.957194561029998749e-05
4.086905137383369245e-05
3.448339154670327679e-03
3.126308688464665003e-02
8.387162226635418438e-01
1.436792210353682764e+00
1.462912431068246644e+00
1.467583014563959676e+00
1.467738457762088000e+00
1.466906684468406885e+00
1.466249163619604223e+00
1.466217421185368464e+00
1.466973161022317118e+00
1.468509475103814355e+00
1.470646702563595420e+00
1.472922527460108766e+00
1.474354504045220393e+00
1.473122225995532997e+00
1.466278200465988224e+00
1.448839940894623979e+00
1.408771134855419049e+00
1.303347764389238383e+00
9.677405262025804422e-01
5.541155899184975198e-01
5.764223638305738806e-01
1.294599180699568475e+00
1.278581664887226577e+00
1.390309656069259381e+00
1.377886521689155597e+00
1.261027038369118107e-02
2.641986962209494361e-02
7.050060729187435093e-02
1.545581277183767366e+00
1.435301605121069635e+00
1.299894985827108718e+00
1.284424918634872848e+00
5.732866583510740632e-01
5.474629255193422805e-01
9.547638579531203540e-01
1.298387344099578788e+00
1.406724812925872259e+00
1.447803283062439439e+00
1.465781382449698356e+00
1.472973186906980869e+00
1.474409080979005804e+00
1.473073071593215877e+00
1.470830507788017050e+00
1.468696708035350795e+00
1.467151399431642300e+00
1.466382170467475765e+00
1.466399354596490623e+00
1.467042763301002140e+00
1.467861672543004703e+00
1.467695373938259662e+00
1.463017462543441338e+00
1.436897193816284002e+00
8.380059793955026981e-01
3.122841202671406205e-02
3.445917683483918064e-03
4.104330772565201429e-05
4.215812656477372885e-05
3.444062959585428383e-03
3.121010530934969357e-02
8.098907250975957428e-01
1.434303568300864029e+00
1.461161360625421901e+00
1.465873800964156315e+00
1.465898521333132587e+00
1.464847791902068819e+00
1.463909022392359649e+00
1.463550580258391021e+00
1.463958040700669372e+00
1.465166288846081688e+00
1.467065736660351893e+00
1.469290864848117995e+00
1.470932079768775491e+00
1.470047835064022257e+00
1.463138665184136489e+00
1.444140707953534664e+00
1.399175071993767894e+00
1.281572683814542701e+00
9.371494495099208510e-01
5.624316145498067243e-01
6.443260957883937268e-01
1.437875353011748514e+00
9.494523471240533530e-01
1.158993765173414348e+00
9.734371960044451155e-01
5.391357989297877046e-02
1.586036231620881198e-02
9.567131836717920196e-03
1.147375949626985081e+00
1.196703085134818823e+00
9.648891726021521231e-01
1.435251217183720618e+00
6.383549351366274438e-01
5.559506498882056391e-01
9.259915070855367913e-01
1.276835212256050900e+00
1.397220727621479641e+00
1.443228157526688094e+00
1.462801205461038201e+00
1.470056197767692696e+00
1.471113291706125148e+00
1.469532511217261028e+00
1.467312851037334109e+00
1.465397838168615019e+00
1.464167964418182422e+00
1.463738480461946878e+00
1.464076440118300404e+00
1.464996891372030596e+00
1.466031728636446152e+00
1.465993968169046369e+00
1.461272627344129660e+00
1.434413220715192283e+00
8.090766496947101594e-01
3.117366627943445045e-02
3.441514543006331424e-03
4.234205006258545413e-05
4.327109211646738726e-05
3.440341544832328530e-03
3.116404140464652112e-02
7.850151994976420911e-01
1.432099361029866458e+00
1.459616509210897695e+00
1.464363678042973405e+00
1.464266947399414764e+00
1.463012615346549694e+00
1.461809560972921362e+00
1.461139837490293747e+00
1.461210347027383838e+00
1.462099368972109792e+00
1.463781819920969784e+00
1.466039854917678298e+00
1.468160207885135904e+00
1.468298574558452030e+00
1.462661159929993682e+00
1.444454229362570619e+00
1.399041596553940447e+00
1.280692128364442794e+00
9.539203246143825865e-01
5.986172792873740711e-01
8.119867497402880607e-01
1.406280064080107417e+00
7.989569852676025041e-01
1.018511305111219345e+00
6.780873193264044252e-01
6.602441069573428134e-02
1.139722698156935346e-02
3.646689505291947353e-02
7.448289942241649308e-01
1.053472331306677168e+00
8.171630904342036539e-01
1.405001192594563575e+00
8.046048024517825636e-01
5.929857220511232097e-01
9.449942084118198027e-01
1.276493017796255014e+00
1.397276624836098158e+00
1.443728391362275376e+00
1.462518314785702600e+00
1.468472684256426852e+00
1.468461203913993485e+00
1.466361950912499434e+00
1.464082981199973821e+00
1.462368372175406828e+00
1.461447105227626775e+00
1.461347461545807080e+00
1.461991741763047248e+00
1.463172921680470084e+00
1.464408776259505496e+00
1.464490584338598245e+00
1.459733139378956102e+00
1.432212909710001814e+00
7.841116323965041657e-01
3.112607879856999979e-02
3.437682936153150723e-03
4.346340942455159456e-05
4.420454020150100269e-05
3.437198553092910697e-03
3.112520936458760407e-02
7.642589247482830528e-01
1.430209927133744063e+00
1.458296763564718157e+00
1.463071901646817441e+00
1.462866799245275518e+00
1.461430476347667318e+00
1.459989032280557097e+00
1.459034788913905256e+00
1.458792793399195320e+00
1.459382692796717285e+00
1.460871165880370581e+00
1.463224713802347088e+00
1.466039584079130043e+00
1.467805904545713247e+00
1.464782766909598744e+00
1.449943433261037917e+00
1.409244027572293056e+00
1.302072406464284349e+00
1.009217482016285805e+00
6.563155738979175036e-01
1.002380795332155516e+00
1.435875997679104454e+00
7.458805577027245448e-01
9.898291721418839284e-01
4.773282637194840583e-01
5.156786419752051875e-02
9.500010788723834212e-03
2.673100593551443888e-02
4.681202619744317950e-01
1.024054340218831571e+00
7.662585595813544703e-01
1.431556704030315208e+00
9.960363975924690916e-01
6.518850703084515530e-01
1.002974575575077187e+00
1.298966409365359453e+00
1.407954512861485874e+00
1.449551737256157491e+00
1.464896041512807834e+00
1.468156853375045312e+00
1.466451093719281618e+00
1.463614810035656300e+00
1.461216324432363045e+00
1.459681989035788385e+00
1.459051412361996647e+00
1.459258632579486958e+00
1.460183453789934083e+00
1.461600124043508364e+00
1.463015838764675225e+00
1.463204447307839384e+00
1.458417870263957861e+00
1.430326631868046316e+00
7.632813994902482024e-01
3.108596984991543466e-02
3.434446914136652079e-03
4.440396710578728662e-05
4.495492830506545717e-05
3.434658889106486940e-03
3.109384669191067249e-02
7.476872257098091668e-01
1.428662545836108189e+00
1.457218962639414528e+00
1.462015780155735190e+00
1.461718932673100602e+00
1.460128345987803167e+00
1.458483143336800403e+00
1.457282988617032204e+00
1.456767065389561466e+00
1.457091787639259728e+00
1.458412889798510248e+00
1.460896587254686851e+00
1.464520811184721216e+00
1.468307450214264565e+00
1.468901662248838225e+00
1.459497145840646493e+00
1.427536513677776231e+00
1.339365415826704320e+00
1.085710396426732727e+00
7.178160912605827670e-01
1.089574519756877580e+00
1.439248971478872097e+00
7.251373873928831371e-01
1.019379515597155894e+00
3.501561970053759798e-01
3.424767181880821604e-02
8.514028283182527648e-03
1.142768723982337704e-02
2.965840835057338420e-01
1.053886542238394508e+00
7.464029341759573777e-01
1.431406248522386182e+00
1.083538150027489877e+00
7.144743226555945181e-01
1.082449865060618910e+00
1.337896101354991041e+00
1.427075692543153362e+00
1.459616298893643860e+00
1.469334797766451262e+00
1.468841116605658748e+00
1.465029963932228618e+00
1.461341096325098787e+00
1.458791849971340815e+00
1.457414332397131584e+00
1.457042646626142579e+00
1.457519584121546696e+00
1.458687272923444134e+00
1.460305452999021147e+00
1.461873745795619906e+00
1.462152849682657463e+00
1.457343648531760794e+00
1.428781709231308872e+00
7.466514843587930272e-01
3.105357930722879231e-02
3.431832460453516139e-03
4.516006855064911299e-05
4.552005798697008866e-05
3.432737969840002085e-03
3.107015840537129953e-02
7.353011896739111153e-01
1.427480405575338729e+00
1.456397389768912642e+00
1.461210003620038833e+00
1.460841254222153829e+00
1.459129563706261346e+00
1.457323384884761763e+00
1.455927070326677564e+00
1.455190127241201115e+00
1.455298282324246184e+00
1.456484636564643331e+00
1.459101551487068660e+00
1.463517864045829286e+00
1.469373149889815489e+00
1.473914053024813375e+00
1.470798988019390130e+00
1.449048921556494340e+00
1.380795153440277812e+00
1.159178218447776354e+00
7.614014294437199126e-01
1.113801938830716542e+00
1.416445830583870746e+00
7.221594635613934887e-01
1.049887925136162803e+00
2.732137215738307812e-01
2.261415964011201027e-02
8.138457638068429673e-03
4.729885569014966300e-04
1.952348617149979038e-01
1.085790427627809196e+00
7.439737211550482288e-01
1.405617787098119909e+00
1.107167679621367418e+00
7.586994115924541315e-01
1.158777646417257889e+00
1.381139897761513247e+00
1.449628809228402426e+00
1.471539519756168701e+00
1.474696469601557425e+00
1.470079662663608566e+00
1.464107248212376700e+00
1.459586404734791509e+00
1.456887718007837673e+00
1.455637438807463990e+00
1.455478025540332787e+00
1.456173043118596633e+00
1.457534730752463981e+00
1.459312242692165196e+00
1.461000399480142820e+00
1.461350467207682025e+00
1.456524759834522120e+00
1.427601365647367837e+00
7.342225695878041858e-01
3.102911839465555266e-02
3.429854680203699331e-03
4.572955582943881962e-05
4.589781342709572498e-05
3.431450329257383029e-03
3.105428471710409630e-02
7.270724495948281962e-01
1.426681769381947795e+00
1.455843229815473538e+00
1.460666144525196053e+00
1.460247916464037843e+00
1.458452802341113186e+00
1.456535184730014088e+00
1.455002133931002639e+00
1.454109721978711800e+00
1.454064064576571225e+00
1.455155084680145983e+00
1.457879536698547307e+00
1.462928029283977693e+00
1.470489760802761836e+00
1.478414109843672719e+00
1.480833310855149909e+00
1.467781492689354650e+00
1.414782009998790224e+00
1.214272762466339417e+00
7.855822116949204847e-01
1.118101997143830850e+00
1.391639804940821623e+00
7.352508987818077157e-01
1.064298276982490465e+00
2.263205705048629279e-01
1.632108824099745559e-02
8.325286923819378085e-03
6.301526327884138245e-03
1.359456456384859624e-01
1.102514543463327890e+00
7.583845601964617211e-01
1.378678365298654063e+00
1.110652281366326877e+00
7.830748483422572681e-01
1.216338698708902655e+00
1.416610033076937780e+00
1.469292662699268615e+00
1.482148516796113480e+00
1.479504029073837490e+00
1.471334886248516716e+00
1.463575019439365743e+00
1.458390892086716351e+00
1.455573452393659650e+00
1.454413814131698235e+00
1.454405585686872726e+00
1.455254256040259486e+00
1.456751297295546754e+00
1.458639185189553267e+00
1.460409945698478928e+00
1.460808873090980953e+00
1.455972385638822697e+00
1.426803906314167314e+00
7.259657056142913012e-01
3.101272709081706949e-02
3.428529249052009956e-03
4.611020170689503970e-05
4.608702058729728277e-05
3.430804297909916326e-03
3.104632396640216729e-02
7.229682540008626201e-01
1.426279236095921998e+00
1.455564186402681148e+00
1.460392179642008736e+00
1.459948735170321754e+00
1.458111078290268203e+00
1.456136455148420383e+00
1.454533166714056192e+00
1.453560426188498900e+00
1.453434814358597782e+00
1.454476238111107600e+00
1.457260541651270280e+00
1.462660191367392892e+00
1.471189813724104178e+00
1.481072559073397077e+00
1.486727850137581131e+00
1.478543677468749040e+00
1.433226539054159865e+00
1.241874559939008638e+00
7.957537607679276981e-01
1.117927949671552179e+00
1.376268475649025325e+00
7.461061412580793917e-01
1.063926950041614639e+00
2.075185778341131493e-01
1.469594952525923523e-02
9.104152312423277257e-03
9.636038054403805661e-03
1.116326927322667251e-01
1.102998551204636080e+00
7.699558045564041109e-01
1.362718125881924980e+00
1.110622882645863951e+00
7.933145338647040745e-01
1.244037629190346772e+00
1.435422819858595878e+00
1.480466756062671863e+00
1.488357634322843293e+00
1.482340124860163533e+00
1.472113839252603196e+00
1.463338296441196285e+00
1.457785300215536539e+00
1.454902059110745327e+00
1.453789708962686555e+00
1.453860195521664789e+00
1.454788326702451284e+00
1.456354938020251844e+00
1.458299307379697041e+00
1.460112206171192417e+00
1.460536039870186986e+00
1.455694235111500534e+00
1.426401953138267897e+00
7.218475974455595967e-01
3.100450765554718310e-02
3.427864100175787455e-03
4.630087467411711863e-05
