0.000000000000000000e+00
-3.809157044316132436e-12
-7.893940771432449817e-12
-1.203831430357302350e-11
-1.602817311351476495e-11
-1.954884987475037460e-11
-2.217413511565686036e-11
-2.343343926988863041e-11
-2.293287155972504966e-11
-2.049099460320847602e-11
-1.623945668882538453e-11
-1.064371054199382185e-11
-4.424578301608678018e-12
1.600013207899595039e-12
6.700427820959394679e-12
1.038493517106103420e-11
1.246889157422063501e-11
1.305442271374365108e-11
1.244495772821294662e-11
1.103523671783879761e-11
9.213770132356321457e-12
7.298808867767612385e-12
5.511379533260687268e-12
3.977147278908283712e-12
2.744643528540322845e-12
1.808762290348893805e-12
1.132267576442412142e-12
6.619448263371017790e-13
3.388066059476710468e-13
1.032644807942422315e-13
-1.032644807930443747e-13
-3.388066059434905132e-13
-6.619448263299843099e-13
-1.132267576439668875e-12
-1.808762290340693085e-12
-2.744643528534807230e-12
-3.977147278899346284e-12
-5.511379533237836404e-12
-7.298808867748871574e-12
-9.213770132318012655e-12
-1.103523671782871635e-11
-1.244495772819810907e-11
-1.305442271374923455e-11
-1.246889157428050220e-11
-1.038493517108171371e-11
-6.700427821003028456e-12
-1.600013207954292357e-12
4.424578301517274560e-12
1.064371054199940532e-11
1.623945668903838354e-11
2.049099460306620095e-11
2.293287155967283389e-11
2.343343926983010738e-11
2.217413511565779094e-11
1.954884987466812183e-11
1.602817311346296277e-11
1.203831430356961138e-11
7.893940771438847542e-12
3.809157044335842599e-12
0.000000000000000000e+00
0.000000000000000000e+00
-3.824024050783476570e-12
-7.926759751605361173e-12
-1.209741008979038425e-11
-1.612587365941733608e-11
-1.969923828287341627e-11
-2.238963877395528584e-11
-2.372049195214108386e-11
-2.328758210750048728e-11
-2.089639205610325194e-11
-1.666595454690807469e-11
-1.105358841927144090e-11
-4.779680421037288614e-12
1.329743119385579178e-12
6.530553064132532651e-12
1.031441368612850383e-11
1.248255452909202265e-11
1.312856991836722482e-11
1.255375014899242251e-11
1.115586603257581516e-11
9.329383506957149134e-12
7.399207695402323177e-12
5.592154262773082081e-12
4.038072223864953962e-12
2.787990828275241214e-12
1.837912726230140102e-12
1.150741860490455444e-12
6.728150467532893627e-13
3.443846335808249664e-13
1.049656429347407197e-13
-1.049656429331856161e-13
-3.443846335829522908e-13
-6.728150467526108161e-13
-1.150741860486620040e-12
-1.837912726227503464e-12
-2.787990828264768978e-12
-4.038072223855880825e-12
-5.592154262766387088e-12
-7.399207695422304758e-12
-9.329383506934556763e-12
-1.115586603254060828e-11
-1.255375014899769579e-11
-1.312856991834432225e-11
-1.248255452911332255e-11
-1.031441368613253633e-11
-6.530553064059947552e-12
-1.329743119325608583e-12
4.779680421059105503e-12
1.105358841943997895e-11
1.666595454689587377e-11
2.089639205631935287e-11
2.328758210754742978e-11
2.372049195215028624e-11
2.238963877403417819e-11
1.969923828290138531e-11
1.612587365936470671e-11
1.209741008970469351e-11
7.926759751601987827e-12
3.824024050768445147e-12
0.000000000000000000e+00
0.000000000000000000e+00
-3.853811670079641205e-12
-7.992534411805074779e-12
-1.221592151360060579e-11
-1.632197332445598261e-11
-2.000141403614064297e-11
-2.282320368795686061e-11
-2.429886593013680444e-11
-2.400350630544643429e-11
-2.171622047566805861e-11
-1.753036669333106136e-11
-1.188642401368239536e-11
-5.503394075469905603e-12
7.767449752371571087e-13
6.180736279343632880e-12
1.016654091659208525e-11
1.250647182774570848e-11
1.327645337260249168e-11
1.277311261264329266e-11
1.140016819386908679e-11
9.564103247759425274e-12
7.603356630109694671e-12
5.756570795029923290e-12
4.162172977511068233e-12
2.876334882350791112e-12
1.897355100798551908e-12
1.188436719155727705e-12
6.950058565774259100e-13
3.557743001514102675e-13
1.084392523862655769e-13
-1.084392523879215537e-13
-3.557743001463641830e-13
-6.950058565731025989e-13
-1.188436719155440131e-12
-1.897355100807583040e-12
-2.876334882349505104e-12
-4.162172977510738653e-12
-5.756570795018601256e-12
-7.603356630088019954e-12
-9.564103247765293086e-12
-1.140016819386999152e-11
-1.277311261261020544e-11
-1.327645337260523172e-11
-1.250647182770631400e-11
-1.016654091659404980e-11
-6.180736279245818772e-12
-7.767449753424158417e-13
5.503394075522017982e-12
1.188642401376676778e-11
1.753036669320119400e-11
2.171622047565192859e-11
2.400350630544302217e-11
2.429886593016296402e-11
2.282320368786762850e-11
2.000141403609494124e-11
1.632197332444176544e-11
1.221592151363674324e-11
7.992534411830368411e-12
3.853811670069123733e-12
0.000000000000000000e+00
0.000000000000000000e+00
-3.898625738909192124e-12
-8.091535106224862549e-12
-1.239448305445066796e-11
-1.661786191580832616e-11
-2.045816796654289845e-11
-2.347994610389172696e-11
-2.517712447209201325e-11
-2.509372963115833798e-11
-2.296871625670462820e-11
-1.885582050993582312e-11
-1.316881330578341560e-11
-6.623298956113102279e-12
-8.452731163651907099e-14
5.630224295146557614e-12
9.927131574323767762e-12
1.253344998633706571e-11
1.349704145895810920e-11
1.310653636195276583e-11
1.177426724709732115e-11
9.925003865704251342e-12
7.918059737854380793e-12
6.010455786865042561e-12
4.354023557468343231e-12
3.013014151545239093e-12
1.989367871307651961e-12
1.246807903425189738e-12
7.293814234196579927e-13
3.734249827802862395e-13
1.138238727587316423e-13
-1.138238727571987531e-13
-3.734249827847165833e-13
-7.293814234286794313e-13
-1.246807903428186652e-12
-1.989367871313516543e-12
-3.013014151546919304e-12
-4.354023557473739292e-12
-6.010455786862018182e-12
-7.918059737837863030e-12
-9.925003865707663462e-12
-1.177426724706645697e-11
-1.310653636198233754e-11
-1.349704145893189791e-11
-1.253344998634471713e-11
-9.927131574383841754e-12
-5.630224295350147442e-12
8.452731163672586615e-14
6.623298956036588072e-12
1.316881330576418366e-11
1.885582050987936804e-11
2.296871625665313620e-11
2.509372963103167595e-11
2.517712447208094971e-11
2.347994610364336598e-11
2.045816796658332690e-11
1.661786191581375453e-11
1.239448305446958972e-11
8.091535106194980650e-12
3.898625738907011081e-12
0.000000000000000000e+00
0.000000000000000000e+00
-3.958621574185419401e-12
-8.224159747117156642e-12
-1.263403331701560717e-11
-1.701560558788142226e-11
-2.107366817154261119e-11
-2.436754190505143213e-11
-2.636817579176903151e-11
-2.657807643093450122e-11
-2.468165653453335156e-11
-2.067774635782334451e-11
-1.494175128240570213e-11
-8.182186990845249838e-12
-1.293998753404836177e-12
4.846302993558673256e-12
9.573553993981817184e-12
1.255172368336923114e-11
1.378824052457124551e-11
1.355909715847585501e-11
1.228746954946921994e-11
1.042297791323563103e-11
8.353859706132643490e-12
6.362869042739026137e-12
4.620748850903937378e-12
3.203234740435944482e-12
2.117511131073174774e-12
1.328132173855455430e-12
7.772824130712319026e-13
3.980201923352633302e-13
1.213265193467747225e-13
-1.213265193413427147e-13
-3.980201923300954709e-13
-7.772824130679805335e-13
-1.328132173859111503e-12
-2.117511131085343376e-12
-3.203234740436442083e-12
-4.620748850910063684e-12
-6.362869042743898748e-12
-8.353859706139829621e-12
-1.042297791324121450e-11
-1.228746954943964823e-11
-1.355909715843330690e-11
-1.378824052457879354e-11
-1.255172368339404656e-11
-9.573553994028863081e-12
-4.846302993524862249e-12
1.293998753582059623e-12
8.182186990896328241e-12
1.494175128219477108e-11
2.067774635779108447e-11
2.468165653448206636e-11
2.657807643103386629e-11
2.636817579182083369e-11
2.436754190505091515e-11
2.107366817157538822e-11
1.701560558789693190e-11
1.263403331701914853e-11
8.224159747115786624e-12
3.958621574192657232e-12
0.000000000000000000e+00
0.000000000000000000e+00
-4.033999855336221185e-12
-8.390924652906594950e-12
-1.293579914354809077e-11
-1.751792399477679228e-11
-2.185343670851961532e-11
-2.549622529553674466e-11
-2.788934395893444024e-11
-2.848333939022507436e-11
-2.689286350875252628e-11
-2.304477274353506908e-11
-1.726198168410884311e-11
-1.023982607453667441e-11
-2.907986386223972877e-12
3.782289664944834324e-12
9.072995286034975811e-12
1.254368925550905338e-11
1.414616983022717320e-11
1.413722322808695854e-11
1.295239601972929616e-11
1.107307860475259883e-11
8.925456121700397541e-12
6.826504935268524863e-12
4.972361413572175553e-12
3.454325149759842075e-12
2.286798315615589252e-12
1.435615673906194421e-12
8.406026013266096473e-13
4.305331468206905070e-13
1.312441702448387951e-13
-1.312441702450680066e-13
-4.305331468170869399e-13
-8.406026013174759255e-13
-1.435615673882944507e-12
-2.286798315594929124e-12
-3.454325149766168714e-12
-4.972361413553777246e-12
-6.826504935276047037e-12
-8.925456121658030384e-12
-1.107307860474458552e-11
-1.295239601974392692e-11
-1.413722322807667048e-11
-1.414616983010774900e-11
-1.254368925551267230e-11
-9.072995286010780778e-12
-3.782289664804627210e-12
2.907986386240930079e-12
1.023982607456645291e-11
1.726198168396780882e-11
2.304477274349970711e-11
2.689286350856496307e-11
2.848333939034997863e-11
2.788934395898034877e-11
2.549622529576080721e-11
2.185343670854381036e-11
1.751792399481427390e-11
1.293579914352940166e-11
8.390924652909347911e-12
4.033999855344105251e-12
0.000000000000000000e+00
0.000000000000000000e+00
-4.125001148718698191e-12
-8.592452332768530473e-12
-1.330127418888092262e-11
-1.812815888409943015e-11
-2.280431600550757372e-11
-2.687878181469235915e-11
-2.976245486340382472e-11
-3.084357525531712446e-11
-2.965087151327558777e-11
-2.601993220402706160e-11
-2.020384360934504806e-11
-1.287540742616950342e-11
-5.002030405011439482e-12
2.374672176828024383e-12
8.379955374913235221e-12
1.248404592577689099e-11
1.456407078088128102e-11
1.484831613773905527e-11
1.378513680568052930e-11
1.189498818176159904e-11
9.652291718149778930e-12
7.418260304060984359e-12
5.422238559453931734e-12
3.776101498825752995e-12
2.503961211702990133e-12
1.573576826611633823e-12
9.219003192406064778e-13
4.722804138170063548e-13
1.439785964352736906e-13
-1.439785964297849353e-13
-4.722804138148972058e-13
-9.219003192432431160e-13
-1.573576826616168776e-12
-2.503961211699975447e-12
-3.776101498808821641e-12
-5.422238559449304692e-12
-7.418260304070005797e-12
-9.652291718136078751e-12
-1.189498818174996681e-11
-1.378513680569340230e-11
-1.484831613774065794e-11
-1.456407078086814953e-11
-1.248404592576489687e-11
-8.379955374850472892e-12
-2.374672176805070121e-12
5.002030405030051046e-12
1.287540742606941457e-11
2.020384360942652535e-11
2.601993220389181757e-11
2.965087151330164396e-11
3.084357525537130479e-11
2.976245486329008739e-11
2.687878181469835621e-11
2.280431600549082332e-11
1.812815888414632095e-11
1.330127418893171668e-11
8.592452332751870538e-12
4.125001148713334441e-12
0.000000000000000000e+00
0.000000000000000000e+00
-4.231899090189378287e-12
-8.829456206910628375e-12
-1.373219177561613009e-11
-1.885023336244672770e-11
-2.393442288243862498e-11
-2.853053118341047952e-11
-3.201392960481777904e-11
-3.370045718662057611e-11
-3.301575058864989504e-11
-2.968218631827294303e-11
-2.386165386277946751e-11
-1.619076035652476732e-11
-7.674676490201107966e-12
5.392237906609531404e-13
7.432786334426833570e-12
1.233717931925168823e-11
1.503072706317582719e-11
1.570015303190573838e-11
1.480540382094986249e-11
1.291362059492086547e-11
1.055933223179887379e-11
8.159998500614255829e-12
5.987766707448079794e-12
4.181357615368583304e-12
2.777791040018193667e-12
1.747663256272764742e-12
1.024524757279078396e-12
5.249868813221571546e-13
1.600564283012047020e-13
-1.600564283002112168e-13
-5.249868813230800587e-13
-1.024524757282385503e-12
-1.747663256277488719e-12
-2.777791040020529806e-12
-4.181357615378554707e-12
-5.987766707429261435e-12
-8.159998500592891305e-12
-1.055933223179941663e-11
-1.291362059487164823e-11
-1.480540382088492881e-11
-1.570015303188764380e-11
-1.503072706323796914e-11
-1.233717931932096460e-11
-7.432786334275149325e-12
-5.392237907043801225e-13
7.674676490067931888e-12
1.619076035656405840e-11
2.386165386295296865e-11
2.968218631834573493e-11
3.301575058862838834e-11
3.370045718665345654e-11
3.201392960465596183e-11
2.853053118333427550e-11
2.393442288234287882e-11
1.885023336245655047e-11
1.373219177559741513e-11
8.829456206895894221e-12
4.231899090195181476e-12
0.000000000000000000e+00
0.000000000000000000e+00
-4.354992249951601343e-12
-9.102722272356319364e-12
-1.423049182551874658e-11
-1.968860092973268607e-11
-2.525308762018638846e-11
-3.046929435884678773e-11
-3.467487545484423136e-11
-3.710367068465699756e-11
-3.706007663282112902e-11
-3.412827746442853909e-11
-2.835267159655093019e-11
-2.031444097302458383e-11
-1.105238467997256160e-11
-1.834137859755384512e-12
6.149023074869187670e-12
1.205355363456157956e-11
1.552821768594442963e-11
1.669996387767266304e-11
1.603664147111130546e-11
1.415986658254255995e-11
1.167807312434672475e-11
9.079550033794251900e-12
6.691189104653404472e-12
4.686508572172758438e-12
3.119585454003152931e-12
1.965137989936808547e-12
1.152783436851320184e-12
5.908703876246050931e-13
1.801546149093942921e-13
-1.801546149140457694e-13
-5.908703876170090063e-13
-1.152783436830442759e-12
-1.965137989921281139e-12
-3.119585453986554389e-12
-4.686508572156686577e-12
-6.691189104651439918e-12
-9.079550033793153301e-12
-1.167807312435357484e-11
-1.415986658253263378e-11
-1.603664147110510160e-11
-1.669996387772177689e-11
-1.552821768596138683e-11
-1.205355363449509492e-11
-6.149023074759586239e-12
1.834137859659224766e-12
1.105238468008733291e-11
2.031444097308372724e-11
2.835267159645766558e-11
3.412827746408070964e-11
3.706007663298346322e-11
3.710367068445082279e-11
3.467487545472232562e-11
3.046929435879974183e-11
2.525308762024666924e-11
1.968860092974648965e-11
1.423049182549698139e-11
9.102722272382478951e-12
4.354992249940566883e-12
0.000000000000000000e+00
0.000000000000000000e+00
-4.494594714588401260e-12
-9.413087740790077501e-12
-1.479828166403329839e-11
-2.064818327626081717e-11
-2.677077511068394229e-11
-3.271533806647544084e-11
-3.778116215201877121e-11
-4.111133591782009375e-11
-4.187003306961442779e-11
-3.947491192804677576e-11
-3.382069750850512078e-11
-2.540682463843794732e-11
-1.529578813762435854e-11
-4.888052156133089037e-12
4.419162230590596697e-12
1.156478907667292383e-11
1.602875048065563924e-11
1.785302804332261358e-11
1.750603269334336764e-11
1.567148616126170467e-11
1.304781492293265021e-11
1.021200276421656949e-11
7.560707044246846067e-12
5.312431664946712973e-12
3.543738464474076957e-12
2.235262944620186121e-12
1.312170957971753825e-12
6.727597104799941355e-13
2.051364364455521560e-13
-2.051364364407177135e-13
-6.727597104886165241e-13
-1.312170957990355695e-12
-2.235262944635304785e-12
-3.543738464477870356e-12
-5.312431664939998593e-12
-7.560707044278123833e-12
-1.021200276420325706e-11
-1.304781492294451508e-11
-1.567148616126547868e-11
-1.750603269328386234e-11
-1.785302804326502113e-11
-1.602875048058863761e-11
-1.156478907669091501e-11
-4.419162230570537567e-12
4.888052156129366724e-12
1.529578813758713541e-11
2.540682463844973464e-11
3.382069750837008354e-11
3.947491192813218216e-11
4.187003306946822362e-11
4.111133591773179222e-11
3.778116215207067679e-11
3.271533806653044835e-11
2.677077511058416363e-11
2.064818327637817342e-11
1.479828166405790702e-11
9.413087740771104046e-12
4.494594714575625197e-12
0.000000000000000000e+00
0.000000000000000000e+00
-4.651025433911680017e-12
-9.761416701206553525e-12
-1.543779051592865646e-11
-2.173429578111253634e-11
-2.849898479237568298e-11
-3.529128901633744010e-11
-4.137346872859711755e-11
-4.579043444864553188e-11
-4.754662201537876903e-11
-4.586127299921106543e-11
-4.044036262530672554e-11
-3.166635520183057174e-11
-2.060757980737193622e-11
-8.806371061853256211e-12
2.098431576631951089e-12
1.077698133502890127e-11
1.649022070039828826e-11
1.916056360947123473e-11
1.924430162803413769e-11
1.749414569212007844e-11
1.471725731040261560e-11
1.160134904212240268e-11
8.631898465507092661e-12
6.085556604780052827e-12
4.068511054841691890e-12
2.569805196504671974e-12
1.509674916805608351e-12
7.742543153271497753e-13
2.361006295114036112e-13
-2.361006295158066920e-13
-7.742543153296862471e-13
-1.509674916809915506e-12
-2.569805196514756468e-12
-4.068511054857808987e-12
-6.085556604777215856e-12
-8.631898465503615917e-12
-1.160134904210924534e-11
-1.471725731042776706e-11
-1.749414569211097945e-11
-1.924430162801082154e-11
-1.916056360941850197e-11
-1.649022070044212883e-11
-1.077698133501535619e-11
-2.098431576804004656e-12
8.806371061923566563e-12
2.060757980733678104e-11
3.166635520173647994e-11
4.044036262547112768e-11
4.586127299913413763e-11
4.754662201544990657e-11
4.579043444854420225e-11
4.137346872870403065e-11
3.529128901625947833e-11
2.849898479244320159e-11
2.173429578099549028e-11
1.543779051586615262e-11
9.761416701213791356e-12
4.651025433925515905e-12
0.000000000000000000e+00
0.000000000000000000e+00
-4.824596398086608259e-12
-1.014857289558395282e-11
-1.615131755164695223e-11
-2.295255965413183652e-11
-3.045012583566156286e-11
-3.822200904602020757e-11
-4.549728340892026415e-11
-5.121721269480402820e-11
-5.420695382455912682e-11
-5.345185289865058442e-11
-4.842216007352914986e-11
-3.933712588627801883e-11
-2.724236675233527840e-11
-1.382527211275428506e-11
-1.004055678163680684e-12
9.561658629365517462e-12
1.684999582415486568e-11
2.061658007477975653e-11
2.128515905355130004e-11
1.968258057172484729e-11
1.674646929220994361e-11
1.330257294409869562e-11
9.949532396820230571e-12
7.039266132790662808e-12
4.717024570832098461e-12
2.983691587013746531e-12
1.754172169501681223e-12
8.999312994396672538e-13
2.744449875478888715e-13
-2.744449875515946245e-13
-8.999312994383489347e-13
-1.754172169500030093e-12
-2.983691586992992699e-12
-4.717024570820996146e-12
-7.039266132767553450e-12
-9.949532396807189552e-12
-1.330257294407801611e-11
-1.674646929220560091e-11
-1.968258057172339972e-11
-2.128515905352875937e-11
-2.061658007485916587e-11
-1.684999582417420102e-11
-9.561658629326433178e-12
1.004055677999071742e-12
1.382527211280184794e-11
2.724236675242109839e-11
3.933712588604475390e-11
4.842216007350309367e-11
5.345185289897028973e-11
5.420695382452996871e-11
5.121721269495581584e-11
4.549728340909604003e-11
3.822200904607842040e-11
3.045012583553789936e-11
2.295255965412020430e-11
1.615131755167864359e-11
1.014857289556990367e-11
4.824596398100473228e-12
0.000000000000000000e+00
0.000000000000000000e+00
-5.015599728690231636e-12
-1.057538973728852821e-11
-1.694117342158316544e-11
-2.430879972641179275e-11
-3.263736392483493145e-11
-4.153442158863014798e-11
-5.020283638660824408e-11
-5.747752802436435877e-11
-6.198557231448363900e-11
-6.243957773226846259e-11
-5.801826540792845902e-11
-4.871798525026104594e-11
-3.551890069899611217e-11
-2.024746591431828518e-11
-5.139559055778034516e-12
7.743553835902139746e-12
1.701622641839724891e-11
2.220321553366336530e-11
2.366415166794268126e-11
2.230183451483874037e-11
1.920929631442555332e-11
1.538427750341838217e-11
1.156987528910104976e-11
8.215682340633855462e-12
5.518529292315735975e-12
3.495844896510250786e-12
2.056934676054509145e-12
1.055609254728742917e-12
3.219473830684182009e-13
-3.219473830798375747e-13
-1.055609254732998373e-12
-2.056934676043237193e-12
-3.495844896495687884e-12
-5.518529292296788369e-12
-8.215682340633054131e-12
-1.156987528911071743e-11
-1.538427750339483337e-11
-1.920929631442622540e-11
-2.230183451480218933e-11
-2.366415166792034739e-11
-2.220321553366036677e-11
-1.701622641846880003e-11
-7.743553835836792478e-12
5.139559055792096586e-12
2.024746591423143121e-11
3.551890069892807656e-11
4.871798525034479798e-11
5.801826540830834172e-11
6.243957773193180008e-11
6.198557231429504182e-11
5.747752802450518627e-11
5.020283638637601312e-11
4.153442158853802074e-11
3.263736392481518252e-11
2.430879972645237630e-11
1.694117342165037387e-11
1.057538973729499056e-11
5.015599728686693500e-12
0.000000000000000000e+00
0.000000000000000000e+00
-5.224293791186697049e-12
-1.104263775828051152e-11
-1.780961530880141691e-11
-2.580892703124400140e-11
-3.507443601251567226e-11
-4.525727923821348282e-11
-5.554494261578195954e-11
-6.466709621009402565e-11
-7.103575866825940482e-11
-7.304917903337631784e-11
-6.952917452879492256e-11
-6.017337369323149429e-11
-4.583516768702155472e-11
-2.846029772704955414e-11
-1.063842685515062400e-11
5.084073812998512780e-12
1.685569964164339288e-11
2.388386076063026608e-11
2.641654524115935074e-11
2.542847288072420075e-11
2.219626054201482457e-11
1.793196780042146298e-11
1.356360520955667920e-11
9.667932389477770819e-12
6.510017346184949964e-12
4.130249913915370294e-12
2.432276173268497342e-12
1.248686231447528599e-12
3.808696315047843120e-13
-3.808696314922608864e-13
-1.248686231445808806e-12
-2.432276173280216811e-12
-4.130249913967162786e-12
-6.510017346249741471e-12
-9.667932389521753563e-12
-1.356360520956197832e-11
-1.793196780044640765e-11
-2.219626054205153071e-11
-2.542847288073784923e-11
-2.641654524122418102e-11
-2.388386076058487454e-11
-1.685569964153317106e-11
-5.084073813011127284e-12
1.063842685498684223e-11
2.846029772715357211e-11
4.583516768703830513e-11
6.017337369329498040e-11
6.952917452866960470e-11
7.304917903338707119e-11
7.103575866822280208e-11
6.466709620990894399e-11
5.554494261574039371e-11
4.525727923823633368e-11
3.507443601244556871e-11
2.580892703122988763e-11
1.780961530866855102e-11
1.104263775831256477e-11
5.224293791175759525e-12
0.000000000000000000e+00
0.000000000000000000e+00
-5.450888461678470642e-12
-1.155098973082041446e-11
-1.875877566570691026e-11
-2.745880553766075784e-11
-3.777542961844583937e-11
-4.942086182496787380e-11
-6.158272929855277408e-11
-7.289159122382735830e-11
-8.153073982312667331e-11
-8.554073761699820809e-11
-8.331115988857173258e-11
-7.414609696048699049e-11
-5.868689662950098773e-11
-3.895873772636671033e-11
-1.793463557571897613e-11
1.258947560737565900e-12
1.617685223286370614e-11
2.559305198588947795e-11
2.957366953507728823e-11
2.915157495581835327e-11
2.581798910580034577e-11
2.105211601428670274e-11
1.601946820701992963e-11
1.146300579706120989e-11
7.738266407924621142e-12
4.917312844217715709e-12
2.898382411605041260e-12
1.488575964832997684e-12
4.540919289928432636e-13
-4.540919289773623038e-13
-1.488575964847403067e-12
-2.898382411625219944e-12
-4.917312844234362718e-12
-7.738266407919955326e-12
-1.146300579704685055e-11
-1.601946820700894364e-11
-2.105211601431425819e-11
-2.581798910572615801e-11
-2.915157495582031783e-11
-2.957366953512009483e-11
-2.559305198581606568e-11
-1.617685223263106159e-11
-1.258947560942086306e-12
1.793463557610009960e-11
3.895873772634975313e-11
5.868689662931156337e-11
7.414609696062388888e-11
8.331115988874171820e-11
8.554073761713055699e-11
8.153073982307807645e-11
7.289159122367060757e-11
6.158272929870187338e-11
4.942086182505286661e-11
3.777542961832910351e-11
2.745880553761241947e-11
1.875877566559234574e-11
1.155098973084327825e-11
5.450888461685553376e-12
0.000000000000000000e+00
0.000000000000000000e+00
-5.695529708868909253e-12
-1.210098378213387597e-11
-1.979058496078456787e-11
-2.926410270463335286e-11
-4.075452365713874356e-11
-5.405659443488628145e-11
-6.837922067421854445e-11
-8.226654033700109453e-11
-9.366470708021555489e-11
-1.002132891736978353e-10
-9.978450179389545655e-11
-9.117222649469519657e-11
-7.469012019931329886e-11
-5.237448440352204429e-11
-2.759792884628515637e-11
-4.172007700124040738e-12
1.470599468715790296e-11
2.722164254448273497e-11
3.315684081537602457e-11
3.357315294338437048e-11
3.020915165719874418e-11
2.487712900087325642e-11
1.904881992470822937e-11
1.368532715329052991e-11
9.262413392519410966e-12
5.895589945773697461e-12
3.478377687382065214e-12
1.787272673224776142e-12
5.452876224505988924e-13
-5.452876224886908019e-13
-1.787272673207240559e-12
-3.478377687317454654e-12
-5.895589945684478278e-12
-9.262413392437352065e-12
-1.368532715327047078e-11
-1.904881992468845459e-11
-2.487712900087770252e-11
-3.020915165717604841e-11
-3.357315294338943696e-11
-3.315684081544829947e-11
-2.722164254453257261e-11
-1.470599468725530348e-11
4.172007700229299471e-12
2.759792884627440302e-11
5.237448440339300411e-11
7.469012019966236908e-11
9.117222649488338016e-11
9.978450179358402305e-11
1.002132891735133740e-10
9.366470708030344283e-11
8.226654033693140456e-11
6.837922067406965194e-11
5.405659443482755163e-11
4.075452365700928980e-11
2.926410270462632183e-11
1.979058496074295035e-11
1.210098378213016658e-11
5.695529708883520623e-12
0.000000000000000000e+00
0.000000000000000000e+00
-5.958283682230641031e-12
-1.269298489912375512e-11
-2.090668894796876617e-11
-3.123012392011141232e-11
-4.402568841414735511e-11
-5.919657528500746479e-11
-7.600075132579741101e-11
-9.291694960300354206e-11
-1.076535280326654194e-10
-1.174083352850857690e-10
-1.194423876257201716e-10
-1.118982733102311686e-10
-9.460848193405311565e-11
-6.951266978161708460e-11
-4.037585438908582193e-11
-1.180579697878577010e-11
1.205399851477902040e-11
2.859506827009014090e-11
3.716749538465500586e-11
3.880738179685157006e-11
3.553277623294634430e-11
2.957129929109244562e-11
2.279118069612350149e-11
1.644116272041411891e-11
1.115715954422863185e-11
7.113969055935250799e-12
4.201689415866007642e-12
2.160081263750298180e-12
6.591503728436502936e-13
-6.591503728410294074e-13
-2.160081263753867012e-12
-4.201689415882402621e-12
-7.113969055946010609e-12
-1.115715954425702741e-11
-1.644116272039881607e-11
-2.279118069612430282e-11
-2.957129929107900393e-11
-3.553277623295451271e-11
-3.880738179692363817e-11
-3.716749538460185950e-11
-2.859506827009882629e-11
-1.205399851464729189e-11
1.180579697891191515e-11
4.037585438907879090e-11
6.951266978156745376e-11
9.460848193401837407e-11
1.118982733098142696e-10
1.194423876256899795e-10
1.174083352853603930e-10
1.076535280327506190e-10
9.291694960298265575e-11
7.600075132593162107e-11
5.919657528492143800e-11
4.402568841414011728e-11
3.123012392003251997e-11
2.090668894814862625e-11
1.269298489909622552e-11
5.958283682218236553e-12
0.000000000000000000e+00
0.000000000000000000e+00
-6.239120529200838029e-12
-1.332714530323572127e-11
-2.210836119127809049e-11
-3.336163138165559606e-11
-4.760234318624099226e-11
-6.487300442569351629e-11
-8.451617874140248700e-11
-1.049765876541528944e-10
-1.237350102915424232e-10
-1.375130475873424696e-10
-1.428602828465117778e-10
-1.371007004727222305e-10
-1.193860150609533570e-10
-9.139794741935870178e-11
-5.724865458681034810e-11
-2.245161724698352316e-11
7.669566142963285402e-12
2.944149428178636548e-11
4.157142102974867625e-11
4.497758578705033726e-11
4.198459517967096037e-11
3.533771390694467835e-11
2.742086921714990172e-11
1.986393896583408240e-11
1.351668845255303010e-11
8.634384118513621391e-12
5.105776968816244876e-12
2.626554925111915726e-12
8.016878084823925893e-13
-8.016878084391380711e-13
-2.626554925115437706e-12
-5.105776968901195678e-12
-8.634384118602065093e-12
-1.351668845262353432e-11
-1.986393896587453670e-11
-2.742086921712674066e-11
-3.533771390693004760e-11
-4.198459517966682447e-11
-4.497758578710410400e-11
-4.157142102964672624e-11
-2.944149428174769478e-11
-7.669566143119415742e-12
2.245161724688343431e-11
5.724865458683185480e-11
9.139794741931486121e-11
1.193860150608660895e-10
1.371007004728810491e-10
1.428602828465506553e-10
1.375130475872163245e-10
1.237350102915821279e-10
1.049765876544008417e-10
8.451617874117418516e-11
6.487300442580746042e-11
4.760234318641035749e-11
3.336163138174120925e-11
2.210836119128274338e-11
1.332714530318802913e-11
6.239120529176584835e-12
0.000000000000000000e+00
0.000000000000000000e+00
-6.537898195678003121e-12
-1.400336426560160080e-11
-2.339641181793570017e-11
-3.566264856093039216e-11
-5.149697127625368306e-11
-7.111750596361393122e-11
-9.399586668132004552e-11
-1.185868500764440305e-10
-1.421685500525268883e-10
-1.609628867061929412e-10
-1.707054584921351117e-10
-1.677077040392765011e-10
-1.501860975817596818e-10
-1.193320489048869766e-10
-7.950077933092518525e-11
-3.720579401198084060e-11
7.736007367384403738e-13
2.934511096501396556e-11
4.627381697744352010e-11
5.220920429442594265e-11
4.979667236960799193e-11
4.242586424350798076e-11
3.315462430528012044e-11
2.412044418688014744e-11
1.645931680020995560e-11
1.053511671707157175e-11
6.238284649898475908e-12
3.211682500261611754e-12
9.805964621342642526e-13
-9.805964621716133959e-13
-3.211682500237503963e-12
-6.238284649828385276e-12
-1.053511671700007232e-11
-1.645931680013186458e-11
-2.412044418685734827e-11
-3.315462430525825185e-11
-4.242586424352380059e-11
-4.979667236967075426e-11
-5.220920429432606059e-11
-4.627381697744848318e-11
-2.934511096489112924e-11
-7.736007367127977748e-13
3.720579401197835906e-11
7.950077933103065078e-11
1.193320489049800344e-10
1.501860975817137733e-10
1.677077040390903855e-10
1.707054584923108875e-10
1.609628867065320852e-10
1.421685500525376416e-10
1.185868500764415490e-10
9.399586668150305923e-11
7.111750596374834807e-11
5.149697127637021213e-11
3.566264856089844231e-11
2.339641181793564847e-11
1.400336426558071449e-11
6.537898195696559755e-12
0.000000000000000000e+00
0.000000000000000000e+00
-6.854346494739221140e-12
-1.472124801992212661e-11
-2.477109373036288267e-11
-3.813625205785907851e-11
-5.572069348598918140e-11
-7.796033898998649080e-11
-1.045104133439175898e-10
-1.338951234010108860e-10
-1.632339739198908095e-10
-1.882432823732588233e-10
-2.037462059542183850e-10
-2.048229848030132260e-10
-1.884371798560115057e-10
-1.549651802700078483e-10
-1.088137739144120140e-10
-5.755315533478249887e-11
-9.733070877452052068e-12
2.767759609586685645e-11
5.108012113896122960e-11
6.061577233882476777e-11
5.923884719835936537e-11
5.113924302335311797e-11
4.025979664304760739e-11
2.941765446153502891e-11
2.013276159427968786e-11
1.291467651781445132e-11
7.659658694263750602e-12
3.947364462766933774e-12
1.205732731239076323e-12
-1.205732731242691199e-12
-3.947364462810751729e-12
-7.659658694297031697e-12
-1.291467651780939777e-11
-2.013276159426074025e-11
-2.941765446154526527e-11
-4.025979664301105634e-11
-5.113924302335797765e-11
-5.923884719827116724e-11
-6.061577233881732314e-11
-5.108012113897156936e-11
-2.767759609595412401e-11
9.733070877325079844e-12
5.755315533451531953e-11
1.088137739142250712e-10
1.549651802699855144e-10
1.884371798561864544e-10
2.048229848030992528e-10
2.037462059540211024e-10
1.882432823730114963e-10
1.632339739196736746e-10
1.338951234011002215e-10
1.045104133437083131e-10
7.796033899010622519e-11
5.572069348588443965e-11
3.813625205784284509e-11
2.477109373044989173e-11
1.472124801990160219e-11
6.854346494768489117e-12
0.000000000000000000e+00
0.000000000000000000e+00
-7.188051757732737662e-12
-1.548007051828077533e-11
-2.623200777712594722e-11
-4.078435339588668884e-11
-6.028280299487718654e-11
-8.542949573191950295e-11
-1.161291027382937509e-10
-1.510525680711441442e-10
-1.872293609886491905e-10
-2.198899394363131126e-10
-2.428600780141383602e-10
-2.497509318780222783e-10
-2.358856367194320016e-10
-2.003838407871750858e-10
-1.473864476224148616e-10
-8.550403678428074373e-11
-2.539955994378980952e-11
2.349742559391420914e-11
5.563476687943187120e-11
7.027301467578148812e-11
7.061528070362999527e-11
6.184135610802218571e-11
4.906204978330573469e-11
3.600946554132059770e-11
2.471963247138382644e-11
1.589612630455602794e-11
9.446228865968834383e-12
4.874211103871899482e-12
1.489695442745534548e-12
-1.489695442743863223e-12
-4.874211103832685951e-12
-9.446228865907829813e-12
-1.589612630456684591e-11
-2.471963247141960200e-11
-3.600946554133848548e-11
-4.906204978329301678e-11
-6.184135610798578977e-11
-7.061528070358243238e-11
-7.027301467570869622e-11
-5.563476687931689310e-11
-2.349742559393488865e-11
2.539955994375961742e-11
8.550403678465380218e-11
1.473864476226415091e-10
2.003838407873814674e-10
2.358856367194783237e-10
2.497509318782212152e-10
2.428600780142066026e-10
2.198899394362700992e-10
1.872293609889705502e-10
1.510525680711325636e-10
1.161291027380327754e-10
8.542949573170443599e-11
6.028280299482559115e-11
4.078435339598729468e-11
2.623200777708236514e-11
1.548007051833397338e-11
7.188051757702888075e-12
0.000000000000000000e+00
0.000000000000000000e+00
-7.538442407319045631e-12
-1.627873585655477283e-11
-2.777800865397397511e-11
-4.360747410521592076e-11
-6.519026650861479392e-11
-9.354968964487525058e-11
-1.289180644491516534e-10
-1.702112447966831810e-10
-2.144676169899419987e-10
-2.564872510459303480e-10
-2.890402653196547540e-10
-3.040222210084191057e-10
-2.946556503898086081e-10
-2.582176904045928678e-10
-1.980895139161407930e-10
-1.237791291402022211e-10
-4.840777948291148743e-11
1.540177749100469680e-11
5.932573157655107915e-11
8.117301026163992424e-11
8.425124635894200055e-11
7.495702401879349819e-11
5.995030214402462048e-11
4.420172281559849297e-11
3.044220411780034802e-11
1.963144613841803408e-11
1.169365818591695830e-11
6.043674872097059948e-12
1.848533727367273510e-12
-1.848533727307152666e-12
-6.043674872125019299e-12
-1.169365818600237763e-11
-1.963144613843466816e-11
-3.044220411783948400e-11
-4.420172281554162430e-11
-5.995030214398067651e-11
-7.495702401884809211e-11
-8.425124635895854416e-11
-8.117301026163496116e-11
-5.932573157672106477e-11
-1.540177749083181605e-11
4.840777948284655375e-11
1.237791291400516743e-10
1.980895139164931720e-10
2.582176904043074905e-10
2.946556503895513549e-10
3.040222210083934631e-10
2.890402653199649467e-10
2.564872510461433470e-10
2.144676169900214081e-10
1.702112447964296502e-10
1.289180644496473414e-10
9.354968964482210423e-11
6.519026650841316865e-11
4.360747410517104621e-11
2.777800865393788936e-11
1.627873585652843230e-11
7.538442407337599033e-12
0.000000000000000000e+00
0.000000000000000000e+00
-7.904775812807092594e-12
-1.711574326475196953e-11
-2.940711357034070844e-11
-4.660451826591365769e-11
-7.044719879297002287e-11
-1.023412412637616000e-10
-1.429381363103702984e-10
-1.915205198435003405e-10
-2.452715670718183571e-10
-2.986642222875730107e-10
-3.433989547835490341e-10
-3.694182744288719264e-10
-3.673152987768733402e-10
-3.317678230157021874e-10
-2.646632103212300320e-10
-1.760582265905510266e-10
-8.182998001287861230e-11
1.308469141911243018e-12
6.113608728198522918e-11
9.314531705915048428e-11
1.004616977546424291e-10
9.096312189823010262e-11
7.337445194226743217e-11
5.435227131013890881e-11
3.756442481289907299e-11
2.430493465741239109e-11
1.452040179878161267e-11
7.520435776836722841e-12
2.302572652173594640e-12
-2.302572652225887964e-12
-7.520435776791615648e-12
-1.452040179867891303e-11
-2.430493465735665980e-11
-3.756442481283946429e-11
-5.435227131013094720e-11
-7.337445194228904227e-11
-9.096312189815007289e-11
-1.004616977546178204e-10
-9.314531705915668813e-11
-6.113608728185949772e-11
-1.308469142151538986e-12
8.182998001258000010e-11
1.760582265903922079e-10
2.646632103210811394e-10
3.317678230161530008e-10
3.673152987769817009e-10
3.694182744290514246e-10
3.433989547831916921e-10
2.986642222873463633e-10
2.452715670718138076e-10
1.915205198435570024e-10
1.429381363102135477e-10
1.023412412637880698e-10
7.044719879284635937e-11
4.660451826581801493e-11
2.940711357034091523e-11
1.711574326481532639e-11
7.904775812810339924e-12
0.000000000000000000e+00
0.000000000000000000e+00
-8.286126801489705153e-12
-1.798915561936470965e-11
-3.111641595412600162e-11
-4.977254751900049394e-11
-7.605432010276558251e-11
-1.118188755292181470e-10
-1.582424366693806063e-10
-2.151227031557267208e-10
-2.799673428286855069e-10
-3.470872451709756667e-10
-4.071662333311021410e-10
-4.479923212720571810e-10
-4.569469047467627135e-10
-4.251580017664330224e-10
-3.519675442554068562e-10
-2.473136963460822462e-10
-1.299912855460435521e-10
-2.186541866295261560e-11
5.941348900843124129e-11
1.057238300183131829e-10
1.194871640085572968e-10
1.103582525149713908e-10
8.982758953318093770e-11
6.685972813248369003e-11
4.638703017919279415e-11
3.013341651773579424e-11
1.807019900171544386e-11
9.384695594495397843e-12
2.877278069729641884e-12
-2.877278069735283514e-12
-9.384695594512639389e-12
-1.807019900168613065e-11
-3.013341651766597502e-11
-4.638703017916384283e-11
-6.685972813253290728e-11
-8.982758953318341924e-11
-1.103582525148942562e-10
-1.194871640085064252e-10
-1.057238300183069790e-10
-5.941348900853091656e-11
2.186541866288478679e-11
1.299912855462759899e-10
2.473136963462592628e-10
3.519675442554126464e-10
4.251580017660417659e-10
4.569469047467817387e-10
4.479923212718578304e-10
4.071662333314255687e-10
3.470872451708193296e-10
2.799673428285692880e-10
2.151227031558206058e-10
1.582424366693739889e-10
1.118188755289755763e-10
7.605432010275689711e-11
4.977254751890495458e-11
3.111641595416306966e-11
1.798915561937442903e-11
8.286126801491598621e-12
0.000000000000000000e+00
0.000000000000000000e+00
-8.681378207367242203e-12
-1.889657246638225824e-11
-3.290200667657195333e-11
-5.310656433737470387e-11
-8.200840849196284687e-11
-1.219904509351229762e-10
-1.748736678761189084e-10
-2.411478999281418815e-10
-3.188758670451901309e-10
-4.024490321461974529e-10
-4.816828197805383177e-10
-5.420839402564727548e-10
-5.672180841723318485e-10
-5.435087653982619227e-10
-4.662953750783614114e-10
-3.442551373595171343e-10
-1.989794131001494042e-10
-5.867746614771250692e-11
5.151269129332723521e-11
1.179252340224253336e-10
1.413727883140852663e-10
1.335931170653253065e-10
1.097978922513319753e-10
8.212942483414535247e-11
5.722787229344054367e-11
3.735870569695186529e-11
2.251138708342979943e-11
1.173347508327897750e-11
3.603923816981568063e-12
-3.603923816919275870e-12
-1.173347508324014525e-11
-2.251138708344834637e-11
-3.735870569698027377e-11
-5.722787229346024091e-11
-8.212942483409417067e-11
-1.097978922512703504e-10
-1.335931170650922484e-10
-1.413727883141477184e-10
-1.179252340224890265e-10
-5.151269129330572852e-11
5.867746614756857750e-11
1.989794131004571154e-10
3.442551373599671206e-10
4.662953750786567149e-10
5.435087653978086277e-10
5.672180841723086874e-10
5.420839402564338773e-10
4.816828197801867660e-10
4.024490321463132582e-10
3.188758670448894507e-10
2.411478999282279083e-10
1.748736678764270331e-10
1.219904509351517207e-10
8.200840849210594912e-11
5.310656433744470403e-11
3.290200667647098560e-11
1.889657246632089178e-11
8.681378207367940137e-12
0.000000000000000000e+00
0.000000000000000000e+00
-9.089213835227292182e-12
-1.983510856610537602e-11
-3.475890543666515500e-11
-5.659931007168669607e-11
-8.830176145959263463e-11
-1.328556479610849413e-10
-1.928611902193474336e-10
-2.697080919794678800e-10
-3.623022908599211925e-10
-4.654530256961399142e-10
-5.683846644202899622e-10
-6.543229900162583927e-10
-7.024477122980563478e-10
-6.931313947604904473e-10
-6.157578470351266959e-10
-4.759179158539172238e-10
-2.973597306759291193e-10
-1.158589558281083462e-10
3.324177771559251775e-11
1.278845277831521259e-10
1.657507919356086046e-10
1.609308936335813154e-10
1.336646996064030427e-10
1.004960922509753427e-10
7.037303422191737685e-11
4.622362399866414974e-11
2.802856532655712602e-11
1.467896680960362444e-11
4.519528965149540318e-12
-4.519528965070638273e-12
-1.467896680959370474e-11
-2.802856532655231803e-11
-4.622362399872050142e-11
-7.037303422190770917e-11
-1.004960922509237473e-10
-1.336646996064915510e-10
-1.609308936333920979e-10
-1.657507919356433462e-10
-1.278845277831347551e-10
-3.324177771561898753e-11
1.158589558282001632e-10
2.973597306761830638e-10
4.759179158549495452e-10
6.157578470355923986e-10
6.931313947618552953e-10
7.024477122983045019e-10
6.543229900156570323e-10
5.683846644203122961e-10
4.654530256960298992e-10
3.623022908603504993e-10
2.697080919797619427e-10
1.928611902189962954e-10
1.328556479610034640e-10
8.830176145957588422e-11
5.659931007164688801e-11
3.475890543666463801e-11
1.983510856615480006e-11
9.089213835227524826e-12
0.000000000000000000e+00
0.000000000000000000e+00
-9.508114203993503562e-12
-2.080137895499669250e-11
-3.668100504001832733e-11
-6.024108487016879712e-11
-9.492168369766128213e-11
-1.444046516062564035e-10
-2.122179253804808281e-10
-3.008905102545050483e-10
-4.105233167232367569e-10
-5.367926731058016740e-10
-6.687772981514748848e-10
-7.876178096788278749e-10
-8.676581524462188576e-10
-8.817339998317163573e-10
-8.107486091037197473e-10
-6.544341899783378304e-10
-4.371748109425443636e-10
-2.033457247429784482e-10
-1.994810902513226100e-12
1.322611111051698553e-10
1.914624288543804402e-10
1.921876223698845332e-10
1.614963321016015480e-10
1.220682323506828446e-10
8.597303810611049373e-11
5.691546116859743160e-11
3.479801018521897432e-11
1.834008057536526837e-11
5.664989674469323542e-12
-5.664989674589639547e-12
-1.834008057529301931e-11
-3.479801018503753742e-11
-5.691546116843375323e-11
-8.597303810605135032e-11
-1.220682323506718844e-10
-1.614963321015965850e-10
-1.921876223701335146e-10
-1.914624288540371602e-10
-1.322611111050565315e-10
1.994810902677007861e-12
2.033457247427046514e-10
4.371748109427007008e-10
6.544341899787199879e-10
8.107486091023482819e-10
8.817339998318726944e-10
8.676581524446687211e-10
7.876178096788766786e-10
6.687772981518313997e-10
5.367926731059745547e-10
4.105233167231143342e-10
3.008905102546510457e-10
2.122179253803141512e-10
1.444046516062499929e-10
9.492168369814559638e-11
6.024108487011606435e-11
3.668100504018143701e-11
2.080137895499731288e-11
9.508114203977625571e-12
0.000000000000000000e+00
0.000000000000000000e+00
-9.936355409742807553e-12
-2.179149147862083987e-11
-3.866103132032582739e-11
-6.401959700299924931e-11
-1.018500197398840618e-10
-1.566168700706455029e-10
-2.329371698767044196e-10
-3.347504134436929663e-10
-4.637724493622730066e-10
-6.171251051938248875e-10
-7.843978001354558112e-10
-9.451216321661756744e-10
-1.068601606157689545e-09
-1.118624852960641855e-09
-1.064486058077421054e-09
-8.960287456185685050e-10
-6.353342026749542549e-10
-3.357971500817803898e-10
-6.452143730700671075e-11
1.252788973528779723e-10
2.159187018949068094e-10
2.262742437913233519e-10
1.926819094740897638e-10
1.464358551140200284e-10
1.038391798152982128e-10
6.944722381813116247e-11
4.293034360749221937e-11
2.281955163093549968e-11
7.079249650372856055e-12
-7.079249650302471385e-12
-2.281955163105575106e-11
-4.293034360768363413e-11
-6.944722381825425729e-11
-1.038391798153693503e-10
-1.464358551141166017e-10
-1.926819094741073414e-10
-2.262742437915181529e-10
-2.159187018947897633e-10
-1.252788973532295241e-10
6.452143730703897080e-11
3.357971500819838763e-10
6.353342026746862483e-10
8.960287456178554754e-10
1.064486058076803977e-09
1.118624852959796477e-09
1.068601606158527479e-09
9.451216321664139024e-10
7.843978001349669474e-10
6.171251051927197742e-10
4.637724493622903774e-10
3.347504134430097151e-10
2.329371698757171796e-10
1.566168700704244388e-10
1.018500197395449178e-10
6.401959700294713693e-11
3.866103132027138857e-11
2.179149147861577339e-11
9.936355409748462108e-12
0.000000000000000000e+00
0.000000000000000000e+00
-1.037201141140299165e-11
-2.280104767679083263e-11
-4.069052138368030911e-11
-6.791984930409518706e-11
-1.090627518877383252e-10
-1.694597382845386983e-10
-2.549894209152965097e-10
-3.713034486231496126e-10
-5.222233571055928362e-10
-7.070390007347847060e-10
-9.167624504538107244e-10
-1.130170487481196103e-09
-1.311744584921261830e-09
-1.414888037319099174e-09
-1.393619009277565192e-09
-1.222279670936007410e-09
-9.155315193740002486e-10
-5.348311020693778409e-10
-1.704398311452968540e-10
9.718531803589353912e-11
2.340445504422280778e-10
2.604235431687542547e-10
2.252953027116157026e-10
1.721489181133346301e-10
1.230631745233369299e-10
8.342230762934571415e-11
5.234843344044340557e-11
2.815121893733539497e-11
8.785073206334577077e-12
-8.785073206352280681e-12
-2.815121893726781173e-11
-5.234843344041933979e-11
-8.342230762943349869e-11
-1.230631745233659846e-10
-1.721489181132574955e-10
-2.252953027115214040e-10
-2.604235431688262194e-10
-2.340445504425953460e-10
-9.718531803557672895e-11
1.704398311452645940e-10
5.348311020697963943e-10
9.155315193733004538e-10
1.222279670935600437e-09
1.393619009276723122e-09
1.414888037319206708e-09
1.311744584921314770e-09
1.130170487480981036e-09
9.167624504534459378e-10
7.070390007351569373e-10
5.222233571054207827e-10
3.713034486232989187e-10
2.549894209153812958e-10
1.694597382842764821e-10
1.090627518877399795e-10
6.791984930414440431e-11
4.069052138357644624e-11
2.280104767676764573e-11
1.037201141140601603e-11
0.000000000000000000e+00
0.000000000000000000e+00
-1.081295999111925526e-11
-2.382515279003307150e-11
-4.275982268247144242e-11
-7.192407039665908812e-11
-1.165296847751763965e-10
-1.828876605606471940e-10
-2.783193384127250695e-10
-4.105178354010298970e-10
-5.859716952689044195e-10
-8.070167656618631216e-10
-1.067298606767455546e-09
-1.346185729979125358e-09
-1.604190787408693387e-09
-1.783493360001779355e-09
-1.818857447569331091e-09
-1.661668680468840206e-09
-1.310858113752417392e-09
-8.323040204800503701e-10
-3.447977308192251085e-10
3.178862482515214092e-11
2.365712688943740693e-10
2.889392649718249570e-10
2.550518890773075365e-10
1.958305165729340348e-10
1.413354029352777335e-10
9.758541036657707843e-11
6.253885548484404763e-11
3.418633994928816169e-11
1.075722715351028367e-11
-1.075722715355781425e-11
-3.418633994930986226e-11
-6.253885548485226774e-11
-9.758541036653241067e-11
-1.413354029352354439e-10
-1.958305165730653497e-10
-2.550518890775159860e-10
-2.889392649720172765e-10
-2.365712688948372905e-10
-3.178862482499911250e-11
3.447977308191556254e-10
8.323040204802522021e-10
1.310858113753009654e-09
1.661668680467417456e-09
1.818857447569559393e-09
1.783493360001724761e-09
1.604190787408182189e-09
1.346185729979605122e-09
1.067298606767748368e-09
8.070167656623354417e-10
5.859716952682459837e-10
4.105178354008276513e-10
2.783193384129062221e-10
1.828876605604652142e-10
1.165296847752125857e-10
7.192407039674304695e-11
4.275982268255839978e-11
2.382515278996239926e-11
1.081295999113645157e-11
0.000000000000000000e+00
0.000000000000000000e+00
-1.125689258242768324e-11
-2.485843551078665195e-11
-4.485811514083428945e-11
-7.601169797997423099e-11
-1.242142381389379155e-10
-1.968411505915473264e-10
-3.028429859787433868e-10
-4.523066819190120361e-10
-6.550159363141106805e-10
-9.173916119565731193e-10
-1.237260146467404397e-09
-1.596534973714949690e-09
-1.953519954874728043e-09
-2.239287035928609659e-09
-2.365552733423459356e-09
-2.251406034578224329e-09
-1.867304161180993343e-09
-1.275104130865605907e-09
-6.264983751899617761e-10
-9.747362969421191874e-11
2.073222788755739849e-10
3.012593196639522123e-10
2.736963761853726462e-10
2.107519266093848454e-10
1.537777501750578530e-10
1.089961848183771935e-10
7.206294162762780622e-11
4.035796626207390687e-11
1.285455966761745415e-11
-1.285455966773441620e-11
-4.035796626211994464e-11
-7.206294162778626301e-11
-1.089961848185735455e-10
-1.537777501751877204e-10
-2.107519266094251704e-10
-2.736963761854243450e-10
-3.012593196639182979e-10
-2.073222788756608389e-10
9.747362969441871390e-11
6.264983751897103132e-10
1.275104130866494299e-09
1.867304161180088407e-09
2.251406034578705749e-09
2.365552733423805117e-09
2.239287035929435185e-09
1.953519954875307070e-09
1.596534973714772674e-09
1.237260146467406051e-09
9.173916119564349801e-10
6.550159363140478147e-10
4.523066819187341034e-10
3.028429859786379213e-10
1.968411505914418609e-10
1.242142381389240603e-10
7.601169798002075990e-11
4.485811514085920826e-11
2.485843551084512328e-11
1.125689258241446773e-11
0.000000000000000000e+00
0.000000000000000000e+00
-1.170132808261644712e-11
-2.589507792261011726e-11
-4.697345817093068237e-11
-8.015942074735071597e-11
-1.320733686803549891e-10
-2.112462288323717278e-10
-3.284455086008087880e-10
-4.965208045858418610e-10
-7.292379582330055899e-10
-1.038300678369378188e-09
-1.427626987606276612e-09
-1.884346907994140057e-09
-2.367519738182034226e-09
-2.798794183934785696e-09
-3.064098376774182985e-09
-3.039432379961933946e-09
-2.648322208942227833e-09
-1.932103176839316904e-09
-1.075928869104623472e-09
-3.338370271458153244e-10
1.189440446037371959e-10
2.790931048070578393e-10
2.666917352578011893e-10
2.047070267302321873e-10
1.510623757895745269e-10
1.115776885370004844e-10
7.763212249646205970e-11
4.521148957486673608e-11
1.468093537194293029e-11
-1.468093537207484621e-11
-4.521148957520608692e-11
-7.763212249680471926e-11
-1.115776885372071761e-10
-1.510623757898489441e-10
-2.047070267303595731e-10
-2.666917352580902889e-10
-2.790931048076864965e-10
-1.189440446044857944e-10
3.338370271462338778e-10
1.075928869104345539e-09
1.932103176839563403e-09
2.648322208944355341e-09
3.039432379961651050e-09
3.064098376774273975e-09
2.798794183934598754e-09
2.367519738182654611e-09
1.884346907994264134e-09
1.427626987606122757e-09
1.038300678368180431e-09
7.292379582326441119e-10
4.965208045857202655e-10
3.284455086013716844e-10
2.112462288327712560e-10
1.320733686804521828e-10
8.015942074740717104e-11
4.697345817083452262e-11
2.589507792265307895e-11
1.170132808260670837e-11
0.000000000000000000e+00
0.000000000000000000e+00
-1.214363068436964202e-11
-2.692885585301033123e-11
-4.909286391441263740e-11
-8.434128444878522025e-11
-1.400576401498308047e-10
-2.260141364933832370e-10
-3.549794136577095438e-10
-5.429424780120356689e-10
-8.083843495236719685e-10
-1.169635969774088024e-09
-1.638990759209979667e-09
-2.212278364727413580e-09
-2.853790483935933798e-09
-3.479753156915744711e-09
-3.949955167153380414e-09
-4.086350395639841843e-09
-3.740519518466078501e-09
-2.904103050895925599e-09
-1.786850756258547072e-09
-7.474246117545836183e-10
-7.382195024300484035e-11
1.923773871650583428e-10
2.102275067689604378e-10
1.571607147453645289e-10
1.166244012414571820e-10
9.372299168468664327e-11
7.244902747752137018e-11
4.551509680185529015e-11
1.531457425715434880e-11
-1.531457425755918909e-11
-4.551509680198900907e-11
-7.244902747755998917e-11
-9.372299168467992242e-11
-1.166244012413814950e-10
-1.571607147454815750e-10
-2.102275067692346481e-10
-1.923773871649475006e-10
7.382195024311650974e-11
7.474246117543817862e-10
1.786850756259212125e-09
2.904103050896309411e-09
3.740519518463464610e-09
4.086350395644925695e-09
3.949955167152730250e-09
3.479753156917051657e-09
2.853790483934663248e-09
2.212278364727865221e-09
1.638990759211117868e-09
1.169635969773734818e-09
8.083843495245223102e-10
5.429424780114814578e-10
3.549794136577761319e-10
2.260141364934419668e-10
1.400576401497631826e-10
8.434128444869877988e-11
4.909286391436672887e-11
2.692885585302948563e-11
1.214363068437871516e-11
0.000000000000000000e+00
0.000000000000000000e+00
-1.258103166676871797e-11
-2.795318963051120044e-11
-5.120239743012802072e-11
-8.852886621833107364e-11
-1.481114578891904921e-10
-2.410414215085064785e-10
-3.822636229074884411e-10
-5.912805801181459464e-10
-8.920495803294679263e-10
-1.310995560516245274e-09
-1.871430607669528274e-09
-2.582236217839910560e-09
-3.419210034830447904e-09
-4.300301618410521486e-09
-5.063034742639754255e-09
-5.466799952737648708e-09
-5.260240180233196690e-09
-4.337719729470880713e-09
-2.904956225616679589e-09
-1.452103540377187361e-09
-4.449784839053017542e-10
-6.262247986574798837e-12
6.789914640442442539e-11
3.603285935137526697e-11
2.302964077481482832e-11
3.468707160618068188e-11
4.343706997531003764e-11
3.468268009870172332e-11
1.281486400949596444e-11
-1.281486400969970290e-11
-3.468268009908974858e-11
-4.343706997580887925e-11
-3.468707160655368864e-11
-2.302964077507249508e-11
-3.603285935150410035e-11
-6.789914640492900556e-11
6.262247986562391127e-12
4.449784839056177372e-10
1.452103540377789549e-09
2.904956225617076636e-09
4.337719729469759056e-09
5.260240180237574130e-09
5.466799952735896740e-09
5.063034742642804897e-09
4.300301618411373482e-09
3.419210034831887198e-09
2.582236217841105009e-09
1.871430607668168389e-09
1.310995560516771361e-09
8.920495803295034951e-10
5.912805801181376746e-10
3.822636229070297695e-10
2.410414215085618996e-10
1.481114578890074784e-10
8.852886621847562346e-11
5.120239743021115237e-11
2.795318963055946126e-11
1.258103166678250862e-11
0.000000000000000000e+00
0.000000000000000000e+00
-1.301065498441285952e-11
-2.896120497835316187e-11
-5.328730381744431370e-11
-9.269151960047689891e-11
-1.561734800429260026e-10
-2.562104444368274229e-10
-4.100834552409242939e-10
-6.411676119518005594e-10
-9.796623445448665214e-10
-1.461638153966509460e-09
-2.124385292818796867e-09
-2.995062261491870209e-09
-4.069257356707074935e-09
-5.277751610824936714e-09
-6.446130878458622694e-09
-7.269462248346780008e-09
-7.360130776653551557e-09
-6.443890343930119170e-09
-4.656661994394188451e-09
-2.633941340870673230e-09
-1.115581809690676209e-09
-3.892220029947799481e-10
-2.120713796521228015e-10
-2.047418485743327371e-10
-1.717183642722456269e-10
-1.001033131969363122e-10
-3.291242933802421578e-11
2.304711427782974244e-13
3.401901419515268169e-12
-3.401901419867687499e-12
-2.304711429405540714e-13
3.291242933794188546e-11
1.001033131968649937e-10
1.717183642720520667e-10
2.047418485745138897e-10
2.120713796522512213e-10
3.892220029947088106e-10
1.115581809691321410e-09
2.633941340871825492e-09
4.656661994394550756e-09
6.443890343931942276e-09
7.360130776653265352e-09
7.269462248346368073e-09
6.446130878459052828e-09
5.277751610824944986e-09
4.069257356708464599e-09
2.995062261491406988e-09
2.124385292820732469e-09
1.461638153966335752e-09
9.796623445460808226e-10
6.411676119516028633e-10
4.100834552410777359e-10
2.562104444368493432e-10
1.561734800430316749e-10
9.269151960034992669e-11
5.328730381732220117e-11
2.896120497827553614e-11
1.301065498439234802e-11
0.000000000000000000e+00
0.000000000000000000e+00
-1.342954638864643779e-11
-2.994580350174738824e-11
-5.533216151148175969e-11
-9.679669053355533470e-11
-1.641772129422600619e-10
-2.713903403260205158e-10
-4.381916828943415159e-10
-6.921590551827720135e-10
-1.070476470127113672e-09
-1.620444658509226063e-09
-2.396529932330055386e-09
-3.450196067127295623e-09
-4.807209786746795104e-09
-6.426928321070294182e-09
-8.142110433855024965e-09
-9.594531627679055256e-09
-1.023356105269880320e-08
-9.520424958296624042e-09
-7.392822950000077988e-09
-4.600216839468931485e-09
-2.286837602533308036e-09
-1.066001948674460068e-09
-6.978203215780139581e-10
-6.245729919970530817e-10
-5.255190923967285696e-10
-3.632668279769070631e-10
-1.955272113337152856e-10
-7.966809080880739681e-11
-1.970886097241711061e-11
1.970886097218743875e-11
7.966809080863330114e-11
1.955272113336305513e-10
3.632668279768474027e-10
5.255190923967472846e-10
6.245729919969485468e-10
6.978203215781393793e-10
1.066001948675046539e-09
2.286837602533702601e-09
4.600216839469125872e-09
7.392822950001446145e-09
9.520424958296068177e-09
1.023356105269852196e-08
9.594531627682211777e-09
8.142110433855208600e-09
6.426928321070580386e-09
4.807209786747784412e-09
3.450196067127641385e-09
2.396529932329636832e-09
1.620444658510043317e-09
1.070476470127109537e-09
6.921590551825006983e-10
4.381916828938501706e-10
2.713903403256222284e-10
1.641772129421378460e-10
9.679669053367920500e-11
5.533216151157760924e-11
2.994580350180255085e-11
1.342954638865511027e-11
0.000000000000000000e+00
0.000000000000000000e+00
-1.383470574048305087e-11
-3.089974177093185626e-11
-5.732106058032999446e-11
-1.008103014909602552e-10
-1.720517933589440513e-10
-2.864384566149249128e-10
-4.663107739789113511e-10
-7.437354865256422088e-10
-1.163567777580222478e-09
-1.785890886088991171e-09
-2.685667707397901371e-09
-3.945338509250696918e-09
-5.633248946647254002e-09
-7.758100501778929325e-09
-1.018970563410500842e-08
-1.254732759611337112e-08
-1.411295170484608216e-08
-1.397453436617383674e-08
-1.165148983010892947e-08
-7.864217335657129008e-09
-4.304122485210889312e-09
-2.206844607129959411e-09
-1.472897826675572080e-09
-1.289498721236168722e-09
-1.105676923354737455e-09
-8.235375537096499409e-10
-5.008243331012126009e-10
-2.387674378493213749e-10
-6.733689197913898256e-11
6.733689197935102514e-11
2.387674378493994401e-10
5.008243331013854817e-10
8.235375537097132202e-10
1.105676923354853260e-09
1.289498721236975224e-09
1.472897826676015863e-09
2.206844607129860977e-09
4.304122485210340891e-09
7.864217335658533561e-09
1.165148983010924215e-08
1.397453436617279118e-08
1.411295170484370649e-08
1.254732759611275073e-08
1.018970563410504151e-08
7.758100501777088021e-09
5.633248946645741916e-09
3.945338509251342119e-09
2.685667707397228046e-09
1.785890886089619828e-09
1.163567777579088413e-09
7.437354865264189313e-10
4.663107739786665056e-10
2.864384566151130964e-10
1.720517933586532974e-10
1.008103014910340811e-10
5.732106058037269766e-11
3.089974177096481423e-11
1.383470574045988335e-11
0.000000000000000000e+00
0.000000000000000000e+00
-1.422312203613794054e-11
-3.181571795693270865e-11
-5.923780321779784314e-11
-1.046972004947822163e-10
-1.797229489821666487e-10
-3.012022790248785247e-10
-4.941363734052480921e-10
-7.953078175526265375e-10
-1.257838100208942602e-09
-1.956035676906008247e-09
-2.988648457303148610e-09
-4.476145774417953941e-09
-6.543535678842422064e-09
-9.274590853274958369e-09
-1.261798330711528904e-08
-1.622705974745877742e-08
-1.925619893638327393e-08
-2.033397253024353122e-08
-1.823694039003725536e-08
-1.328740076090123759e-08
-7.785637385614681887e-09
-4.098885652711679983e-09
-2.640052896772827107e-09
-2.260366533445125125e-09
-1.964713592107683909e-09
-1.541073621916002103e-09
-1.007608264103809387e-09
-5.164798078736311545e-10
-1.528239936663662776e-10
1.528239936670361905e-10
5.164798078742809049e-10
1.007608264104534824e-09
1.541073621916592710e-09
1.964713592108408520e-09
2.260366533445326957e-09
2.640052896772823798e-09
4.098885652713268170e-09
7.785637385614312965e-09
1.328740076089990087e-08
1.823694039003881377e-08
2.033397253024311101e-08
1.925619893638431287e-08
1.622705974745671608e-08
1.261798330711903286e-08
9.274590853273332132e-09
6.543535678843222775e-09
4.476145774415723862e-09
2.988648457306832873e-09
1.956035676905189338e-09
1.257838100209538172e-09
7.953078175523477776e-10
4.941363734055467043e-10
3.012022790245670912e-10
1.797229489822129708e-10
1.046972004947621572e-10
5.923780321771233335e-11
3.181571795686534513e-11
1.422312203616170906e-11
0.000000000000000000e+00
0.000000000000000000e+00
-1.459181038639982234e-11
-3.268646562261950674e-11
-6.106612074440657273e-11
-1.084216724070998412e-10
-1.871141177872944859e-10
-3.155218367498014979e-10
-5.213420360763508308e-10
-8.462258517154772613e-10
-1.352027592621634956e-09
-2.128528148866431399e-09
-3.301327780302327740e-09
-5.035988314706989196e-09
-7.529342804909617242e-09
-1.097022366331860142e-08
-1.543982141087055343e-08
-2.071086860354610056e-08
-2.591520185547619682e-08
-2.922422431967594128e-08
-2.828930562177213574e-08
-2.229381519884528396e-08
-1.387519527743918602e-08
-7.286865762104369210e-09
-4.358686402708204691e-09
-3.600738862219324348e-09
-3.086960869603753403e-09
-2.475713588406554001e-09
-1.699125763555800717e-09
-9.146839103788464816e-10
-2.791702459386483019e-10
2.791702459410755600e-10
9.146839103809483475e-10
1.699125763557898447e-09
2.475713588407940355e-09
3.086960869605000792e-09
3.600738862220257408e-09
4.358686402709782951e-09
7.286865762104339431e-09
1.387519527743922572e-08
2.229381519884577696e-08
2.828930562177030271e-08
2.922422431968254218e-08
2.591520185548167606e-08
2.071086860354926701e-08
1.543982141086597747e-08
1.097022366331936408e-08
7.529342804910391483e-09
5.035988314706266240e-09
3.301327780302279764e-09
2.128528148867304902e-09
1.352027592621370258e-09
8.462258517152613672e-10
5.213420360758487321e-10
3.155218367498916605e-10
1.871141177872512658e-10
1.084216724070481424e-10
6.106612074444720798e-11
3.268646562262224678e-11
1.459181038643584994e-11
0.000000000000000000e+00
0.000000000000000000e+00
-1.493785094079500889e-11
-3.350484944072972896e-11
-6.278991262675583391e-11
-1.119479827177291047e-10
-1.941477445501328415e-10
-3.292324799755092438e-10
-5.475852857647513836e-10
-8.957900177612670548e-10
-1.444736290822732380e-09
-2.300636989787873317e-09
-3.618579498693316822e-09
-5.615815746131799508e-09
-8.576349979820006714e-09
-1.282686916326477100e-08
-1.864488608812999555e-08
-2.603487121141695841e-08
-3.428480288823748903e-08
-4.127992197751276882e-08
-4.326948817402438668e-08
-3.711201603728317445e-08
-2.467836186926413788e-08
-1.289175083477437570e-08
-6.993214465365582836e-09
-5.522349924015023972e-09
-4.311879729562530685e-09
-3.216182220151716833e-09
-2.211114797000149384e-09
-1.231369407987723221e-09
-3.868579224945720879e-10
3.868579224996896475e-10
1.231369407992411681e-09
2.211114797003664902e-09
3.216182220153837724e-09
4.311879729564204899e-09
5.522349924015811448e-09
6.993214465366132084e-09
1.289175083477421688e-08
2.467836186926393274e-08
3.711201603728600672e-08
4.326948817402416169e-08
4.127992197751037330e-08
3.428480288823294947e-08
2.603487121142025390e-08
1.864488608813173263e-08
1.282686916326160455e-08
8.576349979821586629e-09
5.615815746131594368e-09
3.618579498694157238e-09
2.300636989787649978e-09
1.444736290823106265e-09
8.957900177616318414e-10
5.475852857647216051e-10
3.292324799756014745e-10
1.941477445501630336e-10
1.119479827177115272e-10
6.278991262677310131e-11
3.350484944071639067e-11
1.493785094078805540e-11
0.000000000000000000e+00
0.000000000000000000e+00
-1.525842808166470945e-11
-3.426396654782509366e-11
-6.439348689775584923e-11
-1.152409782866067505e-10
-2.007466507308321883e-10
-3.421681221188080106e-10
-5.725145868521812354e-10
-9.432667318810971205e-10
-1.534453956086401387e-09
-2.469306163974962959e-09
-3.934367973060122608e-09
-6.204176469394890256e-09
-9.664213356839361639e-09
-1.481242645516304301e-08
-2.219282063066611780e-08
-3.217478021389231442e-08
-4.444061919184657839e-08
-5.696871533384908666e-08
-6.471763057473855485e-08
-6.082126285371289717e-08
-4.377340197553245413e-08
-2.310791148863035031e-08
-1.144301536383369186e-08
-9.076926108379796624e-09
-5.323217892814297632e-09
-2.262910929328183141e-09
-1.049973022951119507e-09
-5.488385536524485567e-10
-1.866348305084795183e-10
1.866348305201287029e-10
5.488385536621745463e-10
1.049973022957432550e-09
2.262910929331677152e-09
5.323217892815819644e-09
9.076926108380220141e-09
1.144301536383358598e-08
2.310791148863064147e-08
4.377340197553413496e-08
6.082126285371044872e-08
6.471763057473551082e-08
5.696871533384539412e-08
4.444061919184175427e-08
3.217478021390097004e-08
2.219282063066438733e-08
1.481242645516939576e-08
9.664213356839831477e-09
6.204176469395345205e-09
3.934367973060569285e-09
2.469306163976170642e-09
1.534453956085989451e-09
9.432667318819011401e-10
5.725145868530481207e-10
3.421681221189436682e-10
2.007466507309566789e-10
1.152409782867209015e-10
6.439348689748329322e-11
3.426396654786950292e-11
1.525842808167312343e-11
0.000000000000000000e+00
0.000000000000000000e+00
-1.555086941412629163e-11
-3.495724919348742917e-11
-6.586180458045316046e-11
-1.182667089900154414e-10
-2.068354989385832349e-10
-3.541647318294730069e-10
-5.957773549575194043e-10
-9.879063528851582362e-10
-1.619599336945435025e-09
-2.631234095401443949e-09
-4.241895332168022274e-09
-6.787409716553958360e-09
-1.076658661630861385e-08
-1.687953550791090270e-08
-2.600777303469249830e-08
-3.902831637673656974e-08
-5.628309933372169389e-08
-7.635970873423455210e-08
-9.363706095298848316e-08
-9.667248869493235636e-08
-7.612227998146904486e-08
-4.113075284079386125e-08
-1.903037500978639643e-08
-1.804351878681377963e-08
-6.096923871991444921e-09
4.639625131075096209e-09
6.091780884398464272e-09
3.949147894856677297e-09
1.255025912256664658e-09
-1.255025912235339941e-09
-3.949147894839008719e-09
-6.091780884387399904e-09
-4.639625131070530172e-09
6.096923871993555886e-09
1.804351878681278701e-08
1.903037500979014190e-08
4.113075284079412595e-08
7.612227998146557732e-08
9.667248869492981526e-08
9.363706095299240069e-08
7.635970873424590764e-08
5.628309933372629302e-08
3.902831637673341983e-08
2.600777303469839114e-08
1.687953550791172988e-08
1.076658661630873958e-08
6.787409716551999596e-09
4.241895332168101683e-09
2.631234095401829415e-09
1.619599336946187760e-09
9.879063528837313496e-10
5.957773549567186934e-10
3.541647318293960791e-10
2.068354989387705913e-10
1.182667089899434766e-10
6.586180458054994060e-11
3.495724919343567869e-11
1.555086941411365774e-11
0.000000000000000000e+00
0.000000000000000000e+00
-1.581268573997105154e-11
-3.557855591178575163e-11
-6.718074927173995323e-11
-1.209930015877656769e-10
-2.123424028297725224e-10
-3.650638321232157572e-10
-6.170289504605104355e-10
-1.028962987312963764e-09
-1.698567748945420369e-09
-2.782975782655648528e-09
-4.533821784809553197e-09
-7.350046201324505891e-09
-1.185168055016338878e-08
-1.896556377225787018e-08
-2.997502273613788748e-08
-4.640262088861624968e-08
-6.950021594513060493e-08
-9.894561988161744713e-08
-1.295988672459658099e-07
-1.460019243232646996e-07
-1.257844806625752216e-07
-6.837892046092502930e-08
-3.121906912854529191e-08
-3.436367184558064330e-08
-9.633959893070368102e-09
2.629603823780242692e-08
2.728391448386381279e-08
1.788188757131320909e-08
5.953259467041834307e-09
-5.953259467006303591e-09
-1.788188757128497245e-08
-2.728391448384638244e-08
-2.629603823779447275e-08
9.633959893072710677e-09
3.436367184557945216e-08
3.121906912854695951e-08
6.837892046092619398e-08
1.257844806625776569e-07
1.460019243232803168e-07
1.295988672459624747e-07
9.894561988162800857e-08
6.950021594513836058e-08
4.640262088862115320e-08
2.997502273613862863e-08
1.896556377225557393e-08
1.185168055016618796e-08
7.350046201328196771e-09
4.533821784808626755e-09
2.782975782657675120e-09
1.698567748945804181e-09
1.028962987312551001e-09
6.170289504605112627e-10
3.650638321232149300e-10
2.123424028298891548e-10
1.209930015873609788e-10
6.718074927159281848e-11
3.557855591178337349e-11
1.581268573996341304e-11
0.000000000000000000e+00
0.000000000000000000e+00
-1.604160544699160040e-11
-3.612228147444732045e-11
-6.833732762207141654e-11
-1.233901598262027506e-10
-2.172002634299821182e-10
-3.747165896880114955e-10
-6.359410668646552141e-10
-1.065717722919299977e-09
-1.769781004360368419e-09
-2.921071789091150230e-09
-4.802540510349428222e-09
-7.875446718900201339e-09
-1.288340699068993595e-08
-2.099436097634528992e-08
-3.394097299874694113e-08
-5.400848224034412746e-08
-8.355521808703383252e-08
-1.236128782572891601e-07
-1.701799461525759077e-07
-2.051437448208797180e-07
-1.895762443056504242e-07
-9.654107771388082918e-08
-5.990686041974617453e-08
-3.388667645888794109e-08
-2.068603112724143231e-08
6.448905416754801385e-08
6.535292284211536305e-08
4.383660789109135394e-08
1.501556337170637322e-08
-1.501556337165849932e-08
-4.383660789105310511e-08
-6.535292284209228140e-08
-6.448905416753861707e-08
2.068603112723680009e-08
3.388667645888407650e-08
5.990686041975019794e-08
9.654107771388008802e-08
1.895762443056574652e-07
2.051437448208822062e-07
1.701799461525878720e-07
1.236128782572837603e-07
8.355521808703016646e-08
5.400848224034753545e-08
3.394097299875100424e-08
2.099436097634625937e-08
1.288340699069065891e-08
7.875446718897964642e-09
4.802540510348814454e-09
2.921071789090465324e-09
1.769781004360566942e-09
1.065717722918893831e-09
6.359410668646014474e-10
3.747165896886360169e-10
2.172002634298518372e-10
1.233901598263224850e-10
6.833732762211349936e-11
3.612228147439391560e-11
1.604160544698920287e-11
0.000000000000000000e+00
0.000000000000000000e+00
-1.623561225464958122e-11
-3.658342638734664896e-11
-6.931995314876723582e-11
-1.254314204307158069e-10
-2.213485022337398294e-10
-3.829869606843801228e-10
-6.522118745821653709e-10
-1.097499150493191678e-09
-1.831747439137354203e-09
-3.042178375507075191e-09
-5.040534157374392755e-09
-8.346578697911097574e-09
-1.382329439106472916e-08
-2.287973821914239502e-08
-3.771885078971093914e-08
-6.146231507190694553e-08
-9.769886049890309606e-08
-1.487584613386183008e-07
-2.113434308967812966e-07
-2.645754946712820450e-07
-2.507522856595936840e-07
-9.702840754338921928e-08
-9.106054341731458492e-08
-5.999397713674237554e-09
-2.526865716124131029e-08
1.008753377126721474e-07
1.075466244137504644e-07
7.305768432821127445e-08
2.520680080364332497e-08
-2.520680080358912810e-08
-7.305768432816352297e-08
-1.075466244137217711e-07
-1.008753377126558949e-07
2.526865716123527518e-08
5.999397713662061456e-09
9.106054341729457376e-08
9.702840754339239565e-08
2.507522856596088247e-07
2.645754946712883978e-07
2.113434308967989784e-07
1.487584613386181685e-07
9.769886049891071935e-08
6.146231507190400738e-08
3.771885078971121045e-08
2.287973821914530339e-08
1.382329439106477217e-08
8.346578697913696575e-09
5.040534157374351396e-09
3.042178375506893211e-09
1.831747439137241706e-09
1.097499150494201665e-09
6.522118745816839518e-10
3.829869606844434021e-10
2.213485022336748958e-10
1.254314204308653198e-10
6.931995314872308506e-11
3.658342638733346577e-11
1.623561225464369402e-11
0.000000000000000000e+00
0.000000000000000000e+00
-1.639297280113777216e-11
-3.695770034867191602e-11
-7.011859100329200454e-11
-1.270936380890433213e-10
-2.247341256856607426e-10
-3.897557928964487760e-10
-6.655735222372242968e-10
-1.123708096139394489e-09
-1.883113252540840685e-09
-3.143223210443104377e-09
-5.240726038519901013e-09
-8.747024170723758653e-09
-1.463279298000176347e-08
-2.453141952240881197e-08
-4.109984275323780604e-08
-6.830482833582485985e-08
-1.109921971107818961e-07
-1.724934397716971875e-07
-2.485556246511870763e-07
-3.127350385643152993e-07
-2.861892163436192028e-07
-3.475620685678529070e-08
-5.476665108944872526e-08
5.674629169247116028e-08
-1.393314425737089750e-08
1.264234405559819192e-07
1.456801518741561433e-07
9.881303412368509137e-08
3.410384797038327136e-08
-3.410384797030316057e-08
-9.881303412362638140e-08
-1.456801518741277677e-07
-1.264234405559733430e-07
1.393314425735967431e-08
-5.674629169248090115e-08
5.476665108944999581e-08
3.475620685677258520e-08
2.861892163436356140e-07
3.127350385643213344e-07
2.485556246511800354e-07
1.724934397717134400e-07
1.109921971107886327e-07
6.830482833582174965e-08
4.109984275324194194e-08
2.453141952240418307e-08
1.463279298000263367e-08
8.747024170724425361e-09
5.240726038520304677e-09
3.143223210443157317e-09
1.883113252540296400e-09
1.123708096137988282e-09
6.655735222379042393e-10
3.897557928961704297e-10
2.247341256856888667e-10
1.270936380892261282e-10
7.011859100329562345e-11
3.695770034871947890e-11
1.639297280115372770e-11
0.000000000000000000e+00
0.000000000000000000e+00
-1.651226734954953065e-11
-3.724157130944684643e-11
-7.072500538644565363e-11
-1.283576148283722073e-10
-2.273132709035020882e-10
-3.949233169583386221e-10
-6.758015091625788796e-10
-1.143835596277926190e-09
-1.922722071888883134e-09
-3.221535850529803334e-09
-5.396886909050463297e-09
-9.061955537566810579e-09
-1.527620166479752616e-08
-2.586217912683096909e-08
-4.387224698137181322e-08
-7.403693603650580574e-08
-1.223676761885543948e-07
-1.928049695908051416e-07
-2.780986171891518750e-07
-3.416309789697132520e-07
-2.835148278829683356e-07
8.908919314250990180e-08
5.161008637997433919e-08
1.579393503438881980e-07
1.650149304518326360e-08
1.404292376733285449e-07
1.802953216948856737e-07
1.208392239712420730e-07
4.171519975443557733e-08
-4.171519975439997547e-08
-1.208392239712099916e-07
-1.802953216948654508e-07
-1.404292376733320389e-07
-1.650149304519575733e-08
-1.579393503439081033e-07
-5.161008637996629237e-08
-8.908919314251519575e-08
2.835148278829844293e-07
3.416309789697238399e-07
2.780986171891860210e-07
1.928049695907803659e-07
1.223676761885362630e-07
7.403693603651342904e-08
4.387224698136625457e-08
2.586217912683689171e-08
1.527620166479478653e-08
9.061955537566069425e-09
5.396886909050011656e-09
3.221535850529912521e-09
1.922722071888927802e-09
1.143835596279534230e-09
6.758015091618120832e-10
3.949233169581094931e-10
2.273132709033341705e-10
1.283576148282485438e-10
7.072500538662556541e-11
3.724157130941194975e-11
1.651226734954806370e-11
0.000000000000000000e+00
0.000000000000000000e+00
-1.659240946348883835e-11
-3.743234344989480669e-11
-7.113285821429848216e-11
-1.292086308688526371e-10
-2.290519702908785146e-10
-3.984124118091058887e-10
-6.827204445819715731e-10
-1.157483497916568091e-09
-1.949657866684360552e-09
-3.274988493339587220e-09
-5.503969065100471674e-09
-9.279198284887805855e-09
-1.572343952330562256e-08
-2.679651509561335958e-08
-4.584432557938713691e-08
-7.818223808142634394e-08
-1.307382512214428142e-07
-2.077497999338945907e-07
-2.978441070420070053e-07
-3.522326444749104431e-07
-2.557685072927262789e-07
2.265967532801746279e-07
1.745578270022899551e-07
2.674924780076279660e-07
5.606692539757223922e-08
1.457417043605133365e-07
2.089531805240796359e-07
1.379773251584286252e-07
4.761399329365067237e-08
-4.761399329368548013e-08
-1.379773251584539833e-07
-2.089531805240909650e-07
-1.457417043605256184e-07
-5.606692539758409768e-08
-2.674924780076580356e-07
-1.745578270023077428e-07
-2.265967532801947450e-07
2.557685072927339022e-07
3.522326444749297131e-07
2.978441070420165874e-07
2.077497999339245545e-07
1.307382512214590931e-07
7.818223808142798506e-08
4.584432557940289966e-08
2.679651509561383604e-08
1.572343952331046984e-08
9.279198284890664591e-09
5.503969065099095246e-09
3.274988493338712063e-09
1.949657866684967702e-09
1.157483497916262034e-09
6.827204445824108060e-10
3.984124118091087838e-10
2.290519702910981311e-10
1.292086308689099193e-10
7.113285821420015107e-11
3.743234344992608445e-11
1.659240946346453346e-11
0.000000000000000000e+00
0.000000000000000000e+00
-1.663266552528355320e-11
-3.752818961619928583e-11
-7.133786733061227678e-11
-1.296366669362206519e-10
-2.299271646175554603e-10
-4.001703204228523026e-10
-6.862104121749210989e-10
-1.164377333622105990e-09
-1.963287663067017451e-09
-3.302096031078472187e-09
-5.558425812810360145e-09
-9.390076212867525172e-09
-1.595276435332219306e-08
-2.727855689836397736e-08
-4.686993163552947875e-08
-8.036073228201610726e-08
-1.351864028568793407e-07
-2.156879114140227301e-07
-3.073789979103882636e-07
-3.529954868212904329e-07
-2.312842691922205927e-07
3.114242566890839595e-07
2.530907757656532550e-07
3.388098264771288998e-07
8.485596924716217154e-08
1.469882861101652086e-07
2.265195026724387967e-07
1.481910299377215680e-07
5.115764459895684230e-08
-5.115764459905088942e-08
-1.481910299377900718e-07
-2.265195026724654782e-07
-1.469882861101711378e-07
-8.485596924718546494e-08
-3.388098264771564284e-07
-2.530907757656579137e-07
-3.114242566891064059e-07
2.312842691922250397e-07
3.529954868213224084e-07
3.073789979104100747e-07
2.156879114140371561e-07
1.351864028569004636e-07
8.036073228202345262e-08
4.686993163553051107e-08
2.727855689836593281e-08
1.595276435332055193e-08
9.390076212867829574e-09
5.558425812811167473e-09
3.302096031079348998e-09
1.963287663066939696e-09
1.164377333622436035e-09
6.862104121748168741e-10
4.001703204231165868e-10
2.299271646175083110e-10
1.296366669360165451e-10
7.133786733059883509e-11
3.752818961616413065e-11
1.663266552532394288e-11
0.000000000000000000e+00
