0.000000000000000000e+00
-5.606012678997386691e-11
-1.142203603791959250e-10
-1.698294351649043360e-10
-2.216267919921687170e-10
-2.715484265206643045e-10
-3.222322915836969419e-10
-3.743253889810195998e-10
-4.250439602866489705e-10
-4.684971334904842441e-10
-4.974247321815766823e-10
-5.054964678096713916e-10
-4.892638659227941875e-10
-4.491559580902115253e-10
-3.893597184467835057e-10
-3.168122144151861067e-10
-2.397235448829635058e-10
-1.660426514291929373e-10
-1.021613475283813343e-10
-5.203185277993312530e-11
-1.680196363310192522e-11
4.971990241198288004e-12
1.654893698890588982e-11
2.181510180969467799e-11
2.399930715015661201e-11
2.470406690585040411e-11
2.360555118731842982e-11
1.893882099917885446e-11
8.553939854659724996e-12
-8.940458272018901523e-12
-3.348991878896500073e-11
-6.370784147860044026e-11
-9.775945155837492775e-11
-1.346137705805422949e-10
-1.750741435881999813e-10
-2.220810068970023557e-10
-2.800827216190764890e-10
-3.536388144816701465e-10
-4.456891019484625633e-10
-5.559988582573407927e-10
-6.801890141847874105e-10
-8.095736167583274901e-10
-9.318541024213585615e-10
-1.032605376652843337e-09
-1.097405700693562936e-09
-1.114354098706222983e-09
-1.076563310091360354e-09
-9.840667973148084750e-10
-8.445458898155631638e-10
-6.724655888312523749e-10
-4.866148495628194674e-10
-3.065723187602544774e-10
-1.490670469504134595e-10
-2.536067302001893176e-11
5.951142365041509863e-11
1.055521494600419064e-10
1.156140842342134318e-10
9.412708502691310286e-11
-0.000000000000000000e+00
0.000000000000000000e+00
0.000000000000000000e+00
-5.584008351173845312e-11
-1.134371920197532337e-10
-1.680923301785343455e-10
-2.185989881957535430e-10
-2.670218002020904901e-10
-3.161660449788599682e-10
-3.668482741261135627e-10
-4.164279921426727398e-10
-4.591156294281925164e-10
-4.877068692523127670e-10
-4.958856041745264772e-10
-4.801811032902579482e-10
-4.409672642567572248e-10
-3.823456861869108500e-10
-3.111428508171397789e-10
-2.354435469335406154e-10
-1.630730292305021973e-10
-1.003203009514604810e-10
-5.107257190467603851e-11
-1.645960208284112073e-11
4.935396578441278744e-12
1.631294355877502374e-11
2.149045135091023345e-11
2.363985188757003809e-11
2.433474838054043328e-11
2.325461364099778985e-11
1.866140755558760175e-11
8.438496295821794328e-12
-8.783686249314811283e-12
-3.295092486511608177e-11
-6.269723939022548134e-11
-9.621560124499946420e-11
-1.324909369834735428e-10
-1.723147251459045832e-10
-2.185828469508004653e-10
-2.756762866045541141e-10
-3.480868563966837470e-10
-4.387142085117260599e-10
-5.473349853564698536e-10
-6.696450320030815941e-10
-7.970924898756343385e-10
-9.175517773036071689e-10
-1.016778825276162432e-09
-1.080508467043129197e-09
-1.096947153433802439e-09
-1.059255323703729066e-09
-9.674582944124315265e-10
-8.291859875722251415e-10
-6.588212521564776321e-10
-4.750458718949503616e-10
-2.973047395594144667e-10
-1.421640083099928011e-10
-2.069906653480592908e-11
6.224364447205568381e-11
1.068237509666761498e-10
1.159770586338570176e-10
9.410649957694035719e-11
-0.000000000000000000e+00
0.000000000000000000e+00
0.000000000000000000e+00
-5.540215974517020079e-11
-1.118751502291781798e-10
-1.646248081730776485e-10
-2.125536153499856279e-10
-2.579851257019615486e-10
-3.040614829872724735e-10
-3.519405101774760712e-10
-3.992693987661995487e-10
-4.404603244057584598e-10
-4.684172417400385567e-10
-4.768466687065553735e-10
-4.622266026388721248e-10
-4.248147680138101590e-10
-3.685387516196792644e-10
-3.000042504735653554e-10
-2.270493267661821355e-10
-1.572580784800273564e-10
-9.672067903269197518e-11
-4.919997990680405177e-11
-1.579305307080566781e-11
4.862365938625168478e-12
1.585142180607937901e-11
2.085653100896449270e-11
2.293838297434113282e-11
2.361415941280813254e-11
2.256983242839062500e-11
1.811993808322398650e-11
8.212930023068246339e-12
-8.478163856502745581e-12
-3.189963695963138069e-11
-6.072586213541638972e-11
-9.320403724071680521e-11
-1.283500419921435805e-10
-1.669318852309986725e-10
-2.117579106499312874e-10
-2.670765447621347404e-10
-3.372455733984533104e-10
-4.250834321018815721e-10
-5.303854477788520992e-10
-6.489901935254083757e-10
-7.726049907638017219e-10
-8.894413085468583433e-10
-9.856107541591866486e-10
-1.047159616968782473e-09
-1.062513233040746538e-09
-1.024936575186344067e-09
-9.344506956850330451e-10
-7.985945461149403189e-10
-6.315954917762410566e-10
-4.519251403279332427e-10
-2.787603682976215308e-10
-1.283376547233969971e-10
-1.135454236163200597e-11
6.772547033279835184e-11
1.093791460043983772e-10
1.167107343532499885e-10
9.406984548049112227e-11
-0.000000000000000000e+00
0.000000000000000000e+00
0.000000000000000000e+00
-5.475062378790493578e-11
-1.095426662025512431e-10
-1.594398921387012669e-10
-2.035104297192808590e-10
-2.444702344891282875e-10
-2.859722128318190339e-10
-3.296915165672658822e-10
-3.737098603451846841e-10
-4.127400850888477072e-10
-4.398401986916116825e-10
-4.487365735604894134e-10
-4.358135657544644332e-10
-4.011398884681010534e-10
-3.483738125327649166e-10
-2.837905777347679688e-10
-2.148676215871890408e-10
-1.488426619680309413e-10
-9.152458385318952358e-11
-4.650398873699501928e-11
-1.483751532696740072e-11
4.753439723738172156e-12
1.518472279340844846e-11
1.994296339407593523e-11
2.192838185351117831e-11
2.257705298643791455e-11
2.158441764999232322e-11
1.734066114276777290e-11
7.887818681014979383e-12
-8.039815774870313540e-12
-3.038917753239746385e-11
-5.789253961604885382e-11
-8.887497719371765677e-11
-1.223967854699965381e-10
-1.591918794928385006e-10
-2.019415908760260442e-10
-2.547010710949114930e-10
-3.216305012748417221e-10
-4.054242033213063766e-10
-5.058952757392666408e-10
-6.190784046567286533e-10
-7.370469890322436462e-10
-8.484958721489169240e-10
-9.400545787920524428e-10
-9.982328089028814865e-10
-1.011794684039862059e-09
-9.741849951136972784e-10
-8.854483920398316727e-10
-7.530166658238316508e-10
-5.909055514897735909e-10
-4.172813577099900647e-10
-2.509173450672268910e-10
-1.075456506579443858e-10
2.716275590782545588e-12
7.599187609919651812e-11
1.132426912440545189e-10
1.178304741107741640e-10
9.402607688130094024e-11
-0.000000000000000000e+00
0.000000000000000000e+00
0.000000000000000000e+00
-5.389173676028044307e-11
-1.064519966346578600e-10
-1.525562500315989016e-10
-1.914973139759013319e-10
-2.265216154461704870e-10
-2.619730885525588206e-10
-3.002267518356838728e-10
-3.399495157651522617e-10
-3.762520078265170536e-10
-4.023827904746459862e-10
-4.120691483018399158e-10
-4.015398173143838807e-10
-3.705840199560062913e-10
-3.224851086480197374e-10
-2.630784596067559076e-10
-1.993776885468662125e-10
-1.381867819101848649e-10
-8.497086662411856502e-11
-4.311739892936167714e-11
-1.364517209806218816e-11
4.609254979549504293e-12
1.434285911666812719e-11
1.879356497764458143e-11
2.065943782956311986e-11
2.127493244441841495e-11
2.034759021535960443e-11
1.636248041613897492e-11
7.478875095992640859e-12
-7.492120207450061057e-12
-2.849803221467169278e-11
-5.434338852884746936e-11
-8.345063389529661312e-11
-1.149355532364604133e-10
-1.494887059697861505e-10
-1.896300569131335982e-10
-2.391672823182194136e-10
-3.020032571260704974e-10
-3.806623350120580357e-10
-4.749620933155432638e-10
-5.811652579553987937e-10
-6.917913225083098505e-10
-7.961388031921736667e-10
-8.814995203825923725e-10
-9.349949634768155425e-10
-9.458612988532740159e-10
-9.078264162638356217e-10
-8.210221448027795300e-10
-6.927911643575480113e-10
-5.369060550080996115e-10
-3.711433948335803072e-10
-2.137344276515038886e-10
-7.972012342502851809e-11
2.158028521180680244e-11
8.709581593963034594e-11
1.184508445609156563e-10
1.193590929004380617e-10
9.398842733961394779e-11
-0.000000000000000000e+00
0.000000000000000000e+00
0.000000000000000000e+00
-5.283358822453785750e-11
-1.026187737681820970e-10
-1.439971987965010701e-10
-1.765482620685957799e-10
-2.041926539838514588e-10
-2.321537687482183890e-10
-2.636976140591714446e-10
-2.982324745207924295e-10
-3.313623781999059241e-10
-3.565518043786372791e-10
-3.674896708088167045e-10
-3.601617740173907776e-10
-3.339639637656146415e-10
-2.916847809016741860e-10
-2.386096969439019971e-10
-1.811984861968922214e-10
-1.257569483203349557e-10
-7.736998823115705000e-11
-3.921335935419888679e-11
-1.228435759042118732e-11
4.430412391642952340e-12
1.336492119175828605e-11
1.746559794569776158e-11
1.919645369317316892e-11
1.977525338905670273e-11
1.892384096874323415e-11
1.523639816957499708e-11
7.006770626151283142e-12
-6.865658947187250127e-12
-2.632871468677503222e-11
-5.026936084480498492e-11
-7.722146606574618820e-11
-1.063642460404297096e-10
-1.383373802906544623e-10
-1.754716956514494441e-10
-2.212815061738436775e-10
-2.793574217619075670e-10
-3.520036894993820442e-10
-4.390124796751869061e-10
-5.368781639982610191e-10
-6.386112105169417088e-10
-7.342005031383641503e-10
-8.117221406985914415e-10
-8.590545789043334950e-10
-8.660584339199125993e-10
-8.268859102190237823e-10
-7.418667361818418242e-10
-6.183166194681640483e-10
-4.697641098046184361e-10
-3.135237668440830495e-10
-1.671412192107100083e-10
-4.476266423328126523e-11
4.532996670450453832e-11
1.011087465299408206e-10
1.250520484961882617e-10
1.213265795991585109e-10
9.397417544447208560e-11
-0.000000000000000000e+00
0.000000000000000000e+00
0.000000000000000000e+00
-5.158588552462818420e-11
-9.806143511599321386e-11
-1.337894480890670364e-10
-1.587008347715165614e-10
-1.775408623339288664e-10
-1.966104987333064407e-10
-2.202684781260169009e-10
-2.488281095412918668e-10
-2.784819501160698338e-10
-3.029238083278856580e-10
-3.157415238181616235e-10
-3.125602911548477948e-10
-2.922396760402682483e-10
-2.569347565529237015e-10
-2.112686514550121649e-10
-1.610719663446099088e-10
-1.121149709532983081e-10
-6.909737213286098176e-11
-3.500209968254362211e-11
-1.083850140245926523e-11
4.217286356468343989e-12
1.229831070744687717e-11
1.602879811038307744e-11
1.761862172602467452e-11
1.816040543100070011e-11
1.739199084504457237e-11
1.402480854964855554e-11
6.496911240107920675e-12
-6.197547382126789926e-12
-2.400608288047098658e-11
-4.590316763994348954e-11
-7.054149826787039064e-11
-9.716782323098324788e-11
-1.263654828912283948e-10
-1.602562638741089651e-10
-2.020250322284179135e-10
-2.549004216063210341e-10
-3.209105384068979179e-10
-3.997713660019703246e-10
-4.881775456960183948e-10
-5.796325502893796034e-10
-6.648620543114553452e-10
-7.328227357889444387e-10
-7.722937741739989383e-10
-7.739387789454479730e-10
-7.325238915423659631e-10
-6.487455495266778303e-10
-5.300071501116853413e-10
-3.896270936663573904e-10
-2.443974220210754008e-10
-1.110257494573274022e-10
-2.538064676022963989e-12
7.408590050320584982e-11
1.181212152019438796e-10
1.331065359082287411e-10
1.237697202163627080e-10
9.400433693215676699e-11
-0.000000000000000000e+00
0.000000000000000000e+00
0.000000000000000000e+00
-5.015970381483297830e-11
-9.280055707896939224e-11
-1.219616423697104581e-10
-1.379932029928102243e-10
-1.466223035065401764e-10
-1.554364265735855191e-10
-1.701012909996405527e-10
-1.920086429186197125e-10
-2.180361023450675846e-10
-2.421087523090905195e-10
-2.576254773901853985e-10
-2.596988256909727933e-10
-2.464747246830898757e-10
-2.193123283663062743e-10
-1.820546581600681288e-10
-1.398427901456698406e-10
-9.790442446740053815e-11
-6.058541497524738645e-11
-3.072701674095327933e-11
-9.404867060398802121e-12
3.969798375790375295e-12
1.119782701571941729e-11
1.456421846150289944e-11
1.601820811896665971e-11
1.652650376842537671e-11
1.584407317316590488e-11
1.280065404686122752e-11
5.979166454118541386e-12
-5.530759467049182616e-12
-2.167533656448120626e-11
-4.151562471130416003e-11
-6.382277345837656307e-11
-8.791066443102844210e-11
-1.143031600961089883e-10
-1.449020266072415643e-10
-1.825375094022547787e-10
-2.300318764317949780e-10
-2.890732035755974395e-10
-3.592251863064977750e-10
-4.373099189105124203e-10
-5.172759664996633674e-10
-5.905863873946604214e-10
-6.471473664560537012e-10
-6.767847817679769714e-10
-6.711785002929729903e-10
-6.259577720900678283e-10
-5.424229344929178317e-10
-4.282388168169443567e-10
-2.965839478915048739e-10
-1.636765315379269177e-10
-4.521991993757353769e-11
4.713287784709746379e-11
1.079995536680917917e-10
1.382434237183808203e-10
1.426860264148573084e-10
1.267316185340876981e-10
9.410328722653034573e-11
-0.000000000000000000e+00
0.000000000000000000e+00
0.000000000000000000e+00
-4.856720507886296233e-11
-8.685812125228501272e-11
-1.085427712818065771e-10
-1.144609190566389746e-10
-1.114854529367233971e-10
-1.087108283977225184e-10
-1.133382387621795940e-10
-1.280236512196567860e-10
-1.504305543038584012e-10
-1.747077925869085054e-10
-1.939521896215960673e-10
-2.025744193926710666e-10
-1.977898939571722065e-10
-1.799698395649082304e-10
-1.520498659461596100e-10
-1.184348441383819428e-10
-8.383509438729487101e-11
-5.231435898178645295e-11
-2.666020889291686789e-11
-8.093094206061247326e-12
3.687188456493289934e-12
1.012465150141961776e-11
1.316292595252724722e-11
1.449917086140516587e-11
1.498200506683342462e-11
1.438404573411536540e-11
1.164644778083647517e-11
5.487547957487791584e-12
-4.913361649093540226e-12
-1.949972719471976501e-11
-3.741147185710885297e-11
-5.752901646235649501e-11
-7.922786333620590050e-11
-1.029717457437230519e-10
-1.304411257128062337e-10
-1.640980424172498322e-10
-2.063189107460849584e-10
-2.583776591144996487e-10
-3.195796508588780069e-10
-3.867538666874671490e-10
-4.541896589964152587e-10
-5.140379787474884026e-10
-5.571963837456008924e-10
-5.746916669432243593e-10
-5.594785521151407051e-10
-5.083700637683968823e-10
-4.235853763460229893e-10
-3.132877131865658594e-10
-1.906209870071091435e-10
-7.118212363288593979e-11
3.051656432366064742e-11
1.044810823326392854e-10
1.472561081601691723e-10
1.616056615891602904e-10
1.538732768248061504e-10
1.302611094562415593e-10
9.429831922608634176e-11
-0.000000000000000000e+00
0.000000000000000000e+00
0.000000000000000000e+00
-4.682133552520225287e-11
-8.025674585519625463e-11
-9.356052729625668647e-11
-8.813357533984600367e-11
-7.216477746627762475e-11
-5.648767689398610302e-11
-5.008308389904523619e-11
-5.707222381692862677e-11
-7.601343803171923431e-11
-1.012661066563790515e-10
-1.254885896666249889e-10
-1.421620396923068469e-10
-1.473103835300768281e-10
-1.400888917717117845e-10
-1.223829323922755754e-10
-9.782497687685865794e-11
-7.066576213303726367e-11
-4.480226403129700337e-11
-2.309755726413821628e-11
-7.023535385478596303e-12
3.367843209720903113e-12
9.145287399078057744e-12
1.192458328253765055e-11
1.317561611635655566e-11
1.364613550111686314e-11
1.312631380509713278e-11
1.065314414790522402e-11
5.059826534681227249e-12
-4.397658976141702185e-12
-1.765797514260624557e-11
-3.392465577218603591e-11
-5.216850063893249594e-11
-7.181546166975905673e-11
-9.327104859437337135e-11
-1.180032965569264852e-10
-1.481042342284364848e-10
-1.854688789423090502e-10
-2.308698099717612237e-10
-2.832131249898694783e-10
-3.391600657809709693e-10
-3.931742211523904743e-10
-4.379921120830595145e-10
-4.655202952313926427e-10
-4.681580117709448785e-10
-4.404519424723283093e-10
-3.808038923833761035e-10
-2.927526237546542105e-10
-1.852609955442313100e-10
-7.157340982305457254e-11
3.338644999385335635e-11
1.165130531750229567e-10
1.697969694123038072e-10
1.920770729916554352e-10
1.883584896763615046e-10
1.667614449408523227e-10
1.344120603555851232e-10
9.461914202765524675e-11
-0.000000000000000000e+00
0.000000000000000000e+00
0.000000000000000000e+00
-4.493551153021977615e-11
-7.301891728099308477e-11
-7.703969612631989387e-11
-5.903152419152072308e-11
-2.867433996367391182e-11
1.215963318788324653e-12
1.961815330937200426e-11
2.072639428935709858e-11
4.965370472520190624e-12
-2.222155694681501611e-11
-5.289885641189810633e-11
-7.935281395307303421e-11
-9.610700858875016601e-11
-1.008294473168889116e-10
-9.418898009565627029e-11
-7.901439610731820422e-11
-5.918572785789305318e-11
-3.859434776604625390e-11
-2.035345197930930666e-11
-6.325350454948183277e-12
3.009271784650575625e-12
8.330526406453125541e-12
1.095593346231338487e-11
1.217006093003580173e-11
1.264706963793247161e-11
1.219399631984622640e-11
9.918802794935775829e-12
4.737061381144026573e-12
-4.039236038857725894e-12
-1.634132287359168677e-11
-3.141294707776596967e-11
-4.828593701157626587e-11
-6.641941146415445255e-11
-8.616509930584113232e-11
-1.087977943423488151e-10
-1.360492020832377660e-10
-1.692998213231263121e-10
-2.087171479262552578e-10
-2.526266846148883882e-10
-2.972866471077629689e-10
-3.371006693828558382e-10
-3.652346969873999768e-10
-3.746036798471271829e-10
-3.591811408661622288e-10
-3.154976405174259047e-10
-2.440468906686193961e-10
-1.501800343527729880e-10
-4.402225786343379104e-11
6.092613930094478964e-11
1.504830948867913537e-10
2.132047866414840528e-10
2.434377942866472351e-10
2.427223982040003339e-10
2.186725458786896614e-10
1.814532241068062627e-10
1.392425561370498471e-10
9.509732709012331950e-11
-0.000000000000000000e+00
0.000000000000000000e+00
0.000000000000000000e+00
-4.292330476856035148e-11
-6.516625813263757546e-11
-5.900066910472648896e-11
-2.716284235983459016e-11
1.899824139034777003e-11
6.443118998240698578e-11
9.579643036854870833e-11
1.053627546662784336e-10
9.239665931921890117e-11
6.214986035551306033e-11
2.331926761866109817e-11
-1.488664943103762386e-11
-4.513170764716642699e-11
-6.327408286477746669e-11
-6.856614161108693218e-11
-6.299814498852328022e-11
-5.019549162747771243e-11
-3.425198625539269333e-11
-1.875525538117341083e-11
-6.134284701616017563e-12
2.608360533983485895e-12
7.754524979163185084e-12
1.036917506231154219e-11
1.161140600517242319e-11
1.211971843758624518e-11
1.171679000438178674e-11
9.546933990855094520e-12
4.562995251781343475e-12
-3.895843820567331226e-12
-1.575005327665260003e-11
-3.025158264905928859e-11
-4.645294070765131704e-11
-6.382271029194308933e-11
-8.266575009385435470e-11
-1.040929777766777777e-10
-1.294962342988916873e-10
-1.597087336617228500e-10
-1.941684167009767134e-10
-2.303919809343140449e-10
-2.639312543292239327e-10
-2.888229034238912572e-10
-2.984534507164324008e-10
-2.867375495504994869e-10
-2.494731470978192836e-10
-1.856615962398931041e-10
-9.850438009085999110e-11
4.246525892738852817e-12
1.108871926408936439e-10
2.075004555947903378e-10
2.807463603428441388e-10
3.211488183304010623e-10
3.258339732158038093e-10
2.994917930096983944e-10
2.527378404884174698e-10
1.980597059116499864e-10
1.448139646802238884e-10
9.576570910005601944e-11
-0.000000000000000000e+00
0.000000000000000000e+00
0.000000000000000000e+00
-4.079813729240806983e-11
-5.671886820061547246e-11
-3.945816734603102158e-11
7.479273300785770069e-12
7.089713827049997467e-11
1.332476151055613308e-10
1.785780425207686793e-10
1.969667521670165853e-10
1.863549353005588612e-10
1.517907754233247114e-10
1.029020828126247424e-10
5.072035742422017134e-11
4.852508021760448065e-12
-2.836744638559612365e-11
-4.652885232770412666e-11
-5.073298983293468983e-11
-4.448700099014588818e-11
-3.234167916898576920e-11
-1.863758198044897854e-11
-6.590013180363528275e-12
2.162080159126111737e-12
7.494075544453120852e-12
1.028016110232726773e-11
1.163242182644419845e-11
1.220286578061784688e-11
1.182817708192388434e-11
9.644336565311038122e-12
4.583242807743440236e-12
-4.026040867935852708e-12
-1.608917177881751972e-11
-3.082538752311524713e-11
-4.725627397899520361e-11
-6.482968154956263084e-11
-8.381295753732734961e-11
-1.051924077447634778e-10
-1.300502358066966666e-10
-1.586373883026061640e-10
-1.895117934857006497e-10
-2.190980761759361713e-10
-2.418611832754440581e-10
-2.510856574617083098e-10
-2.401208543083856330e-10
-2.038800135627823325e-10
-1.403084575759889820e-10
-5.148499793315394748e-11
5.593737237314631625e-11
1.711218385764774336e-10
2.803294615580592310e-10
3.690804545297608929e-10
4.250292823650256186e-10
4.410380775084669963e-10
4.174938241492724008e-10
3.627249442455960500e-10
2.907624098545890101e-10
2.166989307007399311e-10
1.511898808092895283e-10
9.665774949675803553e-11
-0.000000000000000000e+00
0.000000000000000000e+00
0.000000000000000000e+00
-3.857299709375144258e-11
-4.769477359635234837e-11
-1.842026488264805832e-11
4.491849470963013874e-11
1.271026187757951754e-10
2.078222462586974313e-10
2.682012731675418852e-10
2.958356943446394177e-10
2.871409439569852951e-10
2.469203419481539372e-10
1.858907274565354333e-10
1.172534542927508244e-10
5.334728827326538407e-11
3.149353236250917245e-12
-2.895775828052686079e-11
-4.310386442477419484e-11
-4.282379907719194180e-11
-3.342426862121300936e-11
-2.033645433030275635e-11
-7.832887292279648507e-12
1.668858343101056082e-12
7.628142503424929287e-12
1.080626531198119284e-11
1.236640691387546388e-11
1.303523141115844471e-11
1.266158088365312382e-11
1.031814535021459052e-11
4.844170184969109300e-12
-4.487445492237780001e-12
-1.756279753998722713e-11
-3.351855010434316113e-11
-5.128263323273415832e-11
-7.024578036241148824e-11
-9.064985551942257788e-11
-1.134055467404863717e-10
-1.393244275936977369e-10
-1.680349916434514741e-10
-1.970319189659648974e-10
-2.212983990925214061e-10
-2.337428941921768964e-10
-2.264286230643884888e-10
-1.923685930886202914e-10
-1.275042431107076035e-10
-3.235691340079630396e-11
8.716060165356146748e-11
2.200572194637241119e-10
3.516371080430153544e-10
4.656517515201218879e-10
5.469558527524104650e-10
5.844262384294753063e-10
5.737125767096055895e-10
5.190061318223741977e-10
4.328003354079084418e-10
3.329702036492209069e-10
2.374940901112472567e-10
1.584349489888227443e-10
9.780687124422363416e-11
-0.000000000000000000e+00
0.000000000000000000e+00
0.000000000000000000e+00
-3.626018409295008084e-11
-3.810951666094542375e-11
4.112208002361375234e-12
8.519656106547488604e-11
1.877339806221668746e-10
2.883863264453157694e-10
3.650304730089711746e-10
4.024597585028738565e-10
3.953223855567893438e-10
3.480921293027805884e-10
2.727044499467567323e-10
1.848816214170047117e-10
1.002008442581148048e-10
3.081016826003359740e-11
-1.654563889790521350e-11
-4.088867175872538332e-11
-4.592122655461374874e-11
-3.804463383594054343e-11
-2.418335776282061648e-11
-9.999873943751174870e-12
1.130859018276269795e-12
8.237692041727579328e-12
1.206363000309263117e-11
1.394248636174583688e-11
1.474983709431845223e-11
1.434490744859483648e-11
1.167170111195308606e-11
5.391334881245851173e-12
-5.334399853971722538e-12
-2.036664936905810832e-11
-3.870092750395964426e-11
-5.909827236940414590e-11
-8.085062541361860119e-11
-1.041898620650979272e-10
-1.300102034722156397e-10
-1.588999301667601675e-10
-1.898164171553139810e-10
-2.189658903621226763e-10
-2.394588862271165084e-10
-2.420719053178083540e-10
-2.170866953581043574e-10
-1.568520453298170124e-10
-5.843145374042534516e-11
7.449973522973686214e-11
2.312523125243386683e-10
3.954541465874361843e-10
5.476988653856153587e-10
6.687665989127001491e-10
7.428219080096596760e-10
7.602952872143380330e-10
7.201667468119107826e-10
6.310399540061576217e-10
5.101323817927969617e-10
3.795980936064990266e-10
2.605713527987415905e-10
1.666135675597091292e-10
9.924577399766282358e-11
-0.000000000000000000e+00
0.000000000000000000e+00
0.000000000000000000e+00
-3.387109556636971287e-11
-2.797591534701814228e-11
2.814580935325329532e-11
1.283735278992527225e-10
2.529507955670752874e-10
3.752495739921563078e-10
4.695666930410753441e-10
5.175436457717581232e-10
5.117714634570062299e-10
4.562507823411334209e-10
3.642156624221762344e-10
2.542449452432475008e-10
1.456969655460033601e-10
5.450245297431661711e-11
-9.738036671281042892e-12
-4.472066184092692169e-11
-5.442646913657644712e-11
-4.672191662955766680e-11
-3.049914669899704337e-11
-1.321943329587416511e-11
5.574210648408658695e-13
9.405776593580071522e-12
1.416334458383172533e-11
1.647879349077112885e-11
1.746582864801081777e-11
1.699273740250004138e-11
1.379875550463118300e-11
6.267331023996252172e-12
-6.614794553896924334e-12
-2.467786854465158073e-11
-4.670948187426686441e-11
-7.122128375335664094e-11
-9.736123713923324794e-11
-1.253721040892656631e-10
-1.562027936062684501e-10
-1.902749119044375794e-10
-2.258141511810726460e-10
-2.574580800780054957e-10
-2.759081611364124730e-10
-2.691034502665314434e-10
-2.248850072762805007e-10
-1.346015918807777028e-10
3.355219509554774594e-12
1.813714543142897445e-10
3.828109226225374698e-10
5.847111051996102632e-10
7.620494180889966542e-10
8.922284613104022532e-10
9.588201234504949214e-10
9.542743980339269388e-10
8.815518776308982917e-10
7.543411101376663096e-10
5.951666243215272118e-10
4.308919102519833856e-10
2.860572938498614397e-10
1.757884804880367644e-10
1.010057392972937766e-10
-0.000000000000000000e+00
0.000000000000000000e+00
0.000000000000000000e+00
-3.141605876316949186e-11
-1.730401558019790268e-11
5.369411875752581069e-11
1.745269302907597649e-10
3.229521806936136896e-10
4.688012923147384187e-10
5.824539998458456108e-10
6.420231935934919547e-10
6.376977961720630022e-10
5.727861064852978776e-10
4.618260691243978009e-10
3.265473456636428032e-10
1.906526872243364638e-10
7.455542466021818074e-11
-8.666251954546078491e-12
-5.504666818461481776e-11
-6.889758265373024979e-11
-5.993997970240731515e-11
-3.958761105370802267e-11
-1.760503057962292109e-11
-3.009462657813557252e-14
1.121775149969746555e-11
1.720592997677779043e-11
2.007255473252256995e-11
2.127669832400916955e-11
2.069528262633890829e-11
1.677544466730496225e-11
7.508869299474069935e-12
-8.365763612690869659e-12
-3.064131597961649968e-11
-5.782322978313047583e-11
-8.808394126637048584e-11
-1.203817636753641920e-10
-1.550004551343338395e-10
-1.930313568201702169e-10
-2.347990009818710877e-10
-2.777214964844299854e-10
-3.145133519022381642e-10
-3.327901264913656825e-10
-3.167830504850452244e-10
-2.511252527336988269e-10
-1.258548066250088617e-10
5.892265181554652457e-11
2.905890690596061960e-10
5.451146909335308086e-10
7.915677588690194577e-10
9.983870912645390908e-10
1.139304202912232531e-09
1.197570655641719433e-09
1.168289921873735687e-09
1.059172662020314235e-09
8.897248379306635167e-10
6.883727640144471645e-10
4.871014388687437692e-10
3.140759199984480925e-10
1.860192662543532019e-10
1.031159358267165781e-10
0.000000000000000000e+00
0.000000000000000000e+00
0.000000000000000000e+00
-2.890421690364058306e-11
-6.101253750688716941e-12
8.077681564870624412e-11
2.237497532539214251e-10
3.979738552622747052e-10
5.695078653845177333e-10
7.044806235736856702e-10
7.770756683584996899e-10
7.746751023755512009e-10
6.995830729648084662e-10
5.675430957388961642e-10
4.036552551954328834e-10
2.365268315312969660e-10
9.184121297055589733e-11
-1.306889788334934559e-11
-7.207803551527195608e-11
-8.977948756083759979e-11
-7.813711031866890120e-11
-5.172821087780062743e-11
-2.324689623222564689e-11
-5.918087583441975204e-13
1.376143869332564083e-11
2.127338874913268919e-11
2.478595957461727114e-11
2.623373408485819704e-11
2.550314663707927860e-11
2.064942901188746531e-11
9.142912664224194360e-12
-1.060794523691931550e-11
-3.835142917932171883e-11
-7.222994541703513180e-11
-1.099821843957560969e-10
-1.503353642045562147e-10
-1.936605686837550406e-10
-2.413052275695818187e-10
-2.935878049193288073e-10
-3.470241021878485912e-10
-3.919478667598946624e-10
-4.120183296943190185e-10
-3.866738665513590628e-10
-2.964562734690070552e-10
-1.298595781677953514e-10
1.106356658592081836e-10
4.059666541254393959e-10
7.229357612494279020e-10
1.021102355401625931e-09
1.261484203649737755e-09
1.414034694780744874e-09
1.462193982604835838e-09
1.404555622057721258e-09
1.254476888795004638e-09
1.038064169445148542e-09
7.902353711309651796e-10
5.484743366165580844e-10
3.447452965118928612e-10
1.973607376049605925e-10
1.056027350935982760e-10
0.000000000000000000e+00
0.000000000000000000e+00
-0.000000000000000000e+00
-2.634347293884186296e-11
5.627160881287659265e-12
1.094181776992829249e-10
2.761471381176247857e-10
4.782827971529992107e-10
6.779062197284857224e-10
8.365741326442719735e-10
9.241224309648567386e-10
9.246599238148523935e-10
8.390660069057335210e-10
6.840556818874396302e-10
4.882030234153731633e-10
2.855424265719634647e-10
1.078939411970787233e-10
-2.219619807312062139e-11
-9.572889350053804186e-11
-1.173730276403263027e-10
-1.016926953706803102e-10
-6.716686623536082691e-11
-3.020147762222521507e-11
-1.060925487010216004e-12
1.712707497294035793e-11
2.641814915504829659e-11
3.062679479408070820e-11
3.232362346129346532e-11
3.140700342023637926e-11
2.542562824695181801e-11
1.118168132174199167e-11
-1.333802557981593210e-11
-4.782872662266660950e-11
-8.998279268273703351e-11
-1.370091129633654621e-10
-1.873734899283933072e-10
-2.416086537934081959e-10
-3.014745983990665902e-10
-3.674119585778215178e-10
-4.349166735485046737e-10
-4.913360182154203157e-10
-5.152293623387329626e-10
-4.798735904035805783e-10
-3.607162831565782355e-10
-1.446324206829692953e-10
1.624558375376511854e-10
5.331077204193882319e-10
9.228041004093979710e-10
1.279922856409239342e-09
1.557300218222272786e-09
1.721284310449872561e-09
1.756319186924499780e-09
1.665560573519257329e-09
1.469037408873018494e-09
1.200273667055492250e-09
9.012421677452669825e-10
6.152489689851208182e-10
3.781737972311798034e-10
2.098612703104616758e-10
1.084890481167375552e-10
0.000000000000000000e+00
0.000000000000000000e+00
-0.000000000000000000e+00
-2.374049343151043155e-11
1.787764227859222310e-11
1.396449952889719959e-10
3.318317954926575171e-10
5.641693804676579906e-10
7.945929193288616576e-10
9.797898984415011020e-10
1.084822654347849070e-09
1.090000482017672007e-09
9.942348954944680743e-10
8.148081839275740693e-10
5.837058688279055967e-10
3.408268191712546206e-10
1.250534842842908794e-10
-3.468852082711736929e-11
-1.255332561615718941e-10
-1.517901275439455720e-10
-1.309062662025431021e-10
-8.610242194129091511e-11
-3.847763038816157982e-11
-1.333115297035961844e-12
2.140707480186695788e-11
3.264867835382551610e-11
3.752340487929219357e-11
3.943967277639708634e-11
3.831166042574314362e-11
3.104811701124510428e-11
1.361632098244973768e-11
-1.651935995226132638e-11
-5.899010678981132390e-11
-1.109450749858681322e-10
-1.689693360540126875e-10
-2.312577792442901408e-10
-2.986258257031696894e-10
-3.734735494258659807e-10
-4.565556659937029232e-10
-5.422018842014777529e-10
-6.139505958680528453e-10
-6.437282990864237691e-10
-5.969064880832246564e-10
-4.427254171866123758e-10
-1.666480554153196915e-10
2.203120625202978470e-10
6.797690158034887919e-10
1.153304779414865186e-09
1.576367022096137264e-09
1.893086719095742691e-09
2.066774530601448819e-09
2.084075993497041105e-09
1.954044264541003559e-09
1.704525615199714605e-09
1.377288273312937198e-09
1.021869859750048048e-09
6.876462050334137007e-10
4.144560163839066297e-10
2.235610837204728528e-10
1.117936938287336847e-10
0.000000000000000000e+00
0.000000000000000000e+00
-0.000000000000000000e+00
-2.110077276010052024e-11
3.064740941415546692e-11
1.714839209333062306e-10
3.909181423908225793e-10
6.559369552345283400e-10
9.202086672705142269e-10
1.135292213109289449e-09
1.261056781308549182e-09
1.273433572209481097e-09
1.168691310551814118e-09
9.640706010046684942e-10
6.946810189325378108e-10
4.065740586550875227e-10
1.466427630759005897e-10
-4.841715765329634535e-11
-1.605279374888670041e-10
-1.928832946504617582e-10
-1.659602089294380549e-10
-1.086638575907890531e-10
-4.801766883619489463e-11
-1.253195213782798413e-12
2.669605864229319062e-11
3.991260637588336814e-11
4.529497573328105544e-11
4.734740705815686438e-11
4.600481010518042922e-11
3.737806764659078030e-11
1.640899052192625121e-11
-2.007064215695536981e-11
-7.161226727715719960e-11
-1.347215016022776050e-10
-2.052714606098647773e-10
-2.812107746099733218e-10
-3.638336755429892785e-10
-4.565226330280959702e-10
-5.606420383956065104e-10
-6.691689246740462171e-10
-7.606897443778240956e-10
-7.984107730377631595e-10
-7.375640641840058657e-10
-5.399941725246260353e-10
-1.904250892593052350e-10
2.925713636330105580e-10
8.562993377185419718e-10
1.425414933815062226e-09
1.920710160709608022e-09
2.277479695896029609e-09
2.457097154539958918e-09
2.450067484047742920e-09
2.272957306849720054e-09
1.962675836397470613e-09
1.570037167931003839e-09
1.152567583225667164e-09
7.658602563609648928e-10
4.536683989786437561e-10
2.384905006163746929e-10
1.155308099157109060e-10
0.000000000000000000e+00
0.000000000000000000e+00
-0.000000000000000000e+00
-1.842875560878352094e-11
4.393347005131872162e-11
2.049582967466303664e-10
4.535152322547693946e-10
7.538889206012861860e-10
1.055418118535038280e-09
1.304327559923575615e-09
1.454898454990863226e-09
1.478067190882266848e-09
1.366650859355338584e-09
1.137002501637290361e-09
8.267771200826455846e-10
4.882346802839089016e-10
1.771897976598252146e-10
-6.027097823793247846e-11
-1.990821390255280082e-10
-2.401304656287474079e-10
-2.068504032968336805e-10
-1.348682707987947903e-10
-5.866921319219706393e-11
-5.982418856789699216e-13
3.309217691348238350e-11
4.808005904606506029e-11
5.362087683460863602e-11
5.564790003320822471e-11
5.412247697930403610e-11
4.416832361054384126e-11
1.948309842704127289e-11
-2.385297150868804594e-11
-8.528811475408349593e-11
-1.605752546587822948e-10
-2.447978042751921552e-10
-3.357351809074408666e-10
-4.354723340907040891e-10
-5.488938733141650163e-10
-6.784275939657324895e-10
-8.154486682663505990e-10
-9.319757098711180629e-10
-9.796301745302202569e-10
-9.006478481317639113e-10
-6.482940500768604753e-10
-2.079575467963230957e-10
3.906476512669821692e-10
1.076174356738650185e-09
1.752886475764574048e-09
2.325377441808162079e-09
2.720572959983651807e-09
2.899701746973315083e-09
2.859320215233644849e-09
2.625406296923531662e-09
2.245240253382625321e-09
1.779412690585721576e-09
1.293738129584753952e-09
8.500486933469118614e-10
4.958646652909698589e-10
2.546682184699095735e-10
1.197093167048706228e-10
0.000000000000000000e+00
0.000000000000000000e+00
-0.000000000000000000e+00
-1.572801347217461410e-11
5.773143192977217541e-11
2.400845277422220766e-10
5.197186008017761471e-10
8.583134430537044530e-10
1.200885062584194841e-09
1.488189715202413245e-09
1.668573749545660000e-09
1.707346391353283767e-09
1.592938349824358923e-09
1.339706798409068568e-09
9.869108597566024791e-10
5.927381164905498314e-10
2.227082086983810935e-10
-6.586728523634618464e-11
-2.386464932767299743e-10
-2.924456867202509875e-10
-2.532574206973774629e-10
-1.645399181538970555e-10
-7.013867695875223330e-11
9.447313574318992566e-13
4.070112753861835552e-11
5.693232768052442052e-11
6.201716178562666986e-11
6.374669403256938758e-11
6.211636453953011436e-11
5.103668206641520676e-11
2.271153300768220848e-11
-2.765647226644123782e-11
-9.937762797741773437e-11
-1.873330132996755566e-10
-2.857557760367751011e-10
-3.924106735645661349e-10
-5.106556390546933310e-10
-6.476550953741709964e-10
-8.075761904444725798e-10
-9.798373794855740111e-10
-1.127590577586902322e-09
-1.186948807151678001e-09
-1.083536185974197932e-09
-7.610094333370761188e-10
-2.079224275137123281e-10
5.297969388403246144e-10
1.356651530283518281e-09
2.152679012213782222e-09
2.805154704487430654e-09
3.233964277108946587e-09
3.402850946951805925e-09
3.317208333418516376e-09
3.014581595822860990e-09
2.553934214044919428e-09
2.006234579512725004e-09
1.445717222004321356e-09
9.403218225281879551e-10
5.410711235015094023e-10
2.720996285304389135e-10
1.243324444580499854e-10
0.000000000000000000e+00
0.000000000000000000e+00
-0.000000000000000000e+00
-1.300146874531847764e-11
7.203417557292979290e-11
2.768680931941125102e-10
5.896012060739740867e-10
9.694660791140418715e-10
1.357243212022988256e-09
1.688176590224855985e-09
1.904406696193957360e-09
1.964999698413575579e-09
1.852960991973722678e-09
1.579267801642941778e-09
1.183407759329505283e-09
7.287522319719927887e-10
2.910521461956555931e-10
-5.915897255830770665e-11
-2.753841427479904345e-10
-3.478716591712432061e-10
-3.043126149260851287e-10
-1.971524388505869393e-10
-8.190554868041118428e-11
3.811524285236417781e-12
4.964364873235416039e-11
6.616270534791274568e-11
6.983385207493588799e-11
7.084306531712438986e-11
6.923387910250906793e-11
5.744307134251967797e-11
2.590334721668946976e-11
-3.118927907805428286e-11
-1.129588020581097321e-10
-2.132879142711920609e-10
-3.255289480451689723e-10
-4.476984990454214263e-10
-5.851452594673452847e-10
-7.484348407105472379e-10
-9.444299152311870019e-10
-1.160061398094031376e-09
-1.346371557271959266e-09
-1.418660061209379206e-09
-1.281449279941426155e-09
-8.681525753718910350e-10
-1.745687712363707820e-10
7.301594694772901015e-10
1.719570812204525852e-09
2.645443633396179177e-09
3.377387170170716083e-09
3.830762913924593211e-09
3.975536191742811534e-09
3.829348265271261310e-09
3.443667133351624374e-09
2.890372149267984119e-09
2.251209991317079862e-09
1.608751229797060492e-09
1.036731659396029059e-09
5.892819822209567696e-10
2.907752229664836157e-10
1.293973340270203323e-10
0.000000000000000000e+00
0.000000000000000000e+00
-0.000000000000000000e+00
-1.025165797240163991e-11
8.683043105192377716e-11
3.152993114772196328e-10
6.632036960750431782e-10
1.087550674942693590e-09
1.525063033122817080e-09
1.905539007020082622e-09
2.164750365733746703e-09
2.254963340840719312e-09
2.152654001531508401e-09
1.863765705378265416e-09
1.426140933927348089e-09
9.069823441702277353e-10
3.923632397491260841e-10
-3.190306520191827036e-11
-3.036339871204563901e-10
-4.030915787132635933e-10
-3.581867064218230583e-10
-2.315244236724799175e-10
-9.305076229129823620e-11
8.618989245486962135e-12
6.006510438852243957e-11
7.539374448309464888e-11
7.629041664932689032e-11
7.596276896358187839e-11
7.453022277046028118e-11
6.268183154650980449e-11
2.879128925751357652e-11
-3.407495051308932844e-11
-1.247941546141255601e-10
-2.361292046504032451e-10
-3.605764596195487808e-10
-4.968275908863245916e-10
-6.532346674645234502e-10
-8.452827352379528591e-10
-1.083787150356592556e-09
-1.352399318114825475e-09
-1.585603642461189748e-09
-1.670884513543537886e-09
-1.486219306540808319e-09
-9.548749330892733692e-10
-8.616347015026437900e-11
1.018121388983941364e-09
2.192325497322093167e-09
3.256051150649072181e-09
4.062148971241299736e-09
4.525543767829365690e-09
4.627345377207557621e-09
4.401460747658074307e-09
3.915731823718958045e-09
3.255994687731895213e-09
2.514890003516165480e-09
1.782973824127477974e-09
1.139260779418030683e-09
6.404547906249873059e-10
3.106691333647746644e-10
1.348947202511468422e-10
0.000000000000000000e+00
0.000000000000000000e+00
-0.000000000000000000e+00
-7.481024072958809351e-12
1.021033081527654328e-10
3.553489947304418855e-10
7.405242896749450323e-10
1.212699029685138850e-09
1.704815271984071006e-09
2.141421947368547016e-09
2.451903160781998969e-09
2.581280651575574964e-09
2.498392018964125850e-09
2.202256799952390810e-09
1.726656896959394658e-09
1.140507721792045853e-09
5.396272197373529395e-10
2.705186005186984726e-11
-3.151413231287088167e-10
-4.526754830300116549e-10
-4.113935105773260403e-10
-2.652472582580135519e-10
-1.018988511428185819e-10
1.629448012694312150e-11
7.214541844827190427e-11
8.420169200280109042e-11
8.056032686858469708e-11
7.806190589798021052e-11
7.694218371031455301e-11
6.591067441755009397e-11
3.102748277560403589e-11
-3.587041933611988284e-11
-1.333500172497022398e-10
-2.529686775908424828e-10
-3.864923967544850737e-10
-5.339164544948024187e-10
-7.079096709132180121e-10
-9.307264168790867643e-10
-1.218637641605078708e-09
-1.550944159290649347e-09
-1.839795802277904137e-09
-1.935919241623602096e-09
-1.684284030650694454e-09
-9.992463891426708097e-10
8.716702095797294395e-11
1.428079047576438562e-09
2.809020735363548310e-09
4.014146524607282322e-09
4.882357556275295833e-09
5.334229214547650504e-09
5.368273174804243873e-09
5.039197440622134844e-09
4.433602832042643594e-09
3.651988027134164146e-09
2.797623552537189170e-09
1.968382193556757743e-09
1.247811374558779876e-09
6.945061473760047636e-10
3.317378460124061520e-10
1.408087067203456536e-10
0.000000000000000000e+00
0.000000000000000000e+00
-0.000000000000000000e+00
-4.692225920095946809e-12
1.178288351134547242e-10
3.969641473667668055e-10
8.215086036890695647e-10
1.344949920923848298e-09
1.896832061130167388e-09
2.396799220230530351e-09
2.768010517429235234e-09
2.947974331748279891e-09
2.896858971283211928e-09
2.604705349628794801e-09
2.098270833411668602e-09
1.445145791730821025e-09
7.493548258604001755e-10
1.327093719619871467e-10
-2.979730082667620616e-10
-4.879512002553491303e-10
-4.576629804911454042e-10
-2.936544057800885920e-10
-1.052745486619728990e-10
2.840581528770993780e-11
8.612988797824828161e-11
9.210922413461291423e-11
8.188029407411218498e-11
7.621408895677936332e-11
7.545629318310255761e-11
6.625200610951241741e-11
3.220549394910867027e-11
-3.612767851671411136e-11
-1.369526317831113275e-10
-2.606202999750922146e-10
-3.984568026096551581e-10
-5.526181230490187580e-10
-7.415397701525707907e-10
-9.960828174172142402e-10
-1.339604643005795051e-09
-1.746015760314627522e-09
-2.098294112110744590e-09
-2.199363361695179092e-09
-1.853514813112004286e-09
-9.689960929846967981e-10
3.864015976903859185e-10
2.004693889032500388e-09
3.611821284496145966e-09
4.954692884784481720e-09
5.863795641815705256e-09
6.273875597555924992e-09
6.208464423904716551e-09
5.747930254521217543e-09
4.999721776584669941e-09
4.079197140421985171e-09
3.099510018021951697e-09
2.164813546184015644e-09
1.362194880592515730e-09
7.513078295556795357e-10
3.539191403454972624e-10
1.471166395694511251e-10
0.000000000000000000e+00
0.000000000000000000e+00
-0.000000000000000000e+00
-1.888452593795936573e-12
1.339745651294203384e-10
4.400638758040723119e-10
9.060397986355997467e-10
1.484228193864900862e-09
2.101266727171203021e-09
2.672402954147512650e-09
3.114952938915185040e-09
3.358889982602850028e-09
3.354868630638015071e-09
3.081849483773924093e-09
2.556104918237500513e-09
1.839821620628669819e-09
1.042392930807456676e-09
3.051558066881176755e-10
-2.350114396883528821e-10
-4.953604381126192349e-10
-4.862053110077542574e-10
-3.080735657778221366e-10
-9.702775608114620832e-11
4.801344346097656375e-11
1.025197719577364177e-10
9.848794718089625548e-11
7.957238308774251338e-11
6.982333593679759573e-11
6.937263278137413809e-11
6.300959715252736554e-11
3.194788143996090978e-11
-3.454443404284334640e-11
-1.342678059069710344e-10
-2.564638312578467311e-10
-3.925193320797114222e-10
-5.477537210348514630e-10
-7.473602474466443775e-10
-1.031795797089072221e-09
-1.433360877173068373e-09
-1.920793040306607976e-09
-2.340915208536148997e-09
-2.435386270722665033e-09
-1.958362474546530707e-09
-8.168077829564181940e-10
8.676434963545360378e-10
2.805718045767966043e-09
4.652459572571291583e-09
6.118441867970298618e-09
7.034989674707360272e-09
7.362337508217275963e-09
7.157881570231783724e-09
6.532502929299837475e-09
5.615986001785416545e-09
4.538034965030660260e-09
3.420351918450715067e-09
2.371922720756531461e-09
1.482122569573968399e-09
8.106834986433648749e-10
3.771312965316276800e-10
1.537890868056716890e-10
0.000000000000000000e+00
0.000000000000000000e+00
-0.000000000000000000e+00
9.262709804402703651e-13
1.504983118526628529e-10
4.845356848944147101e-10
9.939294449711665605e-10
1.630324704976252039e-09
2.318053649982167018e-09
2.968649825797805388e-09
3.494222194174358267e-09
3.817510486655938217e-09
3.879128492858104353e-09
3.644980154251230245e-09
3.117032278426457383e-09
2.346900916688313550e-09
1.444853356520085186e-09
5.711339433627733744e-10
-1.018921790985871020e-10
-4.541184015018473037e-10
-4.791670062521048518e-10
-2.930903391089119644e-10
-6.536004002170278120e-11
8.169185722489524497e-11
1.229424701940013914e-10
1.024622146606853880e-10
7.276006195584805826e-11
5.864199433716061876e-11
5.854536285857877827e-11
5.600271996487679997e-11
3.012578218570757771e-11
-3.130271361305384112e-11
-1.255256874785839323e-10
-2.405597588874146867e-10
-3.684641795969887094e-10
-5.184907920479012306e-10
-7.215933835428314681e-10
-1.026697856779690089e-09
-1.478448241429141880e-09
-2.044806193302176018e-09
-2.530649622990134774e-09
-2.599392137197755354e-09
-1.942635750268203505e-09
-4.736270491598881119e-10
1.607480844505017040e-09
3.905437637527465271e-09
5.993822867130382297e-09
7.552230582977768919e-09
8.426878708427990398e-09
8.617780622182662316e-09
8.225888943407016992e-09
7.396946426636831488e-09
6.283578305098386233e-09
5.028390320126846929e-09
3.759609419578680009e-09
2.589161805587384528e-09
1.607197519481259019e-09
8.724061413497677423e-10
4.012726162074514293e-10
1.607899282903665854e-10
0.000000000000000000e+00
0.000000000000000000e+00
-0.000000000000000000e+00
3.746800423537490143e-12
1.673470749203571319e-10
5.302323384823190176e-10
1.084909528056955951e-09
1.782877979106437778e-09
2.546869733816343910e-09
3.285566462791918415e-09
3.906788603917956148e-09
4.326742556477118133e-09
4.475941105280827833e-09
4.305610083774167807e-09
3.799476809561600325e-09
2.992417181432086775e-09
1.989112539099871273e-09
9.660026420211400857e-10
1.357856743265751718e-10
-3.329221025078432566e-10
-4.080460442973622987e-10
-2.226497706919988903e-10
1.137532471658246018e-11
1.435669333033316367e-10
1.529543018607472339e-10
1.036518680448660094e-10
5.974043713102772793e-11
4.217755982741762211e-11
4.322942747947940482e-11
4.583396525230132442e-11
2.726680882218999510e-11
-2.786962812801803712e-11
-1.154973087816160006e-10
-2.203223998429244092e-10
-3.353067931520629968e-10
-4.731004260547424255e-10
-6.644997244064847231e-10
-9.634970634822826917e-10
-1.436380508911259040e-09
-2.063216242884877623e-09
-2.602757303605088632e-09
-2.617229643697882098e-09
-1.718951850007868881e-09
1.607409556040161957e-10
2.709990174662140271e-09
5.398701608917964954e-09
7.711455685863675277e-09
9.308959287295176906e-09
1.007219328186137131e-08
1.005801418694295505e-08
9.420750190371477280e-09
8.344162389667421237e-09
7.002789914581514959e-09
5.549537890900985138e-09
4.116358559753703081e-09
2.815762714670144775e-09
1.736908376894130539e-09
9.361963982211752071e-10
4.262212967730118899e-10
1.680765599020743081e-10
0.000000000000000000e+00
0.000000000000000000e+00
-0.000000000000000000e+00
6.566623344724707805e-12
1.844562139570970892e-10
5.769694566679857956e-10
1.178626011332126299e-09
1.941358479948141830e-09
2.787099224841840774e-09
3.622716977147828170e-09
4.352963572793078540e-09
4.888679113065966533e-09
5.150840022776447500e-09
5.075009918864163858e-09
4.623007090215378192e-09
3.806087057277581275e-09
2.714776803244867230e-09
1.536083281648266626e-09
5.261807342216338003e-10
-8.532236647401968037e-11
-2.286975075373320649e-10
-5.494916576610284108e-11
1.700477050318161163e-10
2.613240761819895409e-10
2.080679997756587636e-10
1.058513553014131786e-10
3.797841599968709729e-11
1.799675168355986106e-11
2.264803388772964137e-11
3.342540462115812771e-11
2.509240736757889603e-11
-2.941165628056620717e-11
-1.216436801024083309e-10
-2.214259143037234130e-10
-3.213245484956545299e-10
-4.338818951520811562e-10
-5.764880982321938034e-10
-8.078572285413530227e-10
-1.238155148209541816e-09
-1.882846419010453907e-09
-2.450156896494229055e-09
-2.369717248808729962e-09
-1.153409838317886619e-09
1.230673455229447945e-09
4.315625561444972847e-09
7.405347208601342277e-09
9.894692208320303476e-09
1.144705068230030141e-08
1.200445394308066505e-08
1.169961890021207570e-08
1.074904077374505138e-08
9.375582277247027348e-09
7.772843031376455285e-09
6.100054169735702154e-09
4.489255246825124472e-09
3.050723688282869089e-09
1.870625316572743415e-09
1.001721921832396138e-09
4.518356942995992049e-10
1.756002136050833741e-10
0.000000000000000000e+00
0.000000000000000000e+00
-0.000000000000000000e+00
9.377657939806638243e-12
2.017489244383407656e-10
6.245240101913071335e-10
1.274634361202086738e-09
2.105056400472685183e-09
3.037803729867800268e-09
3.979136055493059901e-09
4.832262842292124358e-09
5.504344081655567272e-09
5.908162490757970952e-09
5.963593048179565538e-09
5.607654502781031216e-09
4.820964309282740768e-09
3.669416249441725025e-09
2.341296872977390381e-09
1.136070651336106366e-09
3.568297695728822988e-10
1.258356373564602859e-10
2.742132052773757196e-10
4.681798749083387637e-10
4.811479512583273166e-10
3.197009967513976060e-10
1.220736206977107884e-10
3.075065365848586953e-12
-2.584327201575958392e-11
-1.414421708632858868e-11
1.561499817517365518e-11
2.845558555154455681e-11
-5.719645251113738366e-11
-2.135490712895439383e-10
-3.332193787645564262e-10
-4.064095816503478339e-10
-4.494918764773869607e-10
-4.539756318358071084e-10
-4.986221985330644176e-10
-7.737995410618901892e-10
-1.358474313343611825e-09
-1.904433440257378312e-09
-1.670006628248503976e-09
-4.324894207173346707e-11
2.942502077051909152e-09
6.612015140258268064e-09
1.007455644647382594e-08
1.264696957379630547e-08
1.402913952968483797e-08
1.425649877251775357e-08
1.355685653992930765e-08
1.221498529950751401e-08
1.049081368296479393e-08
8.591720773237003512e-09
6.677743702985029803e-09
4.876507160893166786e-09
3.292800664444613574e-09
2.007598572352521116e-09
1.068597888834341755e-09
4.779550030062062981e-10
1.833063931554144579e-10
0.000000000000000000e+00
0.000000000000000000e+00
-0.000000000000000000e+00
1.217010941671074170e-11
2.191360613133766510e-10
6.726338526761414219e-10
1.372397402671206013e-09
2.273073846829300365e-09
3.297699339075377773e-09
4.353271404730763211e-09
5.343277234449755699e-09
6.173429576697637785e-09
6.750567880025813259e-09
6.980140306300343912e-09
6.772886616407942139e-09
6.072539381311501406e-09
4.908738537772500071e-09
3.457803990582264822e-09
2.056975748369707615e-09
1.092705668624161642e-09
7.562467302098977641e-10
8.615076005089376741e-10
9.899754541854343534e-10
8.670993624349538642e-10
5.269695584361149584e-10
1.541268439317060323e-10
-9.498728330998530291e-11
-1.833795733057286137e-10
-1.737666082646384374e-10
-5.430080197970356640e-11
7.318948529820640575e-11
-2.504265310572283636e-10
-8.520713355163716197e-10
-1.070225785227003253e-09
-9.562357417261444188e-10
-7.130000643219329605e-10
-3.395691587725944359e-10
3.376322098874353212e-11
1.065112509217818085e-10
-2.775477899211155246e-10
-7.070145497363881107e-10
-2.286026742817262363e-10
1.915757521765003793e-09
5.588005928829732875e-09
9.846153731115677875e-09
1.358823392048405164e-08
1.608467565551730273e-08
1.711970534990688095e-08
1.685846520528584016e-08
1.564036562024651654e-08
1.381973946929895368e-08
1.168728957613665364e-08
9.456013749277398859e-09
7.279580304406221442e-09
5.275855686950875828e-09
3.540504402678042813e-09
2.146959865945076510e-09
1.136388766034794489e-09
5.044003705059010048e-10
1.911354230109366973e-10
0.000000000000000000e+00
0.000000000000000000e+00
-0.000000000000000000e+00
1.493239300843083045e-11
2.365163464703351275e-10
7.209984044860194567e-10
1.471285820939200911e-09
2.444322212035994457e-09
3.565142713261826098e-09
4.742939575326833981e-09
5.883558797189372553e-09
6.894039041362133795e-09
7.678519661113562335e-09
8.130872143171729849e-09
8.136183523384400673e-09
7.597063532143256435e-09
6.495707216075454531e-09
4.980020729558313759e-09
3.412373298561538800e-09
2.265626207243354469e-09
1.814458937370578733e-09
1.854867357436571058e-09
1.861594620052413146e-09
1.504888010595325803e-09
8.498527988098283189e-10
8.136933135959408277e-11
-6.296931436911696670e-10
-1.124465642713262798e-09
-1.273609131307742109e-09
-5.181519584726121971e-10
4.938419349345598384e-10
-1.688413682944435230e-09
-5.573359867014645524e-09
-6.058796418222107603e-09
-4.136937181073621949e-09
-2.192511029489826998e-09
-5.276240786687697072e-10
8.380769154876158097e-10
1.618166441268123992e-09
1.684256145551285711e-09
1.545852564168353174e-09
2.403153381376469569e-09
5.176174308020810214e-09
9.573825924125459739e-09
1.433641710048521992e-08
1.816185627670805603e-08
2.033368948410531483e-08
2.078136507464960903e-08
1.983519021172898733e-08
1.795567302724431887e-08
1.556064818823835182e-08
1.295994039132291750e-08
1.036079360139108252e-08
7.901668005491394270e-09
5.684569884311766447e-09
3.792104129513094772e-09
2.287726993671831113e-09
1.204611400425709403e-09
5.309764577231619023e-10
1.990231057227123319e-10
0.000000000000000000e+00
0.000000000000000000e+00
-0.000000000000000000e+00
1.765113001104710506e-11
2.537769841946900810e-10
7.692805682013378517e-10
1.570581551257856589e-09
2.617525412082886879e-09
3.838127849035386221e-09
5.145299203243522585e-09
6.449531095004252718e-09
7.662453327625939830e-09
8.689758723750570147e-09
9.418398887745936432e-09
9.711203292778680521e-09
9.428889851602801455e-09
8.497940887305276095e-09
7.020849318256022107e-09
5.365121348839158090e-09
4.080890807641670072e-09
3.531864773652848810e-09
3.491072006989905965e-09
3.299294210637111492e-09
2.562979294493668310e-09
1.322662162572418967e-09
-5.417992125925897254e-10
-3.108442659570734136e-09
-5.777904541194029458e-09
-6.846453972006047168e-09
-2.136438050613502816e-09
3.180174586021319741e-09
-1.006935186398616454e-08
-3.142559167642620306e-08
-3.219049708151270888e-08
-1.897575198702414115e-08
-8.122477870891813693e-09
-1.767261615227625436e-09
2.124877760209749591e-09
4.243768037848622003e-09
5.105434259485143112e-09
5.514059102311020627e-09
6.923852219369021041e-09
1.040337141871653947e-08
1.545478115164314860e-08
2.048097809442085324e-08
2.404045037296192102e-08
2.552265598994146969e-08
2.506961667849719586e-08
2.320305873516769945e-08
2.050158423783951644e-08
1.743052385102324257e-08
1.430091255605868727e-08
1.129952449178926055e-08
8.539226362623613011e-09
6.099454263795842927e-09
4.045638314649048505e-09
2.428811746596204875e-09
1.272739467268110511e-09
5.574734407532382756e-10
2.069014807167237270e-10
0.000000000000000000e+00
0.000000000000000000e+00
-0.000000000000000000e+00
2.031122062974827674e-11
2.707946951038967595e-10
8.171099159984773281e-10
1.669484209027861203e-09
2.791229485751253464e-09
4.114294975919342388e-09
5.556845473411032057e-09
7.036432751492998054e-09
8.472939469278718587e-09
9.778806024565310838e-09
1.084060812950368626e-08
1.150558574027016899e-08
1.159670985075013589e-08
1.098264419027045899e-08
9.708240694434787346e-09
8.122761246377468557e-09
6.828147335491790368e-09
6.263393084547963383e-09
6.166340990676178061e-09
5.727166917119037164e-09
4.505321613350077599e-09
2.235464285526730430e-09
-2.679507339442932450e-09
-1.110840327366280301e-08
-1.966167847718933926e-08
-1.971371976662676330e-08
-1.987383033644429432e-10
1.138197962705366561e-08
-3.422071172986701196e-08
-9.759187672167162587e-08
-1.010343879381199894e-07
-5.932440394248896306e-08
-2.395307977465355329e-08
-5.092963067799206556e-09
4.870730947490855647e-09
9.304716782868444638e-09
1.114611044623860361e-08
1.231496783052303847e-08
1.441895839121195699e-08
1.855672116743427231e-08
2.396433126494351665e-08
2.875644642235373506e-08
3.148661701229867651e-08
3.177212639511422344e-08
3.002599579985694638e-08
2.696642271059980882e-08
2.326855195538680204e-08
1.941700058240832472e-08
1.569935962857045371e-08
1.226402352295235854e-08
9.186604282908017693e-09
6.516871784532531746e-09
4.298932977888356582e-09
2.569031239210427062e-09
1.340209269748675359e-09
5.836694393290476446e-10
2.146996749843281252e-10
0.000000000000000000e+00
0.000000000000000000e+00
-0.000000000000000000e+00
2.289599442577043169e-11
2.874371643995099693e-10
8.640871441101638278e-10
1.767120607862889989e-09
2.963818842309799714e-09
4.390952664329393719e-09
5.973429080809941089e-09
7.638303066889517801e-09
9.317623524289753583e-09
1.093654126175521665e-08
1.238957885407302015e-08
1.351852796169607022e-08
1.411874740749004545e-08
1.400846818372340409e-08
1.317549176846009140e-08
1.193579935338122139e-08
1.090489668444441118e-08
1.055179147706605571e-08
1.055676073590117183e-08
1.000192996627799049e-08
8.506346572521931742e-09
4.433766718087545139e-09
-8.561564496801970179e-09
-3.065757629376927650e-08
-4.338901919204146879e-08
-2.453378244698058975e-08
2.084692805530645865e-08
2.042910498398969512e-08
-5.589464410239890246e-08
-1.574535039822963520e-07
-1.843681822715659879e-07
-1.230841939154643462e-07
-5.567863757406422382e-08
-1.330189151415485270e-08
1.102275155754157924e-08
1.983994743663940681e-08
2.209838437207351616e-08
2.383413280728158112e-08
2.654576733747323576e-08
3.097549243680163857e-08
3.602699001442392460e-08
3.969723289961485594e-08
4.075731041059027952e-08
3.917914380420692064e-08
3.566988273259508689e-08
3.111382547804130497e-08
2.623716038156458280e-08
2.150202929352550579e-08
1.714133318179995338e-08
1.324448026520849914e-08
9.837325744224822943e-09
6.932782999549039581e-09
4.549627673919347484e-09
2.707122609346495779e-09
1.406426839098667668e-09
6.093333436089191093e-10
2.223448337846510401e-10
0.000000000000000000e+00
0.000000000000000000e+00
-0.000000000000000000e+00
2.538743602209838414e-11
3.035648848407200453e-10
9.097897419200463629e-10
1.862557295540223669e-09
3.133539191567493020e-09
4.665113723932094300e-09
6.390302157446681068e-09
8.248017444066069570e-09
1.018644884839849992e-08
1.214990980897514851e-08
1.405063926141071124e-08
1.573836046842890738e-08
1.699724568983587976e-08
1.761424612158117077e-08
1.754255123195924415e-08
1.708037092590468176e-08
1.682989588663032349e-08
1.721080746852243348e-08
1.780801354822653790e-08
1.778344577222773617e-08
1.697669486734262563e-08
8.958584788182799515e-09
-2.418356004192084382e-08
-7.268875494057618645e-08
-7.615920636918438570e-08
-1.121778038314313552e-08
9.068482379275782975e-08
8.870120217761797782e-08
-5.096374508434028194e-08
-1.127917855287007167e-07
-1.519750467782847795e-07
-1.681555488822069320e-07
-1.112134196152458645e-07
-3.736555154153831658e-08
2.150136322484761728e-08
4.115655854714725915e-08
4.211038963118732596e-08
4.313218822016071670e-08
4.574176548577479296e-08
4.943429362017292883e-08
5.272505736673366681e-08
5.384373527821820920e-08
5.206718620314436044e-08
4.779774831013976500e-08
4.198955303836466385e-08
3.561438586037047771e-08
2.937689296545331912e-08
2.366158300193024231e-08
1.860979936184306969e-08
1.422954380059738739e-08
1.048416968997350816e-08
7.342801667349172457e-09
4.795209020694850953e-09
2.841760927403456197e-09
1.470776238419450130e-09
6.342279977000346199e-10
2.297631171582255370e-10
0.000000000000000000e+00
0.000000000000000000e+00
-0.000000000000000000e+00
2.776648122304654043e-11
3.190333573640400436e-10
9.537787781709017638e-10
1.954815907398150384e-09
3.298526918416337605e-09
4.933544875118410706e-09
6.802192505586822970e-09
8.857378520796534291e-09
1.106723879163107373e-08
1.340181132621150493e-08
1.580170183384907014e-08
1.814044074182795816e-08
2.021290406485592931e-08
2.180555188908585932e-08
2.288709662804900578e-08
2.381349151430841379e-08
2.521976787725407566e-08
2.740527781364628851e-08
2.981112034136887576e-08
3.212977398640131412e-08
3.414873780748858129e-08
1.550005589852841536e-08
-6.302898233300827915e-08
-1.522598160306995536e-07
-1.152585159583314363e-07
1.546064936318409611e-08
1.428576921231245394e-07
5.830956553914150778e-08
-8.621646682942279368e-08
-1.259008501607451965e-07
-2.473068340382351324e-07
-2.740078596668998161e-07
-2.188192331090888641e-07
-1.031060847387303722e-07
3.131672284519214531e-08
8.047617446127805738e-08
7.803986178831179397e-08
7.488739058381477162e-08
7.537491606422429923e-08
7.609267790189094156e-08
7.517869835721222087e-08
7.164932981417067373e-08
6.553946355462600440e-08
5.761711599354275314e-08
4.893345148794471160e-08
4.041479915804941986e-08
3.264536745145934942e-08
2.586564070289974227e-08
2.008480288731662383e-08
1.520648310790605080e-08
1.111928492581494869e-08
7.742266448509167925e-09
5.033051334493675672e-09
2.971580019286763388e-09
1.532628931036519243e-09
6.581136836688683789e-10
2.368807464686649912e-10
0.000000000000000000e+00
0.000000000000000000e+00
-0.000000000000000000e+00
3.001337470552682792e-11
3.336956008581945492e-10
9.956066499536685852e-10
2.042891029876038715e-09
3.456844331188164178e-09
5.192829578841375909e-09
7.203405986762028550e-09
9.457266362707793389e-09
1.194587806947881293e-08
1.467121794764544558e-08
1.761301197493961454e-08
2.068572880053045139e-08
2.372022174261388629e-08
2.654127350740180276e-08
2.920811898767429495e-08
3.229160513613783393e-08
3.668067207854239797e-08
4.264946628896822472e-08
4.953307661879180198e-08
5.846213635824704756e-08
6.717967124470965253e-08
2.047648440408642417e-08
-1.510041802987178002e-07
-2.835623830883565425e-07
-1.426847405382396152e-07
5.628688652248948402e-08
2.530075520580664653e-08
-1.379346257413571832e-07
-1.407333804502932454e-07
-2.859316144005974545e-07
-2.889963028953017942e-07
-4.482744468669192271e-07
-4.078337647504032319e-07
-2.497859968874234978e-07
2.453270809984032764e-08
1.466815114376031501e-07
1.404265429280026766e-07
1.256963415920659540e-07
1.196404505325881874e-07
1.132067932383384543e-07
1.042961034642771808e-07
9.334712141390337516e-08
8.115015182886562633e-08
6.854034122321116432e-08
5.640301394233571422e-08
4.543746057802198623e-08
3.598822147805249011e-08
2.807850796675400463e-08
2.154379347396569417e-08
1.616142320743586153e-08
1.173433902078139411e-08
8.126327629524520855e-09
5.260463566697833607e-09
3.095195805831868296e-09
1.591354018031327523e-09
6.807518424752867793e-10
2.436250822016879406e-10
0.000000000000000000e+00
0.000000000000000000e+00
-0.000000000000000000e+00
3.210807826855271122e-11
3.474049063028753207e-10
1.034825602985710568e-09
2.125770126269925964e-09
3.606519962185153407e-09
5.439442604935820203e-09
7.587955560633932607e-09
1.003784720928940327e-08
1.280662105220722486e-08
1.593355583905096804e-08
1.944743119719661924e-08
2.332039833842018293e-08
2.744484462993822601e-08
3.172351936741040971e-08
3.639045316132560968e-08
4.245912662115939311e-08
5.156134605043495430e-08
6.453614177348322184e-08
8.116221324844704624e-08
1.059474835074753794e-07
1.287822600426427734e-07
1.770336156734520490e-08
-3.299278204339534782e-07
-4.924605713316328381e-07
-1.574240178048263041e-07
8.085119076768619775e-08
-1.126422832984268114e-07
-1.575087311921607942e-07
-1.447746673508408688e-07
-3.362948333006611849e-07
-5.423972235737776547e-07
-4.608294120453059550e-07
-7.378607715920085407e-07
-5.342395044706607910e-07
-2.060989517282464553e-08
2.522336080277952155e-07
2.443505036453150808e-07
2.037309439708338978e-07
1.828022413968182850e-07
1.624299561229081121e-07
1.403858453737994157e-07
1.187987900429936022e-07
9.867627867974697649e-08
8.036797775131698479e-08
6.424849306482220952e-08
5.058020350235508641e-08
3.933980678598189408e-08
3.025951215211980266e-08
2.296212160078442510e-08
1.707965445771037013e-08
1.232069871834027321e-08
8.490046839904121129e-09
5.474741515732030321e-09
3.211231598342441699e-09
1.646329127955619489e-09
7.019089507663160273e-10
2.499257142827552304e-10
0.000000000000000000e+00
0.000000000000000000e+00
-0.000000000000000000e+00
3.403071756926053223e-11
3.600177551468665293e-10
1.070996797704945966e-09
2.202454962797740466e-09
3.745592809038956743e-09
5.669834269854096351e-09
7.949713629952045943e-09
1.058883679916397416e-08
1.363252521903006215e-08
1.716136754893247162e-08
2.126133001235188466e-08
2.597677284746031679e-08
3.128386043091962012e-08
3.719458721450623064e-08
4.418366000519422236e-08
5.394303992308665044e-08
6.957806880412612066e-08
9.393335797901896717e-08
1.293085323965857821e-07
1.883432088146169910e-07
2.413634980643939547e-07
6.176246980347999678e-09
-6.509311691085755136e-07
-8.508918901906263446e-07
-1.714371881349191886e-07
2.252245459010909843e-07
8.543495317245856691e-08
-1.015582514383834627e-07
-1.294122497068633388e-07
-3.392663228271639817e-07
-6.831068046193877413e-07
-1.086996150093017072e-06
-1.331280063190225029e-06
-1.041190118349032657e-06
-1.047679273397216767e-07
4.177973863254766877e-07
4.087707752259948811e-07
3.164951335925719502e-07
2.671449532646487897e-07
2.236344745467090264e-07
1.827211586344625940e-07
1.473688479455600862e-07
1.176620304670865924e-07
9.279073088011568529e-08
7.226908848984232819e-08
5.571807148846845805e-08
4.262478474126482010e-08
3.236408921565778765e-08
2.431369655161249621e-08
1.794600875202269417e-08
1.286963689137418753e-08
8.828507205164860411e-09
5.673223889115900405e-09
3.318344728268777688e-09
1.696951689827689902e-09
7.213604694381221665e-10
2.557155440848137070e-10
0.000000000000000000e+00
0.000000000000000000e+00
-0.000000000000000000e+00
3.576205125906269518e-11
3.713968193641277335e-10
1.103699648692863260e-09
2.271983909211725095e-09
3.872159109055990839e-09
5.880521695821099676e-09
8.282582616822906221e-09
1.109981017592103294e-08
1.440599818520339603e-08
1.832524690598798818e-08
2.300611218993609752e-08
2.857571626690734040e-08
3.510961262829425580e-08
4.274365396431246808e-08
5.220962473199511461e-08
6.601544763431897214e-08
8.948158345563281597e-08
1.296819803904262743e-07
1.961303482565072141e-07
3.204640724381362093e-07
4.357495421193565248e-07
8.719731875732718050e-09
-1.135044361697646850e-06
-1.529556698243778179e-06
-1.820918872505962069e-07
6.375220557098448412e-07
4.756599069796270502e-07
-5.609794524801552461e-09
-1.158023947888918846e-07
-3.016726973168402610e-07
-8.346629041810485644e-07
-1.938253291816716588e-06
-2.415813481999555529e-06
-1.858418869254032818e-06
-1.539022269536464927e-07
6.743997456563048232e-07
6.489630695752553566e-07
4.645409443912256048e-07
3.694213891160114238e-07
2.936529013444954736e-07
2.292525499178840769e-07
1.778767205990450354e-07
1.374165320525796913e-07
1.053945933104758548e-07
8.021837074052175983e-08
6.070733094210317902e-08
4.576065193521758697e-08
3.434524070212100007e-08
2.557178955061867869e-08
1.874529020375410292e-08
1.337255975239835178e-08
9.136930441065681288e-09
5.853350644018964347e-09
3.415253758257947671e-09
1.742650310742322956e-09
7.388947679785286466e-10
2.609318376064709807e-10
0.000000000000000000e+00
0.000000000000000000e+00
-0.000000000000000000e+00
3.728394246682326934e-11
3.814139628061652398e-10
1.132541125185178283e-09
2.333454447274757740e-09
3.984420002700788726e-09
6.068183927318085611e-09
8.580677193118043133e-09
1.156054577379596464e-08
1.510943654200650626e-08
1.939501047021955341e-08
2.463032341730415855e-08
3.103041516536659024e-08
3.877696344072074695e-08
4.812351438812339905e-08
6.000629702094326698e-08
7.768362951922140303e-08
1.090742041887428296e-07
1.677248750051094860e-07
2.772917419411786800e-07
5.062285993278521499e-07
7.251143169649929776e-07
8.240827450261589810e-08
-1.692153277426533920e-06
-2.849618096781006092e-06
-2.984650739070609211e-07
1.288341343371780292e-06
1.029409559315805957e-06
1.485317684064142183e-07
-1.103969639255747430e-07
-2.403017554652122674e-07
-1.065482344409715463e-06
-2.939199760910433083e-06
-4.049839776875769427e-06
-3.036253040585949398e-06
3.231148488877371119e-08
1.043070319466908941e-06
9.531836988079288080e-07
6.325512204926529585e-07
4.780501987666169092e-07
3.658919885546733460e-07
2.766869939125539855e-07
2.086699503666065855e-07
1.570506239190075372e-07
1.176800156797787947e-07
8.781529291476861988e-08
6.539171662880714700e-08
4.866111620972531012e-08
3.615531128750135732e-08
2.670994802172075927e-08
1.946274519217295084e-08
1.382124536943517902e-08
9.410797330267698918e-09
6.012721586315786919e-09
3.500765581493452527e-09
1.782895907616215913e-09
7.543169456462185942e-10
2.655172246244704179e-10
0.000000000000000000e+00
0.000000000000000000e+00
-0.000000000000000000e+00
3.857982816784142324e-11
3.899531072289253866e-10
1.157164807710008673e-09
2.386044954231339118e-09
4.080728700089949098e-09
6.229756696522684477e-09
8.838511333860491463e-09
1.196138679391409599e-08
1.572592644515924828e-08
2.034104225263735391e-08
2.608222320298035150e-08
3.325130066661475820e-08
4.213321105877696145e-08
5.307469887059539890e-08
6.710078050896105037e-08
8.791860044819320313e-08
1.257966944868613560e-07
2.021219586401883169e-07
3.623199496999972968e-07
7.293459045212259799e-07
1.062728945153041568e-06
2.143797685465468413e-07
-2.254272821642760091e-06
-5.066952489680449375e-06
-1.157285353312515810e-06
2.102614142351585426e-06
1.906219483327099676e-06
4.539394667295344647e-07
-1.108223850577899395e-07
-1.540956152450625254e-07
-1.534218275331911527e-06
-4.426852721206177814e-06
-6.664736640295671928e-06
-4.093984781617553783e-06
6.526411786499713520e-07
1.474363652936070603e-06
1.265167562539252557e-06
7.918303545864578500e-07
5.754922400331639335e-07
4.316838479175496481e-07
3.210502491775250656e-07
2.378257394626078724e-07
1.755503349600508073e-07
1.290942391612773210e-07
9.476038023507690649e-08
6.961057918584640896e-08
5.124017196277248124e-08
3.774798602767976329e-08
2.770298426482385322e-08
2.008454765858982705e-08
1.420808592724578734e-08
9.645966203966742936e-09
6.149153805644795044e-09
3.573801330804188439e-09
1.817212396252134511e-09
7.674524079225148552e-10
2.694206337241706046e-10
0.000000000000000000e+00
0.000000000000000000e+00
-0.000000000000000000e+00
3.963515204366032256e-11
3.969129267026587803e-10
1.177259270833035377e-09
2.429035259044176360e-09
4.159634917054475634e-09
6.362523744539573178e-09
9.051180404732324157e-09
1.229360346051530781e-08
1.623996405912737669e-08
2.113572856460326835e-08
2.731264127267378499e-08
3.515165550554720925e-08
4.502946194575057129e-08
5.735139201909715955e-08
7.309038699584820412e-08
9.594823211507382099e-08
1.377390869275042348e-07
2.279835826889570953e-07
4.417474516005527783e-07
9.620951373517608261e-07
1.363627604213178214e-06
2.717553168999981246e-07
-2.904906075410365903e-06
-7.505531451242460876e-06
-4.380939428874657381e-06
2.743061620461055439e-06
3.677115077580533800e-06
1.172185677071013129e-06
-1.059832133430867862e-07
-1.398968776649417507e-07
-2.803755509028525974e-06
-8.218147417039512909e-06
-1.063578303292312293e-05
-3.519377031894352373e-06
1.492423776178861335e-06
1.871432235276361788e-06
1.515584098299947137e-06
9.209061260713101502e-07
6.467966038052407194e-07
4.832454176901272813e-07
3.586313650726502848e-07
2.634328124499066389e-07
1.918753928672880545e-07
1.390735216701947832e-07
1.007558403033145916e-07
7.320839817059044104e-08
5.341658532027271083e-08
3.908040436513571336e-08
2.852797638107990265e-08
2.059828151009493101e-08
1.452632064345462997e-08
9.838786303035204590e-09
6.260735244766686105e-09
3.633420618189572874e-09
1.845186477149004920e-09
7.781501616472856622e-10
2.725981300203064704e-10
0.000000000000000000e+00
0.000000000000000000e+00
-0.000000000000000000e+00
4.043774542490417429e-11
4.022092792267392567e-10
1.192565509626627012e-09
2.461825229092582058e-09
4.219924854185380807e-09
6.464200789507004154e-09
9.214529368882432164e-09
1.254973702618734582e-08
1.663814920988122935e-08
2.175488961606674243e-08
2.827786950933304569e-08
3.665343908109426769e-08
4.733177979326912799e-08
6.074374966746437837e-08
7.769981027751058540e-08
1.014807621646784424e-07
1.444991839685510512e-07
2.440904858743620647e-07
5.110182852437514175e-07
1.177438929496852818e-06
1.584290963476457045e-06
3.363726466740022779e-07
-3.180478585876472435e-06
-9.408656945981408166e-06
-1.167860144914319425e-05
1.523608497717957749e-06
7.016247791508054688e-06
3.010662231788871993e-06
-1.605462561974298963e-07
-1.339210531894638746e-06
-7.452880051907838892e-06
-1.982265087351058633e-05
-1.588039165590370320e-05
-9.879005887831839353e-07
2.288789106205477576e-06
2.167188993844047969e-06
1.675932526474405105e-06
1.017967430203375414e-06
6.877026306420708876e-07
5.169222413946620602e-07
3.868978953036653789e-07
2.838745845338920852e-07
2.050612167291228922e-07
1.470911627805201173e-07
1.055274571579150582e-07
7.604492415695599188e-08
5.511844150509824275e-08
4.011525103692041535e-08
2.916522415291696103e-08
2.099339443897821435e-08
1.477024927919974044e-08
9.986201300654816552e-09
6.345872510608871044e-09
3.678843328913351267e-09
1.866476204504214721e-09
7.862857548055794608e-10
2.750136329355110727e-10
0.000000000000000000e+00
0.000000000000000000e+00
-0.000000000000000000e+00
4.097819503939294707e-11
4.057771141741704726e-10
1.202883560978684557e-09
2.483949900597540239e-09
4.260656578991952329e-09
6.533005836274137028e-09
9.325302994829197801e-09
1.272389846293875935e-08
1.690981867891599733e-08
2.217908051040359330e-08
2.894237796347881467e-08
3.769271274715802812e-08
4.893092952335459647e-08
6.309214898190506471e-08
8.079182026985745284e-08
1.047248730432961377e-07
1.472615800533107951e-07
2.529200358798162843e-07
5.674055003571553645e-07
1.352041410123399156e-06
1.741423183028820817e-06
4.465848661700461410e-07
-3.673183101469049834e-06
-1.222312409567541620e-05
-2.170961342617098530e-05
-9.121270130647579649e-06
8.547469335134522540e-06
6.850140434628658318e-06
-2.513514649882551410e-06
-1.081345695402886881e-05
-3.037133134108372512e-05
-3.344360479914905367e-05
-1.339169441749887658e-05
2.273564422438569557e-06
3.135714673986361049e-06
2.341866276870070585e-06
1.766236978592375471e-06
1.089146119523187462e-06
7.061903609357376073e-07
5.342085377899761237e-07
4.049641160239314300e-07
2.980013239896788309e-07
2.143103853999489845e-07
1.527042607832294284e-07
1.088463389148527736e-07
7.800485880773337508e-08
5.628744814477049414e-08
4.082263799982380862e-08
2.959912074939922252e-08
2.126158672049916447e-08
1.493542308797268663e-08
1.008583473297546615e-08
6.403333353068329584e-09
3.709467077049543361e-09
1.880818645635805540e-09
7.917635467571637865e-10
2.766395578219985943e-10
0.000000000000000000e+00
0.000000000000000000e+00
-0.000000000000000000e+00
4.125004574001576389e-11
4.075722509397900483e-10
1.208077038484864725e-09
2.495092630304832025e-09
4.281185676630339534e-09
6.567718872612199847e-09
9.381260105150812272e-09
1.281201926906609079e-08
1.704755498352208768e-08
2.239468013296950872e-08
2.928111712962800007e-08
3.822406593766811585e-08
4.975026258363404609e-08
6.429127977011500635e-08
8.233383536909557121e-08
1.061571930353555002e-07
1.479941821098600343e-07
2.578084707791742914e-07
6.091723147953361685e-07
1.469659815241705838e-06
1.849697037305222391e-06
6.194545482775748528e-07
-3.282266426310614474e-06
-1.029910221631217038e-05
-2.149416844486886719e-05
-2.827801913463625757e-05
5.341259006527266740e-06
1.366169206157147523e-05
-1.789380994264855657e-05
-6.306520334089363625e-05
-7.797375377853192255e-05
-5.133758026698458153e-05
-5.634226542546329604e-06
3.024379391091219197e-06
3.497386335262452151e-06
2.440484739942867087e-06
1.826734061156353826e-06
1.147404676260683957e-06
7.138066114610775134e-07
5.395353927010054592e-07
4.133182179725141968e-07
3.051214635712187785e-07
2.190648617138522185e-07
1.555913248787353431e-07
1.105484561570017173e-07
7.900604440271353004e-08
5.688256453834031342e-08
4.118169356904882653e-08
2.981883870031354486e-08
2.139714242510943346e-08
1.501878603966234584e-08
1.013606402885905387e-08
6.432276489340958653e-09
3.724882714857991143e-09
1.888034959425688824e-09
7.945188276017782268e-10
2.774572200033490623e-10
0.000000000000000000e+00
0.000000000000000000e+00
