-0.000000000000000000e+00
-6.879795975321604355e-12
-1.695455585057828491e-11
-3.080232197309367169e-11
-4.860824887135999046e-11
-7.012552858684871196e-11
-9.453271111053594165e-11
-1.203595904972351403e-10
-1.455931957094071289e-10
-1.679815727205737051e-10
-1.854505772988165990e-10
-1.964745007822130398e-10
-2.002357559888633353e-10
-1.964991488853330051e-10
-1.852985735506949171e-10
-1.667126302904790171e-10
-1.410693768547577404e-10
-1.097714162960041678e-10
-7.658578334332037555e-11
-4.886139240986494533e-11
-3.795983659997030551e-11
-5.838343724082778991e-11
-1.256357543797239390e-10
-2.535266493173293082e-10
-4.521069694442987709e-10
-7.274135806238164984e-10
-1.083638936160311376e-09
-1.527372197324617845e-09
-2.072562273221523248e-09
-2.744270563143130082e-09
-3.579430295784790590e-09
-4.623726060526984301e-09
-5.925002162335099248e-09
-7.524724166139769570e-09
-9.449439607995609144e-09
-1.170371731362379306e-08
-1.426494299621025784e-08
-1.707924273836799835e-08
-2.005740143362033027e-08
-2.307036644159243961e-08
-2.594570076351746389e-08
-2.846850978645803521e-08
-3.039175040930743454e-08
-3.146016136608392097e-08
-3.144860156239567911e-08
-3.020988687884806120e-08
-2.772126917910892530e-08
-2.411521185974925335e-08
-1.968119482393645484e-08
-1.483149499697269554e-08
-1.003409962639499689e-08
-5.727422304683605368e-09
-2.240205117291353488e-09
2.586976240326792895e-10
1.764795072214992094e-09
2.398115160358497115e-09
2.339763500668036515e-09
1.779058319677921324e-09
-0.000000000000000000e+00
0.000000000000000000e+00
-0.000000000000000000e+00
-6.859446966691798825e-12
-1.687901985892039208e-11
-3.062705984495792954e-11
-4.828615043610906676e-11
-6.961223627563183525e-11
-9.378924394247160123e-11
-1.193516297860312563e-10
-1.442873970058854837e-10
-1.663409201885825283e-10
-1.834326376147271277e-10
-1.940374689493288178e-10
-1.973560012408914759e-10
-1.931994427852694293e-10
-1.816788707405924512e-10
-1.629684395839620516e-10
-1.374813923255856324e-10
-1.066574843297830985e-10
-7.422070993017627520e-11
-4.738480724881880865e-11
-3.729976275504707175e-11
-5.821980538976553123e-11
-1.254157945374233865e-10
-2.525280651206063651e-10
-4.495298587169407075e-10
-7.224702378455953996e-10
-1.075603865719861827e-09
-1.515559453362020093e-09
-2.056219785375516767e-09
-2.722418797453503623e-09
-3.550707966617058654e-09
-4.586309081735212435e-09
-5.876633534484259022e-09
-7.462868672956610241e-09
-9.371561681929588086e-09
-1.160765382490440905e-08
-1.414932020267700396e-08
-1.694387475636744279e-08
-1.990358439009473447e-08
-2.290095143124979707e-08
-2.576482541867356926e-08
-2.828093357344681968e-08
-3.020189600287233636e-08
-3.127117651972827175e-08
-3.126189547692514538e-08
-3.002549893329558906e-08
-2.753904453456279089e-08
-2.393627013433603410e-08
-1.950892267596512881e-08
-1.467148890591328737e-08
-9.893015868504672760e-09
-5.611207083006257162e-09
-2.152394724872417839e-09
3.180220215126817367e-10
1.799102223949437616e-09
2.413586697441745348e-09
2.343800029284179034e-09
1.778517546391790006e-09
-0.000000000000000000e+00
0.000000000000000000e+00
-0.000000000000000000e+00
-6.819096462444737501e-12
-1.672874834929597846e-11
-3.027800628076197659e-11
-4.764451462826028145e-11
-6.859009949710866937e-11
-9.231007539758838134e-11
-1.173491764754308490e-10
-1.416985955060029074e-10
-1.630967037270102820e-10
-1.794541437434644596e-10
-1.892472619653488115e-10
-1.917117187879834954e-10
-1.867484923485846473e-10
-1.746184286647607113e-10
-1.556814384322042889e-10
-1.305163650352324341e-10
-1.006347561923246863e-10
-6.967597946494565705e-11
-4.459001110518690831e-11
-3.611514911129015742e-11
-5.802369810537559734e-11
-1.251341915016510828e-10
-2.507549673540740066e-10
-4.446993371818778348e-10
-7.130193994799952858e-10
-1.060060629239213734e-09
-1.492506525053844678e-09
-2.024123843250208914e-09
-2.679358937282756327e-09
-3.494078103742526371e-09
-4.512606281177383412e-09
-5.781456790004173105e-09
-7.341195900250416293e-09
-9.218272531597405450e-09
-1.141820087038224355e-08
-1.392043388934277630e-08
-1.667418359720420223e-08
-1.959402830632466999e-08
-2.255486885152937872e-08
-2.538762611964093416e-08
-2.787936339079556203e-08
-2.978306491564411810e-08
-3.084170046726533772e-08
-3.082756813375541385e-08
-2.959174090073716650e-08
-2.711198367016153855e-08
-2.352388902787708557e-08
-1.912154725447572494e-08
-1.432112110277516801e-08
-9.591510341367029663e-09
-5.367787568485918123e-09
-1.971295997060067726e-09
4.389869206676491961e-10
1.868494380100164641e-09
2.444716776427128111e-09
2.351910714122024272e-09
1.777459666886511778e-09
-0.000000000000000000e+00
0.000000000000000000e+00
-0.000000000000000000e+00
-6.759423445283997215e-12
-1.650528239247118977e-11
-2.975792438690910405e-11
-4.668800356931748671e-11
-6.706694557410676709e-11
-9.010846751813403199e-11
-1.143747009330943051e-10
-1.378641803645762219e-10
-1.583089646502162195e-10
-1.736069362419023760e-10
-1.822365093791758737e-10
-1.834826897076816719e-10
-1.773741783113182110e-10
-1.643866671960412969e-10
-1.451480927076078500e-10
-1.204770132704505608e-10
-9.198841687349406776e-11
-6.319669818014074985e-11
-4.066531431015446898e-11
-3.453128427750418096e-11
-5.786587722130860011e-11
-1.248327660821305861e-10
-2.482615502606741897e-10
-4.377348479746009061e-10
-6.993084206195445583e-10
-1.037459724818075240e-09
-1.458954032772390096e-09
-1.977387937467765906e-09
-2.616633953423251715e-09
-3.411556215016370263e-09
-4.405193539491504177e-09
-5.642780050929289280e-09
-7.163974215501651421e-09
-8.995030995754500899e-09
-1.114220888254506652e-08
-1.358668811666682015e-08
-1.628024679051228813e-08
-1.914055762681465806e-08
-2.204570328883145772e-08
-2.482936877958985965e-08
-2.728052347957889910e-08
-2.915301307314360174e-08
-3.018985750477798075e-08
-3.016324846548322705e-08
-2.892480996112789938e-08
-2.645403567945421627e-08
-2.288925780748772507e-08
-1.852738717255058254e-08
-1.378610094303265117e-08
-9.133187395696652392e-09
-4.999246384091771408e-09
-1.697995970107484435e-09
6.211018039459017550e-10
1.972815033182063526e-09
2.491520409787478339e-09
2.364182760835498626e-09
1.775970357950391996e-09
-0.000000000000000000e+00
0.000000000000000000e+00
-0.000000000000000000e+00
-6.681428422255931347e-12
-1.621088980432022670e-11
-2.907086913278910060e-11
-4.542342988813458767e-11
-6.505415757142338509e-11
-8.720362814258744937e-11
-1.104606659451387538e-10
-1.328381226536716388e-10
-1.520644194012271496e-10
-1.660238570174435937e-10
-1.731974510883556484e-10
-1.729301123774132561e-10
-1.654083692501788983e-10
-1.513768059928265116e-10
-1.318018853372439356e-10
-1.078065713441297063e-10
-8.113641946136042402e-11
-5.514231708563742997e-11
-3.588712351047879051e-11
-3.273259172561612249e-11
-5.785168335491366291e-11
-1.245765244239312864e-10
-2.451374226932631904e-10
-4.288379411675568161e-10
-6.817525406488173023e-10
-1.008535257524290088e-09
-1.416054471102488596e-09
-1.917678377549516892e-09
-2.536531637860816217e-09
-3.306188734404946931e-09
-4.268046821211503884e-09
-5.465718235797353015e-09
-6.937717199889291638e-09
-8.710050288160875965e-09
-1.078989101794347912e-08
-1.316054571544728887e-08
-1.577693955516559007e-08
-1.856051129332676140e-08
-2.139317349665629023e-08
-2.411190019118497020e-08
-2.650792781976723603e-08
-2.833621680276972433e-08
-2.934013962552876058e-08
-2.929232972608058390e-08
-2.804587782619363617e-08
-2.558323188046682234e-08
-2.204674298588780207e-08
-1.773710282755774871e-08
-1.307377410879393338e-08
-8.522741118722920302e-09
-4.508362090842661645e-09
-1.334006923139412598e-09
8.636377052314068164e-10
2.111799701314525645e-09
2.553994614473489376e-09
2.380733507255342794e-09
1.774176546985428668e-09
-0.000000000000000000e+00
0.000000000000000000e+00
-0.000000000000000000e+00
-6.586412116949470361e-12
-1.584851328152199375e-11
-2.822208005901720983e-11
-4.385953925360743957e-11
-6.256623950719450748e-11
-8.361987268139933048e-11
-1.056479949132874877e-10
-1.266883489940584143e-10
-1.444722553654069671e-10
-1.568724804696348757e-10
-1.623732320750953160e-10
-1.603853225971987877e-10
-1.512732223797625454e-10
-1.360901679649953050e-10
-1.161962338006798784e-10
-9.307107094187166539e-11
-6.861203206679883421e-11
-4.597052005230080804e-11
-3.060634052544248803e-11
-3.095257973307801565e-11
-5.811525603655063317e-11
-1.244523868667254696e-10
-2.415091333966649617e-10
-4.182899896242304251e-10
-6.609185033620647081e-10
-9.742698433545059643e-10
-1.365327393773098993e-09
-1.847168464879926078e-09
-2.442011503536341865e-09
-3.181894747541093468e-09
-4.106278253549540235e-09
-5.256874303782154300e-09
-6.670868040467377827e-09
-8.373989224233029565e-09
-1.037448485806114538e-08
-1.265812338943407417e-08
-1.518344206592866351e-08
-1.787615533983044943e-08
-2.062245341257447201e-08
-2.326288841988320715e-08
-2.559105799485121026e-08
-2.736301219430769589e-08
-2.832253534599502790e-08
-2.824311739485437201e-08
-2.698028658829097000e-08
-2.452095482621413827e-08
-2.101324887429125226e-08
-1.676315744986452173e-08
-1.219268422851088149e-08
-7.765611058444449422e-09
-3.898350691714923107e-09
-8.810838236765461757e-10
1.165743133950061050e-09
2.285138643039661246e-09
2.632141548590783313e-09
2.401711544410443281e-09
1.772240014622958088e-09
-0.000000000000000000e+00
0.000000000000000000e+00
-0.000000000000000000e+00
-6.475947985193037434e-12
-1.542170412025051388e-11
-2.721784561986645602e-11
-4.200673717894722831e-11
-5.962027194094380076e-11
-7.938557461814846663e-11
-9.998415113542148503e-11
-1.194934403681749768e-10
-1.356588324881343474e-10
-1.463471952429677938e-10
-1.500468959925663149e-10
-1.462355528402296145e-10
-1.354639796513030598e-10
-1.191166713705867329e-10
-9.898360358807779704e-11
-7.693815165098650883e-11
-5.504352836425411937e-11
-3.621907318655107732e-11
-2.523365604795240030e-11
-2.946364656849328422e-11
-5.881430888996093967e-11
-1.245679962954487741e-10
-2.375396595622487033e-10
-4.064465287246312468e-10
-6.375069854972290344e-10
-9.358600699000670839e-10
-1.308606434329716146e-09
-1.768468353516167856e-09
-2.336620067578969571e-09
-3.043365622229574699e-09
-3.926004845548529791e-09
-5.024151549801730952e-09
-6.373541179394796799e-09
-7.999624907321418656e-09
-9.911855901316903041e-09
-1.209871471304362552e-08
-1.452266723471529813e-08
-1.711400637580928395e-08
-1.976339084086394833e-08
-2.231494442884383142e-08
-2.456440334480353508e-08
-2.626857734545244747e-08
-2.717148603011869992e-08
-2.704780027603954816e-08
-2.575658272558211019e-08
-2.329108590353541543e-08
-1.980752258867514082e-08
-1.561930508974116583e-08
-1.115224297949677432e-08
-6.867807562512734378e-09
-3.172802194393447069e-09
-3.412250840847870982e-10
1.526417602939969312e-09
2.492448378084138271e-09
2.725947836082671116e-09
2.427284913919393988e-09
1.770351236951853437e-09
-0.000000000000000000e+00
0.000000000000000000e+00
-0.000000000000000000e+00
-6.351849263293964362e-12
-1.493454369112222229e-11
-2.606534437045169427e-11
-3.987677163230236545e-11
-5.623528119275755002e-11
-7.453194826375554698e-11
-9.352090282270108806e-11
-1.113387734603463635e-10
-1.257614581490262959e-10
-1.346598519104552902e-10
-1.365283242126940700e-10
-1.309069787476854704e-10
-1.185284727568960065e-10
-1.011116562993077048e-10
-8.089086953262316885e-11
-6.015234020699173833e-11
-4.113083710588514409e-11
-2.648531597054703329e-11
-2.022324344882091113e-11
-2.856590745265740733e-11
-6.012402085834186546e-11
-1.250489105701772520e-10
-2.334251144408907810e-10
-3.937283159218914326e-10
-6.123332520103086190e-10
-8.946838337345633600e-10
-1.247991164666566047e-09
-1.684557962713921515e-09
-2.224399926256128217e-09
-2.895944335980581057e-09
-3.734189719379889474e-09
-4.776543538516590311e-09
-6.057243613677505019e-09
-7.601489344244102771e-09
-9.420038131607303969e-09
-1.150422549558541886e-08
-1.382058180619760360e-08
-1.630403180049500654e-08
-1.884958625857448608e-08
-2.130458705342466943e-08
-2.346632864512264486e-08
-2.509172899268733983e-08
-2.592464822023844861e-08
-2.574122600357331892e-08
-2.440536223694407535e-08
-2.191897984850943406e-08
-1.844931046038095704e-08
-1.431996108238552405e-08
-9.962316480910143952e-09
-5.835684841989228656e-09
-2.335589849581358257e-09
2.833376462233870252e-10
1.944487377735653545e-09
2.733241985856402438e-09
2.835361937182588895e-09
2.457627597359138194e-09
1.768721774411629135e-09
-0.000000000000000000e+00
0.000000000000000000e+00
-0.000000000000000000e+00
-6.216131410562629608e-12
-1.439155529364695990e-11
-2.477246944234747856e-11
-3.748238587637095920e-11
-5.243155202225613229e-11
-6.909172084335755273e-11
-8.631187469804016047e-11
-1.023122686232280889e-10
-1.149214807936921315e-10
-1.220293142400253206e-10
-1.221395496953928232e-10
-1.148455659516771513e-10
-1.010439306419457423e-10
-8.276973361401863396e-11
-6.269173722152701355e-11
-4.350775908924636999e-11
-2.762024648583941832e-11
-1.740444417747125710e-11
-1.605588467776994748e-11
-2.857571984122876021e-11
-6.223026823699631945e-11
-1.260341875696375638e-10
-2.293887919145880663e-10
-3.806092380696825519e-10
-5.863045619807961401e-10
-8.522631458113612603e-10
-1.185790953934327615e-09
-1.598707260827310841e-09
-2.109781389862780990e-09
-2.745481868866585721e-09
-3.538453854853644273e-09
-4.523888190658513295e-09
-5.734554847420268627e-09
-7.195457166726637757e-09
-8.918712937238646921e-09
-1.089853099473373137e-08
-1.310543288060460276e-08
-1.547874084922423043e-08
-1.791734938708804459e-08
-2.027107387833185370e-08
-2.233779734076610540e-08
-2.387356654292346907e-08
-2.462149827823688894e-08
-2.435951788531607962e-08
-2.295796150426146790e-08
-2.043029598883443157e-08
-1.695838942893709436e-08
-1.287947209533175558e-08
-8.632739139120252892e-09
-4.675668101485116825e-09
-1.390754709198395887e-09
9.901603753819427242e-10
2.418584436550156469e-09
3.006899438568572651e-09
2.960270537241361840e-09
2.492904768394157359e-09
1.767575596154750063e-09
-0.000000000000000000e+00
0.000000000000000000e+00
-0.000000000000000000e+00
-6.070970915016494310e-12
-1.379760929860570934e-11
-2.334764340537594253e-11
-3.483695738977924077e-11
-4.822991663204211552e-11
-6.309775709177117644e-11
-7.840999844045522231e-11
-9.249992828059791435e-11
-1.032769786838606934e-10
-1.086702946423741170e-10
-1.071989264992781681e-10
-9.849628068403141805e-11
-8.359171884680964931e-11
-6.479635408873484434e-11
-4.517701740894607122e-11
-2.781918428817096653e-11
-1.527821238733264653e-11
-9.627704969162406184e-12
-1.322259301957757969e-11
-2.981476934267086980e-11
-6.532278161340907936e-11
-1.276706672705481221e-10
-2.256724456832577425e-10
-3.675999203611891462e-10
-5.603912869221347905e-10
-8.102178319646124479e-10
-1.124456313187163053e-09
-1.514380338969050021e-09
-1.997453830051960038e-09
-2.598168653024802546e-09
-3.346857517157480550e-09
-4.276585478350583392e-09
-5.418763964503786958e-09
-6.798283541558950357e-09
-8.428630056202250789e-09
-1.030676531788259155e-08
-1.240689611859118684e-08
-1.467218779970473881e-08
-1.700456035964180289e-08
-1.925513127256009292e-08
-2.122099038693944231e-08
-2.265600954412951251e-08
-2.330182909595240931e-08
-2.293858309512562541e-08
-2.144504028086118706e-08
-1.884972578620489914e-08
-1.535350434029021288e-08
-1.131130772897013648e-08
-7.172768833203082589e-09
-3.393942057041725068e-09
-3.423680275556912577e-10
1.776618815284942015e-09
2.947130469340017985e-09
3.312639918668831789e-09
3.100475359568355276e-09
2.533257534631777115e-09
1.767139805850498855e-09
-0.000000000000000000e+00
0.000000000000000000e+00
-0.000000000000000000e+00
-5.918661506271764389e-12
-1.315782465996731234e-11
-2.179963096192769909e-11
-3.195413945919879153e-11
-4.365105448007988541e-11
-5.658170303686835194e-11
-6.986498137992514548e-11
-8.198136290964256639e-11
-9.095534239122641980e-11
-9.478188660375356932e-11
-9.200467383396426431e-11
-8.228125947006165099e-11
-6.673064650545994155e-11
-4.787775793021460249e-11
-2.912345633743874409e-11
-1.389223711619122576e-11
-4.865163501211672420e-12
-3.801488932067381047e-12
-1.220974557312935853e-11
-3.260066498272809259e-11
-6.958899991073858471e-11
-1.301063680362060581e-10
-2.225245392468931347e-10
-3.552257734515009051e-10
-5.355896717329958953e-10
-7.702080241832005680e-10
-1.066496243959075411e-09
-1.435122581108837491e-09
-1.892216752689131192e-09
-2.460341716559838980e-09
-3.167652772025232667e-09
-4.045281312166825420e-09
-5.123468023066499730e-09
-6.427098741558522049e-09
-7.970980676096003476e-09
-9.754558510950281684e-09
-1.175516752905415868e-08
-1.391891595717402093e-08
-1.614947116121844352e-08
-1.829762680862719893e-08
-2.015787147701020032e-08
-2.148028570235054739e-08
-2.200419949238680709e-08
-2.151257222805668400e-08
-1.989511177687592084e-08
-1.719966303151674959e-08
-1.365124696998860717e-08
-9.627198757452212850e-09
-5.590498862888734696e-09
-1.996108403617599914e-09
8.056266130333265549e-10
2.639953098809758985e-09
3.528328777260747870e-09
3.649498850578999449e-09
3.255672262981890077e-09
2.578788168247826591e-09
1.767635274174919239e-09
-0.000000000000000000e+00
0.000000000000000000e+00
-0.000000000000000000e+00
-5.761568862050497015e-12
-1.247746993162992138e-11
-2.013735694883811698e-11
-2.884752203141093026e-11
-3.871483749471633741e-11
-4.957271636808783157e-11
-6.072091535374721690e-11
-7.082550816842412592e-11
-7.806606274537930957e-11
-8.053622818645528038e-11
-7.681833935428523384e-11
-6.657754988578490312e-11
-5.096946005225460640e-11
-3.264988753739585453e-11
-1.526167100299619934e-11
-2.493270042174989309e-12
2.890070234211722562e-12
-5.480487596744786234e-13
-1.348656424663039159e-11
-3.723995195722405120e-11
-7.520947638095552296e-11
-1.334835609775295560e-10
-2.201854711152483547e-10
-3.439988816730391451e-10
-5.128753814810099010e-10
-7.338648458019399828e-10
-1.014381661666065332e-09
-1.364431911925312135e-09
-1.798812646302161173e-09
-2.338270792278248590e-09
-3.009011793549990816e-09
-3.840524117304785457e-09
-4.862140630783741675e-09
-6.098871406145155463e-09
-7.566738955397167740e-09
-9.267243087856863804e-09
-1.118002719894074585e-08
-1.325287810851157979e-08
-1.538949075604756688e-08
-1.743823533516072239e-08
-1.918875729077557069e-08
-2.038543372369227371e-08
-2.076440294598131348e-08
-2.011235479785351492e-08
-1.833307785772688133e-08
-1.549886483492258138e-08
-1.186491352938601933e-08
-7.836247468688423872e-09
-3.892241936948757110e-09
-4.868191054870363183e-10
2.049590696087934046e-09
3.577327961575334563e-09
4.160168039857730387e-09
4.016313140274160006e-09
3.425434915828485391e-09
2.629547051706791007e-09
1.769267720503839650e-09
-0.000000000000000000e+00
0.000000000000000000e+00
-0.000000000000000000e+00
-5.602084903298156810e-12
-1.176186685782294760e-11
-1.836973682836178744e-11
-2.553032766942058659e-11
-3.343975385498889567e-11
-4.209634862626857524e-11
-5.101414530634951471e-11
-5.908673591439371084e-11
-6.469403952538322029e-11
-6.606774126995697716e-11
-6.184874188863461507e-11
-5.169504120334747726e-11
-3.673911229794308804e-11
-1.966674236917395290e-11
-4.243534687312811687e-12
5.680796585343394575e-12
7.314950295595240436e-12
-4.481958405044832287e-13
-1.749547773140931566e-11
-4.402429196452696968e-11
-8.235573027623718943e-11
-1.379323647316863364e-10
-2.188703768639543225e-10
-3.343840996851830735e-10
-4.931482240282226854e-10
-7.027100948620288127e-10
-9.704365019721110065e-10
-1.305616854646764344e-09
-1.721745711960751294e-09
-2.237929102826733890e-09
-2.878738581714228225e-09
-3.672404069671655608e-09
-4.647683671533697322e-09
-5.829857309951402083e-09
-7.235993632929567042e-09
-8.869057553237321070e-09
-1.070990928866278212e-08
-1.270637507832570426e-08
-1.476000294314401070e-08
-1.671415475549861580e-08
-1.835095470683298547e-08
-1.940688656018641730e-08
-1.961402132445404101e-08
-1.876407213867451848e-08
-1.677882281704032824e-08
-1.376114665105170509e-08
-1.000337319754157305e-08
-5.944032513446398816e-09
-2.081899409505644683e-09
1.130609203626465520e-09
3.386388361462647293e-09
4.585912464491365460e-09
4.840442902393972755e-09
4.411718726170507043e-09
3.609205660467957053e-09
2.685522706291029587e-09
1.772219824277680508e-09
-0.000000000000000000e+00
0.000000000000000000e+00
-0.000000000000000000e+00
-5.442582749023930099e-12
-1.101629942321072422e-11
-1.650552624628304181e-11
-2.201515698937979697e-11
-2.784244055229797819e-11
-3.417363942367892132e-11
-4.077151000355830907e-11
-4.680155366260666503e-11
-5.089372015695058729e-11
-5.146339160773408926e-11
-4.723696151831724617e-11
-3.785520758107601886e-11
-2.436536451714088680e-11
-9.368542942509274991e-12
3.390874112380293900e-12
1.003279159363038518e-11
7.817248270266110635e-12
-4.025832537459009195e-12
-2.464546614964154180e-11
-5.323030547025739491e-11
-9.119146460772736244e-11
-1.435660952682104212e-10
-2.187508963554487061e-10
-3.267608457295244007e-10
-4.771697738663188280e-10
-6.780671927225359565e-10
-9.367197049575473090e-10
-1.261645898484307558e-09
-1.665092598442119558e-09
-2.164756854207619733e-09
-2.783974360185564567e-09
-3.550187974414011498e-09
-4.491978552963778606e-09
-5.635054261810261039e-09
-6.997295563330896155e-09
-8.582378852403801270e-09
-1.037101688855970446e-08
-1.230905768281497678e-08
-1.429326834421279927e-08
-1.615892778543119820e-08
-1.767752416567614552e-08
-1.857519435105518218e-08
-1.857911947298019874e-08
-1.748781667120940666e-08
-1.524590561992326645e-08
-1.199414201304209749e-08
-8.069970350919373311e-09
-3.951724109151192735e-09
-1.603251575446578172e-10
2.854596581885930967e-09
4.813606245053625715e-09
5.662984291193268525e-09
5.566796937422579931e-09
4.834164830684551092e-09
3.806296294293636266e-09
2.746636295087762701e-09
1.776644962963336440e-09
-0.000000000000000000e+00
0.000000000000000000e+00
-0.000000000000000000e+00
-5.285373346788414767e-12
-1.024593095894759359e-11
-1.455319534689132154e-11
-1.831379581889256586e-11
-2.193735058350152035e-11
-2.582047513330810824e-11
-3.000905525235274466e-11
-3.398607151372040691e-11
-3.668436209722907804e-11
-3.675440555898092705e-11
-3.304294749039288692e-11
-2.517129478107368088e-11
-1.404226301045613658e-11
-2.049975174774009811e-12
7.246878164783911571e-12
1.009626047465503651e-11
3.909122407560198134e-12
-1.173358753983900957e-11
-3.530795138019812859e-11
-6.512323475725616252e-11
-1.018780894281683726e-10
-1.504800689572008362e-10
-2.199381840466051172e-10
-3.213832787543472803e-10
-4.654969886288476605e-10
-6.609671055236529640e-10
-9.149027701080882577e-10
-1.234994266664719767e-09
-1.632312996569766213e-09
-2.123427357754792973e-09
-2.730908949018676461e-09
-3.481964875556959051e-09
-4.405455475974960989e-09
-5.527685878015004154e-09
-6.867049095132471715e-09
-8.427017600611212628e-09
-1.018652174790570549e-08
-1.208703760865352157e-08
-1.401745993989324846e-08
-1.580142052405177223e-08
-1.719621838052480083e-08
-1.791493127216912933e-08
-1.767911679388597046e-08
-1.629646378478730953e-08
-1.374036756436340551e-08
-1.019813753324640603e-08
-6.061468135705736666e-09
-1.855216061710249637e-09
1.875311336190822922e-09
4.685715841016179289e-09
6.329798383005507837e-09
6.806063854073840895e-09
6.336793447029674096e-09
5.281949079380335409e-09
4.015901295057451247e-09
2.812741873333067414e-09
1.782663139127194227e-09
-0.000000000000000000e+00
0.000000000000000000e+00
-0.000000000000000000e+00
-5.132664711201417675e-12
-9.455731518279526897e-12
-1.252083240056149554e-11
-1.443709359893085279e-11
-1.573657499204159427e-11
-1.704725420293934762e-11
-1.873130354058072068e-11
-2.063439296330613898e-11
-2.204668758996274959e-11
-2.190986089746820595e-11
-1.923431392583551957e-11
-1.363060128453791715e-11
-5.807046732214040140e-12
2.171265556399165500e-12
7.109678227314554185e-12
5.567966507950432474e-12
-4.767453110873631676e-12
-2.393815709714901155e-11
-4.981416591009908489e-11
-7.996418163465975743e-11
-1.145854973660324814e-10
-1.587560613491483327e-10
-2.224703715046710564e-10
-3.183427274716195983e-10
-4.584161560447797677e-10
-6.520541403923471435e-10
-9.061486787118530682e-10
-1.227495197869977529e-09
-1.626068897724828156e-09
-2.117626553280322024e-09
-2.724511071416154864e-09
-3.474317819830424108e-09
-4.396699086430522723e-09
-5.518736277498223964e-09
-6.858973961448837660e-09
-8.419608134452161288e-09
-1.017588624937964985e-08
-1.206214850045296255e-08
-1.395587436668989899e-08
-1.566499683619711320e-08
-1.692862770370723592e-08
-1.744380608288625513e-08
-1.692584202755251742e-08
-1.519464989953788792e-08
-1.225964081913423265e-08
-8.364967429630597518e-09
-3.967022457715520311e-09
3.557295888355894369e-10
4.032162707671110764e-09
6.627123275448311598e-09
7.934758463328464949e-09
8.013082409386892060e-09
7.148018490902773327e-09
5.753276756886407647e-09
4.237125432194766528e-09
2.883633378828532403e-09
1.790359555304052352e-09
-0.000000000000000000e+00
0.000000000000000000e+00
-0.000000000000000000e+00
-4.986524595066512135e-12
-8.650417276722574396e-12
-1.041607996963695447e-11
-1.039491936261980380e-11
-9.249833287713205658e-12
-7.858888789218292791e-12
-6.931143457282531900e-12
-6.718056660651738677e-12
-6.921165180171499387e-12
-6.832541323666384361e-12
-5.677890511069087446e-12
-3.079541316229815112e-12
4.828955777086123695e-13
3.385389090694470809e-12
2.980133136558599335e-12
-3.656853696498473208e-12
-1.841204743500977663e-11
-4.090323765584954539e-11
-6.845221789238409409e-11
-9.802019570130427747e-11
-1.295090277907142400e-10
-1.684751574460903734e-10
-2.263086220943401147e-10
-3.175372891053291485e-10
-4.558824173469010145e-10
-6.514971285414297472e-10
-9.109982327997143082e-10
-1.240202731921890956e-09
-1.648060792508733743e-09
-2.149855675535079692e-09
-2.768288841653860744e-09
-3.532034557545263673e-09
-4.472105069672512927e-09
-5.616552701082196714e-09
-6.983658201107326936e-09
-8.573118413914858497e-09
-1.035433709285497222e-08
-1.225138895786707564e-08
-1.412634822732120195e-08
-1.576690898432537633e-08
-1.688953747819497395e-08
-1.717196241902697829e-08
-1.632273779797834654e-08
-1.417784876422400944e-08
-1.079150517596743467e-08
-6.476921800254090610e-09
-1.767155895329702137e-09
2.698339228072482739e-09
6.322344958635003175e-09
8.685002940694305587e-09
9.629819200636733338e-09
9.282585696709256909e-09
7.998218214430989615e-09
6.246345786616680444e-09
4.469026697549009671e-09
2.959058906570109465e-09
1.799786124017814893e-09
-0.000000000000000000e+00
0.000000000000000000e+00
-0.000000000000000000e+00
-4.848847290534245841e-12
-7.834403198981478182e-12
-8.246105372058864462e-12
-6.196198102846975840e-12
-2.484638300980176342e-12
1.744841799463297404e-12
5.409621811409423716e-12
7.813379382770347283e-12
8.791891159616017302e-12
8.642593560857690518e-12
7.865410758457588684e-12
6.787767585491666144e-12
5.170280119006888377e-12
1.920516898353473774e-12
-4.887729442450634257e-12
-1.744502193564908102e-11
-3.703153672160308717e-11
-6.276717982017572417e-11
-9.146125363015532152e-11
-1.195759053509495441e-10
-1.468935120896778629e-10
-1.797423054695224729e-10
-2.313468482289406110e-10
-3.186543415524383345e-10
-4.574704383887576000e-10
-6.589111212519099167e-10
-9.292686941748315199e-10
-1.273271014450617410e-09
-1.698886217071175164e-09
-2.221262861405966085e-09
-2.864086359093514790e-09
-3.657862885506854043e-09
-4.635593095509278921e-09
-5.826521797850525282e-09
-7.248209697892084523e-09
-8.896490953806538817e-09
-1.073250581656898735e-08
-1.266656360889282526e-08
-1.454088973972242787e-08
-1.611789962806330688e-08
-1.708646868590421085e-08
-1.710141210041158464e-08
-1.586413292882910053e-08
-1.323144932916516462e-08
-9.312998040636554310e-09
-4.505592049702624208e-09
5.673166039944181752e-10
5.197706000998791019e-09
8.763584173248937363e-09
1.086901924113229620e-08
1.141817364087532434e-08
1.061397004113115757e-08
8.885468916611261136e-09
6.759456543758826614e-09
4.710674084016351276e-09
3.038742207591205714e-09
1.810965982042137585e-09
-0.000000000000000000e+00
0.000000000000000000e+00
-0.000000000000000000e+00
-4.721325116340606494e-12
-7.011769669900765884e-12
-6.017605666062220353e-12
-1.849026640561782709e-12
4.553366426428011379e-12
1.176858579717577884e-11
1.831905449818813978e-11
2.303056080445194828e-11
2.523026727750860588e-11
2.474702064089039166e-11
2.174186475663871201e-11
1.643657950492150809e-11
8.814472732408865361e-12
-1.628839809113728203e-12
-1.594722256451022927e-11
-3.538020060359555155e-11
-6.039744601219114802e-11
-8.951170421371693370e-11
-1.190191466355963071e-10
-1.449446024020958300e-10
-1.670651629184812512e-10
-1.927265519390508926e-10
-2.374411856213472268e-10
-3.211723181365227945e-10
-4.623413409509091006e-10
-6.732929093597082277e-10
-9.599663878087156242e-10
-1.325850497247847350e-09
-1.777919870541443517e-09
-2.331501468949616896e-09
-3.011912002465364677e-09
-3.852303150437079956e-09
-4.888365062093081343e-09
-6.150805703375189778e-09
-7.655992132755367907e-09
-9.394403628321108304e-09
-1.131622958983855166e-08
-1.331411668032475155e-08
-1.520551119826726540e-08
-1.672197819138954161e-08
-1.751933094465177278e-08
-1.722549281033354584e-08
-1.553444349925844194e-08
-1.232968385668010999e-08
-7.789138246325719666e-09
-2.410547811231926372e-09
3.076471657805384554e-09
7.887711497061313397e-09
1.137986536971239320e-08
1.319276501261180834e-08
1.330520569506038849e-08
1.200774145182540086e-08
9.808373454706963718e-09
7.291142454513043311e-09
4.961218030850488980e-09
3.122410631253768707e-09
1.823900841751001044e-09
-0.000000000000000000e+00
0.000000000000000000e+00
0.000000000000000000e+00
-4.605424997951693643e-12
-6.186243234246262395e-12
-3.736845842978701738e-12
2.639135605352073725e-12
1.185990670671683523e-11
2.222037783002942881e-11
3.183320724510517473e-11
3.902136280682848869e-11
4.256576273659074931e-11
4.177410966528561332e-11
3.640181664336801337e-11
2.649336870381004549e-11
1.220316097628077976e-11
-6.375844745183632980e-12
-2.931767665711433167e-11
-5.671053524165213939e-11
-8.799173939930818024e-11
-1.209171964295728747e-10
-1.512189097920944861e-10
-1.744755130845218216e-10
-1.904717066676731570e-10
-2.077217666695165040e-10
-2.444667119361391740e-10
-3.243887153750638703e-10
-4.692297245386641640e-10
-6.929700436057722198e-10
-1.001208975105887993e-09
-1.395993194815796100e-09
-1.883203904606280841e-09
-2.478599423565459877e-09
-3.209777060877772000e-09
-4.113409196554475027e-09
-5.228671562436164590e-09
-6.588093646602542649e-09
-8.206398345909737045e-09
-1.006710703039969098e-08
-1.210647635219317822e-08
-1.419512486530242442e-08
-1.612021712283763232e-08
-1.757629513610452572e-08
-1.818006520921105212e-08
-1.752817913464307087e-08
-1.530709717288029523e-08
-1.143419410175779753e-08
-6.171278264814152615e-09
-1.377134287294341498e-10
5.812640357945859748e-09
1.081200814622727845e-08
1.420207043470006754e-08
1.567418169192378101e-08
1.529880767679824899e-08
1.346578048176880939e-08
1.076627189384656462e-08
7.840313753009841565e-09
5.219969493107234612e-09
3.209827957850990435e-09
1.838580784474169304e-09
-0.000000000000000000e+00
0.000000000000000000e+00
0.000000000000000000e+00
-4.502370395698019990e-12
-5.361191053787552487e-12
-1.409727448722323451e-12
7.261209097332923531e-12
1.943143309257014207e-11
3.311029400105230718e-11
4.599363945475221076e-11
5.588676460597402792e-11
6.099806948926754776e-11
6.007126649999684310e-11
5.239170659760552778e-11
3.774149778199979602e-11
1.635771133766552957e-11
-1.111949111499289714e-11
-4.374207739394665296e-11
-8.028820919613649946e-11
-1.189378356754740104e-10
-1.564992549337121421e-10
-1.880273842537410759e-10
-2.085520438639621191e-10
-2.177301916732710396e-10
-2.252337062406819132e-10
-2.524112330308384225e-10
-3.274826515763179826e-10
-4.764528354178116755e-10
-7.155573197479441211e-10
-1.050143625806994068e-09
-1.480546209808861816e-09
-2.011320464943360402e-09
-2.658803248471269480e-09
-3.453497629181764628e-09
-4.436537257868399258e-09
-5.651511132466520162e-09
-7.133281022036971131e-09
-8.894568550226808145e-09
-1.091025291331398412e-08
-1.309932264002194012e-08
-1.530538428821907747e-08
-1.727906679316041428e-08
-1.867098909391315546e-08
-1.905208921144669682e-08
-1.798299947364452796e-08
-1.514289609506483563e-08
-1.049195363736133689e-08
-4.394849787972041899e-09
2.382712909230870791e-09
8.842023404644207084e-09
1.402507121349585971e-08
1.726857954224960697e-08
1.833591606364093961e-08
1.740965230074221103e-08
1.499158737362432411e-08
1.175944838234937387e-08
8.406403133339017040e-09
5.486481775343319253e-09
3.300829827009107568e-09
1.854995897521895760e-09
-0.000000000000000000e+00
0.000000000000000000e+00
0.000000000000000000e+00
-4.413128687488577241e-12
-4.539628192555752418e-12
9.581164747117032678e-13
1.201018128339953561e-11
2.726435673887471248e-11
4.444885065256095718e-11
6.084440129099559404e-11
7.373567076029224547e-11
8.074669282779880957e-11
8.002870843233136043e-11
7.034084547829416008e-11
5.110972018024052133e-11
2.253048378009017636e-11
-1.432903775814197029e-11
-5.754536830947560213e-11
-1.045007608800807517e-10
-1.519138361365688760e-10
-1.954203673682309211e-10
-2.292175660692601574e-10
-2.475724939750312524e-10
-2.496795124522153888e-10
-2.461003044237713257e-10
-2.615202071049837103e-10
-3.296239653018668751e-10
-4.819427948700925609e-10
-7.379069228527878574e-10
-1.102833326405600543e-09
-1.574993344808769148e-09
-2.157193884284312074e-09
-2.866329806463049886e-09
-3.736374957391011717e-09
-4.813936289757359638e-09
-6.148132525828093328e-09
-7.776928168110375231e-09
-9.710902590709569381e-09
-1.191457937496642704e-08
-1.428587542771708657e-08
-1.663549375115543645e-08
-1.867018796552344440e-08
-1.998881993737802377e-08
-2.010927522505324271e-08
-1.855121353366319239e-08
-1.498743456047702582e-08
-9.432179367830637241e-09
-2.376209124051460553e-09
5.238982361790038496e-09
1.224663545244193727e-08
1.759332020423246840e-08
2.062579824016322266e-08
2.120556701055572695e-08
1.965137734984930962e-08
1.659047457186163902e-08
1.278931086559101143e-08
8.989498797097129227e-09
5.760627705463550984e-09
3.395358840942518904e-09
1.873148984145046195e-09
-0.000000000000000000e+00
0.000000000000000000e+00
0.000000000000000000e+00
-4.338403972359999806e-12
-3.724236402359950159e-12
3.361205368963956975e-12
1.687875244615692488e-11
3.535419724330354378e-11
5.624520820057378484e-11
7.642859030760596951e-11
9.267883175595698906e-11
1.020410823990206911e-10
1.020649433505269591e-10
9.094267990332052020e-11
6.765256280124807324e-11
3.219213114992895772e-11
-1.413762205338489220e-11
-6.859626739453821507e-11
-1.271951998810244467e-10
-1.850455523245668681e-10
-2.363699889796786479e-10
-2.742632062318813640e-10
-2.918993435974512406e-10
-2.874292483811656423e-10
-2.716520606796559104e-10
-2.725142838939622073e-10
-3.301499855764551148e-10
-4.833050807448500462e-10
-7.560293604645832683e-10
-1.154063688157214622e-09
-1.673175916751162767e-09
-2.313733200756114857e-09
-3.092913413874854286e-09
-4.048614179700963611e-09
-5.234007336499451825e-09
-6.705135682873998565e-09
-8.504275199545124739e-09
-1.064015072961650506e-08
-1.306527518125078169e-08
-1.565200440870434040e-08
-1.817081082116406808e-08
-2.027556944381131750e-08
-2.150431713319021711e-08
-2.131407546322703477e-08
-1.917877365482370112e-08
-1.476705689948363656e-08
-8.161754526852373852e-09
-8.212872761834966478e-12
8.541383865306237027e-09
1.612666483131886631e-08
2.159630467715243087e-08
2.432856457586690225e-08
2.431576880779280890e-08
2.204063526487591919e-08
1.826966850435206126e-08
1.385851633498827734e-08
9.590448022865084368e-09
6.042663605070802657e-09
3.493495977371734378e-09
1.893068433601511915e-09
-0.000000000000000000e+00
0.000000000000000000e+00
0.000000000000000000e+00
-4.278635132931676612e-12
-2.917392717453806876e-12
5.794080187168603086e-12
2.185895654451640931e-11
4.369467905366101539e-11
6.850525327163388403e-11
9.278461184977243471e-11
1.128220696803445799e-10
1.251092388579250881e-10
1.266091778414733365e-10
1.149304727734237458e-10
8.852175937267330924e-11
4.700676484385775693e-11
-8.348629564940789349e-12
-7.427675936594356328e-11
-1.455974969104970053e-10
-2.157779304928014683e-10
-2.774060986552953614e-10
-3.221814806056788026e-10
-3.417552895146092528e-10
-3.323852146163745303e-10
-3.039151404265185009e-10
-2.869121719182117233e-10
-3.288512965403124946e-10
-4.779185602663549861e-10
-7.649547980556455994e-10
-1.196995219045242814e-09
-1.766781079021164948e-09
-2.471170158816567325e-09
-3.326967752121600652e-09
-4.376259663458481512e-09
-5.679966021829409842e-09
-7.302870080942048264e-09
-9.293506765621571696e-09
-1.165982096679706024e-08
-1.434084223529305893e-08
-1.717776798296376747e-08
-1.989115090528599450e-08
-2.207039738432361653e-08
-2.318205014543737497e-08
-2.261424553811883881e-08
-1.979140879540399223e-08
-1.438266110337783503e-08
-6.558534735845476395e-09
2.845949358016644771e-09
1.242697543224314770e-08
2.060335442956224039e-08
2.612795303530082170e-08
2.844039072587980696e-08
2.770405756764768208e-08
2.459695930269351887e-08
2.003828103555873503e-08
1.497101269298520857e-08
1.021091329036442789e-08
6.333270984440988998e-09
3.595484720001356174e-09
1.914820223240602016e-09
-0.000000000000000000e+00
0.000000000000000000e+00
0.000000000000000000e+00
-4.233998882306521984e-12
-2.121205891558896157e-12
8.251164197462924529e-12
2.694177470200224853e-11
5.227681656682589916e-11
8.122964141163736494e-11
1.099422965947707433e-10
1.342590652971086777e-10
1.501651642998000682e-10
1.540810591020148117e-10
1.430475815618976436e-10
1.149281554912298781e-10
6.879288455879317730e-11
5.541027682337454469e-12
-7.146480068411017081e-11
-1.562317986779216132e-10
-2.407247005861474416e-10
-3.157515267583265998e-10
-3.713075617657979846e-10
-3.970346025509831757e-10
-3.862118958279793251e-10
-3.458439022095177229e-10
-3.075038592668699296e-10
-3.264475351780281118e-10
-4.631282087003019962e-10
-7.585071556982855479e-10
-1.222550511011842976e-09
-1.844421560744112703e-09
-2.615862477700402314e-09
-3.552078198947630060e-09
-4.699305195846611268e-09
-6.127516146063268757e-09
-7.912723535470238198e-09
-1.011291661832963335e-08
-1.273768862045418103e-08
-1.571139504731665445e-08
-1.883653105887452509e-08
-2.177012398933568533e-08
-2.402160229800647380e-08
-2.497343330582417754e-08
-2.393736849224846190e-08
-2.028690343996818988e-08
-1.370040065139483803e-08
-4.461701582343334863e-09
6.361278268730006161e-09
1.706581000832397912e-08
2.582253957420030072e-08
3.129789463991456439e-08
3.303350201504879425e-08
3.141247537629924354e-08
2.734240373351451514e-08
2.190711412724129811e-08
1.613196964282271881e-08
1.085336348727290782e-08
6.633567039985839003e-09
3.701744303788794301e-09
1.938517930509873017e-09
-0.000000000000000000e+00
0.000000000000000000e+00
0.000000000000000000e+00
-4.204417426569331763e-12
-1.337558530166541595e-12
1.072662258372269475e-11
3.211675960577484990e-11
6.108802981126349792e-11
9.441188826433005401e-11
1.279190453942169033e-10
1.570640073826081704e-10
1.773956275553728552e-10
1.848683587735594042e-10
1.760128473542687290e-10
1.480939103836857345e-10
9.946821412754998040e-11
3.029621247399506605e-11
-5.653710889191830423e-11
-1.548455838049432350e-10
-2.554970319017697066e-10
-3.475381666620345822e-10
-4.189848380672421306e-10
-4.569911734667808780e-10
-4.506620688100036927e-10
-4.015287410274329010e-10
-3.390193962068271770e-10
-3.254022571162685452e-10
-4.366695245751752949e-10
-7.290006046616813426e-10
-1.218387775183859174e-09
-1.890034903738973671e-09
-2.728200519636561643e-09
-3.744384926329288516e-09
-4.988472565736450057e-09
-6.541005912001143996e-09
-8.492860307987005014e-09
-1.091677283857642296e-08
-1.382854171196273443e-08
-1.713675846277662822e-08
-2.059406921571953972e-08
-2.377404505272328733e-08
-2.608509076281138321e-08
-2.681114971500705882e-08
-2.518199880824233174e-08
-2.052325213180925080e-08
-1.253798032317571629e-08
-1.658050096694869280e-09
1.076263287326928025e-08
2.266909125382913437e-08
3.195900718944776031e-08
3.723287589903500954e-08
3.818864701165837819e-08
3.548687962187789495e-08
3.030092693068501194e-08
2.388826905962290222e-08
1.734757553079783961e-08
1.152098495309428620e-08
6.945075881652068300e-09
3.812868645452089307e-09
1.964329550710056222e-09
-0.000000000000000000e+00
0.000000000000000000e+00
0.000000000000000000e+00
-4.189570297894419486e-12
-5.681526879411163708e-13
1.321422784253591787e-11
3.737168886428456262e-11
7.011133245674814196e-11
1.080365988215593354e-10
1.467161814574370543e-10
1.812844402912195302e-10
2.069468123522279174e-10
2.193034256089758610e-10
2.144820111385143111e-10
1.891953996005290050e-10
1.409771199182802995e-10
6.887287968501799679e-11
-2.540014502773584144e-11
-1.363489198725624834e-10
-2.545120052615823455e-10
-3.674890417230600264e-10
-4.611547308331346411e-10
-5.197676621555698868e-10
-5.271751998228215870e-10
-4.762449475560704035e-10
-3.889900905974081456e-10
-3.313171661498279272e-10
-3.976538149333208706e-10
-6.670015088928698057e-10
-1.167298494950148004e-09
-1.880194165108733038e-09
-2.779057237739438042e-09
-3.868204366429682269e-09
-5.199983994799322860e-09
-6.867534950217702035e-09
-8.982312263833824883e-09
-1.164049869553069235e-08
-1.487143639137656247e-08
-1.856576602753746179e-08
-2.240848381992757165e-08
-2.586029528626040540e-08
-2.820070576836643398e-08
-2.859970924281957809e-08
-2.620364594007963256e-08
-2.030079205472328235e-08
-1.064474617484089356e-08
2.137256939043929486e-09
1.634052180556322999e-08
2.949975373022159494e-08
3.922183384029907019e-08
4.407827465319715405e-08
4.399464990338623634e-08
3.997593467345515620e-08
3.349749943545015111e-08
2.599454275833875597e-08
1.862468444390602727e-08
1.221750100074431072e-08
7.269653929701498587e-09
3.929607841522442805e-09
1.992479831696524272e-09
-0.000000000000000000e+00
0.000000000000000000e+00
0.000000000000000000e+00
-4.188909858269527829e-12
1.854432861386157525e-13
1.570723765146472026e-11
4.269226432999967123e-11
7.932463177574671109e-11
1.220779217595206912e-10
1.663156914931879073e-10
2.069346674755301228e-10
2.389114987384504257e-10
2.576394549011363074e-10
2.590065388158870874e-10
2.392979871979696511e-10
1.952001711120236071e-10
1.243172000402323874e-10
2.644145076799068094e-11
-9.477839949732054696e-11
-2.307808381251826535e-10
-3.685177480106790082e-10
-4.918207179706322725e-10
-5.817480246715048376e-10
-6.161539079049045706e-10
-5.761004316388960067e-10
-4.686334549633435419e-10
-3.551975870319369862e-10
-3.487975042300067527e-10
-5.616659395405837776e-10
-1.044962433187943686e-09
-1.779747981494755773e-09
-2.723943974550500987e-09
-3.869031854545360772e-09
-5.267736031588099245e-09
-7.029192282304608757e-09
-9.295039657905674563e-09
-1.219847180958821704e-08
-1.579162780217660389e-08
-1.994013789373783364e-08
-2.423227743618405367e-08
-2.797446079232754665e-08
-3.028301125742632335e-08
-3.019967449836759834e-08
-2.679287871306521171e-08
-1.933556678375788791e-08
-7.673102198030471155e-09
7.307341541689765746e-09
2.347213845427537429e-08
3.788592075572176343e-08
4.786075275187412391e-08
5.199962862159747386e-08
5.054763359403172585e-08
4.492975516250545863e-08
3.695692735607640310e-08
2.823860548398633979e-08
1.997030706834256358e-08
1.294689378955925778e-08
7.609365012457144207e-09
4.052829534295466749e-09
2.023246733475228665e-09
-0.000000000000000000e+00
0.000000000000000000e+00
0.000000000000000000e+00
-4.201679935873795116e-12
9.217487738512277666e-13
1.819829127113442579e-11
4.806187258781996112e-11
8.870017613747784383e-11
1.364983088278114665e-10
1.866775295780168908e-10
2.339900730676005808e-10
2.733174857045543001e-10
3.000278262014192244e-10
3.099917387047915270e-10
2.992847791701847325e-10
2.638466854214273171e-10
1.996311599849691562e-10
1.037686213370290985e-10
-2.330017531443633803e-11
-1.756773104100960554e-10
-3.412042667841871140e-10
-5.023189706498113145e-10
-6.367229983192661625e-10
-7.159261689578745688e-10
-7.070134337098254303e-10
-5.932588893451698036e-10
-4.166820170858507206e-10
-3.010664846610102510e-10
-4.030049393258929204e-10
-8.174139990675536299e-10
-1.535036836791504430e-09
-2.493737031604948679e-09
-3.663271640358267818e-09
-5.093681939520846211e-09
-6.917008854807689037e-09
-9.321356507979611892e-09
-1.249476708250800426e-08
-1.651702241589232544e-08
-2.120864136437681811e-08
-2.601722400189761774e-08
-3.004362350356860108e-08
-3.220409457109429469e-08
-3.140146886908338013e-08
-2.664138943161171480e-08
-1.721995134457241956e-08
-3.137935474729714006e-09
1.436992320979997695e-08
3.264871948946945312e-08
4.823741319184221554e-08
5.817328527814698751e-08
6.118386702417182663e-08
5.794972353617292812e-08
5.039812693831018993e-08
4.070237620575186351e-08
3.063196243198700202e-08
2.139094824324528976e-08
1.371302849198195064e-08
7.966303276205083343e-09
4.183457986100885542e-09
2.056950493756545550e-09
-0.000000000000000000e+00
0.000000000000000000e+00
0.000000000000000000e+00
-4.226937036991779168e-12
1.639327722043074014e-12
2.067932969588217609e-11
5.346141931930413752e-11
9.820417979984983762e-11
1.512476478184707238e-10
2.077376395229260432e-10
2.623827069533196341e-10
3.101179840736519909e-10
3.464979212313225326e-10
3.676565551056483433e-10
3.697825630910093074e-10
3.483328335366770573e-10
2.976028878110060305e-10
2.114725930179639704e-10
8.572701869609434923e-11
-7.869458561477874416e-11
-2.730833709809716563e-10
-4.802263548387933568e-10
-6.747557208682730997e-10
-8.215677924426895425e-10
-8.730817858591937828e-10
-7.814071343734006047e-10
-5.474916975303963045e-10
-2.820340282738759656e-10
-1.889055168470524312e-10
-4.397498423582443294e-10
-1.063948050648735038e-09
-1.981008812918002695e-09
-3.126502395371616191e-09
-4.543858061189450260e-09
-6.402028382119719274e-09
-8.959575525811055152e-09
-1.247096023943822479e-08
-1.702540754755983238e-08
-2.235559864914036454e-08
-2.771737301454193353e-08
-3.195840211646772157e-08
-3.376130024867216761e-08
-3.188219595389246643e-08
-2.528971697835448589e-08
-1.336487821565820982e-08
3.640242273414905779e-09
2.402570097656668150e-08
4.450982926467051356e-08
6.106474186424755323e-08
7.051170527565666027e-08
7.183949499597792483e-08
6.630681567525771290e-08
5.642813948888839407e-08
4.475355488091876669e-08
3.318370322200714606e-08
2.289180219810550552e-08
1.451918608310499872e-08
8.342365059999034604e-09
4.322389471834462761e-09
2.093933661956532572e-09
-0.000000000000000000e+00
0.000000000000000000e+00
0.000000000000000000e+00
-4.263573573391307203e-12
2.336749985635426763e-12
2.314154371515151219e-11
5.886924721804301060e-11
1.077966474320224900e-10
1.662628221837352609e-10
2.294068232628762092e-10
2.919984383159770127e-10
3.491846819787005948e-10
3.969409202629617403e-10
4.319978610621544875e-10
4.510893216146061089e-10
4.496500748170446227e-10
4.206024992518853905e-10
3.543089985943921284e-10
2.405983187140841881e-10
7.277823334222492481e-11
-1.476856304811619734e-10
-4.075935615446890424e-10
-6.802618439667556015e-10
-9.236465761719874949e-10
-1.075285953993081921e-09
-1.052715281993943811e-09
-7.929674907097968479e-10
-3.473945302627308571e-10
5.927859894116104047e-11
1.401855743800925937e-10
-2.430286067608913628e-10
-1.024435074067977463e-09
-2.094552379500817824e-09
-3.481884503231956949e-09
-5.411676111683140401e-09
-8.230473607453039928e-09
-1.222771750905271887e-08
-1.743057808317247808e-08
-2.342984433255266435e-08
-2.927052490681828463e-08
-3.352796861696717582e-08
-3.461825515899655246e-08
-3.113546524874659054e-08
-2.204733198377945019e-08
-6.915835871476879679e-09
1.361358942384503972e-08
3.722073071030331349e-08
5.988382682188325481e-08
7.699850150773841862e-08
8.528772504462926351e-08
8.419427461423558403e-08
7.572464963028824938e-08
6.306092513925510563e-08
4.912447568764740564e-08
3.589903775619711208e-08
2.447582267897838429e-08
1.536751766375265685e-08
8.738974564570320651e-09
4.470383843084361877e-09
2.134530463093929341e-09
0.000000000000000000e+00
0.000000000000000000e+00
0.000000000000000000e+00
-4.310342553677142401e-12
3.012558586010096086e-12
2.557535286646066286e-11
6.426114369193439841e-11
1.174314123343145986e-10
1.814677315102314296e-10
2.515705450381920030e-10
3.226759171400083377e-10
3.903041011906302808e-10
4.510990540295446248e-10
5.027623778013763512e-10
5.431088734928860770e-10
5.682313486915229288e-10
5.703480965765244527e-10
5.365713315248738230e-10
4.499764761480045202e-10
2.935845953731325201e-10
5.665214997716078708e-11
-2.581448199582022182e-10
-6.281953817761020049e-10
-1.005781376360204466e-09
-1.311844244775466454e-09
-1.427762213208668918e-09
-1.210533939674543028e-09
-5.894314146320587898e-10
2.742324016525275033e-10
9.695419229348879082e-10
1.103977403729403913e-09
5.866313333774061514e-10
-4.414623652996403171e-10
-1.943715090767638736e-09
-4.182471979247494010e-09
-7.545227212145574356e-09
-1.221966147798701084e-08
-1.805235828429817490e-08
-2.451014684144510663e-08
-3.051412566238324680e-08
-3.438349515584001333e-08
-3.420319171249225549e-08
-2.836008252923677684e-08
-1.587190684819171605e-08
3.367599938051278256e-09
2.811194357005641495e-08
5.522279794991486179e-08
7.983088195879170557e-08
9.680441860495225976e-08
1.029709890172434360e-07
9.848799787332661405e-08
8.630202107442274753e-08
7.032705152784082806e-08
5.382066181080331369e-08
3.877761122674671970e-08
2.614269168380921724e-08
1.625844079704238656e-08
9.156772976793156059e-09
4.627934238648554001e-09
2.179024203498521403e-09
0.000000000000000000e+00
0.000000000000000000e+00
0.000000000000000000e+00
-4.365883211148192816e-12
3.665243972852985384e-12
2.797041698946971592e-11
6.961044094700219744e-11
1.270563931330243464e-10
1.967737858210569332e-10
2.740897153935552719e-10
3.542074938844917997e-10
4.331777154945713946e-10
5.085616286461062098e-10
5.794294266814278740e-10
6.452991830060826054e-10
7.038254409352496839e-10
7.476520561957699687e-10
7.616783299370821666e-10
7.224207676242673743e-10
6.006979242787079813e-10
3.680064308229899846e-10
6.603640567984436312e-12
-4.770521040463990901e-10
-1.037663204224007827e-09
-1.578077977599649135e-09
-1.935698460308566503e-09
-1.872991112145211797e-09
-1.132787810702824077e-09
3.386712642234657744e-10
2.086746366463167417e-09
3.200443631724443278e-09
2.989121196022977326e-09
1.558335178948739728e-09
-6.890871514281654471e-10
-3.817567065976617135e-09
-8.070582702235727844e-09
-1.333043415841089937e-08
-1.926942910282471740e-08
-2.548203013975105188e-08
-3.098133073459887638e-08
-3.380730526495120530e-08
-3.154764727612369042e-08
-2.228915283848793735e-08
-5.189999824836453998e-09
1.928081882760465904e-08
4.897782796230958983e-08
7.970698825417298461e-08
1.056795332661236476e-07
1.213851689941673334e-07
1.240751082778107915e-07
1.149569380982118044e-07
9.811963983571102368e-08
7.824003636478224560e-08
5.883566657448478798e-08
4.181160069268129211e-08
2.788772298649252344e-08
1.719000891842395750e-08
9.595287593787100931e-09
4.795120423727702759e-09
2.227592516294036276e-09
0.000000000000000000e+00
0.000000000000000000e+00
0.000000000000000000e+00
-4.428747069179155085e-12
4.293226035267756594e-12
3.031568081045868384e-11
7.488820736792175990e-11
1.366140643559667083e-10
2.120808642524572167e-10
2.968024478641144039e-10
3.863421383614409763e-10
4.774260928442487790e-10
5.687688213355658249e-10
6.612074739156676047e-10
7.566414618465441036e-10
8.553930011192663639e-10
9.521651610992349174e-10
1.031679796436176121e-09
1.065676538798218941e-09
1.012688512894001518e-09
8.216451151772092858e-10
4.415019468935446921e-10
-1.590757869404982742e-10
-9.604539516782567619e-10
-1.856372836974274346e-09
-2.622976787646704187e-09
-2.887400041415633539e-09
-2.119455747934850883e-09
1.544270927238287426e-10
3.585317787839724422e-09
6.209753319178927588e-09
5.713581211769778817e-09
2.230072401829599720e-09
-2.268759307792608522e-09
-6.889911490470873455e-09
-1.164235147974359469e-08
-1.631324822272764588e-08
-2.088333150719810972e-08
-2.555602380622416186e-08
-2.958135461877364075e-08
-3.049263163282521554e-08
-2.505382848525187969e-08
-1.093639149481505012e-08
1.236366295318971597e-08
4.340339306032611447e-08
7.872783891881471128e-08
1.128356769666929026e-07
1.390388810431686870e-07
1.517545104555471509e-07
1.491225368208028670e-07
1.338059296451546163e-07
1.112231510830827168e-07
8.678757236519923976e-08
6.414685344267323023e-08
4.498364247977000891e-08
2.970076314565754879e-08
1.815730123161627747e-08
1.005260737619298230e-08
4.971456532644888259e-09
2.280242543367000757e-09
0.000000000000000000e+00
0.000000000000000000e+00
0.000000000000000000e+00
-4.497423985161565573e-12
4.894844266280709576e-12
3.259945074548039865e-11
8.006352557730839261e-11
1.460421272950052677e-10
2.272787063984828140e-10
3.195267282509898159e-10
4.187902761655486061e-10
5.225970612586805870e-10
6.310237567375220722e-10
7.470467785372491123e-10
8.756370656455012919e-10
1.021040307109731221e-09
1.182145288278372866e-09
1.346702690899425845e-09
1.485682967244524458e-09
1.548515800995309879e-09
1.459618266871060208e-09
1.120209002017262620e-09
4.278028022653587786e-10
-6.708061166672898977e-10
-2.093690466197915454e-09
-3.532792230754134325e-09
-4.375627355332534072e-09
-3.637478414447779814e-09
-2.196887905809139311e-10
5.463973353252290468e-09
9.219359321179680082e-09
5.952446048477861153e-09
-2.993148223372786844e-09
-1.148269559417908030e-08
-1.663969296743863094e-08
-1.918497090724176945e-08
-2.030774438541197856e-08
-2.118809080959668480e-08
-2.278971922944276342e-08
-2.432083022897571864e-08
-2.228919762753030991e-08
-1.218427360732366488e-08
8.772929619686897851e-09
4.031645576646061694e-08
7.939292263408725948e-08
1.207198574030940816e-07
1.572998270880845114e-07
1.817555768362699116e-07
1.889632709526343144e-07
1.785782343812990822e-07
1.551644957647269357e-07
1.255995314673598576e-07
9.592050258434409751e-08
6.971061284990243356e-08
4.826474237436272112e-08
3.156519964011878499e-08
1.915190429364471772e-08
1.052510441616113896e-08
5.155750934624935046e-09
2.336742008064054911e-09
0.000000000000000000e+00
0.000000000000000000e+00
0.000000000000000000e+00
-4.570367758520940119e-12
5.468356159045779935e-12
3.480950194164410476e-11
8.510384939624865956e-11
1.552743593334239548e-10
2.422486843206610687e-10
3.420638850785480301e-10
4.512303355877832164e-10
5.681776002914240600e-10
6.945127399527761743e-10
8.356693416136068910e-10
1.000338061186524748e-09
1.198008177066029907e-09
1.434287385381651054e-09
1.704385658409213650e-09
1.985292686994431041e-09
2.225398111288015179e-09
2.328244761837845109e-09
2.133063878968645560e-09
1.417560789403338719e-09
-2.579602027575937920e-11
-2.206034631561077409e-09
-4.683135284583839652e-09
-6.345601836102133890e-09
-5.416738873505007222e-09
-6.339612322788425209e-10
5.405750209492180769e-09
5.161614819063938731e-09
-6.252578451851869057e-09
-2.281811528468471285e-08
-3.316463591215039738e-08
-3.355316559784319862e-08
-2.822954253441682477e-08
-2.190416896910580971e-08
-1.695786962712514173e-08
-1.426433942533227411e-08
-1.233208660841912235e-08
-6.002543467384959261e-09
1.095620088373622806e-08
4.154558299392747820e-08
8.387006382495030813e-08
1.323249430312808676e-07
1.792699929492066280e-07
2.162588809493624344e-07
2.357695117685781873e-07
2.339532191285612091e-07
2.127438312971894089e-07
1.790259686163665735e-07
1.411477698945354253e-07
1.055404519053436737e-07
7.545757484509226537e-08
5.161247882660273693e-08
3.345725072393088297e-08
2.016158524399817910e-08
1.100725515586237955e-08
5.346003324428310013e-09
2.396557312103506706e-09
0.000000000000000000e+00
0.000000000000000000e+00
0.000000000000000000e+00
-4.646020934118090407e-12
6.011943590454605116e-12
3.693321258020662311e-11
8.997542914616715721e-11
1.642416132117259900e-10
2.568658857886039430e-10
3.642027055567407330e-10
4.833166794257724991e-10
6.136088563795640508e-10
7.583327831618384207e-10
9.256158096946709919e-10
1.128414918502965044e-09
1.382732315600387039e-09
1.703660060981954942e-09
2.099385660703494185e-09
2.562769694275692343e-09
3.055584226807538957e-09
3.472607402623121724e-09
3.577776971533949754e-09
2.955260185645017539e-09
1.107199033761904602e-09
-2.171804931977499049e-09
-6.221485450216258085e-09
-9.016464077931258183e-09
-7.514438172237999880e-09
-1.713536904190368877e-09
-1.109712620143005026e-09
-1.710715009719997258e-08
-4.517797912433473470e-08
-6.879811494834033269e-08
-7.212144426083589190e-08
-5.575909138505459588e-08
-3.443250150962901721e-08
-1.748046293555950061e-08
-5.410794106500369221e-09
2.821309031913493410e-09
9.774497730887016920e-09
2.283644720821974379e-08
5.029019457087656692e-08
9.456133688813701773e-08
1.505790268950747796e-07
2.090005205148832830e-07
2.595974823566284985e-07
2.930771630997673060e-07
3.028116650492083272e-07
2.873196084084362849e-07
2.516116215849509660e-07
2.051739133251404626e-07
1.576475164072863441e-07
1.154882230756955194e-07
8.128885135950153148e-08
5.496998758381060426e-08
3.534577645962497107e-08
2.117028085571847626e-08
1.149162584185245488e-08
5.539369336772171292e-09
2.458814851087842187e-09
0.000000000000000000e+00
0.000000000000000000e+00
0.000000000000000000e+00
-4.722838488118847454e-12
6.523726681565430074e-12
3.895772156745278574e-11
9.464379266747976025e-11
1.728729324493174318e-10
2.710014268827305248e-10
3.857240066649306727e-10
5.146884998335519726e-10
6.583034002404110904e-10
8.215248031500708136e-10
1.015307102752916003e-09
1.257260989844669465e-09
1.570986559711863369e-09
1.983797378410949675e-09
2.523080686519060521e-09
3.210255969092052308e-09
4.042069310174230199e-09
4.927522255431441871e-09
5.542101117400238901e-09
5.159205818706473987e-09
2.762368771802584491e-09
-2.189849784649978126e-09
-8.669407257297876746e-09
-1.393026785893558864e-08
-1.474312909474984977e-08
-9.388457043118842014e-09
-6.850463070223273589e-09
-4.087348588012309389e-08
-1.072149946152363881e-07
-1.305546317103399398e-07
-1.068240631246083613e-07
-7.015402093620067520e-08
-3.491811857468791937e-08
-7.756678010471131642e-09
1.339253896174996063e-08
3.029016222061748736e-08
4.591881602181493322e-08
7.073495093746532969e-08
1.151055095016741533e-07
1.788323440307850419e-07
2.511504586547870568e-07
3.180048446781341120e-07
3.673733949159414234e-07
3.907218562390968639e-07
3.838985831008543980e-07
3.489843770668575160e-07
2.946932664376221556e-07
2.331082741886112483e-07
1.747327638703473646e-07
1.255362864761755310e-07
8.707474587549961228e-08
5.826633845412510334e-08
3.719288020412786861e-08
2.215852966937008167e-08
1.196908568082308675e-08
5.732222421461491562e-09
2.522303627583177296e-09
0.000000000000000000e+00
0.000000000000000000e+00
0.000000000000000000e+00
-4.799310130764421907e-12
7.001784355811712182e-12
4.087010510711051827e-11
9.907426784100436565e-11
1.810967461644893584e-10
2.845249044848221930e-10
4.064054511956250998e-10
5.449791884983872126e-10
7.016636305672191222e-10
8.831101772043208555e-10
1.103116548434914671e-09
1.384128456191607129e-09
1.758111077583087535e-09
2.266986897151093697e-09
2.963624509516834890e-09
3.912572548247883656e-09
5.173754634346224894e-09
6.705338727631485213e-09
8.080629873703413005e-09
8.081929700464008552e-09
4.804206576429058363e-09
-2.807339492588894112e-09
-1.287927189501229417e-08
-2.144007934743307664e-08
-2.783856779446716081e-08
-4.907832092454099544e-08
-1.246639014888731606e-07
-2.331594636963582951e-07
-2.483340752046879067e-07
-1.679199092089759436e-07
-1.123772344117242823e-07
-8.127928478862845783e-08
-4.227234292318633717e-08
-1.711961294959563306e-09
3.633307864027598029e-08
7.006648650953960743e-08
1.022350372892086437e-07
1.486783383749763620e-07
2.208915576312452139e-07
3.113094964805506144e-07
4.000422735251516533e-07
4.690263696123020345e-07
5.075395443200932122e-07
5.107091722203190525e-07
4.786361066747933099e-07
4.178254660968513293e-07
3.408604851191017348e-07
2.619925567140009035e-07
1.918804008238508897e-07
1.353893650986069926e-07
9.265746564161713413e-08
6.141888172992841293e-08
3.895552302013559943e-08
2.310443741128705491e-08
1.242929003270651111e-08
5.920333336883127986e-09
2.585532004240401286e-09
0.000000000000000000e+00
0.000000000000000000e+00
0.000000000000000000e+00
-4.873981021340402704e-12
7.444180629535044617e-12
4.265756710490307986e-11
1.032325316803840834e-10
1.888421052286280791e-10
2.973068981344892648e-10
4.260263937188347445e-10
5.738256718672746379e-10
7.431001083707330794e-10
9.421278464203594276e-10
1.187446501291263461e-09
1.506284886453500720e-09
1.939313624880591013e-09
2.544771106521063916e-09
3.406508487165822951e-09
4.646898258767206260e-09
6.421264952234129778e-09
8.782511027481161353e-09
1.119065616429670797e-08
1.169273461442495023e-08
6.944618216309168790e-09
-4.912705138462868825e-09
-2.064248927015161040e-08
-3.573434640636975275e-08
-5.728863906999283886e-08
-1.194044842858814916e-07
-2.486727331296893505e-07
-3.489143948360107953e-07
-3.399363897178545885e-07
-3.190381014092745909e-07
-2.432367167025537417e-07
-1.583038151958578169e-07
-8.820810299578355722e-08
-1.821939887385043425e-08
5.763384874538572752e-08
1.276872034619036021e-07
1.920812275830777485e-07
2.781437984144371150e-07
3.947427021290951341e-07
5.174024033361436975e-07
6.147657842532868838e-07
6.705548353717301979e-07
6.820834602746054692e-07
6.516465518179528480e-07
5.844674848644827497e-07
4.913671646150640490e-07
3.882568701401167050e-07
2.906488070161818619e-07
2.084238004788678829e-07
1.446966110107383201e-07
9.785892789088826625e-08
6.433788222304219689e-08
4.058821824832781482e-08
2.398517991562134770e-08
1.286142931580529534e-08
6.099169208002514059e-09
2.646837151139144185e-09
0.000000000000000000e+00
0.000000000000000000e+00
0.000000000000000000e+00
-4.945470738243718928e-12
7.848995478673496166e-12
4.430763810893324378e-11
1.070851707643666678e-10
1.960399227911852498e-10
3.092214346806189229e-10
4.443725546423168612e-10
6.008772224222737472e-10
7.820486126082080200e-10
9.976689427118377733e-10
1.266802178408448668e-09
1.621174460891973785e-09
2.110015236707071335e-09
2.808636762467593477e-09
3.835719684266832402e-09
5.383925834970591448e-09
7.735368231407041368e-09
1.108890716193407244e-08
1.479254292809696006e-08
1.589056481227990323e-08
8.872191384300111744e-09
-9.518687956809089108e-09
-3.448968604998062063e-08
-6.146550548870016572e-08
-1.045407186652144852e-07
-1.969856298903378958e-07
-3.155541373412673660e-07
-3.653122639190039970e-07
-4.010200749760158727e-07
-4.704532921337416960e-07
-4.591746911168147088e-07
-3.336894046831645512e-07
-2.239021937983151069e-07
-9.415035779364147346e-08
6.765196353268247759e-08
2.200768910374828698e-07
3.475175468943976230e-07
5.032687575950702620e-07
6.831901929273868073e-07
8.313233467857664950e-07
9.113605875272692627e-07
9.249525824480755354e-07
8.869033063623450868e-07
8.077783837341354810e-07
6.961556603051818294e-07
5.656838245623982407e-07
4.343475610097860513e-07
3.176232948812206189e-07
2.235980489133203464e-07
1.530766843150501791e-07
1.024937513608789310e-07
6.693324386999615860e-08
4.204663423529353864e-08
2.477891432586460488e-08
1.325517554986264247e-08
6.264287652923779643e-09
2.704527642705949526e-09
0.000000000000000000e+00
0.000000000000000000e+00
0.000000000000000000e+00
-5.012490401972005456e-12
8.214359010612164203e-12
4.580837734485041620e-11
1.106002382241905091e-10
2.026241847277916103e-10
3.201483389382123790e-10
4.612403478315467061e-10
6.258033268175438750e-10
8.179848418930281170e-10
1.048906079254482340e-09
1.339855070932248808e-09
1.726564531089487028e-09
2.266195931011550234e-09
3.050810322927593102e-09
4.235434822564039548e-09
6.090863492634458821e-09
9.050120667348878751e-09
1.350541282190418936e-08
1.871865015427795037e-08
2.052738778567095239e-08
1.043664066880405353e-08
-1.731537327407124425e-08
-5.681119610168592274e-08
-1.018890521395776063e-07
-1.619403449159836626e-07
-2.552403053581653894e-07
-3.419590256387349820e-07
-3.846993092156136447e-07
-4.570685722252073836e-07
-5.938410765597527909e-07
-6.755945183666089431e-07
-6.422237200826470536e-07
-5.106919186159404935e-07
-2.875723688791210309e-07
5.575120716790558474e-08
3.954698867792861837e-07
6.435132641610085801e-07
9.094010779608122556e-07
1.155838698761319772e-06
1.286568131934679478e-06
1.292516951311572269e-06
1.221148637860153890e-06
1.109018296824163243e-06
9.683523310149265180e-07
8.058650260073837567e-07
6.356637506645067836e-07
4.761495440151247516e-07
3.413302135082975150e-07
2.366151872695765155e-07
1.601536972692636530e-07
1.063860273524006751e-07
6.912254427104780667e-08
4.329163214545562441e-08
2.546684160514207378e-08
1.360168558847157454e-08
6.411775153363668817e-09
2.757029173766003367e-09
0.000000000000000000e+00
0.000000000000000000e+00
0.000000000000000000e+00
-5.073857882178648107e-12
8.538487541972061603e-12
4.714857252717059539e-11
1.137477932784300868e-10
2.085330996273721515e-10
3.299754072620807247e-10
4.764407269831575408e-10
6.483003010280879120e-10
8.504359475747361844e-10
1.095114994682154584e-09
1.405489068815962986e-09
1.820657665340654522e-09
2.404686245382161598e-09
3.265023474243529922e-09
4.591976676854807222e-09
6.736046729324284667e-09
1.029185169626417887e-08
1.587532735482509920e-08
2.271601035818385586e-08
2.540916189801717172e-08
1.177489307972756531e-08
-2.813501892526291767e-08
-8.860655334546020416e-08
-1.604230153064905949e-07
-2.323348933676989392e-07
-2.958922691618601181e-07
-3.571033216908065259e-07
-4.320849018151480123e-07
-5.334465282620099030e-07
-7.039487915095377603e-07
-9.060360377360322998e-07
-1.052119336940971125e-06
-1.006498233284671325e-06
-6.664714734335269816e-07
3.474565703449275533e-08
7.736563238841016069e-07
1.232966380667206271e-06
1.628682615435372718e-06
1.881317413109999775e-06
1.884243366162419703e-06
1.728506229561772675e-06
1.528957278657372027e-06
1.326553511034911265e-06
1.118624183742465380e-06
9.040886631620958598e-07
6.956852720171859870e-07
5.106261172480396326e-07
3.602564521782282972e-07
2.467567795751615594e-07
1.655986548058713166e-07
1.093869108076677956e-07
7.083915657696623291e-08
4.429301104261263790e-08
2.603508443838488781e-08
1.389446883049955449e-08
6.538656490649008926e-09
2.803011470771559701e-09
0.000000000000000000e+00
0.000000000000000000e+00
0.000000000000000000e+00
-5.128511127182598611e-12
8.819720352172063304e-12
4.831793187334361945e-11
1.165004113390293539e-10
2.137101616734978093e-10
3.386003585628260050e-10
4.898024629014471536e-10
6.680964774854675458e-10
8.789884523329807203e-10
1.135687118898776132e-09
1.462824457550526854e-09
1.902152445173176182e-09
2.523351409305355903e-09
3.447084858678503894e-09
4.895564494471167577e-09
7.294100634857187996e-09
1.139281286371732692e-08
1.803222088331981845e-08
2.647397531637820236e-08
3.026815076109580838e-08
1.326691985077342450e-08
-4.069775664467989944e-08
-1.282257429693003433e-07
-2.403390909378701117e-07
-3.411507783781058436e-07
-3.772615169030396374e-07
-4.126707777101319502e-07
-5.213870382700848074e-07
-6.571859194289908376e-07
-8.466945677327852129e-07
-1.198758326997831584e-06
-1.619060378041779200e-06
-1.796797080243698888e-06
-1.232000256631291852e-06
1.331354574967652599e-07
1.513553789555647450e-06
2.317511918798318892e-06
2.762806449411083338e-06
2.836636672810681806e-06
2.539014210155318573e-06
2.144437340699535384e-06
1.802802847558130736e-06
1.513225751142992817e-06
1.242588599609963472e-06
9.813765919246674731e-07
7.405477841122950279e-07
5.351831352462952595e-07
3.731707387029187908e-07
2.534702397865354447e-07
1.691649500300979628e-07
1.113910923731950776e-07
7.203819411116041042e-08
4.503258182998640167e-08
2.647584813283297353e-08
1.413001562061330097e-08
6.643158692091334064e-09
2.841500336056582305e-09
0.000000000000000000e+00
0.000000000000000000e+00
0.000000000000000000e+00
-5.175519549087098239e-12
9.056555389671733312e-12
4.930726424140798905e-11
1.188336518175943769e-10
2.181051095434590818e-10
3.459325265926966084e-10
5.011748266896561168e-10
6.849559188089514274e-10
9.032925448508193774e-10
1.170132765815354187e-09
1.511217876373115912e-09
1.970243507426438594e-09
2.621128362332474130e-09
3.595114430398285492e-09
5.141333628660611272e-09
7.749964724500097369e-09
1.230555972958401840e-08
1.984089517228692671e-08
2.969239018365515670e-08
3.475584876953635594e-08
1.531430043048803490e-08
-5.299870430358202989e-08
-1.713620685248170659e-07
-3.390241872192367128e-07
-5.223382208734796509e-07
-6.001391309940145974e-07
-5.969068843954537845e-07
-7.028815641376951718e-07
-8.918939027881200001e-07
-1.119438696334442494e-06
-1.691588414913423323e-06
-2.643770383944874387e-06
-3.023003926344453735e-06
-1.601464553480477421e-06
5.601909910659787683e-07
2.461010044591457524e-06
3.894553753248014005e-06
4.134446803920709796e-06
3.759150233669169726e-06
3.052128665008323874e-06
2.440569560663036309e-06
1.998297034670850128e-06
1.645613089848456292e-06
1.326788521019545834e-06
1.030186369605506055e-06
7.664994529754182724e-07
5.480619959794445086e-07
3.793213083330287028e-07
2.564257664090558949e-07
1.707205261970962934e-07
1.123436598963649903e-07
7.270160881233227609e-08
4.550473847052652297e-08
2.678819707492628589e-08
1.430780285665041863e-08
6.724857047506908001e-09
2.871954999702777602e-09
0.000000000000000000e+00
0.000000000000000000e+00
0.000000000000000000e+00
-5.214093565865085122e-12
9.247682831574738113e-12
5.010864213555884990e-11
1.207264761646264299e-10
2.216747615259042410e-10
3.518942900773097418e-10
5.104296687411200736e-10
6.986808130784368155e-10
9.230630520837323337e-10
1.198076054535807919e-09
1.550239664263340938e-09
2.024561408402888525e-09
2.697902242256785295e-09
3.709363649024261497e-09
5.329276000474904648e-09
8.100155358047953311e-09
1.301231450366118442e-08
2.123947650674765354e-08
3.219725049671366023e-08
3.855944986071992988e-08
1.813544629417748055e-08
-6.294910733293266037e-08
-2.137807077569577394e-07
-4.430284318867489888e-07
-7.780414686401501019e-07
-1.071958809761782938e-06
-1.116007933684368811e-06
-1.152637123454890226e-06
-1.402222124617892212e-06
-1.803847023587705337e-06
-2.874447816216733052e-06
-4.953763364617792364e-06
-4.569288993910360322e-06
-1.269459978753998408e-06
1.046258125215915555e-06
3.215284532754086068e-06
5.346475160494586847e-06
5.012368910570272290e-06
4.138120496675574049e-06
3.205930501504367124e-06
2.551303100370027459e-06
2.090532446582972012e-06
1.709925244243881133e-06
1.363232824618781694e-06
1.046491666133437445e-06
7.718152887140986887e-07
5.486536106139966063e-07
3.784861443876895059e-07
2.555676730238548640e-07
1.702456076728138128e-07
1.122485481641856798e-07
7.283535332328525188e-08
4.571746864302589767e-08
2.697686959125590890e-08
1.443032299118425106e-08
6.784426577630571303e-09
2.894351241300477830e-09
0.000000000000000000e+00
0.000000000000000000e+00
0.000000000000000000e+00
-5.243592548299956972e-12
9.392015689261673506e-12
5.071554300756500565e-11
1.221616084208704963e-10
2.243837187248746485e-10
3.564222317215509382e-10
5.174629685638384589e-10
7.091127174540278891e-10
9.380779646057742645e-10
1.219243342883648612e-09
1.579634380641420997e-09
2.065062424599178311e-09
2.754244039888950588e-09
3.791643672055602925e-09
5.463091076000203153e-09
8.350690105083412262e-09
1.352403686875867640e-08
2.226088759363280753e-08
3.407410815851559129e-08
4.176126378979800489e-08
2.204897962287570090e-08
-6.811904588897238784e-08
-2.534213858959274446e-07
-5.391210934232632311e-07
-1.035882813243844608e-06
-1.841156250962265592e-06
-2.419135077515780733e-06
-2.555856908018251361e-06
-2.782574946420671935e-06
-3.721473358778610886e-06
-6.963364449374124504e-06
-8.034749726699835228e-06
-5.038459927561675303e-06
-4.651031451934308549e-07
1.043755980402803182e-06
3.110689972913195718e-06
5.741158341042485217e-06
4.571521614899570200e-06
3.644047747799039905e-06
2.972141886817903057e-06
2.488429028862713668e-06
2.080687758226126561e-06
1.704690114553961549e-06
1.350451145220092773e-06
1.030360357620782606e-06
7.570063521908124642e-07
5.374496700568391987e-07
3.710034665598539438e-07
2.510714776078806014e-07
1.678413089072305526e-07
1.111546444069355894e-07
7.247099594887552614e-08
4.568795935852844189e-08
2.705218404299535474e-08
1.450191290022691892e-08
6.823540395451411066e-09
2.909112827334456891e-09
0.000000000000000000e+00
0.000000000000000000e+00
0.000000000000000000e+00
-5.263530633991390096e-12
9.488714453034625582e-12
5.112296921936145002e-11
1.231258259613634534e-10
2.262049380656002811e-10
3.594680284457635215e-10
5.221959292468861540e-10
7.161329904228691728e-10
9.481753660743563020e-10
1.233448423332663444e-09
1.599271658835526103e-09
2.091891194818544645e-09
2.791056477229356999e-09
3.844496052402194219e-09
5.548269186982499121e-09
8.512530976613310391e-09
1.386851127619900751e-08
2.300760686822321360e-08
3.570689706211397188e-08
4.539725835745861307e-08
2.898571528847397520e-08
-6.383025704096514940e-08
-2.818106672296027240e-07
-6.282624058512290207e-07
-1.209098595716197783e-06
-2.526716820250809329e-06
-5.098147614242792334e-06
-7.100289186340001533e-06
-7.770708779645213546e-06
-1.117379581972319656e-05
-1.376815207320467011e-05
-1.130545316731965632e-05
-4.004847764403534344e-06
-4.360380078572516078e-07
-2.249189834168284025e-07
1.739215820163875898e-06
4.993710031798540106e-06
3.201217930711437772e-06
2.747800948281547213e-06
2.578124936360929810e-06
2.317713539984892581e-06
1.991528664615123920e-06
1.636816430744165490e-06
1.293515921301735614e-06
9.852173720287265134e-07
7.245335012090213520e-07
5.158588300735844579e-07
3.576327855591721862e-07
2.433237881753887208e-07
1.636894595151626343e-07
1.091558871681501900e-07
7.165459006014744933e-08
4.544261096489393575e-08
2.702683427454350957e-08
1.452859649294516451e-08
6.844210878441457388e-09
2.917055498060352111e-09
0.000000000000000000e+00
0.000000000000000000e+00
0.000000000000000000e+00
-5.273584236604932269e-12
9.537193533204166028e-12
5.132747679136238243e-11
1.236100024866243974e-10
2.271196367485091284e-10
3.609978578160784442e-10
5.245727911891178315e-10
7.196565945220187544e-10
9.532371505471626352e-10
1.240552134139024220e-09
1.609048846555306414e-09
2.105149792057550159e-09
2.809044373977668662e-09
3.870006643518929602e-09
5.589534424442286702e-09
8.595506593040723929e-09
1.407249187077393202e-08
2.358274136038573856e-08
3.756873273156494378e-08
5.168368093677113024e-08
4.622638396454973535e-08
-3.569164187448538529e-08
-2.672103258408264552e-07
-6.380385433869996358e-07
-1.248456527522613345e-06
-2.539967509027443883e-06
-5.721433640152923358e-06
-1.256320693986774642e-05
-2.076268495744353930e-05
-2.362088556786175197e-05
-1.982859072965158679e-05
-1.151358206262045642e-05
-2.888230746572492710e-06
-1.899455156746677060e-06
-3.262638081400115784e-06
-4.607508469514734776e-07
4.279584163891194609e-06
2.919020804333593762e-06
2.355969448698565120e-06
2.246749214707922217e-06
2.118582306703119836e-06
1.848431181943639051e-06
1.520914707018157640e-06
1.201584014984182080e-06
9.175411976485133559e-07
6.781055031340811543e-07
4.859853433819823923e-07
3.394376837952412104e-07
2.328480001346799012e-07
1.580412722427697140e-07
1.063692798521384357e-07
7.044565879581389507e-08
4.501021344078534041e-08
2.691514570855322117e-08
1.451605759485519558e-08
6.848454419136779237e-09
2.919019618573351754e-09
0.000000000000000000e+00
0.000000000000000000e+00
