0.000000000000000000e+00
-1.630896791386854420e-11
-3.346539728948213115e-11
-5.087606357115910603e-11
-6.818415586335018837e-11
-8.497600835563076523e-11
-1.004948236341864823e-10
-1.135052991061470842e-10
-1.224057606083039975e-10
-1.255940585525059643e-10
-1.219777531387555834e-10
-1.114301679653057090e-10
-9.498924678326920375e-11
-7.469439188858795277e-11
-5.311313643155934350e-11
-3.273980183587977669e-11
-1.548360316129647138e-11
-2.396383388141214689e-12
6.328582437615135093e-12
1.115754394888454936e-11
1.293240255224770172e-11
1.260439082548605691e-11
1.104379536571781781e-11
8.938931961041771539e-12
6.767964927959187132e-12
4.816033737654182916e-12
3.212023424633523686e-12
1.966961781694451605e-12
1.004195274468378736e-12
1.777625359883580182e-13
-7.206148671530384446e-13
-1.963112503724800288e-12
-3.891371030703070640e-12
-6.919478641302514074e-12
-1.152519016287072533e-11
-1.821730777992157962e-11
-2.746537946007259440e-11
-3.957992093401668809e-11
-5.454091971295629557e-11
-7.179281586725032203e-11
-9.005539714424359612e-11
-1.072342245533317269e-10
-1.205329385264477005e-10
-1.268477443869351057e-10
-1.234430801300276320e-10
-1.087765027845767995e-10
-8.321169586405753159e-11
-4.931137581745765476e-11
-1.149897048404290657e-11
2.489159243051942882e-11
5.489524149876211968e-11
7.508482051180154234e-11
8.422943909881300116e-11
8.325463200102418711e-11
7.458977353156165743e-11
6.119536831703343022e-11
4.564262371118391745e-11
2.959236993204422669e-11
0.000000000000000000e+00
0.000000000000000000e+00
0.000000000000000000e+00
-1.636225321730860317e-11
-3.356237788473258952e-11
-5.101206068600558132e-11
-6.836608796450413785e-11
-8.522707158909843361e-11
-1.008546867074502998e-10
-1.140232568169742926e-10
-1.231262333915196370e-10
-1.265376026638399537e-10
-1.231245774802598062e-10
-1.127142817729790863e-10
-9.630800368853094300e-11
-7.593142619650828235e-11
-5.416628450380281047e-11
-3.354346680097640191e-11
-1.601826057850077211e-11
-2.684182930146124095e-12
6.237679807095252391e-12
1.120245289576067497e-11
1.305490879336809183e-11
1.275773670534843860e-11
1.119579648756165687e-11
9.071115389357705876e-12
6.872604879531253396e-12
4.892606856222300853e-12
3.263975921067241331e-12
1.999109306787972496e-12
1.020742030835050290e-12
1.807908697948868119e-13
-7.323795039085216637e-13
-1.995419770356580298e-12
-3.955487126134067949e-12
-7.033001739390561896e-12
-1.171224363761028065e-11
-1.850747935756613366e-11
-2.789055946961389175e-11
-4.016808530236925698e-11
-5.530625728907697208e-11
-7.272273520953210387e-11
-9.109688286938323555e-11
-1.082843358479566380e-10
-1.214398625162777812e-10
-1.274280836962739085e-10
-1.235166522404966206e-10
-1.082122981610061589e-10
-8.197089809580350650e-11
-4.747033295906582704e-11
-9.240211533147590432e-12
2.731989896024165652e-11
5.723768573781204722e-11
7.713438930963592395e-11
8.586278522292501984e-11
8.443967882446384404e-11
7.536957552918485563e-11
6.165873853879821093e-11
4.589238601991732353e-11
2.971820815542806560e-11
0.000000000000000000e+00
0.000000000000000000e+00
0.000000000000000000e+00
-1.646898810912032844e-11
-3.375663184576055797e-11
-5.128447770697898693e-11
-6.873060631547291337e-11
-8.573043101860874057e-11
-1.015770285488296737e-10
-1.150646070595353341e-10
-1.245774688137635459e-10
-1.284420630263350847e-10
-1.254443105497983139e-10
-1.153174348324399052e-10
-9.898735493514634228e-11
-7.845043634052129799e-11
-5.631588283195986189e-11
-3.518809659088054371e-11
-1.711600051500203482e-11
-3.278433465419667032e-12
6.046129150641870467e-12
1.128944805583056694e-11
1.330166584286552747e-11
1.306858843459872828e-11
1.150473634607309052e-11
9.340154607010080002e-12
7.085776993516800706e-12
5.048724083705167026e-12
3.369980791971324190e-12
2.064748429355576022e-12
1.054546175110284015e-12
1.869952357849573102e-13
-7.563798569084838030e-13
-2.061366509821749661e-12
-4.086360950959641098e-12
-7.264637005963320243e-12
-1.209372194439465441e-11
-1.909899368920771124e-11
-2.875690074537276660e-11
-4.136581837674378943e-11
-5.686347823875519140e-11
-7.461256854563583324e-11
-9.320981422390258240e-11
-1.104092288929865818e-10
-1.232667504364812138e-10
-1.285841712273103640e-10
-1.236377873196106409e-10
-1.070365185567665777e-10
-7.942504878066678781e-11
-4.371507198454452182e-11
-4.649847017938549267e-12
3.224103560042811766e-11
6.197386485903818271e-11
8.127025982090008393e-11
8.915318951518384992e-11
8.682352768198941645e-11
7.693629880638479122e-11
6.258873181255912065e-11
4.639322125881147444e-11
2.997038810013948535e-11
0.000000000000000000e+00
0.000000000000000000e+00
0.000000000000000000e+00
-1.662949575583449881e-11
-3.404873311452415118e-11
-5.169413960663952338e-11
-6.927898370319619704e-11
-8.648849397838044546e-11
-1.026669943826767339e-10
-1.166401191706267792e-10
-1.267799839453195789e-10
-1.313422638821333774e-10
-1.289894920329113221e-10
-1.193102857043972336e-10
-1.031122930682417466e-10
-8.234307617422640475e-11
-5.965056583173613397e-11
-3.775030367265161537e-11
-1.883539935239418858e-11
-4.217698646843879973e-12
5.733690085731105388e-12
1.141256829769087558e-11
1.367613495442327546e-11
1.354538017867526755e-11
1.198064828289895493e-11
9.755540940029061492e-12
7.415343749449318169e-12
5.290283781747553090e-12
3.534100527678250029e-12
2.166434528270327089e-12
1.106956848135423989e-12
1.966474664538578205e-13
-7.935480864540946308e-13
-2.163541522556236607e-12
-4.289103958858106158e-12
-7.623394139638843756e-12
-1.268439234443337092e-11
-2.001449083434279251e-11
-3.009688594173880373e-11
-4.321661543210480359e-11
-5.926648570965044779e-11
-7.752313974370220775e-11
-9.645475270165436838e-11
-1.136583804080097519e-10
-1.260389946044907051e-10
-1.303051237529398562e-10
-1.237517976441497729e-10
-1.051510904931356024e-10
-7.544212630679043192e-11
-3.789604607896043659e-11
2.420339355226715378e-12
3.978577174624930725e-11
6.920736188687449671e-11
8.756637620642309275e-11
9.414824398603959545e-11
9.043371097899250248e-11
7.930415601630380270e-11
6.399182435798941921e-11
4.714773053094098017e-11
3.034990551775092527e-11
0.000000000000000000e+00
0.000000000000000000e+00
0.000000000000000000e+00
-1.684424744271633663e-11
-3.443951375018391024e-11
-5.224223261965496965e-11
-7.001304097178723785e-11
-8.750472525462337151e-11
-1.041320857947115133e-10
-1.187656928564027469e-10
-1.297643900488529644e-10
-1.352906302555578322e-10
-1.338398494912367520e-10
-1.248008455130800373e-10
-1.088136332857243463e-10
-8.775132712085204810e-11
-6.430848453753648322e-11
-4.135022066776658692e-11
-2.126888440231544359e-11
-5.563288322184175876e-12
5.267777854043846875e-12
1.156176154487104146e-11
1.418322841284767782e-11
1.420099458111889074e-11
1.263904969745993370e-11
1.033202056690964911e-11
7.873550868633109853e-12
5.626500731434556722e-12
3.762686449682159046e-12
2.308121259031590076e-12
1.180011509460246153e-12
2.101353104909209398e-13
-8.452971578626103309e-13
-2.305897430472577483e-12
-4.571651541747408354e-12
-8.123362592913614090e-12
-1.350733483417400402e-11
-2.128930433925318452e-11
-3.196116842969883533e-11
-4.578820737430047756e-11
-6.259899425572846651e-11
-8.154849670714435273e-11
-1.009246440103462373e-10
-1.181065877499465461e-10
-1.297929924162070859e-10
-1.325702471908795079e-10
-1.237697882150252738e-10
-1.024003697548751296e-10
-6.981514350373848370e-11
-2.978083024407044522e-11
1.219903735343923177e-11
5.015458318608921192e-11
7.909604982758355678e-11
9.613483818384370509e-11
1.009197458800342487e-10
9.531157577752396803e-11
8.249439823554966700e-11
6.587765574398421448e-11
4.815976485390052164e-11
3.085822590280359694e-11
0.000000000000000000e+00
0.000000000000000000e+00
0.000000000000000000e+00
-1.711384654202515682e-11
-3.493002971016566540e-11
-5.293024362614223234e-11
-7.093504227261999895e-11
-8.878347242850976584e-11
-1.059818990268235249e-10
-1.214620432915329146e-10
-1.335711737278772270e-10
-1.403573824129272384e-10
-1.401033728339888980e-10
-1.319369147086780210e-10
-1.162720888300614432e-10
-9.487308535095256647e-11
-7.048383297766062510e-11
-4.615810797493678162e-11
-2.454856519401810843e-11
-7.403719540455697695e-12
4.600578309854386814e-12
1.172142978481661271e-11
1.482892614497632949e-11
1.505303770995307145e-11
1.350152386196292291e-11
1.109024538513997504e-11
8.477604079249892504e-12
6.070333961175506034e-12
4.064675077011472208e-12
2.495396401261039663e-12
1.276621099799724241e-12
2.280299364004458895e-13
-9.136387102365381880e-13
-2.494053993799088346e-12
-4.945216520072671105e-12
-8.784400400378824324e-12
-1.459508213776271554e-11
-2.297322492077737762e-11
-3.442102941355056468e-11
-4.917568354745754686e-11
-6.697809247243290558e-11
-8.681938102519353215e-11
-1.067473462950206597e-10
-1.238545211413254198e-10
-1.345737852248037937e-10
-1.353432917731704631e-10
-1.235598205235837795e-10
-9.856030822545445123e-11
-6.225091719406298009e-11
-1.904407407422072476e-11
2.500320886400913104e-11
6.362288118766410517e-11
9.185507175566426798e-11
1.071272857764173905e-10
1.095641588360705459e-10
1.015123236925722936e-10
8.653522476312310129e-11
6.825893596357467366e-11
4.943436360551763341e-11
3.149725067753081532e-11
0.000000000000000000e+00
0.000000000000000000e+00
0.000000000000000000e+00
-1.743900735024842935e-11
-3.552151590796278625e-11
-5.375988076881796570e-11
-7.204755756223696729e-11
-9.032973453795200135e-11
-1.082277727619485587e-10
-1.247542655249009855e-10
-1.382503691629050150e-10
-1.466307407369868315e-10
-1.479176985021257678e-10
-1.409093424150187723e-10
-1.257238419222961924e-10
-1.039699262108720420e-10
-7.843604354946440207e-11
-5.240377604265279604e-11
-2.885463905601440134e-11
-9.861213479845871748e-12
3.664798221613222154e-12
1.186824666919528281e-11
1.561965723131423001e-11
1.612418998899725080e-11
1.459652772413032107e-11
1.205768357606055502e-11
9.250494223842293395e-12
6.639165832067639449e-12
4.452104824700813398e-12
2.735818301260960686e-12
1.400736020472341770e-12
2.511176678043717196e-13
-1.001279793179292262e-12
-2.735599692984722023e-12
-5.424937858990583745e-12
-9.633261084220497778e-12
-1.599135419699444663e-11
-2.513303059987865601e-11
-3.757187062330862475e-11
-5.350592683903394766e-11
-7.255927149592673216e-11
-9.350806015878100222e-11
-1.140890292469624674e-10
-1.310292075918825473e-10
-1.404313241432953556e-10
-1.385639091382467851e-10
-1.229340835617500578e-10
-9.332298659029133513e-11
-5.235426719451306546e-11
-5.253565237004013010e-12
4.124874901649802173e-11
8.054804995866154012e-11
1.077607792274433020e-10
1.207366840454118149e-10
1.202031770458875612e-10
1.091050335849915066e-10
9.146164843983616045e-11
7.115131628157829525e-11
5.097767118228772483e-11
3.226927202924249086e-11
0.000000000000000000e+00
0.000000000000000000e+00
0.000000000000000000e+00
-1.782052898457301496e-11
-3.621533114602294792e-11
-5.473297657900465089e-11
-7.335329434276556322e-11
-9.214887577359170665e-11
-1.108823433973805111e-10
-1.286712657514206718e-10
-1.438610909321068743e-10
-1.542170921105165643e-10
-1.574517554677335893e-10
-1.519561080597231770e-10
-1.374677218173014531e-10
-1.153773225468615221e-10
-8.850210168229852843e-11
-6.038939544657612753e-11
-3.442697308362365114e-11
-1.310076026887915323e-11
2.367656404160658677e-12
1.196800955812780698e-11
1.656134192394627902e-11
1.744261867084429659e-11
1.596045848700809973e-11
1.326984463152984108e-11
1.022210328626305087e-11
7.355665472381062687e-12
4.940713606140555401e-12
3.039287567892906062e-12
1.557543057376672291e-12
2.804431936482680841e-13
-1.111754226761586127e-12
-3.040465321782489152e-12
-6.030633419161908356e-12
-1.070495386675490615e-11
-1.775330861130189191e-11
-2.785589148849741181e-11
-4.153794472281510067e-11
-5.894360601018510680e-11
-7.954316822947663686e-11
-1.018346961462276659e-10
-1.231584401628760975e-10
-1.397841690415421772e-10
-1.474147686198660651e-10
-1.421354466558695507e-10
-1.216310732943523922e-10
-8.627556191540940411e-11
-3.960689746982932564e-11
1.214806724444640507e-11
6.146422589125238425e-11
1.013783352186102309e-10
1.271555890346820902e-10
1.371994499443379125e-10
1.329843472688889114e-10
1.181726407717938294e-10
9.731530438560198769e-11
7.457321955355506690e-11
5.279683087833150366e-11
3.317691636972167316e-11
0.000000000000000000e+00
0.000000000000000000e+00
0.000000000000000000e+00
-1.825926458503321909e-11
-3.701289368640216849e-11
-5.585137524729742357e-11
-7.485490130322214070e-11
-9.424628683127825770e-11
-1.139590063151521376e-10
-1.332450452991017704e-10
-1.504708898821691897e-10
-1.632410540933837775e-10
-1.689076051797645146e-10
-1.653672127031985298e-10
-1.518741205931360248e-10
-1.295176698248287321e-10
-1.011125770768936321e-10
-7.050647527495867246e-11
-4.158069906467213043e-11
-1.734250299945433765e-11
5.825505104858277996e-13
1.197117924764510632e-11
1.765793656888164452e-11
1.904242245384870393e-11
1.763901673892737268e-11
1.477187510661318405e-11
1.143064557208692337e-11
8.248913040844372373e-12
5.550724244074856027e-12
3.418538774703375165e-12
1.753721627859341287e-12
3.173640984204688498e-13
-1.249590004058687822e-12
-3.421411838360845318e-12
-6.787800651670541520e-12
-1.204454435860296188e-11
-1.995450215834735974e-11
-3.125385785873224628e-11
-4.647860124381804247e-11
-6.569906228908988341e-11
-8.818435639084584462e-11
-1.120754703544474850e-10
-1.342119977133277609e-10
-1.502987862849064365e-10
-1.555639506419068856e-10
-1.459078528478282726e-10
-1.192913979743458738e-10
-7.687234551900741043e-11
-2.333997797639109617e-11
3.386660602008169692e-11
8.630795527795127079e-11
1.266636195769178489e-10
1.504536956431879872e-10
1.567978427485263852e-10
1.480816903548535039e-10
1.288118398274427003e-10
1.041441873673610772e-10
7.854562490354903851e-11
5.489985486366405209e-11
3.422307642072507927e-11
0.000000000000000000e+00
0.000000000000000000e+00
0.000000000000000000e+00
-1.875608613032186366e-11
-3.791560839241604112e-11
-5.711680605583446856e-11
-7.655474727423430011e-11
-9.662699774092237178e-11
-1.174712828351602294e-10
-1.385098224967944225e-10
-1.581548882335471004e-10
-1.738453570798710617e-10
-1.825223822781912302e-10
-1.814903459184353300e-10
-1.693957879412553159e-10
-1.469165494698544464e-10
-1.168121386796544641e-10
-8.325804479757510799e-11
-5.072695728572716678e-11
-2.287848010254276706e-11
-1.862394010804742608e-12
1.180661361706516818e-11
1.890925167688892932e-11
2.096405848632398845e-11
1.968891001189476952e-11
1.662060552129754245e-11
1.292453889878391399e-11
9.355881342580935788e-12
6.307901037849567016e-12
3.889818866439351367e-12
1.997808377173900340e-12
3.636357537789849518e-13
-1.420537635365012682e-12
-3.894701669700053192e-12
-7.728975378470228865e-12
-1.370956286524327951e-11
-2.268880263670135906e-11
-3.546974060538349198e-11
-5.259643075960256596e-11
-7.403853482697136560e-11
-9.880261380527789110e-11
-1.245727218221422325e-10
-1.475596004942018817e-10
-1.627762335896806402e-10
-1.648967576746473986e-10
-1.496539883494036723e-10
-1.154253394796486010e-10
-6.439832384816897633e-11
-2.699181344543692302e-12
6.078517708195928337e-11
1.165886947438833604e-10
1.570680999108592645e-10
1.781475451832279225e-10
1.798625149133532162e-10
1.656962496871044581e-10
1.411328714854576364e-10
1.120023006113103937e-10
8.309180101606908845e-11
5.729546909030717220e-11
3.541083199084238605e-11
0.000000000000000000e+00
0.000000000000000000e+00
0.000000000000000000e+00
-1.931184524132080059e-11
-3.892478655044688939e-11
-5.853074539194062515e-11
-7.845467974342929054e-11
-9.929524750996590633e-11
-1.214320945053861009e-10
-1.445009782694181031e-10
-1.669946450117781951e-10
-1.861904474535297512e-10
-1.985702113379737114e-10
-2.007372603003534854e-10
-1.905806442425898556e-10
-1.682227400960797877e-10
-1.362855172689077501e-10
-9.928738887333257800e-11
-6.240031251839526426e-11
-3.009514912544037851e-11
-5.199997515007105509e-12
1.137279748137254968e-11
2.030771124729307167e-11
2.325467126242001090e-11
2.217994907552123858e-11
1.888715151357849208e-11
1.476481490423404672e-11
1.072336853378029090e-11
7.244949227582731410e-12
4.473801825434655971e-12
2.300698552763265148e-12
4.215351720554816603e-13
-1.631872540701357237e-12
-4.480997479851025085e-12
-8.895539382524568725e-12
-1.577317849116524293e-11
-2.607550325947311388e-11
-4.068475362537563891e-11
-6.014779655031208283e-11
-8.429729460815136531e-11
-1.117971986499977134e-10
-1.397473787030556289e-10
-1.635709035903815456e-10
-1.774389900086982260e-10
-1.753906544757828411e-10
-1.530369934160004891e-10
-1.093696753264661698e-10
-4.792194480423680538e-11
2.339936981880197948e-11
9.399970517707508635e-11
1.532902503902245965e-10
1.933848435831835214e-10
2.108149346235569072e-10
2.067750911732434398e-10
1.860564787570049077e-10
1.552591478351226264e-10
1.209491968484177067e-10
8.823698189943942014e-11
5.999293200016205355e-11
3.674335960115837075e-11
0.000000000000000000e+00
0.000000000000000000e+00
0.000000000000000000e+00
-1.992733041831030151e-11
-4.004155966009899507e-11
-6.009427016534093753e-11
-8.055576810304898843e-11
-1.022540177526555891e-10
-1.258529492535952743e-10
-1.512538136755758984e-10
-1.770766996930284721e-10
-2.004536971207819903e-10
-2.173639363986979115e-10
-2.235907362857179662e-10
-2.160867306203779498e-10
-1.942325594010007675e-10
-1.603901058250601906e-10
-1.194150799646069996e-10
-7.729487010772603722e-11
-3.950363094722225956e-11
-9.745454867672620298e-12
1.052558573652207516e-11
2.183357564781147868e-11
2.596819587844108589e-11
2.519759332171052260e-11
2.166019113812036311e-11
1.702819260928940817e-11
1.241048176117122366e-11
8.403325071877941562e-12
5.196777692017021960e-12
2.676301254074878834e-12
4.940279833492397109e-13
-1.892779234465268105e-12
-5.206519199503353425e-12
-1.034005677130991298e-11
-1.832830442196431409e-11
-3.026592845859548858e-11
-4.712836252613116987e-11
-6.945636026203252064e-11
-9.689639642016324811e-11
-1.276647747610722134e-10
-1.581139491920515463e-10
-1.826815850400698309e-10
-1.945204258199833113e-10
-1.869558109581341518e-10
-1.555654932960811463e-10
-1.002304582942342107e-10
-2.623439392934958577e-11
5.632412279358023281e-11
1.348618495960453738e-10
1.976002717306189885e-10
2.365521390917552684e-10
2.491265447815045444e-10
2.379706099481363797e-10
2.094183641376653928e-10
1.713266641480689013e-10
1.310493908666200147e-10
9.400797885533140685e-11
6.300182606110382828e-11
3.822383124316795810e-11
0.000000000000000000e+00
0.000000000000000000e+00
0.000000000000000000e+00
-2.060322123283482800e-11
-4.126678865680599940e-11
-6.180790586095304317e-11
-8.285803776173964950e-11
-1.055045396244182885e-10
-1.307430477494843780e-10
-1.588021120314633539e-10
-1.884907414305592651e-10
-2.168280877050745918e-10
-2.392564543470619705e-10
-2.506119512330049618e-10
-2.466993674728849276e-10
-2.259191791977117840e-10
-1.901966440687421480e-10
-1.446865367198700166e-10
-9.631177903133192223e-11
-5.178031009498549782e-11
-1.592564290788642280e-11
9.061075948193309591e-12
2.344794110597178942e-11
2.916503483568462749e-11
2.884599749770195235e-11
2.505005967606866869e-11
1.981096270738883987e-11
1.449179365603174900e-11
9.835545285044941811e-12
6.092174414728018657e-12
3.142382326039623368e-12
5.849901985366710773e-13
-2.214831425169815352e-12
-6.104511622605208260e-12
-1.212925380432468443e-11
-2.149284941764496941e-11
-3.545189305855233350e-11
-5.509088991753856884e-11
-8.093034841414055509e-11
-1.123639111374397837e-10
-1.470217213606370258e-10
-1.802982564221245501e-10
-2.053987354597544126e-10
-2.142502020040706693e-10
-1.993962353883007411e-10
-1.565322430763104718e-10
-8.680740598607203351e-11
2.228142069830770054e-12
9.779632526705720503e-11
1.850304646782970876e-10
2.509434540827577709e-10
2.876714666368050527e-10
2.938536463207979313e-10
2.739396226913420862e-10
2.360651638666180751e-10
1.894831405978261547e-10
1.423716219693300698e-10
1.004327225959013690e-10
6.633182143242914091e-11
3.985530271443914640e-11
0.000000000000000000e+00
0.000000000000000000e+00
0.000000000000000000e+00
-2.134004007350660180e-11
-4.260097020328079025e-11
-6.367147283822892296e-11
-8.536020224186197924e-11
-1.090457857723719264e-10
-1.361083231422753274e-10
-1.671765050882832064e-10
-2.013273544713369500e-10
-2.355202227453696229e-10
-2.646413908842637435e-10
-2.824479747097611077e-10
-2.833505087997020524e-10
-2.644675893451048081e-10
-2.270397157980466350e-10
-1.764329397839150359e-10
-1.206216687298754791e-10
-6.782136913429095012e-11
-2.431924955953577803e-11
6.691661005369436914e-12
2.508252773569003962e-11
3.291099487546819643e-11
3.325159517977781687e-11
2.919382187557841409e-11
2.323386139277097754e-11
1.706133371729750466e-11
1.160812966708229781e-11
7.202512346153677518e-12
3.721657891605717947e-12
6.995087879964588412e-13
-2.612590553504657417e-12
-7.217109323994157812e-12
-1.434782042859579814e-11
-2.541641970750529312e-11
-4.187648674721498421e-11
-6.493956021666195939e-11
-9.508446264129984240e-11
-1.313616508472992560e-10
-1.706316137219951145e-10
-2.070578918470304246e-10
-2.323038630047678454e-10
-2.368300807480143022e-10
-2.123537942087364442e-10
-1.549302112576151144e-10
-6.749420379930531802e-11
3.948360316508901161e-11
1.499740978571502773e-10
2.465326743443170898e-10
3.150192593345729285e-10
3.480267886678848259e-10
3.458756324278030375e-10
3.152297041926198013e-10
2.663066253386306233e-10
2.098868332102330829e-10
1.549879446760416881e-10
1.075397300343994014e-10
6.999241146715098563e-11
4.164059217658416843e-11
0.000000000000000000e+00
0.000000000000000000e+00
0.000000000000000000e+00
-2.213810212518622829e-11
-4.404414184068523103e-11
-6.568393483685762637e-11
-8.805940133002579444e-11
-1.128739615825645379e-10
-1.419504330937257635e-10
-1.764026522523941425e-10
-2.156752985464856461e-10
-2.567475107498928264e-10
-2.939528004595756200e-10
-3.198389931599530373e-10
-3.271401453492111433e-10
-3.113158736631814640e-10
-2.725800850101724292e-10
-2.163490679495939783e-10
-1.517466852329481600e-10
-8.881611010430246055e-11
-3.571180503095904410e-11
3.012512985009232920e-12
2.662483440207103394e-11
3.727499920174915877e-11
3.856721538484774824e-11
3.426149141296692978e-11
2.744814145298703102e-11
2.023761745157675377e-11
1.380535620074508605e-11
8.581931785325591160e-12
4.443230457626122286e-12
8.442987536335237555e-13
-3.104350341366708672e-12
-8.597714307221115681e-12
-1.710326876949269791e-11
-3.028886150367879359e-11
-4.984776610435374956e-11
-7.713879624911284182e-11
-1.125674765503464442e-10
-1.547185060331433308e-10
-1.994386051368559734e-10
-2.393049215225927883e-10
-2.640509611906390889e-10
-2.623950360695823269e-10
-2.252278392057076242e-10
-1.493379255711425533e-10
-4.014729033464898153e-11
8.812999559011381619e-11
2.155553693005620068e-10
3.218356247651903574e-10
3.918440871147671238e-10
4.191046927867358490e-10
4.061869297293365711e-10
3.624460810790211639e-10
3.004775321689103096e-10
2.327049510973234893e-10
1.689726269124768306e-10
1.153574912831261736e-10
7.399262030342024803e-11
4.358214981570688021e-11
0.000000000000000000e+00
0.000000000000000000e+00
0.000000000000000000e+00
-2.299746433872524686e-11
-4.559578792956505505e-11
-6.784325392841126576e-11
-9.095095420556063918e-11
-1.169820126086325584e-10
-1.482657295789573645e-10
-1.864992542319506184e-10
-2.316182974127617974e-10
-2.807343589931356017e-10
-3.276635125140978114e-10
-3.636247191412359429e-10
-3.793594094630653589e-10
-3.682033740814029749e-10
-3.288811870587355099e-10
-2.665924960609501832e-10
-1.916682395487370331e-10
-1.163456392316843849e-10
-5.117127660659354359e-11
-2.545382622372079208e-12
2.789661419456285683e-11
4.232483219746084629e-11
4.497665053040346093e-11
4.046355182403538404e-11
3.264305697267254107e-11
2.416994319641295564e-11
1.653404638377543688e-11
1.029947223166851119e-11
5.344488816935822780e-12
1.028290673355774807e-12
-3.713054653167920068e-12
-1.031402232235496301e-11
-2.053212918744922130e-11
-3.635110171170174471e-11
-5.975601459310116080e-11
-9.227565654831583953e-11
-1.341966212638960451e-10
-1.834714928333196330e-10
-2.346071591088494202e-10
-2.781295364020585721e-10
-3.013553997593695030e-10
-2.909519917319843571e-10
-2.370600860526843913e-10
-1.377629551343140506e-10
-1.913478893520033297e-12
1.515047771211086558e-10
2.979030489412089352e-10
4.139298455712299090e-10
4.837975574858194889e-10
5.026147028018501936e-10
4.759027205639110464e-10
4.162510386277075348e-10
3.389354173471039121e-10
2.581116169087022120e-10
1.844008370074172150e-10
1.239137738649462821e-10
7.834068348547377278e-11
4.568191975484133540e-11
0.000000000000000000e+00
0.000000000000000000e+00
0.000000000000000000e+00
-2.391787422463393033e-11
-4.725474841622404210e-11
-7.014625634812177368e-11
-9.402813715698056711e-11
-1.213591675619735565e-10
-1.550442390451363892e-10
-1.974759377591848151e-10
-2.492313306244253130e-10
-3.077072263757700103e-10
-3.662816912015662612e-10
-4.147492630500689164e-10
-4.415147506517537229e-10
-4.372261189051270245e-10
-3.985023347892918472e-10
-3.299096238725214290e-10
-2.429684390385317007e-10
-1.525158148716131693e-10
-7.215208661291418953e-11
-1.078112781064245292e-11
2.862272447660507652e-11
4.811978547192205841e-11
5.269944894046255884e-11
4.805986536012616554e-11
3.905494161647973164e-11
2.904618427023854905e-11
1.992962646348419281e-11
1.244332304326905210e-11
6.473630609624601953e-12
1.263467367652298170e-12
-4.467409973098544649e-12
-1.245185016640385405e-11
-2.480779942043330532e-11
-4.390877883008180546e-11
-7.209523347796540124e-11
-1.110912454903114527e-10
-1.609997216875226435e-10
-2.189153016456262556e-10
-2.775678626265315901e-10
-3.248218014587940935e-10
-3.449666918828097317e-10
-3.222846737636119896e-10
-2.463700081159899566e-10
-1.174284167682442963e-10
5.099603400361188721e-11
2.338856946928743098e-10
4.011960694901902752e-10
5.264248558911652505e-10
5.936721782063749265e-10
6.005088027034434362e-10
5.562627769463948131e-10
4.773617201608162195e-10
3.820572718569024576e-10
2.862853100816665544e-10
2.013471042089218507e-10
1.332348431104580275e-10
8.304370338232735447e-11
4.794119566812426559e-11
0.000000000000000000e+00
0.000000000000000000e+00
0.000000000000000000e+00
-2.489871937233330622e-11
-4.901913253288819951e-11
-7.258851372226709116e-11
-9.728199593593562512e-11
-1.259905384045243386e-10
-1.622686928157540883e-10
-2.093310659128978531e-10
-2.685764539965368013e-10
-3.378884080794984879e-10
-4.103451328467540238e-10
-4.742635428345465671e-10
-5.153521649313418495e-10
-5.208995243658733996e-10
-4.846113314319939570e-10
-4.097951653708306942e-10
-3.090155302558973965e-10
-2.001364805252308704e-10
-1.006384677958546120e-10
-2.281650987655538471e-11
2.838610909599331602e-11
5.469849296910930679e-11
6.199545105239520663e-11
5.736989493168338795e-11
4.697794086241871552e-11
3.510224448699507959e-11
2.416371135808684948e-11
1.512630156958516462e-11
7.893010705609823510e-12
1.566064286800630853e-12
-5.403194023841706443e-12
-1.511991331058965044e-11
-3.015035966099684903e-11
-5.334910773932390838e-11
-8.748936362214109900e-11
-1.345185897510215225e-10
-1.942654901179658420e-10
-2.626602597149034347e-10
-3.300675265828298672e-10
-3.808859489673504802e-10
-3.956138731121865234e-10
-3.558073132672323584e-10
-2.509197798609687753e-10
-8.448202977151808168e-11
1.236012215301318527e-10
3.407425657918070141e-10
5.306100021592868406e-10
6.636571289167850642e-10
7.247251367554577700e-10
7.149988897553579526e-10
6.486325636518459556e-10
5.465458924048216967e-10
4.302350755884757645e-10
3.174057385173202037e-10
2.198835423036503614e-10
1.433446001882301818e-10
8.810728213349597912e-11
5.036047186988103443e-11
0.000000000000000000e+00
0.000000000000000000e+00
0.000000000000000000e+00
-2.593897865705027345e-11
-5.088623956615764244e-11
-7.516424414733991437e-11
-1.007012029087800488e-10
-1.308568006982102453e-10
-1.699136546160936205e-10
-2.220495484160900937e-10
-2.896982137126124411e-10
-3.714884701004936914e-10
-4.604128066092671122e-10
-5.433240902963800153e-10
-6.028799568730861804e-10
-6.222277774283623391e-10
-5.911190996453496669e-10
-5.106929661068949374e-10
-3.942066281877342430e-10
-2.629631771690494100e-10
-1.393423106034681774e-10
-4.022628768769537711e-11
2.656280466239651491e-11
6.205937898027016587e-11
7.316816120219714942e-11
6.878384310034799024e-11
5.677619374939813399e-11
4.263318316073977350e-11
2.945340559451963167e-11
1.849283240780554671e-11
9.683564402742939094e-12
1.958299485959998063e-12
-6.564712895150761360e-12
-1.845565007453494725e-11
-3.683857339824170741e-11
-6.516119944516579206e-11
-1.067232466188704205e-10
-1.637265837378609373e-10
-2.356010191215233199e-10
-3.166966567256510015e-10
-3.942188096151618534e-10
-4.480369907226428375e-10
-4.539053748683106867e-10
-3.903413293779862856e-10
-2.473789610782476582e-10
-3.360007144301086006e-11
2.225385802438960865e-10
4.790509881104799918e-10
6.925306868368855935e-10
8.308096916328198007e-10
8.807302519717245712e-10
8.485704879926961187e-10
7.545006219037744825e-10
6.246152189834215655e-10
4.838699828350736810e-10
3.516500943527582917e-10
2.400778323902991768e-10
1.542636421931084300e-10
9.353513592917219894e-11
5.293929199240801218e-11
0.000000000000000000e+00
0.000000000000000000e+00
0.000000000000000000e+00
-2.703717614321139769e-11
-5.285248880351592394e-11
-7.786623735853112654e-11
-1.042719688642024162e-10
-1.359339781518075190e-10
-1.779447981311944630e-10
-2.356007470704676109e-10
-3.126187673006290430e-10
-4.086973228361356569e-10
-5.170531646068682732e-10
-6.231869016588842900e-10
-7.063878830861675876e-10
-7.447783891131979152e-10
-7.228384856262933186e-10
-6.382472130171972464e-10
-5.042846101770616301e-10
-3.460230654305118525e-10
-1.919765314190329348e-10
-6.522173808140068928e-11
2.222818558558960567e-11
7.012987250926529706e-11
8.656535044097764455e-11
8.277371976432646355e-11
6.889674311624041147e-11
5.200568259300917886e-11
3.607238569943066899e-11
2.272770597013644295e-11
1.195061895628511703e-11
2.470883808737471896e-12
-8.006263938711605237e-12
-2.263206438277037685e-11
-4.522406245455208887e-11
-7.995953428176966988e-11
-1.307772370456711370e-10
-2.001676730192798607e-10
-2.869926260117461840e-10
-3.834594256082594673e-10
-4.725391014765941417e-10
-5.281615120635160541e-10
-5.201544527979279579e-10
-4.237762668286024445e-10
-2.308465956097765726e-10
4.255092366016459518e-11
3.565616532041944960e-10
6.576802683569375562e-10
8.948035319656975939e-10
1.034041380823380363e-09
1.066027218364646880e-09
1.003990620095016826e-09
8.754711067784729943e-10
7.124155684979299851e-10
5.433650100916241680e-10
3.891886641061557910e-10
2.619909689737652191e-10
1.660082521704882084e-10
9.932869560506688607e-11
5.567609771147326783e-11
0.000000000000000000e+00
0.000000000000000000e+00
0.000000000000000000e+00
-2.819133872493728107e-11
-5.491336068530119336e-11
-8.068580783167072762e-11
-1.079780185449704252e-10
-1.411933550379929843e-10
-1.863183918356145892e-10
-2.499365916935451595e-10
-3.373328803620674183e-10
-4.496740234029472954e-10
-5.808288267869524735e-10
-7.151948088633090935e-10
-8.284597781363989963e-10
-8.927590777595430153e-10
-8.856683564042984419e-10
-7.996140334998651282e-10
-6.467503237161819457e-10
-4.560540622618465791e-10
-2.636331054329706577e-10
-1.009095204165740998e-10
1.402184157185393613e-11
7.871870681887156072e-11
1.025741880675479324e-10
9.990230382249957510e-11
8.388148865844616381e-11
6.367088894398212789e-11
4.436357043745485000e-11
2.806689940956939396e-11
1.483152890293164692e-11
3.146717233098897265e-12
-9.793295146159826840e-12
-2.786533782867084908e-11
-5.574719521787213969e-11
-9.850922522085129377e-11
-1.608621430181157243e-10
-2.456230498266076056e-10
-3.508604936799094902e-10
-4.658796395200397169e-10
-5.679585546823879210e-10
-6.232112981315854866e-10
-5.940842207754142652e-10
-4.525571009944996489e-10
-1.941707500291719654e-10
1.540443429893822564e-10
5.371879987448531643e-10
8.878686464492773205e-10
1.147019545253067611e-09
1.280621984041361902e-09
1.285564164007454918e-09
1.184307271318736058e-09
1.013250235339734145e-09
8.108138901906140263e-10
6.091161014274784657e-10
4.301797830568063622e-10
2.856747833029339443e-10
1.785893308229041033e-10
1.054866997680207099e-10
5.856808031809128450e-11
0.000000000000000000e+00
0.000000000000000000e+00
0.000000000000000000e+00
-2.939895855774447015e-11
-5.706335104681116885e-11
-8.361277907259266385e-11
-1.118006376656366757e-10
-1.466015385169571082e-10
-1.949810501733481118e-10
-2.649900395009707297e-10
-3.638030279852233391e-10
-4.945355275324631286e-10
-6.522774035883332208e-10
-8.207567667353284857e-10
-9.719759369604953669e-10
-1.071092309106257427e-09
-1.086802169855773160e-09
-1.003843760525551600e-09
-8.313960819712195362e-10
-6.020956255962124195e-10
-3.613060694469316721e-10
-1.516570814058171200e-10
-4.692515855115377309e-14
8.744305099766005554e-11
1.216065482463412154e-10
1.208261863226454102e-10
1.023747285383655580e-10
7.817539831499619453e-11
5.475261334353526322e-11
3.481067763594666902e-11
1.850575241167009648e-11
4.046445531559623674e-12
-1.200263961414309777e-11
-3.442250841803727707e-11
-6.895327346965027590e-11
-1.217495076009524788e-10
-1.984466977677510169e-10
-3.022315575479087085e-10
-4.300867364010902510e-10
-5.673954872961110775e-10
-6.837599703293252055e-10
-7.349766540263178098e-10
-6.743397383743188325e-10
-4.709115393594352783e-10
-1.269807680510907471e-10
3.146812632644383244e-10
7.795302987652825833e-10
1.183798613820127896e-09
1.460836388613385497e-09
1.579067041785619542e-09
1.544928225625127492e-09
1.392837414132710726e-09
1.169625327639523389e-09
9.206812264199102672e-10
6.815014883599481654e-10
4.747641485295303328e-10
3.111692691649389688e-10
1.920112858390042060e-10
1.120047879273321564e-10
6.161103825478972247e-11
0.000000000000000000e+00
0.000000000000000000e+00
0.000000000000000000e+00
-3.065696132593715385e-11
-5.929594012969995577e-11
-8.663550158534648118e-11
-1.157187972564012641e-10
-1.521206898051022484e-10
-2.038698086036258837e-10
-2.806740234870486760e-10
-3.919548894253246897e-10
-5.433447708980433744e-10
-7.318884747865311253e-10
-9.413175283770019179e-10
-1.140100707746215190e-09
-1.285480420988201452e-09
-1.334956957279921000e-09
-1.262343132228865965e-09
-1.070991444710082259e-09
-7.962816115833969878e-10
-4.946150627639024328e-10
-2.236087232513772253e-10
-2.287854614287312038e-11
9.561878452544978310e-11
1.440678262711657007e-10
1.462862086182057365e-10
1.251196830459345103e-10
9.616569317041901094e-11
6.776011874079339531e-11
4.333879293210413349e-11
2.320812515379496411e-11
5.256968803302956096e-12
-1.472056244388897243e-11
-4.262743602290784181e-11
-8.550540661591661109e-11
-1.508072470438835224e-10
-2.452609295955283732e-10
-3.724741632898536121e-10
-5.279766701697022280e-10
-6.918708536117318115e-10
-8.233839030990240032e-10
-8.646507620220926192e-10
-7.576931961516851814e-10
-4.696887404030830755e-10
-1.431305014647452227e-11
5.433218291451400895e-10
1.103355586168905759e-09
1.563282946518868825e-09
1.850328341441514220e-09
1.939262866006775611e-09
1.850357358701166414e-09
1.633140142153099654e-09
1.346435112112235977e-09
1.042871504721515711e-09
7.608693184870737869e-10
5.230585367413076676e-10
3.384997489505989107e-10
2.062708991767843015e-10
1.188751023390825140e-10
6.479924401561735247e-11
0.000000000000000000e+00
0.000000000000000000e+00
0.000000000000000000e+00
-3.196168135940040517e-11
-6.160357777559831720e-11
-8.974090605216292512e-11
-1.197093587586163842e-10
-1.577089382819058523e-10
-2.129125744122185218e-10
-2.968810402067922509e-10
-4.216735772776072352e-10
-5.960986378427942122e-10
-8.200771081081565385e-10
-1.078316501514383835e-09
-1.336250091505895540e-09
-1.542451306824797350e-09
-1.640613626432480884e-09
-1.589423400592679382e-09
-1.382156713449322204e-09
-1.054900459428645391e-09
-6.768056783309145989e-10
-3.254145278924833165e-10
-5.868347955175521104e-11
1.020980094411860557e-10
1.702997391702797373e-10
1.770742639901373397e-10
1.529320340530129005e-10
1.183767333167763672e-10
8.400764417581187501e-11
5.412640880490695768e-11
2.924599926739574879e-11
6.904628116765544999e-12
-1.803603883680704690e-11
-5.286083449842705065e-11
-1.061856647302782666e-10
-1.869828459256823828e-10
-3.032419348362681961e-10
-4.590595559090500358e-10
-6.480776923663209006e-10
-8.433271338301995019e-10
-9.899832266734071848e-10
-1.012039151937850383e-09
-8.377641058765854177e-10
-4.346185449089749008e-10
1.653363883276310704e-10
8.656711151912731851e-10
1.534421446438268031e-09
2.048566753556629190e-09
2.332352450358104345e-09
2.372568279526516024e-09
2.208725028931725676e-09
1.908971150506499884e-09
1.545530046710874444e-09
1.178195870227698764e-09
8.475236010055992266e-10
5.751490026512608076e-10
3.676739313777637791e-10
2.213561970633597025e-10
1.260859084221551580e-10
6.812532404165941699e-11
0.000000000000000000e+00
0.000000000000000000e+00
0.000000000000000000e+00
-3.330884455480000577e-11
-6.397768589112534102e-11
-9.291459216147982766e-11
-1.237473602670655362e-10
-1.633209861586256328e-10
-2.220289948031910651e-10
-3.134835218330065971e-10
-4.528009796906317108e-10
-6.527165567511577494e-10
-9.171547737575335202e-10
-1.233135233553911805e-09
-1.564033896641007331e-09
-1.849371290257883433e-09
-2.016252142743140975e-09
-2.002933249794009726e-09
-1.786461855337296278e-09
-1.399805521610161498e-09
-9.261306731232589125e-10
-4.692594713711308687e-10
-1.135529905524360541e-10
1.050335898670878592e-10
2.004849396073077889e-10
2.139594537717853783e-10
1.866298915889745951e-10
1.455873676301535805e-10
1.042071978952946955e-10
6.775683954811936615e-11
3.702046367864462448e-11
9.175860106086561855e-12
-2.202410672331452587e-11
-6.554521687670109844e-11
-1.318666009315357876e-10
-2.316730322569911921e-10
-3.743576752139817199e-10
-5.646096514846751204e-10
-7.937188315454839745e-10
-1.025322118344054585e-09
-1.185530711115040085e-09
-1.174176981701621322e-09
-9.029774455580849149e-10
-3.437086215525045822e-10
4.427641315014715946e-10
1.316659269233582975e-09
2.106139195512112232e-09
2.667240619176039038e-09
2.926908745868540750e-09
2.891874739118530990e-09
2.627487919344971214e-09
2.224214677917614040e-09
1.768721604993320190e-09
1.327392487419800777e-09
9.417086075754879843e-10
6.310836810625016173e-10
3.986789263352231379e-10
2.372453517473069084e-10
1.336212446109588257e-10
7.158015540165077379e-11
0.000000000000000000e+00
0.000000000000000000e+00
0.000000000000000000e+00
-3.469355997286325297e-11
-6.640867890281491167e-11
-9.614095229003704969e-11
-1.278063809204479151e-10
-1.689089031905221144e-10
-2.311317683985039217e-10
-3.303351189753971153e-10
-4.851346069987195111e-10
-7.130306217093627789e-10
-1.023299064705159168e-09
-1.407034039367217642e-09
-1.827167509939765412e-09
-2.214408533724559249e-09
-2.476555058466095188e-09
-2.524962444709369233e-09
-2.311785878144654758e-09
-1.860277653731237815e-09
-1.267752779010062780e-09
-6.723147614926335964e-10
-1.962674549155578058e-10
1.015483385042316054e-10
2.345013054741240961e-10
2.575496237962128322e-10
2.268864250910460403e-10
1.785117849566342573e-10
1.291145466861384675e-10
8.492262174402154454e-11
4.705104511566131501e-11
1.235011071329072830e-11
-2.670929544442981372e-11
-8.109634925178192864e-11
-1.634175978653449345e-10
-2.861624283857049651e-10
-4.601895332441486114e-10
-6.909627135657164400e-10
-9.670303804618031037e-10
-1.239691536447317297e-09
-1.409153161687269213e-09
-1.342972350539891987e-09
-9.333304177833295953e-10
-1.633625511099524379e-10
8.619346721904280909e-10
1.943586636638884581e-09
2.861607511518677009e-09
3.453242434678834874e-09
3.657459692732014161e-09
3.511601080302886249e-09
3.114585555786625854e-09
2.582789189875259345e-09
2.017719818536312138e-09
1.491091961918099607e-09
1.043591972392899921e-09
6.908653487638764714e-10
4.314782962655311201e-10
2.539056479277991011e-10
1.414606133063964944e-10
7.515278312150487451e-11
0.000000000000000000e+00
0.000000000000000000e+00
0.000000000000000000e+00
-3.611032087049930752e-11
-6.888600251015951966e-11
-9.940332795003182456e-11
-1.318589766809013994e-10
-1.744231014132327611e-10
-2.401284059289878365e-10
-3.472729877928729142e-10
-5.184283132752637767e-10
-7.767782490833156950e-10
-1.138524208157177099e-09
-1.601079788471191259e-09
-2.129350058813975360e-09
-2.646427958697628053e-09
-3.038540025416709751e-09
-3.182580437279165441e-09
-2.993959097273161465e-09
-2.475460325314598863e-09
-1.736357217406802854e-09
-9.587809136733420021e-10
-3.194295621209867401e-10
8.729217584540617872e-11
2.717231624386384430e-10
3.080594589909206571e-10
2.739523232825164020e-10
2.175738636287064490e-10
1.594101167705200955e-10
1.063982287693151415e-10
6.000195446544153157e-11
1.685368167585112229e-11
-3.199003202479697796e-11
-9.980561809949259204e-11
-2.014780416300288459e-10
-3.511570098622313871e-10
-5.610582055581470364e-10
-8.377743195692584190e-10
-1.167032765574515052e-09
-1.484179602382779382e-09
-1.654160285767026727e-09
-1.501266939422655792e-09
-8.953041321014453081e-10
1.573942148203593984e-10
1.485410310391684576e-09
2.810232099482449191e-09
3.856039435087579732e-09
4.447897837929207319e-09
4.551157766911080967e-09
4.247593580358261058e-09
3.678280104728693643e-09
2.988523635817080836e-09
2.294058875053597054e-09
1.669778807869750054e-09
1.153246852890841302e-09
7.544439500860331428e-10
4.660092366196127436e-10
2.712925500460054976e-10
1.495787251039272010e-10
7.883036199596497712e-11
0.000000000000000000e+00
0.000000000000000000e+00
0.000000000000000000e+00
-3.755301579513494193e-11
-7.139819060353494612e-11
-1.026841955974043910e-10
-1.358771768712054639e-10
-1.798134693909961035e-10
-2.489234210981545784e-10
-3.641211268726261957e-10
-5.523952010483198998e-10
-8.435984009606827754e-10
-1.262654854280728609e-09
-1.816068727369998520e-09
-2.474109102078744142e-09
-3.154798687763488560e-09
-3.721567322484133452e-09
-4.008540494694669156e-09
-3.878680125203296726e-09
-3.297497826856300793e-09
-2.379720869707412648e-09
-1.362756554627206670e-09
-5.010303992902877188e-10
5.589735187664468001e-11
3.108020199142723504e-10
3.649636894376698466e-10
3.271703962558727761e-10
2.624738391194037530e-10
1.954407446977719949e-10
1.329516307051070178e-10
7.670493176177424009e-11
2.335046063054846805e-11
-3.748742707957845748e-11
-1.215847239305145748e-10
-2.459681669054075671e-10
-4.258257814194082089e-10
-6.743111408695571089e-10
-9.998697751233112388e-10
-1.386114257491219763e-09
-1.748192189835222700e-09
-1.902917801542973914e-09
-1.616349290415067700e-09
-7.338946779587498576e-10
6.954781008705008631e-10
2.401908595017108244e-09
4.002135683721750877e-09
5.159561311382304996e-09
5.700908088567912012e-09
5.638910596501333415e-09
5.116897189380806585e-09
4.326924905819957276e-09
3.445002156668712167e-09
2.599011257606478380e-09
1.863749709292167127e-09
1.270633637601957359e-09
8.217093296099034451e-10
5.021799893539733620e-10
2.893489090020540945e-10
1.579453086494370382e-10
8.259812656834791005e-11
0.000000000000000000e+00
0.000000000000000000e+00
0.000000000000000000e+00
-3.901495019578990674e-11
-7.393293978323177680e-11
-1.059653771247130488e-10
-1.398330270201107699e-10
-1.850306344676676757e-10
-2.574209045013320225e-10
-3.806947471174804165e-10
-5.867129092549136208e-10
-9.130323128530880546e-10
-1.395305925051393307e-09
-2.052450183467960359e-09
-2.864617277695827461e-09
-3.749099609486360057e-09
-4.547154972294611810e-09
-5.041831500838745231e-09
-5.023637976927182772e-09
-4.395495514578460847e-09
-3.263553030647136087e-09
-1.932253959365435923e-09
-7.665714048484581584e-10
-1.582745044775322744e-12
3.495588439706034074e-10
4.265619374974012267e-10
3.841818760565031911e-10
3.113959355262781207e-10
2.366978085649518428e-10
1.651281682462273231e-10
9.816549926293119827e-11
3.289853228671591243e-11
-4.224764033595513166e-11
-1.454392961104712873e-10
-2.950918558280029887e-10
-5.059250047391987513e-10
-7.911111164527076970e-10
-1.162445674750491018e-09
-1.603812225471722029e-09
-2.005470918203475862e-09
-2.118225483955637826e-09
-1.629393329413247748e-09
-3.601752109001369648e-10
1.566407399381417556e-09
3.736724025921597424e-09
5.633242675056392938e-09
6.860280173403797292e-09
7.271136998726241173e-09
6.955191959260117437e-09
6.137360841178579354e-09
5.068651981255212662e-09
3.955376733202127155e-09
2.933491772297527854e-09
2.073069683263967821e-09
1.395581814014825587e-09
8.924844533043156199e-10
5.398676022950690419e-10
3.080043480848948117e-10
1.665249982431844958e-10
8.643939268839673935e-11
0.000000000000000000e+00
0.000000000000000000e+00
0.000000000000000000e+00
-4.048887883481199256e-11
-7.647720045849966366e-11
-1.092282692275870063e-10
-1.436991600761256501e-10
-1.900273108199814788e-10
-2.655274034242982043e-10
-3.968055845238687148e-10
-6.210313309233608366e-10
-9.845294272221606764e-10
-1.535871257754021644e-09
-2.310258628587168627e-09
-3.303493348896340024e-09
-4.438720464960493084e-09
-5.538527949625907640e-09
-6.327896571428750462e-09
-6.500658825203124751e-09
-5.860359261134360986e-09
-4.477988529140666493e-09
-2.734798801812875228e-09
-1.151864817611594312e-09
-9.698844443468708186e-11
3.853652257315676450e-10
4.896413106012587902e-10
4.397365493021694556e-10
3.596184156218637514e-10
2.808022236078339237e-10
2.027707788544281339e-10
1.255183754634331037e-10
4.722436380052888981e-11
-4.416080534098359608e-11
-1.684126214605891294e-10
-3.433701806791994482e-10
-5.802514155735129943e-10
-8.906314147545027728e-10
-1.292702941720012233e-09
-1.776246140457340419e-09
-2.201862261835358498e-09
-2.229107048841432490e-09
-1.438387435794272765e-09
3.680840314559522329e-10
2.942942420626559328e-09
5.665911352687301305e-09
7.853996597213785334e-09
9.067378104601057312e-09
9.226974676805839788e-09
8.537487284633522445e-09
7.327040314132315888e-09
5.910972212008730395e-09
4.522149493632852082e-09
3.297953828207543113e-09
2.297527631488211675e-09
1.527772728717683470e-09
9.665194300459910687e-10
5.789161525687336180e-10
3.271748677494038872e-10
1.752773106215061333e-10
9.033559364668106954e-11
0.000000000000000000e+00
0.000000000000000000e+00
0.000000000000000000e+00
-4.196704906980138478e-11
-7.901728310855785643e-11
-1.124540848700770768e-10
-1.474493750678852135e-10
-1.947596813809475085e-10
-2.731550006505030789e-10
-4.122679856416964060e-10
-6.549826156622340907e-10
-1.057458849675678024e-09
-1.683523264588787383e-09
-2.589062238779405879e-09
-3.792607702224872954e-09
-5.232377150092829931e-09
-6.719840342824778462e-09
-7.918268407297669952e-09
-8.397513358750826129e-09
-7.810405750595230491e-09
-6.146143547918028925e-09
-3.865203249048343236e-09
-1.706606987143449830e-09
-2.444868503864845068e-10
4.169440519495679838e-10
5.498529457543898628e-10
4.841634090009860593e-10
3.971979316410898518e-10
3.215937126626998789e-10
2.440079077969962035e-10
1.598509124456694357e-10
6.920476930934593990e-11
-3.883647579772249362e-11
-1.835119063704807255e-10
-3.778765685786970826e-10
-6.241670127273133738e-10
-9.299678037354851599e-10
-1.325833668042819712e-09
-1.818819972899531713e-09
-2.235472028014818726e-09
-2.107716045996850553e-09
-8.706081566538093990e-10
1.676616002234955072e-09
5.082375720454146083e-09
8.435216705517060115e-09
1.086072624059464545e-08
1.191377838953533692e-08
1.164596981829459230e-08
1.042524953405521855e-08
8.703367958911801630e-09
6.860287391284956271e-09
5.146929224924563496e-09
3.692281458284692400e-09
2.536593140584093896e-09
1.666724075210138892e-09
1.043486666181911242e-09
6.191355533103170707e-10
3.467627071081881853e-10
1.841567211713880241e-10
9.426635333301509135e-11
0.000000000000000000e+00
0.000000000000000000e+00
0.000000000000000000e+00
-4.344125486552360776e-11
-8.153897789744472759e-11
-1.156240994077586618e-10
-1.510592001303486169e-10
-1.991887538508487927e-10
-2.802244583656475554e-10
-4.269055148915298464e-10
-6.881930981900490323e-10
-1.131126127865664255e-09
-1.837224793604660404e-09
-2.887935091240689962e-09
-4.332918141212631425e-09
-6.137590690808592697e-09
-8.115056375424015654e-09
-9.869322371172428849e-09
-1.081874496793650803e-08
-1.039727022925432150e-08
-8.435047495509980269e-09
-5.456279103121892773e-09
-2.498751509275672457e-09
-4.577688003770444248e-10
4.496776268484005397e-10
6.044386706511446909e-10
5.020612776662672065e-10
4.054047689187556358e-10
3.456792256163952958e-10
2.832109386769340679e-10
2.017212147042669425e-10
1.037083315836304086e-10
-1.746528567777900265e-11
-1.757549151298681971e-10
-3.712992114354649846e-10
-5.882963712516192748e-10
-8.274240433645507600e-10
-1.142572918078929167e-09
-1.578919531834028926e-09
-1.925180328852842544e-09
-1.532007004416127702e-09
3.619275393447484764e-10
3.921796703277163881e-09
8.366132164671423146e-09
1.238460339895217792e-08
1.490568578098204275e-08
1.555762505645609820e-08
1.461333767114121361e-08
1.265824297132059066e-08
1.028207140464328766e-08
7.921321085946548850e-09
5.830169957920595499e-09
4.115681731522272943e-09
2.789376731014229155e-09
1.811777020784307515e-09
1.122977493488400110e-09
6.603010587358608686e-10
3.666564964818302223e-10
1.931128481511909950e-10
9.820959817795514236e-11
0.000000000000000000e+00
0.000000000000000000e+00
0.000000000000000000e+00
-4.490290116755014636e-11
-8.402768552092536043e-11
-1.187198935419777728e-10
-1.545064157201607829e-10
-2.032816256113636549e-10
-2.866682719390786016e-10
-4.405577588319406621e-10
-7.202965793384852077e-10
-1.204794553540911775e-09
-1.995752851988990461e-09
-3.205457010674730740e-09
-4.924362117281493329e-09
-7.160213951505459251e-09
-9.746575791465052799e-09
-1.223987895920069294e-08
-1.388452336817871111e-08
-1.381092006321040745e-08
-1.156882210887566164e-08
-7.693384866062420666e-09
-3.619592529724880357e-09
-7.423709924330610476e-10
5.087700700919706900e-10
6.611297670903415099e-10
4.730792797594437618e-10
3.519311161276743884e-10
3.265438252880664452e-10
3.070689901951357364e-10
2.500308001875508588e-10
1.590276925456669112e-10
3.710862602426101035e-11
-1.149726015306332744e-10
-2.698436300907063615e-10
-3.799651879574790603e-10
-4.364108724570809631e-10
-5.349129577663481850e-10
-7.941582820160243021e-10
-9.612438473287859256e-10
-1.249821173564648174e-10
2.735315495710900434e-09
7.664375811545011779e-09
1.335636718453783893e-08
1.797853052785644792e-08
2.030624122173101484e-08
2.018143471132701935e-08
1.821889444481461268e-08
1.527417705526854428e-08
1.207584417993872779e-08
9.096485024857032122e-09
6.570903117542634963e-09
4.566583310742328242e-09
3.054596025565711047e-09
1.962086921815341041e-09
1.204500602950724794e-09
7.021535726963524543e-10
3.867317300077990939e-10
2.020907512984228260e-10
1.021417088200265337e-10
0.000000000000000000e+00
0.000000000000000000e+00
0.000000000000000000e+00
-4.634307803747215874e-11
-8.646855691748519288e-11
-1.217235852425376426e-10
-1.577715140229270135e-10
-2.070125901881892247e-10
-2.924334650599615167e-10
-4.530869439714592989e-10
-7.509481932191749573e-10
-1.277709592602589959e-09
-2.157731998347338599e-09
-3.539739820605463167e-09
-5.565822419019126897e-09
-8.304113710363631041e-09
-1.163384798953161378e-08
-1.508760356937242207e-08
-1.772620506630588325e-08
-1.828131460653464850e-08
-1.584270354688960133e-08
-1.083346809650498369e-08
-5.189243488685695410e-09
-1.078331822803981161e-09
6.687370594641512020e-10
7.613050086714904803e-10
3.795286332684558451e-10
1.860951458240966678e-10
2.152880604564899917e-10
2.874648081101639060e-10
2.996171012065075999e-10
2.491630184346006094e-10
1.571653600306788836e-10
5.637984859211473272e-11
2.620852187433468805e-11
1.647831797744138098e-10
4.924104637510220659e-10
8.438968495295743004e-10
9.703418830514294519e-10
1.172893516999650932e-09
2.746461043429068261e-09
7.034904805301201252e-09
1.378476717331346526e-08
2.087471192783024600e-08
2.584031196526602960e-08
2.745031725681820198e-08
2.598738124783581722e-08
2.255198199171833712e-08
1.830558789290080306e-08
1.409280014848324277e-08
1.038520909231102749e-08
7.366478328762724112e-09
5.042547847098028583e-09
3.330550472019777842e-09
2.116618567068744585e-09
1.287482590959457073e-09
7.444008496307179292e-10
4.068515801697152347e-10
2.110313485240126850e-10
1.060377115149364296e-10
0.000000000000000000e+00
0.000000000000000000e+00
0.000000000000000000e+00
-4.775264369292193272e-11
-8.884663940734668299e-11
-1.246180429363996528e-10
-1.608380723619223392e-10
-2.103640193162589213e-10
-2.974839543437343716e-10
-4.643839513216253637e-10
-7.798379460418496090e-10
-1.349124563234817209e-09
-2.321673344709657349e-09
-3.888472013928907292e-09
-6.255162727895040924e-09
-9.571103559541683110e-09
-1.379240629610266658e-08
-1.846469470249011195e-08
-2.247733631179594927e-08
-2.407233876913052040e-08
-2.163342325246684381e-08
-1.522766836174492420e-08
-7.361465822459305369e-09
-1.384858851844990951e-09
1.114813205287385197e-09
1.033016287652215369e-09
2.308911207919528940e-10
-1.617984526362588593e-10
-7.210739181972644533e-11
1.694990073745897597e-10
3.364343491922630810e-10
3.969209196895356180e-10
4.005603821970751978e-10
4.415242046652643643e-10
6.898271247961444387e-10
1.317997709606819271e-09
2.360873202845325658e-09
3.549782313734219474e-09
4.417215973872112489e-09
5.329267801040590175e-09
8.146706255282328996e-09
1.456070718387911654e-08
2.366195699062434442e-08
3.210655245607030597e-08
3.678496440437733731e-08
3.679331029376816880e-08
3.318691527496635065e-08
2.769407718889567714e-08
2.177601336959791978e-08
1.633477962382159354e-08
1.178327494828110660e-08
8.212331150323139622e-09
5.540201550101308982e-09
3.615107271964273931e-09
2.274146824155733425e-09
1.371270879048853296e-09
7.867196543131693576e-10
4.268680673717106145e-10
2.198719512036770257e-10
1.098715083041459060e-10
0.000000000000000000e+00
0.000000000000000000e+00
0.000000000000000000e+00
-4.912231535502778591e-11
-9.114702675952268513e-11
-1.273870730849170394e-10
-1.636930207366772218e-10
-2.133269624179107925e-10
-3.018023152173603235e-10
-4.743733158459711252e-10
-8.067029263652916045e-10
-1.418325405809707358e-09
-2.486013722460904309e-09
-4.248966945399951751e-09
-6.989299459413766265e-09
-1.096114860990196643e-08
-1.623386426109019796e-08
-2.241430841435836364e-08
-2.826001907352736239e-08
-3.146158782446452675e-08
-2.939501691977964200e-08
-2.134078311558753142e-08
-1.032367769449417185e-08
-1.452265447930253267e-09
2.263929235098209978e-09
1.801204268509804494e-09
1.227564140706621194e-10
-7.673338274741224986e-10
-6.675786128460663707e-10
-1.459095699585565071e-10
3.287255922296375908e-10
6.365080019643954366e-10
8.634183368988625059e-10
1.210674267138502792e-09
1.995601209610126852e-09
3.495277418132872655e-09
5.778894216684779909e-09
8.447011505961416057e-09
1.067073151191500948e-08
1.292333294164414776e-08
1.789053510687876803e-08
2.748122548881183673e-08
3.944453427691155834e-08
4.872646906222138890e-08
5.183779447625111493e-08
4.883958566289537884e-08
4.198306377162536568e-08
3.370906379262647706e-08
2.569562665891618135e-08
1.879561525700936867e-08
1.328220430631241711e-08
9.101798354330365401e-09
6.055194498646535071e-09
3.905701002984576191e-09
2.433263443918023640e-09
1.455139200124586796e-09
8.287589196011526239e-10
4.466235869762378806e-10
2.285469151526032534e-10
1.136161438919313487e-10
0.000000000000000000e+00
0.000000000000000000e+00
0.000000000000000000e+00
-5.044276693351741029e-11
-9.335500955805402277e-11
-1.300155789077713726e-10
-1.663267832363109671e-10
-2.159014226596253105e-10
-3.053907921558071293e-10
-4.830168354939599160e-10
-8.313372201605067138e-10
-1.484652302375037108e-09
-2.649149334970425949e-09
-4.618194446252092957e-09
-7.764244301666814623e-09
-1.247271708704413748e-08
-1.896725995113718774e-08
-2.697032877498840901e-08
-3.517004284317265755e-08
-4.069973667853171265e-08
-3.961804755863754129e-08
-2.974433267357933180e-08
-1.427530822445644457e-08
-8.108799255963955391e-10
4.995646952439831742e-09
3.798197942793428530e-09
3.505404817286407819e-10
-1.670384349350319439e-09
-1.750324285708646635e-09
-8.178087750708406928e-10
2.146018877121884175e-10
1.011361407966686228e-09
1.685870484635889032e-09
2.607638800058814127e-09
4.318411143150415686e-09
7.251400206904117642e-09
1.160515869205397034e-08
1.685979380432383573e-08
2.155854921359960027e-08
2.637941116854990445e-08
3.515372748388733146e-08
4.944350804609115678e-08
6.443819965860521879e-08
7.301955254990243589e-08
7.221510623060903694e-08
6.410048087112414492e-08
5.254461005517960378e-08
4.063157648958569200e-08
3.005663122332733102e-08
2.145950535906426690e-08
1.486876106050327779e-08
1.002600255635446092e-08
6.582194880028733172e-09
4.199349078911222709e-09
2.592390592826133619e-09
1.538295753802338595e-09
8.701439122557412808e-10
4.659527821842150813e-10
2.369884017004926042e-10
1.172441058315727203e-10
0.000000000000000000e+00
0.000000000000000000e+00
0.000000000000000000e+00
-5.170473197531052421e-11
-9.545622400980983583e-11
-1.324896837835489847e-10
-1.687332894927075733e-10
-2.180962587563527556e-10
-3.082714785770386095e-10
-4.903153818140679991e-10
-8.535988658119057292e-10
-1.547515906949976039e-09
-2.809459471224181245e-09
-4.992775486599095063e-09
-8.575027574006806682e-09
-1.410296979280560416e-08
-2.200150758137019452e-08
-3.216360371567019266e-08
-4.327075993405127907e-08
-5.195166424915652784e-08
-5.271807682133382905e-08
-4.102083776494857071e-08
-1.932298632005713898e-08
1.543604205922547032e-09
1.110131401086988327e-08
8.538877233613207274e-09
1.566862161796917336e-09
-2.806466545591412986e-09
-3.496924297580895909e-09
-2.042016724696429819e-09
-9.755111963213371974e-11
1.561106496822915817e-09
3.022256753725266269e-09
4.882241232085001157e-09
8.001324735625354678e-09
1.311627532037911627e-08
2.091922996836952404e-08
3.086145016284889218e-08
4.022108976617171975e-08
5.008796510671473991e-08
6.567664753859209647e-08
8.659236605029754726e-08
1.035909629266868524e-07
1.079294744735382545e-07
9.923135994989512184e-08
8.302239966287382850e-08
6.497308767649144628e-08
4.845434866043686645e-08
3.482886416891680263e-08
2.429967262834921079e-08
1.652463049176981139e-08
1.097382758131439445e-08
7.114924179591138357e-09
4.492684756297796363e-09
2.749801374036118465e-09
1.619894060655268254e-09
9.104813671358884169e-10
4.846847434396523681e-10
2.451272379772878753e-10
1.207276537430124667e-10
0.000000000000000000e+00
0.000000000000000000e+00
0.000000000000000000e+00
-5.289910816728804582e-11
-9.743680368768763782e-11
-1.347968025329120318e-10
-1.709098761473385356e-10
-2.199286616850404352e-10
-3.104856339267963563e-10
-4.963086684023862450e-10
-8.734131480855524665e-10
-1.606407266850016070e-09
-2.965316291862098194e-09
-5.368930310625283117e-09
-9.415405338767646245e-09
-1.584733200601508157e-08
-2.534761360616464522e-08
-3.803596011253880684e-08
-5.261339627661960264e-08
-6.524807240468028676e-08
-6.882704705546524925e-08
-5.544920050259154541e-08
-2.509901203742858183e-08
7.827302540791035500e-09
2.426254927901737978e-08
1.898549666822379600e-08
4.808218741267790297e-09
-4.036042387995694381e-09
-5.912533517623423678e-09
-3.855200736562200226e-09
-6.295533702888366648e-10
2.309739923106798960e-09
4.909906002977074746e-09
7.979516565311126273e-09
1.278897967123591227e-08
2.091428792244295717e-08
3.480295345686052011e-08
5.402371217552548472e-08
7.263986773690721717e-08
9.259033461863861727e-08
1.201082250321549603e-07
1.491146157642373314e-07
1.639149570865334933e-07
1.568938592538070632e-07
1.340929261354332407e-07
1.058853542425046182e-07
7.926588527310168264e-08
5.711602356945098347e-08
3.995617835644565307e-08
2.727749610791711868e-08
1.822633986457855258e-08
1.193200205037417224e-08
7.646238131963144851e-09
4.782008519423789435e-09
2.903647317610806727e-09
1.699046441525256636e-09
9.493654948009777508e-10
5.026455135179807115e-10
2.528938559189453940e-10
1.240391738063849557e-10
0.000000000000000000e+00
0.000000000000000000e+00
0.000000000000000000e+00
-5.401706881541569886e-11
-9.928350711287973573e-11
-1.369257177655318644e-10
-1.728569669093890575e-10
-2.214234178876435324e-10
-3.120917569274838203e-10
-5.010734774026441916e-10
-8.907709258377996483e-10
-1.660902456357786576e-09
-3.115079179460533513e-09
-5.742383002819996745e-09
-1.027730216413885545e-08
-1.769792731509176043e-08
-2.901821223139558753e-08
-4.465756242486894828e-08
-6.330184449225638348e-08
-8.052575875424891670e-08
-8.754432418678163435e-08
-7.230209619488545830e-08
-2.961897012124608850e-08
2.339494905151797885e-08
5.268132416704612478e-08
4.097824082566644369e-08
1.064514678065998872e-08
-5.911017683788255729e-09
-8.461581709238385467e-09
-5.375387583981648725e-09
-8.174120964491888958e-10
3.371035431394554222e-09
6.913679651884412919e-09
1.053711505676537765e-08
1.595387032257282765e-08
2.751724239696819315e-08
5.368723023560296547e-08
9.385096441289551381e-08
1.317992416312356887e-07
1.715454708568081867e-07
2.181739718358722354e-07
2.530400464309650194e-07
2.543656578866206096e-07
2.232578341392159858e-07
1.775594684425560130e-07
1.326845763148611754e-07
9.528101278368579681e-08
6.649138172306934651e-08
4.535420330393841597e-08
3.034230418643447851e-08
1.994547570483616640e-08
1.288530281330749291e-08
8.168256861590637454e-09
5.063357114125654219e-09
3.051992896943163164e-09
1.774839675662600564e-09
9.863848662837856751e-10
5.196607948370158141e-10
2.602193147394775075e-10
1.271515473270535298e-10
0.000000000000000000e+00
0.000000000000000000e+00
0.000000000000000000e+00
-5.505016797145004204e-11
-1.009838608982069171e-10
-1.388665611574613580e-10
-1.745777557237888871e-10
-2.226115558279729678e-10
-3.131632815455459395e-10
-5.047187871016667470e-10
-9.057250207087677213e-10
-1.710656649689309444e-09
-3.257088818774646575e-09
-6.108221732941101755e-09
-1.115006126113639322e-08
-1.964049924787354397e-08
-3.302143154903708511e-08
-5.213490551419514521e-08
-7.559661394471793274e-08
-9.787947666490056661e-08
-1.079367336540305675e-07
-8.882156231775294763e-08
-2.662665085246686717e-08
6.223222996311376476e-08
1.175469455466187623e-07
8.788087132108814080e-08
1.514897958440542098e-08
-1.346124025077793215e-08
-9.533805811992837256e-09
-2.573010374318691970e-09
2.296938328330583608e-09
5.602068482938560907e-09
7.344922651455454814e-09
7.114014519637371668e-09
6.879219258993676223e-09
2.008859860581939082e-08
7.591897593768011871e-08
1.703670010333962425e-07
2.488465920551203320e-07
3.237450037690329149e-07
3.943545713464949658e-07
4.208002834140429696e-07
3.842268856058890958e-07
3.090822517143691897e-07
2.295168148889967495e-07
1.630207650952571224e-07
1.127108687912519434e-07
7.638612066779597640e-08
5.091000915806720403e-08
3.343201309015829150e-08
2.164922090095605876e-08
1.381689147939229793e-08
8.672540137224962198e-09
5.332590952280967062e-09
3.192855465678727373e-09
1.846352931763415023e-09
1.021129813246913395e-09
5.355588921503635122e-10
2.670363519792641366e-10
1.300385329441457638e-10
0.000000000000000000e+00
0.000000000000000000e+00
0.000000000000000000e+00
-5.599044369635047872e-11
-1.025262913750710044e-10
-1.406107725848069731e-10
-1.760777424676141212e-10
-2.235287997399554904e-10
-3.137851603684365400e-10
-5.073797690339886697e-10
-9.183811439874229003e-10
-1.755397254286214921e-09
-3.389650741770422691e-09
-6.460792736160762146e-09
-1.201956073477521064e-08
-2.165019257906528010e-08
-3.734640517097247123e-08
-6.059133980924905932e-08
-8.999839400973059155e-08
-1.180843252711047282e-07
-1.294242619563004111e-07
-9.990945900123602842e-08
-1.609777413132601676e-09
1.595750152700987157e-07
2.789629258602471647e-07
1.980446207684550992e-07
-1.444729533331165524e-10
-4.862670095163844534e-08
-6.076778890314554863e-09
1.643068230092169063e-08
1.848330115129242671e-08
1.264811932808782940e-08
1.824577281879436451e-09
-1.784176882641158014e-08
-4.539181876227707227e-08
-4.124304474491480891e-08
9.664423393578787836e-08
3.425963656347879377e-07
4.970552114211630165e-07
6.188249244566605549e-07
7.003015076237154153e-07
6.766779509705600733e-07
5.588283020122680182e-07
4.134524187461855450e-07
2.885932641413005542e-07
1.960317711692776894e-07
1.310733599145117513e-07
8.653765977794233344e-08
5.648424914205446097e-08
3.647465567591080498e-08
2.330124901521872828e-08
1.470877116708113264e-08
9.150308489191786750e-09
5.585495807748276176e-09
3.324250350346383619e-09
1.912677177749948283e-09
1.053200281873349898e-09
5.501737775909086984e-10
2.732804513308639674e-10
1.326751535459825677e-10
0.000000000000000000e+00
0.000000000000000000e+00
0.000000000000000000e+00
-5.683053351679702697e-11
-1.039001907009324213e-10
-1.421511552157004207e-10
-1.773639444106793001e-10
-2.242142022909872271e-10
-3.140490835263667001e-10
-5.092113331476460580e-10
-9.288841046507326926e-10
-1.794916118379984891e-09
-3.511025291740324244e-09
-6.793658413036986628e-09
-1.286751166633880281e-08
-2.368689207356245328e-08
-4.194149078266873555e-08
-7.010223345394351124e-08
-1.072007294896210469e-07
-1.431396947331863706e-07
-1.541305356713166501e-07
-1.014347375261943438e-07
6.895477986197086635e-08
3.884466157440417518e-07
6.729617797690417601e-07
4.515566486032344899e-07
-4.451440056135117313e-08
-1.680261080771348634e-07
5.759821795650134496e-09
7.374440363027658859e-08
6.799659569749397544e-08
3.352824792736340479e-08
-1.757917316533531269e-08
-9.378763071003757091e-08
-2.020484308524314937e-07
-2.375870459545684647e-07
1.248746624409252800e-07
7.164944454557021470e-07
1.013316224467973300e-06
1.159331638508504218e-06
1.189702576781575769e-06
1.031265709176342302e-06
7.726303253789454064e-07
5.309816034645433073e-07
3.519991844241129768e-07
2.304011252735798924e-07
1.497249652496983822e-07
9.662336669767849492e-08
6.191591109298336415e-08
3.939084682232159054e-08
2.486295427761596920e-08
1.554235131265772515e-08
9.592704217069461169e-09
5.817894467851162938e-09
3.444240500376472896e-09
1.972934972831924112e-09
1.082214232084929571e-09
5.633480378894561937e-10
2.788909707947766750e-10
1.350380633691502924e-10
0.000000000000000000e+00
0.000000000000000000e+00
0.000000000000000000e+00
-5.756374637673065701e-11
-1.050961057812240068e-10
-1.434815886967337816e-10
-1.784447065986276841e-10
-2.247073545641631334e-10
-3.140505907474868353e-10
-5.103761678831841684e-10
-9.374098757122173281e-10
-1.829045848013031029e-09
-3.619463340263126793e-09
-7.099622395808552870e-09
-1.367134255907328422e-08
-2.569150058881209666e-08
-4.669046305871816542e-08
-8.058496522075214719e-08
-1.277956760127129629e-07
-1.761753216201482380e-07
-1.896432350061724134e-07
-1.003956351450470541e-07
2.019894273975420066e-07
8.550464605608792177e-07
1.438253035420021459e-06
8.208664452150766864e-07
-2.988169060680825211e-08
-3.955790704376100039e-07
2.103277740898470908e-08
1.775824529386072476e-07
1.613451970532511546e-07
7.461785298044348791e-08
-5.288137743720070770e-08
-2.305707271577930492e-07
-4.832682814290773742e-07
-5.732380754869334284e-07
1.813877206896790008e-07
1.208008084323922988e-06
1.960791216547909444e-06
2.023929445310823177e-06
1.862531576190163703e-06
1.454403115932009381e-06
1.003388871834875028e-06
6.516145979965699925e-07
4.157580072884216357e-07
2.644591525695409516e-07
1.678966908107115111e-07
1.062765954919342423e-07
6.702944844298027969e-08
4.209719554950195951e-08
2.629492330569543158e-08
1.629912354648392793e-08
9.991068142458985759e-09
6.025771664031790304e-09
3.550984947336939168e-09
2.026302124373614356e-09
1.107815255040751532e-09
5.749361308571874255e-10
2.838121042122290058e-10
1.371059292277823548e-10
0.000000000000000000e+00
0.000000000000000000e+00
0.000000000000000000e+00
-5.818418331710272905e-11
-1.061057111027139328e-10
-1.445972232827664739e-10
-1.793284421666467094e-10
-2.250476031024060521e-10
-3.138819293378521257e-10
-5.110398970249439017e-10
-9.441414743612214182e-10
-1.857666439244123720e-09
-3.713208404070835535e-09
-7.371032002632026410e-09
-1.440462472939242055e-08
-2.758569030401413400e-08
-5.139455709740719979e-08
-9.167730153190157966e-08
-1.517173643161843279e-07
-2.200010257646583815e-07
-2.482811287051616645e-07
-1.258164443123659142e-07
3.622916124925093929e-07
1.601887032331902488e-06
2.677773169094748665e-06
1.327455544273901324e-06
5.608346105139098913e-08
-6.285483093466382881e-07
1.907686441074172358e-08
2.951449392684105571e-07
2.700248562266511056e-07
1.243958100846389169e-07
-8.799492935418357972e-08
-3.784167500462978541e-07
-7.884130913641023993e-07
-9.101739986091830258e-07
1.860629757067476204e-07
1.697118949020699412e-06
3.354303585966836858e-06
3.089075534863397382e-06
2.576400503128906808e-06
1.858132597481592044e-06
1.214217489989662681e-06
7.626070202365260763e-07
4.753711324256251931e-07
2.963568123201355376e-07
1.847519470344869252e-07
1.151083425166765956e-07
7.164444072977546071e-08
4.451022803114566559e-08
2.755869669704109198e-08
1.696135431952039134e-08
1.033725040979582579e-08
6.205391449809061754e-09
3.642792192727882869e-09
2.072026458294983348e-09
1.129681128028902674e-09
5.848069678179977526e-10
2.879939894907447517e-10
1.388597489999704829e-10
0.000000000000000000e+00
0.000000000000000000e+00
0.000000000000000000e+00
-5.868678470611780354e-11
-1.069220062038373221e-10
-1.454940791736197456e-10
-1.800236465009440043e-10
-2.252707302130818640e-10
-3.136300413026300223e-10
-5.113560680276691501e-10
-9.492647494148176436e-10
-1.880674146017969033e-09
-3.790606539461398194e-09
-7.600083823513143739e-09
-1.503880235466476816e-08
-2.927538041620459849e-08
-5.577401834222052059e-08
-1.026572773125587736e-07
-1.776377013384994255e-07
-2.743134341966966034e-07
-3.390962833922745389e-07
-2.170775378633537316e-07
4.432719209160045651e-07
2.428578599177549864e-06
4.307155333698970418e-06
2.266360524586088322e-06
3.398651478103977236e-07
-7.750011405071386341e-07
-8.948707502509289441e-09
4.039194951986808431e-07
3.716681594850732011e-07
1.734041222048632047e-07
-1.132266286887354191e-07
-5.052274031022973678e-07
-1.061370433086047446e-06
-1.160679121754138979e-06
1.898821573030324356e-07
2.190438602334610496e-06
4.696593796920613008e-06
3.888672028771696458e-06
3.057932886854522465e-06
2.127426316019463457e-06
1.367495173028610440e-06
8.525376209734149003e-07
5.266927502142956661e-07
3.242825074335116521e-07
1.994534523434348863e-07
1.227346137449616581e-07
7.558614457987599514e-08
4.655098414834757618e-08
2.861851378442472531e-08
1.751285176304409326e-08
1.062389303760564104e-08
6.353424842491838395e-09
3.718164937358985591e-09
2.109448640405794264e-09
1.147530342144480556e-09
5.928469398224631471e-10
2.913934900056051824e-10
1.402831848034440787e-10
0.000000000000000000e+00
0.000000000000000000e+00
0.000000000000000000e+00
-5.906742693373722721e-11
-1.075392735059012956e-10
-1.461692197262486733e-10
-1.805376961634502611e-10
-2.254083809805020244e-10
-3.133695293882659187e-10
-5.114623684604624253e-10
-9.529432450290957677e-10
-1.897998188474466637e-09
-3.850144351708320124e-09
-7.779472080310023965e-09
-1.554538925277697807e-08
-3.066016578895316951e-08
-5.949294361452954391e-08
-1.124784892317558212e-07
-2.026815720545961941e-07
-3.330933197443575682e-07
-4.553615455071538456e-07
-3.817942252065794836e-07
3.857732871140097397e-07
3.136191981500789767e-06
6.040929639318092732e-06
3.535510670129961351e-06
8.802873884620622474e-07
-7.830071067164203664e-07
-6.114632896418105393e-08
5.029365521493955569e-07
4.641187161201582978e-07
2.209258400866518984e-07
-1.296857866317607995e-07
-6.129895906570318437e-07
-1.301556567741757396e-06
-1.292368566853661626e-06
2.168600329360868758e-07
2.589220719092229614e-06
5.632170438179940041e-06
4.126227310158065400e-06
3.133916381124699974e-06
2.198593564684804492e-06
1.445652103386938186e-06
9.153674066121272957e-07
5.666966357320776408e-07
3.466498958676523101e-07
2.112360430478689786e-07
1.288038534878768321e-07
7.869728178322189895e-08
4.814937674070906108e-08
2.944318126524416119e-08
1.793963848070522415e-08
1.084472745798653682e-08
6.467053381243475881e-09
3.775847996300707399e-09
2.138017632537111019e-09
1.161129490914707596e-09
5.989619347392013309e-10
2.939751237395987920e-10
1.413628117305635042e-10
0.000000000000000000e+00
0.000000000000000000e+00
0.000000000000000000e+00
-5.932295990356925954e-11
-1.079532050260102110e-10
-1.466204645152696378e-10
-1.808767757822184924e-10
-2.254854879667534345e-10
-3.131607949713862791e-10
-5.114683230399041107e-10
-9.553146467044259124e-10
-1.909578952402469175e-09
-3.890585777022201620e-09
-7.902924268522762172e-09
-1.589917410072767396e-08
-3.164577758630877073e-08
-6.221133214975059463e-08
-1.199429003966897609e-07
-2.228518798743587070e-07
-3.845304639614623884e-07
-5.687664529273556233e-07
-5.683492198488888523e-07
2.451037618335642521e-07
3.633102222601496527e-06
7.497677816306208564e-06
4.736334410101176355e-06
1.495361327170875464e-06
-6.923798226010090509e-07
-1.196161542614104678e-07
5.844343450618446663e-07
5.399218769543978234e-07
2.627125105556914658e-07
-1.370419718090540723e-07
-6.944627556485764902e-07
-1.489814594291733301e-06
-1.331184457417572745e-06
2.413203183360579214e-07
2.832909002752870683e-06
6.148372953029830710e-06
3.944363631291545968e-06
2.913988550553057183e-06
2.121868131189270866e-06
1.463056051912178617e-06
9.520513127324202308e-07
5.937350863278486915e-07
3.622350332589324941e-07
2.194673981020872466e-07
1.330249837398495366e-07
8.084851264656040686e-08
4.924859525843497312e-08
3.000763906892905359e-08
1.823062120570796109e-08
1.099480698967027592e-08
6.544073576608145432e-09
3.814862863668535800e-09
2.157307036739924368e-09
1.170298089575427168e-09
6.030796495178292265e-10
2.957116228304476383e-10
1.420883627269138065e-10
0.000000000000000000e+00
0.000000000000000000e+00
0.000000000000000000e+00
-5.945126066933331889e-11
-1.081608996592185906e-10
-1.468464263410904141e-10
-1.810451997496649861e-10
-2.255195507639572587e-10
-3.130456831656243997e-10
-5.114513514356426182e-10
-9.564753777430129714e-10
-1.915378759863194165e-09
-3.911039721436328165e-09
-7.965860459572338541e-09
-1.608117296618839268e-08
-3.215874154882613457e-08
-6.364966379093137366e-08
-1.239885170614549478e-07
-2.341810418935303585e-07
-4.148907231351546486e-07
-6.396631389951102937e-07
-6.910850729482492490e-07
1.409629977892368506e-07
3.894724375443958097e-06
8.316937349711731086e-06
5.457848583561672862e-06
1.906246788793795611e-06
-6.008830306157980325e-07
-1.586290429083089028e-07
6.330588078599952967e-07
5.872546192269025450e-07
2.933978286615391665e-07
-1.349959894906372038e-07
-7.402282058330926430e-07
-1.600886190381551795e-06
-1.331565099439661783e-06
2.492089026296395923e-07
2.932975505796487628e-06
6.371125066615048362e-06
3.748648897317012049e-06
2.702501501283196365e-06
2.030737054229119704e-06
1.456427139718744325e-06
9.679734999045384294e-07
6.072534540993747762e-07
3.702233568927700664e-07
2.236984560525992460e-07
1.351897124998946479e-07
8.194796521970927463e-08
4.980856205183065299e-08
3.029437364349804670e-08
1.837808807102303346e-08
1.107071849550411284e-08
6.582969485700213090e-09
3.834540358992243199e-09
2.167025544969487394e-09
1.174913461732736729e-09
6.051509230415696727e-10
2.965845344033218074e-10
1.424528897229871496e-10
0.000000000000000000e+00
0.000000000000000000e+00
