0.000000000000000000e+00
-1.352026131856194701e-11
-2.774078701338943814e-11
-4.171982751712133947e-11
-5.459762833010379255e-11
-6.528685004371734097e-11
-7.243830501953594588e-11
-7.463634984652567164e-11
-7.074840843287545347e-11
-6.031492191712152466e-11
-4.384091442038727353e-11
-2.286482711905676504e-11
2.537127166473071764e-13
2.278506990711076151e-11
4.218562724912692326e-11
5.658617204653417843e-11
6.507388826303406112e-11
6.771493096252184342e-11
6.535758712206441028e-11
5.931538686754053246e-11
5.103916173217601050e-11
4.185754408891739429e-11
3.282059040050543425e-11
2.464243430449611891e-11
1.771661153403047216e-11
1.217188892524839242e-11
7.941397001391898546e-12
4.827181482304496027e-12
2.551418486193964594e-12
7.923930548354052003e-13
-7.923930548363846500e-13
-2.551418486194051836e-12
-4.827181482303339267e-12
-7.941397001391820998e-12
-1.217188892524942639e-11
-1.771661153403083405e-11
-2.464243430449658420e-11
-3.282059040050279761e-11
-4.185754408892147850e-11
-5.103916173217766486e-11
-5.931538686753856791e-11
-6.535758712206709862e-11
-6.771493096253114921e-11
-6.507388826302578931e-11
-5.658617204652404547e-11
-4.218562724912196018e-11
-2.278506990711613819e-11
-2.537127166332451060e-13
2.286482711904849323e-11
4.384091442035542708e-11
6.031492191712814210e-11
7.074840843284774292e-11
7.463634984651802022e-11
7.243830501954318371e-11
6.528685004371806475e-11
5.459762833010430953e-11
4.171982751712056399e-11
2.774078701339272102e-11
1.352026131856255447e-11
0.000000000000000000e+00
0.000000000000000000e+00
-1.355717225460451761e-11
-2.782153032871946072e-11
-4.186646856057992296e-11
-5.484362883363803869e-11
-6.567092868465207814e-11
-7.299547134328004098e-11
-7.538662617154504678e-11
-7.168542812436041162e-11
-6.139815058310571608e-11
-4.499555495655140706e-11
-2.399170087650969484e-11
-7.403747634381891468e-13
2.201260139387585780e-11
4.168902511053716597e-11
5.637620574745933951e-11
6.512050667313135342e-11
6.795916190845438168e-11
6.572763581999039714e-11
5.974168182952259323e-11
5.146485370868923798e-11
4.224336690017893212e-11
3.314489698601948861e-11
2.489814258010836761e-11
1.790684313460613110e-11
1.230563358671246185e-11
8.029928883563634933e-12
4.881428077859296635e-12
2.580195201788261397e-12
8.013409927822861921e-13
-8.013409927808951716e-13
-2.580195201790162943e-12
-4.881428077864447127e-12
-8.029928883566963042e-12
-1.230563358671181562e-11
-1.790684313460587261e-11
-2.489814258011020292e-11
-3.314489698602729513e-11
-4.224336690017815664e-11
-5.146485370869130593e-11
-5.974168182952352381e-11
-6.572763581998688163e-11
-6.795916190845045258e-11
-6.512050667313797086e-11
-5.637620574745437643e-11
-4.168902511052889417e-11
-2.201260139388454319e-11
7.403747634179232218e-13
2.399170087649066968e-11
4.499555495654437602e-11
6.139815058307469681e-11
7.168542812437592126e-11
7.538662617155848846e-11
7.299547134327528469e-11
6.567092868464866602e-11
5.484362883364279498e-11
4.186646856057651084e-11
2.782153032872168377e-11
1.355717225460458869e-11
0.000000000000000000e+00
0.000000000000000000e+00
-1.363105534519809297e-11
-2.798318328361306315e-11
-4.216019528797990827e-11
-5.533671117964357735e-11
-6.644142234974109972e-11
-7.411431509036592069e-11
-7.689502413221606840e-11
-7.357181979123949302e-11
-6.358225729478815083e-11
-4.732772646520919291e-11
-2.627234904822373372e-11
-2.757074656197264556e-12
2.044060144421161544e-11
4.067324350614108103e-11
5.594036648942677492e-11
6.520537087358035548e-11
6.844628931111935636e-11
6.647193230271303446e-11
6.060202930125181630e-11
5.232561527256353127e-11
4.302444859525003136e-11
3.380196474683252571e-11
2.541650922023311148e-11
1.829265231170760917e-11
1.257703425411415303e-11
8.209724086404849438e-12
4.991692410276560614e-12
2.638728536435008162e-12
8.195477997869594099e-13
-8.195477997896978301e-13
-2.638728536432718875e-12
-4.991692410269419719e-12
-8.209724086399776495e-12
-1.257703425411346802e-11
-1.829265231170719558e-11
-2.541650922023324072e-11
-3.380196474683112985e-11
-4.302444859525576992e-11
-5.232561527256570262e-11
-6.060202930125347066e-11
-6.647193230272482178e-11
-6.844628931110301954e-11
-6.520537087361923297e-11
-5.594036648944290494e-11
-4.067324350618698955e-11
-2.044060144418349130e-11
2.757074656151356032e-12
2.627234904822786963e-11
4.732772646517279696e-11
6.358225729479063237e-11
7.357181979129181219e-11
7.689502413222082469e-11
7.411431509033159270e-11
6.644142234975216326e-11
5.533671117964037203e-11
4.216019528798828348e-11
2.798318328361177068e-11
1.363105534519892015e-11
0.000000000000000000e+00
0.000000000000000000e+00
-1.374203030786997238e-11
-2.822607242215169978e-11
-4.260188574972746167e-11
-5.607901999129118875e-11
-6.760298005624672341e-11
-7.580383818601817743e-11
-7.917724182065331273e-11
-7.643236812819152525e-11
-6.690275699085769438e-11
-5.088362842434043296e-11
-2.976123534330221504e-11
-5.854330036999778860e-12
1.801390085044550694e-11
3.909206799361679818e-11
5.524591207043779802e-11
6.531105159458913191e-11
6.917325133471804164e-11
6.759874310152820908e-11
6.191198747404933721e-11
5.364031782077366298e-11
4.421977701230766952e-11
3.480878976485012293e-11
2.621147995177809145e-11
1.888467928098752531e-11
1.299367784214775579e-11
8.485837310340118513e-12
5.161090659049057972e-12
2.728688412413267256e-12
8.475373153956861944e-13
-8.475373153925975957e-13
-2.728688412415443452e-12
-5.161090659056334577e-12
-8.485837310348842684e-12
-1.299367784214881561e-11
-1.888467928099054968e-11
-2.621147995178119337e-11
-3.480878976485219088e-11
-4.421977701230348191e-11
-5.364031782077169842e-11
-6.191198747403744649e-11
-6.759874310153193139e-11
-6.917325133473830756e-11
-6.531105159456080097e-11
-5.524591207047129883e-11
-3.909206799362424281e-11
-1.801390085054683656e-11
5.854330037006396305e-12
2.976123534329559760e-11
5.088362842435532221e-11
6.690275699086100310e-11
7.643236812818449422e-11
7.917724182067688738e-11
7.580383818606574031e-11
6.760298005624682680e-11
5.607901999129036157e-11
4.260188574973666405e-11
2.822607242215402623e-11
1.374203030787059923e-11
0.000000000000000000e+00
0.000000000000000000e+00
-1.389026993923165203e-11
-2.855067232831932766e-11
-4.319282892337601709e-11
-5.707372683514789535e-11
-6.916251519707622802e-11
-7.807749106029395349e-11
-8.225684183359437804e-11
-8.030444600925554773e-11
-7.141345840379574605e-11
-5.573360645556532651e-11
-3.454172038315293100e-11
-1.012131154689578736e-11
1.464709867649742521e-11
3.687347574077701623e-11
5.424134955620460124e-11
6.540964417011477061e-11
7.013445203664772555e-11
6.912018844337707508e-11
6.369517625409618817e-11
5.543789671963001254e-11
4.585860163509303835e-11
3.619161509442449089e-11
2.730460418270899190e-11
1.969936391919010393e-11
1.356729177477897097e-11
8.866073488270400398e-12
5.394384059807317690e-12
2.852571155549926000e-12
8.860779648907186100e-13
-8.860779648932954715e-13
-2.852571155549841990e-12
-5.394384059803592146e-12
-8.866073488264739380e-12
-1.356729177477853153e-11
-1.969936391918759654e-11
-2.730460418270415806e-11
-3.619161509441999310e-11
-4.585860163509283155e-11
-5.543789671962794459e-11
-6.369517625409691195e-11
-6.912018844337748867e-11
-7.013445203663635182e-11
-6.540964417010194931e-11
-5.424134955614504424e-11
-3.687347574081920244e-11
-1.464709867650238830e-11
1.012131154689992326e-11
3.454172038316451153e-11
5.573360645556325856e-11
7.141345840380898094e-11
8.030444600929835433e-11
8.225684183356005005e-11
7.807749106028382053e-11
6.916251519706195915e-11
5.707372683515358222e-11
4.319282892337105401e-11
2.855067232832214524e-11
1.389026993923315776e-11
0.000000000000000000e+00
0.000000000000000000e+00
-1.407599203335561677e-11
-2.895758743019267974e-11
-4.393469094079544980e-11
-5.832497514520234898e-11
-7.112913127137039063e-11
-8.095310475015246575e-11
-8.616526077309696112e-11
-8.523823676083209113e-11
-7.718709572998875546e-11
-6.197340712057770678e-11
-4.072808453856864067e-11
-1.568118847662966827e-11
1.022127839326608351e-11
3.391625328412857831e-11
5.285342811516584137e-11
6.546052059409035936e-11
7.132046049931196335e-11
7.105185589096178982e-11
6.598360554811545966e-11
5.775811911861880742e-11
4.798137814826874431e-11
3.798685890430576805e-11
2.872584340003816527e-11
2.075959519449569481e-11
1.431422808445044700e-11
9.361353370849457113e-12
5.698296610041041371e-12
3.013955009234308069e-12
9.362844811549102641e-13
-9.362844811577532936e-13
-3.013955009233535818e-12
-5.698296610038857098e-12
-9.361353370848261579e-12
-1.431422808444950350e-11
-2.075959519449706483e-11
-2.872584340004178418e-11
-3.798685890430923187e-11
-4.798137814826129968e-11
-5.775811911861467152e-11
-6.598360554811576985e-11
-7.105185589095413840e-11
-7.132046049929500614e-11
-6.546052059409739040e-11
-5.285342811525145456e-11
-3.391625328411782496e-11
-1.022127839328841739e-11
1.568118847658955001e-11
4.072808453857360376e-11
6.197340712057274370e-11
7.718709572996683517e-11
8.523823676074606434e-11
8.616526077312984154e-11
8.095310475014191920e-11
7.112913127140420164e-11
5.832497514519087185e-11
4.393469094080051629e-11
2.895758743019004310e-11
1.407599203335823402e-11
0.000000000000000000e+00
0.000000000000000000e+00
-1.429944869825651661e-11
-2.944752788270538231e-11
-4.482946998298784771e-11
-5.983780576957442649e-11
-7.351401940620974853e-11
-8.445279216767836278e-11
-9.094180673426002194e-11
-9.129700882552492231e-11
-8.431614986204694036e-11
-6.972584779194707539e-11
-4.846826473644698496e-11
-2.269492990398282987e-11
4.579447488218330433e-12
3.008524517985518397e-11
5.098286659594821904e-11
6.540709593569127057e-11
7.271610522166377874e-11
7.341219611382517962e-11
6.881809912859426946e-11
6.065264648243441060e-11
5.064109293584115424e-11
4.024242077143172433e-11
3.051469968584128057e-11
2.209560906129222064e-11
1.525614865137607210e-11
9.986208134260167651e-12
6.081817965463993783e-12
3.217638070347057870e-12
9.996529872237081393e-13
-9.996529872208400683e-13
-3.217638070352281063e-12
-6.081817965474776212e-12
-9.986208134269654378e-12
-1.525614865137936790e-11
-2.209560906129010099e-11
-3.051469968584169416e-11
-4.024242077143006996e-11
-5.064109293584249841e-11
-6.065264648243410041e-11
-6.881809912857689867e-11
-7.341219611384751349e-11
-7.271610522165819527e-11
-6.540709593569023659e-11
-5.098286659591885412e-11
-3.008524517985435679e-11
-4.579447488289881556e-12
2.269492990402005300e-11
4.846826473642630545e-11
6.972584779196568695e-11
8.431614986202377931e-11
9.129700882555780274e-11
9.094180673424182396e-11
8.445279216770297140e-11
7.351401940618576029e-11
5.983780576958931574e-11
4.482946998299157002e-11
2.944752788270440003e-11
1.429944869825753120e-11
0.000000000000000000e+00
0.000000000000000000e+00
-1.456091315329600273e-11
-3.002127966388891551e-11
-4.587943981213548329e-11
-6.161806234485653019e-11
-7.633032483597596193e-11
-8.860281160877156932e-11
-9.663363158439699167e-11
-9.855742325863832203e-11
-9.291383892667647945e-11
-7.914289535267421362e-11
-5.794733587877187754e-11
-3.136622666214551415e-11
-2.479461231438097683e-12
2.520501256427030113e-11
4.849857014729607976e-11
6.517238393976524994e-11
7.429779758720820734e-11
7.622161195002401843e-11
7.224879771052129468e-11
6.418642675160681178e-11
5.390502686007581068e-11
4.301942647322531285e-11
3.272171488890215305e-11
2.374614942728295207e-11
1.642083418349574670e-11
1.075927581025794329e-11
6.556471636295803114e-12
3.469765953076324433e-12
1.078098868798687711e-12
-1.078098868804774840e-12
-3.469765953072857383e-12
-6.556471636284988373e-12
-1.075927581024629813e-11
-1.642083418348945237e-11
-2.374614942728424454e-11
-3.272171488890323872e-11
-4.301942647322588154e-11
-5.390502686007508690e-11
-6.418642675160763896e-11
-7.224879771054052663e-11
-7.622161195001326508e-11
-7.429779758720758696e-11
-6.517238393975242864e-11
-4.849857014726919639e-11
-2.520501256428808551e-11
2.479461231599811493e-12
3.136622666205617865e-11
5.794733587880951426e-11
7.914289535262168766e-11
9.291383892657473623e-11
9.855742325863832203e-11
9.663363158439657808e-11
8.860281160878314985e-11
7.633032483598878323e-11
6.161806234485777096e-11
4.587943981212824546e-11
3.002127966388845022e-11
1.456091315329620953e-11
0.000000000000000000e+00
0.000000000000000000e+00
-1.486066411571162340e-11
-3.067966906712746497e-11
-4.708708194450626022e-11
-6.367227560102927771e-11
-7.959297896517882461e-11
-9.343338399206516269e-11
-1.032956613606562182e-10
-1.071098484566050634e-10
-1.031152499692814973e-10
-9.040814134220589320e-11
-6.939177051506895921e-11
-4.194764654622514322e-11
-1.120823589301436801e-11
1.905160765383556269e-11
4.523000176084693361e-11
6.465302963660718355e-11
7.602984947562596176e-11
7.950111142177061693e-11
7.633571290179599827e-11
6.843945985303378343e-11
5.785703709017515577e-11
4.639449633585568992e-11
3.541041718152107479e-11
2.575997244976245572e-11
1.784325016442923886e-11
1.170399918788876130e-11
7.136733666031503958e-12
3.778048401178383333e-12
1.174022909313710322e-12
-1.174022909307914403e-12
-3.778048401180777633e-12
-7.136733666041417200e-12
-1.170399918789817048e-11
-1.784325016443407269e-11
-2.575997244976390329e-11
-3.541041718152055781e-11
-4.639449633585646540e-11
-5.785703709018704649e-11
-6.843945985303305965e-11
-7.633571290180137494e-11
-7.950111142179729350e-11
-7.602984947568675954e-11
-6.465302963662455434e-11
-4.523000176087257621e-11
-1.905160765389636046e-11
1.120823589307475219e-11
4.194764654626691584e-11
6.939177051504455738e-11
9.040814134217404674e-11
1.031152499692620586e-10
1.071098484565386822e-10
1.032956613606740025e-10
9.343338399207343450e-11
7.959297896517551589e-11
6.367227560102989809e-11
4.708708194450553644e-11
3.067966906712397531e-11
1.486066411571166864e-11
0.000000000000000000e+00
0.000000000000000000e+00
-1.519896791272184255e-11
-3.142352182832790232e-11
-4.845500652857345776e-11
-6.600752566389433195e-11
-8.331849321337848214e-11
-9.897845386668754287e-11
-1.109904645722458281e-10
-1.170586497984934166e-10
-1.150785738282175369e-10
-1.037396516968330077e-10
-8.307450959631335554e-11
-5.474815516368104516e-11
-2.192094018662509070e-11
1.134208480069803504e-11
4.095726591391789065e-11
6.371139571218957268e-11
7.785945930288697456e-11
8.327033974459860536e-11
8.114928520259337915e-11
7.350898978123247881e-11
6.260046001198559142e-11
5.046264958076451326e-11
3.865982031587434733e-11
2.819779682129220880e-11
1.956696740861834703e-11
1.284960230216736124e-11
7.840656297789789276e-12
4.152102406212373808e-12
1.290420239711225236e-12
-1.290420239711849660e-12
-4.152102406209766250e-12
-7.840656297783740518e-12
-1.284960230216203627e-11
-1.956696740861511586e-11
-2.819779682128856403e-11
-3.865982031587507111e-11
-5.046264958076570233e-11
-6.260046001198093853e-11
-7.350898978122875650e-11
-8.114928520259565389e-11
-8.327033974458785201e-11
-7.785945930283817090e-11
-6.371139571225161122e-11
-4.095726591399688640e-11
-1.134208480074849305e-11
2.192094018660275683e-11
5.474815516363472305e-11
8.307450959630425655e-11
1.037396516967928894e-10
1.150785738281856905e-10
1.170586497985730328e-10
1.109904645722232874e-10
9.897845386665259449e-11
8.331849321338282484e-11
6.600752566390715325e-11
4.845500652856270441e-11
3.142352182833172803e-11
1.519896791271671790e-11
0.000000000000000000e+00
0.000000000000000000e+00
-1.557605848689279542e-11
-3.225361719272140438e-11
-4.998586208342132226e-11
-6.863128146337702389e-11
-8.752471056668821909e-11
-1.052753829574494167e-10
-1.197880346608533547e-10
-1.285224144349659427e-10
-1.289863931880734360e-10
-1.193931554974304700e-10
-9.932087102906517956e-11
-7.014215175560419324e-11
-3.500469291451131997e-11
1.721267899777197604e-12
3.539832606506616107e-11
6.216513525625760022e-11
7.970991864478469583e-11
8.754472717781760486e-11
8.677086977789440521e-11
7.951218476143726607e-11
6.826176574040309438e-11
5.534098723851429273e-11
4.256759799541432813e-11
3.113478547027551014e-11
2.164597605830431776e-11
1.423234093659944917e-11
8.690666180529416818e-12
4.603889744028757987e-12
1.431018805323309734e-12
-1.431018805325865593e-12
-4.603889744028935701e-12
-8.690666180525726817e-12
-1.423234093659427929e-11
-2.164597605830310284e-11
-3.113478547027517410e-11
-4.256759799541412133e-11
-5.534098723851103571e-11
-6.826176574040278418e-11
-7.951218476143199279e-11
-8.677086977790164305e-11
-8.754472717779051469e-11
-7.970991864470570008e-11
-6.216513525623816148e-11
-3.539832606491561420e-11
-1.721267899749900644e-12
3.500469291460520497e-11
7.014215175570138696e-11
9.932087102914376172e-11
1.193931554974056546e-10
1.289863931880560652e-10
1.285224144349132099e-10
1.197880346608833400e-10
1.052753829574057829e-10
8.752471056668118805e-11
6.863128146337578312e-11
4.998586208341284366e-11
3.225361719271819906e-11
1.557605848689210395e-11
0.000000000000000000e+00
0.000000000000000000e+00
-1.599211549696341770e-11
-3.317063730164221501e-11
-5.168223437809113285e-11
-7.155121648729003600e-11
-9.223051066575031710e-11
-1.123645640025876648e-10
-1.297654594372389384e-10
-1.416340633167557674e-10
-1.450469591867331168e-10
-1.376655181100204100e-10
-1.185153094258677034e-10
-8.858018108930101062e-11
-5.093404825881748163e-11
-1.025482531096937817e-11
2.819260775265194395e-11
5.977349462772038483e-11
8.147142548643531369e-11
9.233137848330559234e-11
9.329302719531865974e-11
8.658937163790580435e-11
7.499512570786409665e-11
6.117332997094895505e-11
4.725407726052307970e-11
3.466365197206026993e-11
2.414693616786067028e-11
1.589703217209774131e-11
9.714522584968710972e-12
5.148232840774792887e-12
1.600440859558188785e-12
-1.600440859554617530e-12
-5.148232840777565234e-12
-9.714522584979179976e-12
-1.589703217210791305e-11
-2.414693616786361712e-11
-3.466365197206047673e-11
-4.725407726051920229e-11
-6.117332997094481914e-11
-7.499512570786037433e-11
-8.658937163790632134e-11
-9.329302719530707921e-11
-9.233137848332606506e-11
-8.147142548644027677e-11
-5.977349462773113817e-11
-2.819260775269619811e-11
1.025482531097227330e-11
5.093404825880879624e-11
8.858018108923814489e-11
1.185153094258271716e-10
1.376655181100663185e-10
1.450469591866851403e-10
1.416340633167332268e-10
1.297654594372426608e-10
1.123645640026197180e-10
9.223051066575879570e-11
7.155121648728042002e-11
5.168223437808513579e-11
3.317063730164446390e-11
1.599211549696020591e-11
0.000000000000000000e+00
0.000000000000000000e+00
-1.644724075353028784e-11
-3.417511236585588540e-11
-5.354653489359475120e-11
-7.477500035375617885e-11
-9.745546438405666010e-11
-1.202889419633835340e-10
-1.410064471140456500e-10
-1.565407938264584794e-10
-1.634953745301521870e-10
-1.588984186502521013e-10
-1.411090175152941134e-10
-1.106014859758496894e-10
-7.028841367212845531e-11
-2.513964203947152407e-11
1.888002499395646196e-11
5.621934119549187386e-11
8.298866252023007447e-11
9.762317079080221969e-11
1.008194231166454980e-10
9.490788746712410437e-11
8.298808829867426281e-11
6.813602723178582789e-11
5.286722945428838458e-11
3.889852106082508037e-11
2.715195831844006677e-11
1.789893530989057292e-11
1.094649192537137990e-11
5.803445902465545032e-12
1.804400385034196896e-12
-1.804400385038561405e-12
-5.803445902461725784e-12
-1.094649192535920484e-11
-1.789893530987879852e-11
-2.715195831843184666e-11
-3.889852106081903161e-11
-5.286722945428947026e-11
-6.813602723178613808e-11
-8.298808829866785216e-11
-9.490788746711335102e-11
-1.008194231166461184e-10
-9.762317079080428764e-11
-8.298866252023855307e-11
-5.621934119548277488e-11
-1.888002499401850050e-11
2.513964203950130257e-11
7.028841367207137985e-11
1.106014859759597044e-10
1.411090175153482937e-10
1.588984186502326625e-10
1.634953745302613749e-10
1.565407938265176228e-10
1.410064471140235229e-10
1.202889419633903583e-10
9.745546438406327755e-11
7.477500035376600162e-11
5.354653489359599197e-11
3.417511236586035734e-11
1.644724075352736686e-11
0.000000000000000000e+00
0.000000000000000000e+00
-1.694143326919091363e-11
-3.526736218718780650e-11
-5.558087950811877515e-11
-7.831006601878251700e-11
-1.032194342286613653e-10
-1.290934294421617957e-10
-1.536006757939442630e-10
-1.734037872820834124e-10
-1.845945807581430976e-10
-1.834821186701373915e-10
-1.676283241504752257e-10
-1.368485557581133811e-10
-9.377300200005851407e-11
-4.362174033832203706e-11
6.874198288561754325e-12
5.108558144498261496e-11
8.404398540906182318e-11
1.033902978893207479e-10
1.094640262400839384e-10
1.046665929241830581e-10
9.246859090407440979e-11
7.644519909736231745e-11
5.958887655292117265e-11
4.397970857030044787e-11
3.076204631092668194e-11
2.030609620375323581e-11
1.242882830723656524e-11
6.592139440505090113e-12
2.049956439587799670e-12
-2.049956439582549820e-12
-6.592139440510156594e-12
-1.242882830724921206e-11
-2.030609620376418303e-11
-3.076204631093632376e-11
-4.397970857029667386e-11
-5.958887655291445180e-11
-7.644519909735900873e-11
-9.246859090406438022e-11
-1.046665929241776814e-10
-1.094640262400696696e-10
-1.033902978893143373e-10
-8.404398540907340371e-11
-5.108558144504548069e-11
-6.874198288596082320e-12
4.362174033828894983e-11
9.377300200003990251e-11
1.368485557579950943e-10
1.676283241503465991e-10
1.834821186702172144e-10
1.845945807581402025e-10
1.734037872821011968e-10
1.536006757939192408e-10
1.290934294422515448e-10
1.032194342285478348e-10
7.831006601876866173e-11
5.558087950813635274e-11
3.526736218717488181e-11
1.694143326919106226e-11
0.000000000000000000e+00
0.000000000000000000e+00
-1.747456324474514903e-11
-3.644743469431223806e-11
-5.778695828224387689e-11
-8.216335289677356640e-11
-1.095421175612494042e-10
-1.388242034525429342e-10
-1.676429311859469134e-10
-1.923976064777743554e-10
-2.086360241945740201e-10
-2.118591672320898416e-10
-1.986837921927703033e-10
-1.680837981450471395e-10
-1.222438671723652325e-10
-6.655651455149286078e-11
-8.571705352851000540e-12
4.382419897127233805e-11
8.433463258571738253e-11
1.095681682915111578e-10
1.193491146129850356e-10
1.161010458191011719e-10
1.037135636356020848e-10
8.636571531941323082e-11
6.764236211118469859e-11
5.007960156101758782e-11
3.510133579764350698e-11
2.320225733048421857e-11
1.421363358438971804e-11
7.542241900396719403e-12
2.345836794692236665e-12
-2.345836794702031162e-12
-7.542241900395540024e-12
-1.421363358438186629e-11
-2.320225733047265097e-11
-3.510133579763991392e-11
-5.007960156101784631e-11
-6.764236211118180346e-11
-8.636571531940009933e-11
-1.037135636355900907e-10
-1.161010458190976563e-10
-1.193491146129871035e-10
-1.095681682915090898e-10
-8.433463258568636325e-11
-4.382419897123387416e-11
8.571705352831148206e-12
6.655651455148169384e-11
1.222438671722688659e-10
1.680837981449710388e-10
1.986837921926693872e-10
2.118591672320530321e-10
2.086360241945173583e-10
1.923976064777948281e-10
1.676429311859640774e-10
1.388242034524461541e-10
1.095421175613304679e-10
8.216335289674823399e-11
5.778695828226347073e-11
3.644743469431818343e-11
1.747456324473846050e-11
0.000000000000000000e+00
0.000000000000000000e+00
-1.804634535640644627e-11
-3.771504226952441504e-11
-6.016589749157499512e-11
-8.634102675558802089e-11
-1.164425306256388453e-10
-1.495278716490670861e-10
-1.832319962145413236e-10
-2.137091998432852900e-10
-2.359398496100152237e-10
-2.445278361744444287e-10
-2.349798476311498400e-10
-2.052084070003925743e-10
-1.567376096390604859e-10
-9.500530389230314592e-11
-2.840850099336600113e-11
3.371556491852535260e-11
8.344176773223358146e-11
1.160400848570813991e-10
1.306013211810456153e-10
1.294892372393606617e-10
1.170593875681735566e-10
9.822224720659027985e-11
7.730195057431597953e-11
5.740981381326508299e-11
4.032224656663527642e-11
2.669041717513886261e-11
1.636515383821499928e-11
8.688270926266168579e-12
2.702842324016737869e-12
-2.702842324017115109e-12
-8.688270926269028168e-12
-1.636515383821539995e-11
-2.669041717514073669e-11
-4.032224656663041673e-11
-5.740981381325737987e-11
-7.730195057431608293e-11
-9.822224720658769491e-11
-1.170593875681875153e-10
-1.294892372393492880e-10
-1.306013211810319668e-10
-1.160400848570567905e-10
-8.344176773223192710e-11
-3.371556491845504224e-11
2.840850099350165875e-11
9.500530389233209724e-11
1.567376096389488165e-10
2.052084070004699157e-10
2.349798476311969892e-10
2.445278361744262307e-10
2.359398496098828748e-10
2.137091998433690420e-10
1.832319962146033622e-10
1.495278716490993461e-10
1.164425306256696578e-10
8.634102675555731181e-11
6.016589749159112515e-11
3.771504226952312257e-11
1.804634535640864994e-11
0.000000000000000000e+00
0.000000000000000000e+00
-1.865631175265846347e-11
-3.906949675780918196e-11
-6.271811535716355564e-11
-9.084817795226508382e-11
-1.239384326986559904e-10
-1.612504978798839679e-10
-2.004692564091612360e-10
-2.375364214286004387e-10
-2.668544434896645827e-10
-2.820450178655485423e-10
-2.773246745812723553e-10
-2.492834065544613417e-10
-1.985063451367173662e-10
-1.302834155202611417e-10
-5.384639319856807177e-11
1.981491147369537429e-11
8.078833303158995030e-11
1.226124364743659423e-10
1.433445151308676194e-10
1.451576118123300226e-10
1.329144361054498744e-10
1.124127294558890605e-10
8.890420357559290636e-11
6.622976338471719139e-11
4.661164543633073638e-11
3.089711973271311203e-11
1.896257930240021092e-11
1.007289852829770655e-11
3.134347451299417146e-12
-3.134347451292869172e-12
-1.007289852829903133e-11
-1.896257930240859905e-11
-3.089711973271719623e-11
-4.661164543633753477e-11
-6.622976338472050012e-11
-8.890420357559156219e-11
-1.124127294558876130e-10
-1.329144361054298153e-10
-1.451576118123089295e-10
-1.433445151308682398e-10
-1.226124364743498123e-10
-8.078833303162510548e-11
-1.981491147371067713e-11
5.384639319843696364e-11
1.302834155203504772e-10
1.985063451366350617e-10
2.492834065544787124e-10
2.773246745813273628e-10
2.820450178655410977e-10
2.668544434896381129e-10
2.375364214285352982e-10
2.004692564091608224e-10
1.612504978799058882e-10
1.239384326986830806e-10
9.084817795227221825e-11
6.271811535715792047e-11
3.906949675782332158e-11
1.865631175266143615e-11
0.000000000000000000e+00
0.000000000000000000e+00
-1.930378521184016770e-11
-4.050964416658903026e-11
-6.544317325281986879e-11
-9.568850039447234766e-11
-1.320456913834833613e-10
-1.740364795654071494e-10
-2.194569868995275245e-10
-2.640859706674422162e-10
-3.017551213402945767e-10
-3.250282462180379301e-10
-3.266399846653866823e-10
-3.015527097256902964e-10
-2.490584883708996928e-10
-1.740188245880266484e-10
-8.642540475120742276e-11
8.818566016960757827e-13
7.558153507228625372e-11
1.289791166060704110e-10
1.576876415066295933e-10
1.634867687273246269e-10
1.517738123353705435e-10
1.294245094181368423e-10
1.028615088491262430e-10
7.685674280947700861e-11
5.419806843715978422e-11
3.597754425266499885e-11
2.210342792974099262e-11
1.174887127962179425e-11
3.656918997415085183e-12
-3.656918997422142068e-12
-1.174887127961688933e-11
-2.210342792972903727e-11
-3.597754425265703724e-11
-5.419806843715663060e-11
-7.685674280947871467e-11
-1.028615088491237614e-10
-1.294245094181400477e-10
-1.517738123353651668e-10
-1.634867687273194570e-10
-1.576876415066291797e-10
-1.289791166061034982e-10
-7.558153507228914885e-11
-8.818566017163417077e-13
8.642540475126532541e-11
1.740188245880903413e-10
2.490584883709811701e-10
3.015527097257448903e-10
3.266399846653734474e-10
3.250282462180916969e-10
3.017551213401452706e-10
2.640859706674236046e-10
2.194569868995475836e-10
1.740364795654174892e-10
1.320456913834364188e-10
9.568850039448227383e-11
6.544317325282912287e-11
4.050964416658877176e-11
1.930378521184562839e-11
0.000000000000000000e+00
0.000000000000000000e+00
-1.998785295165113973e-11
-4.203380017830103527e-11
-6.833962451351138112e-11
-1.008639545395316525e-10
-1.407775921232196256e-10
-1.879272730610869394e-10
-2.402962909137381398e-10
-2.935706538387475794e-10
-3.410417275610885141e-10
-3.741564214304654101e-10
-3.839701094358741366e-10
-3.634678186183271305e-10
-3.102057834238069783e-10
-2.282235234135674160e-10
-1.281047231533505694e-10
-2.471244293077424265e-11
6.673418167526019642e-11
1.346704024635573125e-10
1.737045976976967736e-10
1.849156765501588897e-10
1.742361303397974587e-10
1.498532837633091571e-10
1.196777528187296590e-10
8.967737806185829102e-11
6.335992835149715214e-11
4.212140436200801002e-11
2.590757382092881274e-11
1.378134524716219790e-11
4.291076809508396004e-12
-4.291076809504095311e-12
-1.378134524716605592e-11
-2.590757382093696823e-11
-4.212140436201144799e-11
-6.335992835150056426e-11
-8.967737806185906650e-11
-1.196777528187363798e-10
-1.498532837633020226e-10
-1.742361303397773995e-10
-1.849156765501216666e-10
-1.737045976976849863e-10
-1.346704024634832798e-10
-6.673418167517210168e-11
2.471244293080029884e-11
1.281047231532182205e-10
2.282235234136480662e-10
3.102057834237544523e-10
3.634678186181468051e-10
3.839701094358633832e-10
3.741564214304021308e-10
3.410417275612171407e-10
2.935706538387438570e-10
2.402962909136980216e-10
1.879272730611038966e-10
1.407775921232281042e-10
1.008639545395206923e-10
6.833962451353526596e-11
4.203380017829917411e-11
1.998785295165540488e-11
0.000000000000000000e+00
0.000000000000000000e+00
-2.070734161764002946e-11
-4.363968770522968272e-11
-7.140486332357098313e-11
-1.063744187512746626e-10
-1.501440974343836537e-10
-2.029599678704387754e-10
-2.630846662864688050e-10
-3.262058715928693011e-10
-3.851348946947768493e-10
-4.301687325498209472e-10
-4.504896680469531002e-10
-4.367134999570930182e-10
-3.841167758636215570e-10
-2.953796380123597616e-10
-1.813757352211088657e-10
-5.910763396719937513e-11
5.275686787288070141e-11
1.389793684272088704e-10
1.914016128319325643e-10
2.099422802891257049e-10
2.010216607816610148e-10
1.744245298955147017e-10
1.399657415269125763e-10
1.051600228296018752e-10
7.443438268091251826e-11
4.955952492174138424e-11
3.052191946504175897e-11
1.625067357144210949e-11
5.062214696354017659e-12
-5.062214696359541351e-12
-1.625067357144634879e-11
-3.052191946504588195e-11
-4.955952492174939755e-11
-7.443438268091468961e-11
-1.051600228296002209e-10
-1.399657415268990312e-10
-1.744245298955175968e-10
-2.010216607816467460e-10
-2.099422802891430756e-10
-1.914016128318914121e-10
-1.389793684271840549e-10
-5.275686787289517707e-11
5.910763396709804551e-11
1.813757352211183783e-10
2.953796380121930847e-10
3.841167758636666383e-10
4.367134999572555592e-10
4.504896680469899097e-10
4.301687325499408884e-10
3.851348946947102612e-10
3.262058715928953573e-10
2.630846662863345949e-10
2.029599678704640044e-10
1.501440974342742591e-10
1.063744187513259478e-10
7.140486332357625641e-11
4.363968770522826100e-11
2.070734161764386809e-11
0.000000000000000000e+00
0.000000000000000000e+00
-2.146079400765073138e-11
-4.532437781236789337e-11
-7.463497651227327165e-11
-1.122173344069938772e-10
-1.601510640979598506e-10
-2.191657163962287802e-10
-2.879131860105048398e-10
-3.622052452583150092e-10
-4.344706947218612886e-10
-4.938611843049013067e-10
-5.275088288895854361e-10
-5.232333668582679245e-10
-4.733765151283595699e-10
-3.785424447774973607e-10
-2.494044894145764989e-10
-1.051153093445732456e-10
3.160994556485198638e-11
1.408557584810858783e-10
2.106651122888327327e-10
2.391167921994003202e-10
2.329901846087728689e-10
2.040163707961516673e-10
1.644652386386467697e-10
1.238669877976899760e-10
8.782607706046511836e-11
5.857070733985975506e-11
3.612559842764378250e-11
1.925564736797046926e-11
6.001692559776622046e-12
-6.001692559773531428e-12
-1.925564736796415554e-11
-3.612559842763840583e-11
-5.857070733985324102e-11
-8.782607706046077567e-11
-1.238669877976833585e-10
-1.644652386386536973e-10
-2.040163707961405003e-10
-2.329901846087958232e-10
-2.391167921994174842e-10
-2.106651122888707830e-10
-1.408557584810362474e-10
-3.160994556485446792e-11
1.051153093444930091e-10
2.494044894144623480e-10
3.785424447775151451e-10
4.733765151283810766e-10
5.232333668583008049e-10
5.275088288896207980e-10
4.938611843049141280e-10
4.344706947216228537e-10
3.622052452583245218e-10
2.879131860104945001e-10
2.191657163960964313e-10
1.601510640978686540e-10
1.122173344070379246e-10
7.463497651223361868e-11
4.532437781238482472e-11
2.146079400764733219e-11
0.000000000000000000e+00
0.000000000000000000e+00
-2.224644811129083007e-11
-4.708423541354357305e-11
-7.802460141443389392e-11
-1.183873512422410510e-10
-1.707994295527540037e-10
-2.365680328091961987e-10
-3.148632916014639149e-10
-4.017753103317648000e-10
-4.894934126371244022e-10
-5.660800530941979031e-10
-6.164749173390714723e-10
-6.252537709771442484e-10
-5.810516321186761046e-10
-4.814621981982194612e-10
-3.362103263887292530e-10
-1.664310063916272003e-10
5.000032411704852674e-13
1.387526587472345711e-10
2.311792366798595080e-10
2.730213602377815596e-10
2.711551749335958376e-10
2.396814072860562046e-10
1.940591638219328380e-10
1.464643539301940701e-10
1.040141547136135145e-10
6.948801917588484589e-11
4.293537715185270154e-11
2.291711212727950569e-11
7.148092906277165240e-12
-7.148092906276604631e-12
-2.291711212728220695e-11
-4.293537715185488581e-11
-6.948801917588432891e-11
-1.040141547136129458e-10
-1.464643539301945871e-10
-1.940591638219282885e-10
-2.396814072860566182e-10
-2.711551749335662659e-10
-2.730213602377590189e-10
-2.311792366798967312e-10
-1.387526587472870971e-10
-5.000032412838090113e-13
1.664310063916921340e-10
3.362103263890334487e-10
4.814621981983340257e-10
5.810516321189041996e-10
6.252537709774877351e-10
6.164749173391217235e-10
5.660800530944092477e-10
4.894934126372739151e-10
4.017753103319093498e-10
3.148632916015662785e-10
2.365680328094197443e-10
1.707994295528582284e-10
1.183873512421739460e-10
7.802460141445845084e-11
4.708423541352609886e-11
2.224644811129596764e-11
0.000000000000000000e+00
0.000000000000000000e+00
-2.306221905594003781e-11
-4.891487120336865089e-11
-8.156679324950291403e-11
-1.248759805057010733e-10
-1.820843819189575118e-10
-2.551809825046526063e-10
-3.440032141492310939e-10
-4.451092299625281072e-10
-5.506461866282705215e-10
-6.477115319448912735e-10
-7.189688326928056367e-10
-7.453037404026202514e-10
-7.107589729914696271e-10
-6.087260661045096352e-10
-4.468883188928777452e-10
-2.479125107371352188e-10
-4.440015976284717470e-11
1.304046535868339291e-10
2.522963544488136206e-10
3.122256158497652017e-10
3.166879886100867723e-10
2.826626013050206587e-10
2.297831990588515729e-10
1.737251281420456352e-10
1.235544639326611336e-10
8.270275389221341225e-11
5.121046979037938852e-11
2.738168866497088084e-11
8.548583702790167879e-12
-8.548583702796242487e-12
-2.738168866497194067e-11
-5.121046979037782464e-11
-8.270275389221253337e-11
-1.235544639326623744e-10
-1.737251281420422231e-10
-2.297831990588549850e-10
-2.826626013049991520e-10
-3.166879886100505832e-10
-3.122256158497606522e-10
-2.522963544487826013e-10
-1.304046535868703251e-10
4.440015976291458992e-11
2.479125107370218951e-10
4.468883188926877004e-10
6.087260661044023085e-10
7.107589729912533194e-10
7.453037404025464255e-10
7.189688326926792848e-10
6.477115319449386296e-10
5.506461866280922641e-10
4.451092299625638828e-10
3.440032141491824970e-10
2.551809825046960332e-10
1.820843819189869801e-10
1.248759805057029344e-10
8.156679324950870429e-11
4.891487120337387246e-11
2.306221905593888105e-11
0.000000000000000000e+00
0.000000000000000000e+00
-2.390568455146418378e-11
-5.081110131903855962e-11
-8.525290571446149205e-11
-1.316712645156214083e-10
-1.939945313417503215e-10
-2.750072923007718432e-10
-3.753840574048255616e-10
-4.923795155361434420e-10
-6.183592949393843965e-10
-7.396667892897477374e-10
-8.366944455833045894e-10
-8.862278840968334774e-10
-8.667345906729506567e-10
-7.659202383094865484e-10
-5.878837203243336588e-10
-3.559439590837483455e-10
-1.083368440036311401e-10
1.125065070886206033e-10
2.728350306354724568e-10
3.572009287371001115e-10
3.709008855315834270e-10
3.343941717934581445e-10
2.728201954166232001e-10
2.065181485158023958e-10
1.470713918939643552e-10
9.866271059819225423e-11
6.125510370567792716e-11
3.282492031080939229e-11
1.026021363350330525e-11
-1.026021363350384971e-11
-3.282492031081168643e-11
-6.125510370567433409e-11
-9.866271059818336204e-11
-1.470713918939610982e-10
-2.065181485158038434e-10
-2.728201954166279564e-10
-3.343941717934833735e-10
-3.709008855316125851e-10
-3.572009287371129328e-10
-2.728350306355105071e-10
-1.125065070885304406e-10
1.083368440037070339e-10
3.559439590836050365e-10
5.878837203245441763e-10
7.659202383095431069e-10
8.667345906727639207e-10
8.862278840968640831e-10
8.366944455832719157e-10
7.396667892897382248e-10
6.183592949393829489e-10
4.923795155361434420e-10
3.753840574047949559e-10
2.750072923007036008e-10
1.939945313417308827e-10
1.316712645156411573e-10
8.525290571446743741e-11
5.081110131905536173e-11
2.390568455145938871e-11
0.000000000000000000e+00
0.000000000000000000e+00
-2.477407441353547483e-11
-5.276691622275324350e-11
-8.907248866202782274e-11
-1.387574721093472109e-10
-2.065111035438076791e-10
-2.960364207949291709e-10
-4.090355998111893141e-10
-5.437297863676177390e-10
-6.930359320644378570e-10
-8.428616782592902810e-10
-9.714588844376116576e-10
-1.051188238913495767e-09
-1.053898003025298561e-09
-9.598101199503571014e-10
-7.673264206507953615e-10
-4.989098034484195297e-10
-1.985051925496816131e-10
8.024749804043729048e-11
2.907664570916325201e-10
4.081657161962178200e-10
4.351898725651359488e-10
3.964717624070419807e-10
3.244644700053178330e-10
2.457696215827319677e-10
1.752295669675246702e-10
1.178587181324953515e-10
7.341563680762058734e-11
3.945243455567405990e-11
1.235075340308072595e-11
-1.235075340308178254e-11
-3.945243455568207967e-11
-7.341563680763710510e-11
-1.178587181325172201e-10
-1.752295669675219302e-10
-2.457696215827220415e-10
-3.244644700053204179e-10
-3.964717624069909023e-10
-4.351898725651063771e-10
-4.081657161961721182e-10
-2.907664570916190784e-10
-8.024749804046355346e-11
1.985051925492037095e-10
4.989098034483985400e-10
7.673264206506888619e-10
9.598101199502783124e-10
1.053898003025122371e-09
1.051188238913445516e-09
9.714588844374724845e-10
8.428616782589691281e-10
6.930359320647943718e-10
5.437297863675732780e-10
4.090355998110993582e-10
2.960364207950321549e-10
2.065111035437821399e-10
1.387574721093387322e-10
8.907248866201463955e-11
5.276691622276293702e-11
2.477407441353211440e-11
0.000000000000000000e+00
0.000000000000000000e+00
-2.566426471808357196e-11
-5.477546025773943005e-11
-9.301320681849575872e-11
-1.461148302092035248e-10
-2.196071794408161660e-10
-3.182426377171619413e-10
-4.449618975213794207e-10
-5.992656561832356683e-10
-7.750354108301269973e-10
-9.581904107139715813e-10
-1.125141431568938557e-09
-1.243650008636969910e-09
-1.277904141307302026e-09
-1.198533040801278996e-09
-9.954317689016877498e-10
-6.878073913091267271e-10
-3.247761120779943106e-10
2.663653952976541623e-11
3.027300184915404421e-10
4.648179189280271680e-10
5.109061813056001540e-10
4.705656639379914793e-10
3.860310726396609993e-10
2.923751856890285598e-10
2.086686886257202901e-10
1.407886840335977780e-10
8.806637612088850563e-11
4.749643650072878360e-11
1.489832878904058683e-11
-1.489832878904944671e-11
-4.749643650073065768e-11
-8.806637612089858689e-11
-1.407886840336076525e-10
-2.086686886257460361e-10
-2.923751856890435524e-10
-3.860310726396210878e-10
-4.705656639380442121e-10
-5.109061813056266238e-10
-4.648179189282395466e-10
-3.027300184916081675e-10
-2.663653952978149455e-11
3.247761120783961135e-10
6.878073913092117199e-10
9.954317689021021673e-10
1.198533040801338760e-09
1.277904141307912692e-09
1.243650008636986246e-09
1.125141431569123432e-09
9.581904107140342402e-10
7.750354108299967163e-10
5.992656561833065990e-10
4.449618975214784756e-10
3.182426377168707737e-10
2.196071794410503615e-10
1.461148302091406590e-10
9.301320681854130535e-11
5.477546025770073351e-11
2.566426471810246787e-11
0.000000000000000000e+00
0.000000000000000000e+00
-2.657277709640360826e-11
-5.682902324979813802e-11
-9.706078347869434969e-11
-1.537193022143838481e-10
-2.332470072455181466e-10
-3.415831702944440696e-10
-4.831367972619594445e-10
-6.590448997525655064e-10
-8.646538553131830039e-10
-1.086492673030918124e-09
-1.299648696370279312e-09
-1.467345132007563338e-09
-1.545172309820296979e-09
-1.491792620390976184e-09
-1.284969980914423221e-09
-9.370308163381627824e-10
-5.006904915979042519e-10
-5.847538892289651311e-11
3.032879997868674827e-10
5.258858958208479712e-10
5.991068722629758291e-10
5.582353679001313740e-10
4.586699005186072940e-10
3.470260514687987356e-10
2.478729859646497621e-10
1.678802428373057850e-10
1.055733924935477010e-10
5.720247696286348922e-11
1.798839759886890139e-11
-1.798839759886664603e-11
-5.720247696286460075e-11
-1.055733924935275902e-10
-1.678802428372807628e-10
-2.478729859646364238e-10
-3.470260514687698877e-10
-4.586699005186396574e-10
-5.582353679001137964e-10
-5.991068722629954746e-10
-5.258858958208423877e-10
-3.032879997869923353e-10
5.847538892283344059e-11
5.006904915977009722e-10
9.370308163390044387e-10
1.284969980914000945e-09
1.491792620390522268e-09
1.545172309820271337e-09
1.467345132007706854e-09
1.299648696370034673e-09
1.086492673031708908e-09
8.646538553130113639e-10
6.590448997522274997e-10
4.831367972620531227e-10
3.415831702946030950e-10
2.332470072452861224e-10
1.537193022145274673e-10
9.706078347867801288e-11
5.682902324981912773e-11
2.657277709641657819e-11
0.000000000000000000e+00
0.000000000000000000e+00
-2.749578362025695310e-11
-5.891904540329697392e-11
-1.011989729752715053e-10
-1.615424241279757449e-10
-2.473854154385671875e-10
-3.659964830168057720e-10
-5.234994951905818196e-10
-7.230671269805211047e-10
-9.621026134483584594e-10
-1.228513926508040151e-09
-1.496853886652566133e-09
-1.726206775889759911e-09
-1.862877845019718226e-09
-1.851036307290965453e-09
-1.651798129471314715e-09
-1.265359972328056338e-09
-7.448121039595558933e-10
-1.898096312757432828e-10
2.837830979122137963e-10
5.883911793317033665e-10
7.001086235322051754e-10
6.605825905961182202e-10
5.430232685114939063e-10
4.098910385509646471e-10
2.929273195868062694e-10
1.993383023184247751e-10
1.262162909099927611e-10
6.879666145604662024e-11
2.170519441719687818e-11
-2.170519441719796386e-11
-6.879666145603792192e-11
-1.262162909099778719e-10
-1.993383023184099375e-10
-2.929273195867817125e-10
-4.098910385509701272e-10
-5.430232685114838768e-10
-6.605825905960952659e-10
-7.001086235321605076e-10
-5.883911793315586099e-10
-2.837830979119484781e-10
1.898096312759674487e-10
7.448121039595620972e-10
1.265359972327549276e-09
1.651798129471571141e-09
1.851036307291428261e-09
1.862877845019388181e-09
1.726206775889765081e-09
1.496853886653188587e-09
1.228513926506853974e-09
9.621026134484486221e-10
7.230671269802924926e-10
5.234994951905976394e-10
3.659964830167677217e-10
2.473854154386250901e-10
1.615424241279800876e-10
1.011989729753262026e-10
5.891904540328534169e-11
2.749578362026450759e-11
0.000000000000000000e+00
0.000000000000000000e+00
-2.842911765019682879e-11
-6.103613656749568189e-11
-1.054095654504857430e-10
-1.695512091668179975e-10
-2.619673561585097514e-10
-3.914007641270186127e-10
-5.659503041220772427e-10
-7.912632709942074070e-10
-1.067484815463515788e-09
-1.384859017388046202e-09
-1.718518436754459524e-09
-2.024267407848805894e-09
-2.238888280044257161e-09
-2.289587239849190353e-09
-2.115434201585385631e-09
-1.697184007016890583e-09
-1.082554697885297046e-09
-3.887024651130311616e-10
2.305919537344391499e-10
6.464588309544271692e-10
8.127320765709336335e-10
7.776546679149420815e-10
6.386401145219162562e-10
4.800670166558586468e-10
3.430819073528623392e-10
2.348582194265950750e-10
1.500302887408236894e-10
8.241393824406373825e-11
2.611183700139948764e-11
-2.611183700141117802e-11
-8.241393824408306067e-11
-1.500302887408627995e-10
-2.348582194266344178e-10
-3.430819073528857588e-10
-4.800670166558402420e-10
-6.386401145219189445e-10
-7.776546679149165423e-10
-8.127320765708527766e-10
-6.464588309544638754e-10
-2.305919537344805089e-10
3.887024651133463175e-10
1.082554697885327652e-09
1.697184007017061809e-09
2.115434201585535351e-09
2.289587239849124179e-09
2.238888280044564872e-09
2.024267407848505628e-09
1.718518436754719052e-09
1.384859017388402096e-09
1.067484815463152036e-09
7.912632709943148371e-10
5.659503041218834757e-10
3.914007641271196321e-10
2.619673561584637395e-10
1.695512091668184111e-10
1.054095654504530176e-10
6.103613656751589611e-11
2.842911765018002022e-11
0.000000000000000000e+00
0.000000000000000000e+00
-2.936829092586415089e-11
-6.317011073742784438e-11
-1.096724270427138811e-10
-1.777081310577293354e-10
-2.769276087066883236e-10
-4.176926970672388562e-10
-6.103468148256766952e-10
-8.634852769348900446e-10
-1.180770728892346422e-09
-1.555939724907036294e-09
-1.966195044521288913e-09
-2.365513349405295878e-09
-2.681622253232914639e-09
-2.822688395220384785e-09
-2.699629084824940118e-09
-2.263971710451809728e-09
-1.548622024919694202e-09
-6.860466240274737069e-10
1.224597538787255089e-10
6.894214082049603317e-10
9.330742948528534291e-10
9.074866444950808703e-10
7.430391139324089972e-10
5.546795175449489560e-10
3.960079616904729026e-10
2.731053811499735742e-10
1.765002912267524925e-10
9.795044045478429216e-11
3.120769826789873664e-11
-3.120769826789644251e-11
-9.795044045477428845e-11
-1.765002912267382236e-10
-2.731053811499796746e-10
-3.960079616904476736e-10
-5.546795175449249677e-10
-7.430391139323628819e-10
-9.074866444950699102e-10
-9.330742948529249802e-10
-6.894214082050351915e-10
-1.224597538788115357e-10
6.860466240270783146e-10
1.548622024919639609e-09
2.263971710451803111e-09
2.699629084824766410e-09
2.822688395220348389e-09
2.681622253232697918e-09
2.365513349405492747e-09
1.966195044520951010e-09
1.555939724907108673e-09
1.180770728892367929e-09
8.634852769348866325e-10
6.103468148257281871e-10
4.176926970671545872e-10
2.769276087066742615e-10
1.777081310577117578e-10
1.096724270427358014e-10
6.317011073741264494e-11
2.936829092587001870e-11
0.000000000000000000e+00
0.000000000000000000e+00
-3.030851706894134884e-11
-6.531003638632387417e-11
-1.139655780499213210e-10
-1.859711952195359869e-10
-2.921906718891725593e-10
-4.447465972427230798e-10
-6.565006554455441686e-10
-9.394964539798624897e-10
-1.301772801912280696e-09
-1.741917493950970608e-09
-2.241112371940386569e-09
-2.753689969666498459e-09
-3.199807069049628116e-09
-3.467401741305157558e-09
-3.432856563599361925e-09
-3.005963106751610685e-09
-2.190212373698856022e-09
-1.126508640902630043e-09
-7.356707525830543061e-11
6.988177795539357282e-10
1.052577262856202019e-09
1.044660028752538346e-09
8.503171150062931763e-10
6.275025220404189397e-10
4.465885271792800647e-10
3.108091594949368211e-10
2.039912651498959431e-10
1.147733826335290707e-10
3.684201599197720056e-11
-3.684201599197619243e-11
-1.147733826335367609e-10
-2.039912651499004409e-10
-3.108091594949077147e-10
-4.465885271792364827e-10
-6.275025220403884374e-10
-8.503171150063448751e-10
-1.044660028752534624e-09
-1.052577262856022935e-09
-6.988177795539754329e-10
7.356707525825083669e-11
1.126508640902972496e-09
2.190212373698710439e-09
3.005963106751675205e-09
3.432856563599580301e-09
3.467401741304828340e-09
3.199807069049661203e-09
2.753689969665915297e-09
2.241112371940521400e-09
1.741917493950766295e-09
1.301772801912438895e-09
9.394964539797342767e-10
6.565006554456456016e-10
4.447465972426971270e-10
2.921906718892006834e-10
1.859711952195289559e-10
1.139655780499280935e-10
6.531003638631723088e-11
3.030851706894346202e-11
0.000000000000000000e+00
0.000000000000000000e+00
-3.124474154450008791e-11
-6.744430292844919793e-11
-1.182653109287830936e-10
-1.942941055915337550e-10
-3.076708716016153106e-10
-4.724139933073610302e-10
-7.041750642404976309e-10
-1.018963018029022963e-09
-1.430121528231772412e-09
-1.942643309299599173e-09
-2.544043296650802830e-09
-3.192054247325857909e-09
-3.802110999395319933e-09
-4.242289919868524909e-09
-4.348591340149505810e-09
-3.973982066273092545e-09
-3.071120589356905518e-09
-1.774531575258164887e-09
-4.083560636920936251e-10
6.436423745189700664e-10
1.155050902906070713e-09
1.178274269916342367e-09
9.492643608389012158e-10
6.870115077850460599e-10
4.850834455852775216e-10
3.412678169894979870e-10
2.287370524317771203e-10
1.311788625687346818e-10
4.254802667379684328e-11
-4.254802667379889831e-11
-1.311788625687314506e-10
-2.287370524317603957e-10
-3.412678169894467535e-10
-4.850834455852288214e-10
-6.870115077850274484e-10
-9.492643608388226336e-10
-1.178274269916270816e-09
-1.155050902906111245e-09
-6.436423745186474659e-10
4.083560636921879237e-10
1.774531575257589169e-09
3.071120589357299256e-09
3.973982066273264598e-09
4.348591340149346991e-09
4.242289919869673035e-09
3.802110999394365366e-09
3.192054247325538617e-09
2.544043296649817658e-09
1.942643309300138494e-09
1.430121528231222337e-09
1.018963018029208872e-09
7.041750642402849421e-10
4.724139933073511040e-10
3.076708716015787079e-10
1.942941055916015838e-10
1.182653109287408556e-10
6.744430292847109236e-11
3.124474154449717340e-11
0.000000000000000000e+00
0.000000000000000000e+00
-3.217167799307169973e-11
-6.956070326618508167e-11
-1.225463491630871737e-10
-2.026265329585005921e-10
-3.232727063595917073e-10
-5.005237271896781821e-10
-7.530834925588520866e-10
-1.101447399505136050e-09
-1.565243488457363062e-09
-2.157597428670367138e-09
-2.875160638554119084e-09
-3.683075511416131264e-09
-4.496630558884344309e-09
-5.166797007096264043e-09
-5.485182008460364522e-09
-5.231139892481267955e-09
-4.276778470763648384e-09
-2.722772590949553150e-09
-9.602068066586812494e-10
4.727621366139576163e-10
1.212101917019721455e-09
1.289279716920872605e-09
1.021122088473794994e-09
7.139508082194249621e-10
4.945954444089710811e-10
3.520492395455344241e-10
2.431486581137369943e-10
1.434356476158212825e-10
4.724297923587831026e-11
-4.724297923582880867e-11
-1.434356476157574345e-10
-2.431486581136784195e-10
-3.520492395454705244e-10
-4.945954444089605346e-10
-7.139508082193503090e-10
-1.021122088473698214e-09
-1.289279716920904037e-09
-1.212101917019895163e-09
-4.727621366140287539e-10
9.602068066589492559e-10
2.722772590949685499e-09
4.276778470764042122e-09
5.231139892481029727e-09
5.485182008461247951e-09
5.166797007095522889e-09
4.496630558885740590e-09
3.683075511415902962e-09
2.875160638554479735e-09
2.157597428669720283e-09
1.565243488457428823e-09
1.101447399504517319e-09
7.530834925585505793e-10
5.005237271892358473e-10
3.232727063595927413e-10
2.026265329584621282e-10
1.225463491630933776e-10
6.956070326616398856e-11
3.217167799307310206e-11
0.000000000000000000e+00
0.000000000000000000e+00
-3.308385069965659104e-11
-7.164653200957740167e-11
-1.267820470736234169e-10
-2.109144883009124914e-10
-3.388914483014125318e-10
-5.288826379524466511e-10
-8.028894453733936861e-10
-1.186403911963992509e-09
-1.706343102105010545e-09
-2.385832437430192545e-09
-3.233886638762176957e-09
-4.228090820496618104e-09
-5.290222376935700954e-09
-6.260244388920745813e-09
-6.885058617873090610e-09
-6.853995485294336667e-09
-5.920032591448126938e-09
-4.103701940751143030e-09
-1.849439766373986560e-09
1.026098229968145044e-10
1.175962272555012144e-09
1.347167211907034081e-09
1.037442300378399558e-09
6.788683631874601383e-10
4.480505863035836427e-10
3.217849761811819991e-10
2.331911993157131510e-10
1.442134141365189532e-10
4.872228811918193077e-11
-4.872228811909058547e-11
-1.442134141364330556e-10
-2.331911993156575748e-10
-3.217849761811345396e-10
-4.480505863034885170e-10
-6.788683631873612902e-10
-1.037442300378423546e-09
-1.347167211907027464e-09
-1.175962272554805349e-09
-1.026098229970295714e-10
1.849439766373258641e-09
4.103701940751195970e-09
5.920032591448153407e-09
6.853995485293747715e-09
6.885058617872263430e-09
6.260244388920583685e-09
5.290222376935545444e-09
4.228090820496417927e-09
3.233886638762033855e-09
2.385832437431143803e-09
1.706343102104386644e-09
1.186403911963954252e-09
8.028894453735717368e-10
5.288826379528556919e-10
3.388914483016125027e-10
2.109144883009640868e-10
1.267820470736197980e-10
7.164653200958869786e-11
3.308385069964447413e-11
0.000000000000000000e+00
0.000000000000000000e+00
-3.397564281510261881e-11
-7.368869857418462167e-11
-1.309446295722711733e-10
-2.191008020060510159e-10
-3.544140106199906829e-10
-5.572768809973396478e-10
-8.532077446964537474e-10
-1.273177364749160881e-09
-1.852389736650802083e-09
-2.625923738358791442e-09
-3.618744960016162722e-09
-4.826928527249281044e-09
-6.187684574835929231e-09
-7.540375058495841010e-09
-8.592964318522979145e-09
-8.932454893640613544e-09
-8.146946587978319075e-09
-6.104915101945739046e-09
-3.260648837464610470e-09
-6.032321882634983230e-10
9.676356835703373115e-10
1.305864287459769863e-09
9.589559170744766070e-10
5.407172799574722165e-10
3.055619527544147927e-10
2.163819015750186988e-10
1.747530172363401002e-10
1.202396316242971869e-10
4.288271579517629188e-11
-4.288271579511545533e-11
-1.202396316242315811e-10
-1.747530172362553142e-10
-2.163819015749428050e-10
-3.055619527543519270e-10
-5.407172799573853625e-10
-9.589559170744203587e-10
-1.305864287459720232e-09
-9.676356835704200295e-10
6.032321882635711149e-10
3.260648837465153101e-09
6.104915101945540522e-09
8.146946587977141170e-09
8.932454893641156175e-09
8.592964318522502689e-09
7.540375058495999828e-09
6.187684574834453541e-09
4.826928527248940245e-09
3.618744960015921185e-09
2.625923738358390259e-09
1.852389736651222291e-09
1.273177364750099317e-09
8.532077446964174549e-10
5.572768809972802976e-10
3.544140106199682457e-10
2.191008020060283202e-10
1.309446295722792383e-10
7.368869857417115414e-11
3.397564281510581767e-11
0.000000000000000000e+00
0.000000000000000000e+00
-3.484134979296055390e-11
-7.567385396338691551e-11
-1.350054697511957200e-10
-2.271257066642630592e-10
-3.697200847948523915e-10
-5.854739157050224894e-10
-9.036073666535007430e-10
-1.361005150272002362e-09
-2.002111838293120823e-09
-2.875932061927583210e-09
-4.027226324433450790e-09
-5.477521735151529042e-09
-7.190813539493278213e-09
-9.021420232451556176e-09
-1.065290337177816102e-08
-1.156737439487007782e-08
-1.114098653147649636e-08
-8.987855710788959221e-09
-5.476018276273349578e-09
-1.868584074631571511e-09
4.557797690695333364e-10
1.097793521758952584e-09
7.366537686273462757e-10
2.484614613681737713e-10
1.431537492326429743e-11
-1.384622209241128627e-11
2.968335688752420702e-11
4.939364411907195795e-11
2.271326999885906490e-11
-2.271326999875990663e-11
-4.939364411896866377e-11
-2.968335688742639291e-11
1.384622209251178872e-11
-1.431537492316338140e-11
-2.484614613680927076e-10
-7.366537686273380039e-10
-1.097793521758893027e-09
-4.557797690690634978e-10
1.868584074632001645e-09
5.476018276273680450e-09
8.987855710789157744e-09
1.114098653147811102e-08
1.156737439486916461e-08
1.065290337177741324e-08
9.021420232451119425e-09
7.190813539493589233e-09
5.477521735150533117e-09
4.027226324433963642e-09
2.875932061927585691e-09
2.002111838293088149e-09
1.361005150271963070e-09
9.036073666535777742e-10
5.854739157050942473e-10
3.697200847948351241e-10
2.271257066642769662e-10
1.350054697511908086e-10
7.567385396339593694e-11
3.484134979295588808e-11
0.000000000000000000e+00
0.000000000000000000e+00
-3.567523736817413897e-11
-7.758852957464845686e-11
-1.389354012268061143e-10
-2.349275175150316182e-10
-3.846835428067099596e-10
-6.132251718471467840e-10
-9.536159544375979722e-10
-1.449023244570792841e-09
-2.153999637715155358e-09
-3.133382805604679134e-09
-4.455680742468385169e-09
-6.175541823880119997e-09
-8.297387807739379069e-09
-1.071172645007187196e-08
-1.310359489594840416e-08
-1.486460926132342077e-08
-1.512253571336298539e-08
-1.310731381385776039e-08
-8.922915662297949243e-09
-4.063484740046833037e-09
-5.837327545644128714e-10
6.219998872039349857e-10
3.154849244481242742e-10
-2.520571651121534303e-10
-4.848093079185126207e-10
-4.317263235539280066e-10
-2.554229575219466782e-10
-1.011743241198363046e-10
-2.247919456971873035e-11
2.247919456987124178e-11
1.011743241199705146e-10
2.554229575220831630e-10
4.317263235540487750e-10
4.848093079186284259e-10
2.520571651122030612e-10
-3.154849244480746434e-10
-6.219998872035974961e-10
5.837327545646974215e-10
4.063484740047905063e-09
8.922915662298094827e-09
1.310731381385627808e-08
1.512253571336285304e-08
1.486460926132334136e-08
1.310359489594865563e-08
1.071172645007240797e-08
8.297387807738525419e-09
6.175541823880566675e-09
4.455680742468254475e-09
3.133382805605239135e-09
2.153999637714730601e-09
1.449023244570570743e-09
9.536159544376751068e-10
6.132251718471216584e-10
3.846835428066898487e-10
2.349275175149979105e-10
1.389354012268256048e-10
7.758852957465228257e-11
3.567523736816981566e-11
0.000000000000000000e+00
0.000000000000000000e+00
-3.647160325836007945e-11
-7.941928603377475080e-11
-1.427050608029930071e-10
-2.424434018174442158e-10
-3.991740883450923692e-10
-6.402693836793180088e-10
-1.002726039333545181e-09
-1.536276439746684060e-09
-2.306317714629419993e-09
-3.395266885664169868e-09
-4.899250344902492155e-09
-6.914089537202446707e-09
-9.500160156011514883e-09
-1.261106366839899574e-08
-1.597243482634003002e-08
-1.892436557855909669e-08
-2.033906878992522116e-08
-1.892416543933114213e-08
-1.423501319886744315e-08
-7.801733686767117398e-09
-2.548246279191479070e-09
-2.859245091076663116e-10
-3.633605841243431861e-10
-1.006669052001024251e-09
-1.237257266695783579e-09
-1.094366539950059911e-09
-7.378083289384288315e-10
-3.700136221338096286e-10
-1.057554885969363736e-10
1.057554885971634347e-10
3.700136221339961578e-10
7.378083289385570445e-10
1.094366539950166617e-09
1.237257266695891113e-09
1.006669052001047412e-09
3.633605841246244275e-10
2.859245091080302711e-10
2.548246279193265780e-09
7.801733686767064459e-09
1.423501319886577556e-08
1.892416543933487437e-08
2.033906878992823871e-08
1.892436557856092310e-08
1.597243482634193584e-08
1.261106366839834061e-08
9.500160156012348681e-09
6.914089537202628687e-09
4.899250344902594726e-09
3.395266885663549482e-09
2.306317714630319965e-09
1.536276439746101104e-09
1.002726039333615698e-09
6.402693836794147889e-10
3.991740883451836692e-10
2.424434018174609145e-10
1.427050608030096024e-10
7.941928603376508312e-11
3.647160325836732375e-11
0.000000000000000000e+00
0.000000000000000000e+00
-3.722484154738386686e-11
-8.115287018767013125e-11
-1.462852547492029489e-10
-2.496102271109583045e-10
-4.130591280708401940e-10
-6.663365562150796759e-10
-1.050402929277830623e-09
-1.621732937862429235e-09
-2.457128368839709774e-09
-3.658067031662933885e-09
-5.351857132276123939e-09
-7.683485342589426279e-09
-1.078596861226296716e-08
-1.470782979629772860e-08
-1.926826783230905290e-08
-2.382542494921886247e-08
-2.704051535424802302e-08
-2.699593138181100670e-08
-2.231268967186145766e-08
-1.408906217444217505e-08
-6.164878269765882101e-09
-1.931935066815066793e-09
-1.378870750581603559e-09
-2.052208988858066967e-09
-2.235108360052815774e-09
-1.991996651516224042e-09
-1.426656186945401391e-09
-7.714375803003876921e-10
-2.332826606209807244e-10
2.332826606211989967e-10
7.714375803006250929e-10
1.426656186945624730e-09
1.991996651516382861e-09
2.235108360052881949e-09
2.052208988858119907e-09
1.378870750581524149e-09
1.931935066814775625e-09
6.164878269763036599e-09
1.408906217443971336e-08
2.231268967186381347e-08
2.699593138181161550e-08
2.704051535424519076e-08
2.382542494921796250e-08
1.926826783230819264e-08
1.470782979629770213e-08
1.078596861226151794e-08
7.683485342589240990e-09
5.351857132275822846e-09
3.658067031662745288e-09
2.457128368839568326e-09
1.621732937862379191e-09
1.050402929277861022e-09
6.663365562152272243e-10
4.130591280707444478e-10
2.496102271110140875e-10
1.462852547492498397e-10
8.115287018767452565e-11
3.722484154738676199e-11
0.000000000000000000e+00
0.000000000000000000e+00
-3.792950887143107125e-11
-8.277637650909541582e-11
-1.496473452487071092e-10
-2.563654658267913999e-10
-4.262058421404255781e-10
-6.911524665782591164e-10
-1.096094201715378804e-09
-1.704303128967185682e-09
-2.604326370161863532e-09
-3.917812169890652604e-09
-5.806258540669235310e-09
-8.471202510705725768e-09
-1.213509626472387533e-08
-1.697647680467670620e-08
-2.297358236549729445e-08
-2.960512883599316369e-08
-3.543623629841355496e-08
-3.792165985457185235e-08
-3.433824528137348073e-08
-2.450284969402271796e-08
-1.276242775414732007e-08
-4.942042211712800448e-09
-2.908522768987738073e-09
-3.491016663229024236e-09
-3.364429480055940045e-09
-2.886769844421045517e-09
-2.119396657154773681e-09
-1.191751433590730351e-09
-3.707803301206906738e-10
3.707803301209547512e-10
1.191751433590938800e-09
2.119396657154954006e-09
2.886769844421217571e-09
3.364429480056095555e-09
3.491016663229206216e-09
2.908522768987896892e-09
4.942042211712271052e-09
1.276242775414692302e-08
2.450284969402147388e-08
3.433824528137120433e-08
3.792165985456841128e-08
3.543623629841493139e-08
2.960512883599125787e-08
2.297358236549815471e-08
1.697647680467421804e-08
1.213509626472500692e-08
8.471202510705414748e-09
5.806258540669774632e-09
3.917812169890736976e-09
2.604326370161991745e-09
1.704303128967287425e-09
1.096094201715515495e-09
6.911524665779424096e-10
4.262058421404243373e-10
2.563654658267549523e-10
1.496473452487183795e-10
8.277637650909135747e-11
3.792950887143667411e-11
0.000000000000000000e+00
0.000000000000000000e+00
-3.858039114738351667e-11
-8.427741077826485693e-11
-1.527636470485628847e-10
-2.626481444675836746e-10
-4.384833935493258447e-10
-7.144436390879057284e-10
-1.139240521907792333e-09
-1.782862407457224015e-09
-2.745684483626912440e-09
-4.170162041226571526e-09
-6.254178387485605930e-09
-9.261986718900423076e-09
-1.352101204407593145e-08
-1.937558031787706493e-08
-2.703707330378127853e-08
-3.623735386171858499e-08
-4.563619591474676460e-08
-5.221896277520595001e-08
-5.165683499690269924e-08
-4.128683571365138512e-08
-2.461868177009527492e-08
-1.055483786760978153e-08
-5.410123657306397690e-09
-5.828145800291790738e-09
-4.397720723959553833e-09
-2.929198276622408112e-09
-1.971213095075567182e-09
-1.099323527655630033e-09
-3.466593792136360451e-10
3.466593792141120876e-10
1.099323527656122205e-09
1.971213095075982427e-09
2.929198276622560313e-09
4.397720723959676256e-09
5.828145800292161315e-09
5.410123657305815355e-09
1.055483786761301085e-08
2.461868177009482493e-08
4.128683571365159688e-08
5.165683499690407567e-08
5.221896277520245600e-08
4.563619591474655284e-08
3.623735386172088786e-08
2.703707330378024621e-08
1.937558031787609878e-08
1.352101204407417783e-08
9.261986718901210552e-09
6.254178387485198957e-09
4.170162041226473918e-09
2.745684483626900859e-09
1.782862407457361327e-09
1.139240521907813633e-09
7.144436390881693922e-10
4.384833935493256379e-10
2.626481444675919981e-10
1.527636470485600930e-10
8.427741077830582822e-11
3.858039114738903551e-11
0.000000000000000000e+00
0.000000000000000000e+00
-3.917256929871983356e-11
-8.564425452752268812e-11
-1.556078224402181703e-10
-2.683998229048589071e-10
-4.497652147239963755e-10
-7.359426772296323251e-10
-1.179287513562075713e-09
-1.856277399098002682e-09
-2.878909038650615926e-09
-4.410520770347507368e-09
-6.686519317244974938e-09
-1.003818779767446833e-08
-1.491063728222562125e-08
-2.184697269604281419e-08
-3.136793542027783902e-08
-4.361150785521752755e-08
-5.758693969662630125e-08
-7.013740526573305693e-08
-7.541212092740808802e-08
-6.706392005401687774e-08
-4.505442907887186537e-08
-2.070249038254292212e-08
-9.667868826981230816e-09
-1.076940439035805378e-08
-5.239126398768366503e-09
1.547044480410407487e-10
1.382060257481741685e-09
1.078325937812046530e-09
3.671221937093445343e-10
-3.671221937080905285e-10
-1.078325937811082037e-09
-1.382060257481189129e-09
-1.547044480406403933e-10
5.239126398768756932e-09
1.076940439035787511e-08
9.667868826981124937e-09
2.070249038254035455e-08
4.505442907886974779e-08
6.706392005401243082e-08
7.541212092740702922e-08
7.013740526573411572e-08
5.758693969662910705e-08
4.361150785521271005e-08
3.136793542026926281e-08
2.184697269604282742e-08
1.491063728222752707e-08
1.003818779767401172e-08
6.686519317244839280e-09
4.410520770347942465e-09
2.878909038650238732e-09
1.856277399098325696e-09
1.179287513562045107e-09
7.359426772296956044e-10
4.497652147240175204e-10
2.683998229048785010e-10
1.556078224402232884e-10
8.564425452753734472e-11
3.917256929872310351e-11
0.000000000000000000e+00
0.000000000000000000e+00
-3.970148362890176112e-11
-8.686602191407886015e-11
-1.581552799358946033e-10
-2.735655504797243738e-10
-4.599313717682655312e-10
-7.553936936592794347e-10
-1.215698527532510841e-09
-1.923434437178654615e-09
-3.001704445342354686e-09
-4.634175500072399841e-09
-7.093656128427155371e-09
-1.078031613047774538e-08
-1.626524017737010616e-08
-2.431639168929665174e-08
-3.583329875074250289e-08
-5.151671989841871428e-08
-7.101562409655928572e-08
-9.146291263227073612e-08
-1.059264412849756622e-07
-1.037302934577594155e-07
-7.743178137329200024e-08
-3.682170394638977141e-08
-1.642502769111224250e-08
-1.962363706296260031e-08
-7.010276162605512810e-09
1.101258587516710604e-08
1.249166042006176482e-08
8.506358123338523988e-09
2.891514060162393719e-09
-2.891514060159999858e-09
-8.506358123336628090e-09
-1.249166042006083838e-08
-1.101258587516686781e-08
7.010276162605554996e-09
1.962363706296173343e-08
1.642502769111196457e-08
3.682170394638818322e-08
7.743178137329157673e-08
1.037302934577616390e-07
1.059264412849747093e-07
9.146291263226724211e-08
7.101562409655616229e-08
5.151671989841876722e-08
3.583329875074417048e-08
2.431639168929405771e-08
1.626524017737054291e-08
1.078031613048063059e-08
7.093656128427866746e-09
4.634175500072151687e-09
3.001704445342137137e-09
1.923434437178574792e-09
1.215698527532650221e-09
7.553936936588886952e-10
4.599313717683003762e-10
2.735655504796809985e-10
1.581552799358598100e-10
8.686602191407821392e-11
3.970148362890725412e-11
0.000000000000000000e+00
0.000000000000000000e+00
-4.016299459722805004e-11
-8.793281209137693131e-11
-1.603835491057243514e-10
-2.780948190331650725e-10
-4.688708466277822531e-10
-7.725578707281913825e-10
-1.247967489759389672e-09
-1.983270069188797228e-09
-3.111842618358532832e-09
-4.836458093177817847e-09
-7.465793786743027056e-09
-1.146782991608199673e-08
-1.754197585943001674e-08
-2.669605678448277450e-08
-4.026014435605314233e-08
-5.963584038351181632e-08
-8.539453912091871776e-08
-1.153885621324793422e-07
-1.421035978124439403e-07
-1.505023249533620956e-07
-1.219335024108848088e-07
-5.609895603788927015e-08
-2.954907352738354025e-08
-2.178419514873397382e-08
-1.189856946690789807e-08
3.279191601233189952e-08
3.470058472247083694e-08
2.374849810136061641e-08
8.219144945386699302e-09
-8.219144945382363221e-09
-2.374849810135775437e-08
-3.470058472246946051e-08
-3.279191601233138997e-08
1.189856946690750102e-08
2.178419514873427161e-08
2.954907352738441375e-08
5.609895603788641141e-08
1.219335024108862911e-07
1.505023249533578604e-07
1.421035978124421404e-07
1.153885621324789187e-07
8.539453912091368850e-08
5.963584038351171044e-08
4.026014435605242765e-08
2.669605678448719495e-08
1.754197585942923588e-08
1.146782991608206290e-08
7.465793786743917102e-09
4.836458093177913800e-09
3.111842618359419570e-09
1.983270069188737671e-09
1.247967489759364029e-09
7.725578707284335396e-10
4.688708466277170092e-10
2.780948190331888539e-10
1.603835491057523204e-10
8.793281209136847856e-11
4.016299459723463518e-11
0.000000000000000000e+00
0.000000000000000000e+00
-4.055343876837418334e-11
-8.883585192658545569e-11
-1.622726313363782168e-10
-2.819424618007468702e-10
-4.764837409542923258e-10
-7.872188033392611591e-10
-1.275631762371711124e-09
-2.034801503401289448e-09
-3.207236247932086751e-09
-5.012918006074096713e-09
-7.793382691940415600e-09
-1.208009784650380391e-08
-1.869609233307013703e-08
-2.888920529741427550e-08
-4.444322372795621968e-08
-6.755287819395964297e-08
-9.993815475319673888e-08
-1.404918317402840127e-07
-1.812830619804181163e-07
-2.025614207126312629e-07
-1.712156834530442316e-07
-6.563350452470805016e-08
-4.672967571144039731e-08
-6.224938136509779853e-09
-1.369987847666172725e-08
5.805376111892005569e-08
6.333943598568665422e-08
4.374385165028097110e-08
1.525553055909881750e-08
-1.525553055910203357e-08
-4.374385165028152696e-08
-6.333943598568489398e-08
-5.805376111891785869e-08
1.369987847666257428e-08
6.224938136508906350e-09
4.672967571143886206e-08
6.563350452470307385e-08
1.712156834530405259e-07
2.025614207126276630e-07
1.812830619804174810e-07
1.404918317402794599e-07
9.993815475319758592e-08
6.755287819396467222e-08
4.444322372795621968e-08
2.888920529741313730e-08
1.869609233306696066e-08
1.208009784650195103e-08
7.793382691941050874e-09
5.012918006073997451e-09
3.207236247931845214e-09
2.034801503401644308e-09
1.275631762371498125e-09
7.872188033392096671e-10
4.764837409543270674e-10
2.819424618007366856e-10
1.622726313363578734e-10
8.883585192658387888e-11
4.055343876837585709e-11
0.000000000000000000e+00
0.000000000000000000e+00
-4.086968056378240087e-11
-8.956761914949473270e-11
-1.638053318566854734e-10
-2.850694550986035799e-10
-4.826833476741416856e-10
-7.991874733450081835e-10
-1.298284365972215663e-09
-2.077156216693419540e-09
-3.286010971676754129e-09
-5.159500634989886326e-09
-8.067557960903805884e-09
-1.259749924874097294e-08
-1.968362505492811034e-08
-3.079658151975397137e-08
-4.815918393604528726e-08
-7.477883315351597391e-08
-1.136389419417691094e-07
-1.648253164470847717e-07
-2.196463395260350343e-07
-2.522007998866198080e-07
-2.118169497687499476e-07
-4.610073045432758525e-08
-3.664601231411379071e-08
3.061663802525651000e-08
-5.580027543700806903e-09
7.914002014377914344e-08
9.210307431105641681e-08
6.368504048332305171e-08
2.224910921810723637e-08
-2.224910921810743821e-08
-6.368504048332291936e-08
-9.210307431105571536e-08
-7.914002014377529208e-08
5.580027543697972982e-09
-3.061663802525897169e-08
3.664601231411109079e-08
4.610073045432631470e-08
2.118169497687516416e-07
2.522007998866212903e-07
2.196463395260297403e-07
1.648253164470856187e-07
1.136389419417692153e-07
7.477883315351353869e-08
4.815918393603999330e-08
3.079658151975587719e-08
1.968362505492721037e-08
1.259749924873864360e-08
8.067557960902356664e-09
5.159500634990313151e-09
3.286010971676942726e-09
2.077156216692905033e-09
1.298284365972390198e-09
7.991874733449249485e-10
4.826833476741453045e-10
2.850694550985939122e-10
1.638053318567062305e-10
8.956761914949868765e-11
4.086968056378300833e-11
0.000000000000000000e+00
0.000000000000000000e+00
-4.110915551078953179e-11
-9.012195711885913975e-11
-1.649675327649724658e-10
-2.874436573011511053e-10
-4.873979427023204967e-10
-8.083067760558861042e-10
-1.315585025979496275e-09
-2.109599213959895811e-09
-3.346573537315859302e-09
-5.272717902926228881e-09
-8.280580431265857251e-09
-1.300255950988455445e-08
-2.046441080784346792e-08
-3.232425544197900331e-08
-5.118659492687623491e-08
-8.079716024977456129e-08
-1.253553437564066688e-07
-1.860994226074903620e-07
-2.529699975877708367e-07
-2.918534590904893341e-07
-2.329782562979544658e-07
6.851048616625773002e-09
1.352949321144409668e-08
8.886158890739535355e-08
1.315450942020132563e-08
9.375473556423392448e-08
1.184306300756380748e-07
8.135708175228216876e-08
2.844148445054173989e-08
-2.844148445053377579e-08
-8.135708175227605424e-08
-1.184306300756350308e-07
-9.375473556422902757e-08
-1.315450942020587843e-08
-8.886158890739434770e-08
-1.352949321143223822e-08
-6.851048616613067508e-09
2.329782562979570069e-07
2.918534590904906046e-07
2.529699975877738013e-07
1.860994226074977736e-07
1.253553437564030689e-07
8.079716024977180844e-08
5.118659492687782310e-08
3.232425544197479461e-08
2.046441080784664429e-08
1.300255950988712863e-08
8.280580431265605788e-09
5.272717902926245425e-09
3.346573537315674014e-09
2.109599213960152650e-09
1.315585025979290927e-09
8.083067760559928105e-10
4.873979427022675572e-10
2.874436573011566888e-10
1.649675327649633927e-10
9.012195711885208287e-11
4.110915551079174837e-11
0.000000000000000000e+00
0.000000000000000000e+00
-4.126990716123129333e-11
-9.049416551249756788e-11
-1.657484298753127667e-10
-2.890404131867557371e-10
-4.905723095999228727e-10
-8.144553675946383436e-10
-1.327269573078116754e-09
-2.131556951680998807e-09
-3.387671044864262711e-09
-5.349803662493176176e-09
-8.426237311366953869e-09
-1.328104730016705918e-08
-2.100506014565668666e-08
-3.339208364572166623e-08
-5.332930308503774164e-08
-8.512737056243316984e-08
-1.339567436245016231e-07
-2.019796631993824050e-07
-2.774219190026464270e-07
-3.174286867228572841e-07
-2.361667544534485607e-07
7.143031662275358472e-08
7.851265841277200612e-08
1.520807021283720003e-07
3.634853017693519613e-08
1.020843356120462351e-07
1.395943017031564925e-07
9.501739433345332278e-08
3.321582976114787566e-08
-3.321582976113182836e-08
-9.501739433344178195e-08
-1.395943017031481016e-07
-1.020843356120430852e-07
-3.634853017693514319e-08
-1.520807021283684004e-07
-7.851265841276882974e-08
-7.143031662274617318e-08
2.361667544534540664e-07
3.174286867228558018e-07
2.774219190026394389e-07
2.019796631993745700e-07
1.339567436245035290e-07
8.512737056243158166e-08
5.332930308503636521e-08
3.339208364572346617e-08
2.100506014565726900e-08
1.328104730016936205e-08
8.426237311366034044e-09
5.349803662493606310e-09
3.387671044864133671e-09
2.131556951680921052e-09
1.327269573078405647e-09
8.144553675945257437e-10
4.905723096000056942e-10
2.890404131867524283e-10
1.657484298752827038e-10
9.049416551250651177e-11
4.126990716122620100e-11
0.000000000000000000e+00
0.000000000000000000e+00
-4.135061552594886381e-11
-9.068106894515984519e-11
-1.661407214632911467e-10
-2.898430067651541587e-10
-4.921689740045434001e-10
-8.175505789069623323e-10
-1.333157631876682936e-09
-2.142635857864165188e-09
-3.408440100079294670e-09
-5.388838016336357969e-09
-8.500183825578117652e-09
-1.342289769084427791e-08
-2.128163564905648346e-08
-3.394148168104868569e-08
-5.444014659254687787e-08
-8.739528732780768468e-08
-1.385183110494577904e-07
-2.104880943593291064e-07
-2.902496983872302817e-07
-3.290389026790415656e-07
-2.326955949459653542e-07
1.130163674412681589e-07
1.216629953192839383e-07
1.934737507094973445e-07
5.301942021197628960e-08
1.056728373555064913e-07
1.521114448033085777e-07
1.029174056439703319e-07
3.599418037061734275e-08
-3.599418037059763600e-08
-1.029174056439538148e-07
-1.521114448032954487e-07
-1.056728373555069678e-07
-5.301942021197591902e-08
-1.934737507094930035e-07
-1.216629953192826677e-07
-1.130163674412713352e-07
2.326955949459606955e-07
3.290389026790432596e-07
2.902496983872349404e-07
2.104880943593301652e-07
1.385183110494548258e-07
8.739528732780662589e-08
5.444014659255047776e-08
3.394148168104752102e-08
2.128163564905547761e-08
1.342289769084180960e-08
8.500183825578911745e-09
5.388838016336837734e-09
3.408440100079488231e-09
2.142635857864214819e-09
1.333157631876626067e-09
8.175505789070248879e-10
4.921689740045166201e-10
2.898430067651547791e-10
1.661407214633069665e-10
9.068106894516346411e-11
4.135061552594395242e-11
0.000000000000000000e+00
