0.000000000000000000e+00
-1.295437459612831298e-11
-2.451076579731125969e-11
-3.239311986419087181e-11
-3.543887755211821805e-11
-3.325817645695052316e-11
-2.601580357793415455e-11
-1.431509500877998038e-11
8.638321759946947932e-13
1.822521728697208612e-11
3.625786849482065385e-11
5.338732414448478369e-11
6.816350801753145602e-11
7.944589617481369169e-11
8.654211968161769271e-11
8.926740665165661626e-11
8.791600826165683570e-11
8.316065064778199218e-11
7.591112200657527253e-11
6.716394002288630745e-11
5.786576491552705656e-11
4.880248617814404909e-11
4.052046115665905823e-11
3.328684146067094614e-11
2.709721124565943085e-11
2.173441361225431620e-11
1.686990593779241161e-11
1.218242586649094557e-11
7.457301117117926385e-12
2.632073158575719384e-12
-2.227443848423629072e-12
-7.008608419083483092e-12
-1.165424074218439878e-11
-1.623999221849833597e-11
-2.099205322199753334e-11
-2.623603541836303834e-11
-3.229541098769260725e-11
-3.937485944349975079e-11
-4.746442051308408373e-11
-5.628762930258379411e-11
-6.529993227344767009e-11
-7.373169106036344119e-11
-8.066668336728511915e-11
-8.514918920721301024e-11
-8.631385439434827465e-11
-8.352757620698945447e-11
-7.652241186058287680e-11
-6.548959293808294859e-11
-5.110541549308578303e-11
-3.447389757179390304e-11
-1.699447846319573081e-11
-1.854275041630208132e-13
1.449534849361783787e-11
2.579592216605771214e-11
3.276658242376838714e-11
3.481911272124978909e-11
3.178767196862090461e-11
2.404359980084199771e-11
1.271054279884421591e-11
0.000000000000000000e+00
0.000000000000000000e+00
-1.293650854377222679e-11
-2.446843691932848998e-11
-3.233553514274736217e-11
-3.538736349505356332e-11
-3.324192991996965121e-11
-2.606745773454384712e-11
-1.446664991670076152e-11
5.843322406564693918e-13
1.779623453049736094e-11
3.566641763763200483e-11
5.263078570751940911e-11
6.725116430267131884e-11
7.839971163120048720e-11
8.539605610787622488e-11
8.806475594323864319e-11
8.670480651709031481e-11
8.198793146676258169e-11
7.481723262346759719e-11
6.617818155229223696e-11
5.700425457371259171e-11
4.806855670420726579e-11
3.990731230409434737e-11
3.278167467537582462e-11
2.668577686653046179e-11
2.140483245611079797e-11
1.661485967285485204e-11
1.199934759942661721e-11
7.346887815815598752e-12
2.596013648861925946e-12
-2.188412771849529508e-12
-6.895422608068490142e-12
-1.146868132804626458e-11
-1.598268669967680113e-11
-2.066023101942177798e-11
-2.582214776388493593e-11
-3.178747355193817272e-11
-3.875878554609665963e-11
-4.672792404580655476e-11
-5.542475663404663795e-11
-6.431507487837950304e-11
-7.264202562569734830e-11
-7.950231399832910952e-11
-8.395076930301727673e-11
-8.512807186210952779e-11
-8.240145504506279735e-11
-7.549771242907292546e-11
-6.459850675354564599e-11
-5.036823738430920447e-11
-3.389864060603123656e-11
-1.657783186445802791e-11
8.568388848644995507e-14
1.464205484607917942e-11
2.584553246516439625e-11
3.275021057118498443e-11
3.476850641804129100e-11
3.173126438801430434e-11
2.400217350316952235e-11
1.269306254832888422e-11
0.000000000000000000e+00
0.000000000000000000e+00
-1.290134115621411589e-11
-2.438496783248780531e-11
-3.222232744736080657e-11
-3.528728828656103268e-11
-3.321360326713826304e-11
-2.617625686879039916e-11
-1.477641372577115505e-11
1.811952363202709640e-14
1.693166075491999011e-11
3.447921747708120089e-11
5.111776210975869971e-11
6.543287767327182103e-11
7.632157241365361532e-11
8.312654998291922466e-11
8.568990834570753746e-11
8.431908380381838888e-11
7.968306560966699037e-11
7.267131069993858513e-11
6.424738741666967516e-11
5.531894186033111509e-11
4.663421795852475377e-11
3.870986712579943258e-11
3.179557634194586195e-11
2.588286165187345219e-11
2.076172003256843252e-11
1.611717289133930724e-11
1.164204909482637295e-11
7.131350876705101972e-12
2.525559400343858790e-12
-2.112334392584605570e-12
-6.674649889545219387e-12
-1.110671827363698484e-11
-1.548077766108927947e-11
-2.001295004836465009e-11
-2.501467506152411729e-11
-3.079622335575651036e-11
-3.755590077404843250e-11
-4.528883653427893641e-11
-5.373701400371764223e-11
-6.238621999689558420e-11
-7.050448174064620881e-11
-7.721385556448034772e-11
-8.159012195449904870e-11
-8.278634058997707187e-11
-8.017117020936689277e-11
-7.346192684519354101e-11
-6.282223654385620277e-11
-4.889359103850233375e-11
-3.274364108821396212e-11
-1.573787251832812366e-11
6.350892793765417962e-13
1.494204478889302582e-11
2.595015351461188667e-11
3.272155001546129252e-11
3.467018021540700360e-11
3.162036344136041309e-11
2.392047964971294619e-11
1.265865244552136688e-11
0.000000000000000000e+00
0.000000000000000000e+00
-1.284999050636382735e-11
-2.426271131395851780e-11
-3.205738023226337541e-11
-3.514450112022395667e-11
-3.318145986873654214e-11
-2.635311379198981474e-11
-1.525765408589501360e-11
-8.492634630106224066e-13
1.561812072354418162e-11
3.268733130746469733e-11
4.884780141604019078e-11
6.272066555645275419e-11
7.323895709642106688e-11
7.977772323518721524e-11
8.220258484936500526e-11
8.083101703508794753e-11
7.632606204133907283e-11
6.955599247908272215e-11
6.145195595037789703e-11
5.288418030325737456e-11
4.456540816811067500e-11
3.698470969166073914e-11
3.037593927664197159e-11
2.472742152394453222e-11
1.983643357318384718e-11
1.540117381145746493e-11
1.112800761331168975e-11
6.821195194128132114e-12
2.424037490115221578e-12
-2.003146807178296552e-12
-6.357387933733696680e-12
-1.058640144991827819e-11
-1.475916722264300299e-11
-1.908218015090619279e-11
-2.385325771783365572e-11
-2.936981357278559639e-11
-3.582358175409692229e-11
-4.321382701191024178e-11
-5.129929658644709256e-11
-5.959398959028460899e-11
-6.740150823654176925e-11
-7.388069248123229632e-11
-7.813841823586182006e-11
-7.934712516458624989e-11
-7.687951307162450331e-11
-7.044130769679446182e-11
-6.017181638013209015e-11
-4.668035379477056869e-11
-3.099960244171611363e-11
-1.446111995575100194e-11
1.477179462721717589e-12
1.540842981014146039e-11
2.612051704376541913e-11
3.268869837329754084e-11
3.452985139952558035e-11
3.145875847462737641e-11
2.380081180574195951e-11
1.260840222264451914e-11
0.000000000000000000e+00
0.000000000000000000e+00
-1.278410552947646316e-11
-2.410513564933026434e-11
-3.184641937706157680e-11
-3.496763518031802723e-11
-3.315772183844540489e-11
-2.661422559313272925e-11
-1.593017003052482391e-11
-2.039578632205691579e-12
1.383516106161587519e-11
3.027651279862072904e-11
4.581883879472219186e-11
5.913060292876201598e-11
6.919063909433211280e-11
7.541296550367430775e-11
7.768940623853520897e-11
7.634592244181739053e-11
7.203414603007402332e-11
6.559271297033149886e-11
5.791029869823066530e-11
4.980967115401260751e-11
4.195954932164780582e-11
3.481553341058537449e-11
2.859291867931633885e-11
2.327715341873517959e-11
1.867542834713329530e-11
1.450290381415691275e-11
1.048310925008506119e-11
6.431979246399055192e-12
2.296386327914415763e-12
-1.866655151820417402e-12
-5.960032542553013163e-12
-9.934420024635109554e-12
-1.385469571829067492e-11
-1.791522547384523204e-11
-2.239653945615588043e-11
-2.757944891000315185e-11
-3.364660822323838715e-11
-4.060130067802182271e-11
-4.822199785966934461e-11
-5.605700921838714298e-11
-6.345414492124695765e-11
-6.961901609528077801e-11
-7.369939429150554407e-11
-7.489512184972406530e-11
-7.258786945731081718e-11
-6.647280802587058724e-11
-5.666188143636096150e-11
-4.372549510381641852e-11
-2.865177449694302417e-11
-1.272698912827524463e-11
2.633600960295717710e-12
1.606076821067636019e-11
2.637254773335934333e-11
3.266363112046257353e-11
3.435595802880302772e-11
3.125203658381128846e-11
2.364655103105121941e-11
1.254391904080491328e-11
0.000000000000000000e+00
0.000000000000000000e+00
-1.270583285051945390e-11
-2.391675302469282718e-11
-3.159689624824816339e-11
-3.476794153202307344e-11
-3.315836456672897128e-11
-2.698086694958061113e-11
-1.682016460165448837e-11
-3.581972491477816807e-12
1.155479911970984909e-11
2.722621957815188008e-11
4.202555827068936626e-11
5.468050751326707007e-11
6.422378014354581835e-11
7.011161165781615453e-11
7.226037582919286617e-11
7.099876039294193492e-11
6.695846401181445197e-11
6.093873527573770879e-11
5.377626352905850485e-11
4.623829889239912496e-11
3.894377214270637837e-11
3.231170586232094275e-11
2.653827784387340829e-11
2.160756831250551564e-11
1.733952032149636201e-11
1.346955220289171331e-11
9.741252319561743115e-12
5.984087343625023109e-12
2.149097367038180920e-12
-1.710419303264155162e-12
-5.503993713141823472e-12
-9.185645103684788464e-12
-1.281550865158561255e-11
-1.657390970696894076e-11
-2.072115076797566954e-11
-2.551812752136585975e-11
-3.113560902513884627e-11
-3.757949135414993264e-11
-4.464870324403870485e-11
-5.192918756507351822e-11
-5.881891697274757692e-11
-6.457841494543991092e-11
-6.840577254470059339e-11
-6.953769555002554799e-11
-6.737288973561863622e-11
-6.160119898195621808e-11
-5.230839668534775566e-11
-4.002248718293789640e-11
-2.567901006315554275e-11
-1.050737018822150223e-11
4.133318301629218479e-12
1.692493032334450791e-11
2.672715578175600227e-11
3.266199856999185553e-11
3.415949608175970276e-11
3.100746848494972067e-11
2.346209614666373397e-11
1.246729518523753627e-11
0.000000000000000000e+00
0.000000000000000000e+00
-1.261777359998322528e-11
-2.370302642949940147e-11
-3.131783543675485200e-11
-3.455907195739235521e-11
-3.320284618684484978e-11
-2.747911435999834463e-11
-1.796006769692011468e-11
-5.513065416658132564e-12
8.740950490293012605e-12
2.350833631042767534e-11
3.745725128392415081e-11
4.938689641337155743e-11
5.839009730699149152e-11
6.396455752368374684e-11
6.604424523220587030e-11
6.494954464276207896e-11
6.127977258641503044e-11
5.578327933883042005e-11
4.923578824685838053e-11
4.234332948186231255e-11
3.567262703339427887e-11
2.960642688157025169e-11
2.432391540655769543e-11
1.981081692108688604e-11
1.590295971038176671e-11
1.235874970149490787e-11
8.943850584649540899e-12
5.502442741801866365e-12
1.990141593772731867e-12
-1.543611582053178872e-12
-5.015337238716396893e-12
-8.382555864789997234e-12
-1.170026437418716961e-11
-1.513355168564235675e-11
-1.892042117237694499e-11
-2.329903654435151406e-11
-2.842506887056696131e-11
-3.430400275973141076e-11
-4.075320548572776796e-11
-4.739618372221321461e-11
-5.368378779348852282e-11
-5.893741430767701383e-11
-6.241456272201491573e-11
-6.340018802010726217e-11
-6.132209818431045574e-11
-5.587527213545319337e-11
-4.712567355088434806e-11
-3.555922951701307829e-11
-2.205254502470261780e-11
-7.766096386906685452e-12
6.012680317547512201e-12
1.803291211525119318e-11
2.720996046851745620e-11
3.270285868661402040e-11
3.395380660050873218e-11
3.073385992146720008e-11
2.325277307572082595e-11
1.238106601080985634e-11
0.000000000000000000e+00
0.000000000000000000e+00
-1.252293108419440215e-11
-2.347025703860856188e-11
-3.101965020765578752e-11
-3.435681434547736676e-11
-3.331377487976560209e-11
-2.813950121872998197e-11
-1.938830304555023181e-11
-7.877035145126877623e-12
5.348759832911216994e-12
1.908563974134062149e-11
3.209520780753854006e-11
4.326124864338083257e-11
5.174113536444583530e-11
5.706884665777400617e-11
5.918280360066083882e-11
5.837770936431770203e-11
5.520317816900536799e-11
5.034282481754996117e-11
4.450286023337287785e-11
3.832504134467037879e-11
3.232534152696669111e-11
2.685452973709663730e-11
2.208011364094916967e-11
1.799429720179608676e-11
1.445233357410490951e-11
1.123773031663128188e-11
8.139242033118142704e-12
5.016164738843883155e-12
1.828880544589233588e-12
-1.376848196942079182e-12
-4.524359001070255540e-12
-7.574558899990926216e-12
-1.057719612860226493e-11
-1.368175363335058701e-11
-1.710285359382606328e-11
-2.105364486043374920e-11
-2.567094950925161035e-11
-3.095486247665514665e-11
-3.673591451287028177e-11
-4.267114002907072491e-11
-4.826324699745589318e-11
-5.289803355080947717e-11
-5.590129840279514224e-11
-5.662014060111122451e-11
-5.452847749896729861e-11
-4.934316094765140007e-11
-4.112271068914565863e-11
-3.031552354224489831e-11
-1.773453411172686513e-11
-4.458324006734328002e-12
8.315476319927795050e-12
1.942259161562412916e-11
2.785094489588870442e-11
3.280834870744561516e-11
3.375431639902628911e-11
3.044137158108176272e-11
2.302472517750416634e-11
1.228815898133439871e-11
0.000000000000000000e+00
0.000000000000000000e+00
-1.242465035709539230e-11
-2.322545445036854602e-11
-3.071392933471137402e-11
-3.417878503749428282e-11
-3.351651761474261759e-11
-2.899660373419278125e-11
-2.114899194248242169e-11
-1.072567616367446985e-11
1.323865603856636283e-12
1.391004593214218130e-11
2.590968360411545859e-11
3.630561374096654609e-11
4.432267886457332827e-11
4.952126107508850750e-11
5.182413154367384275e-11
5.147549219512253766e-11
4.895200459312497564e-11
4.485567824893977293e-11
3.981487415677786658e-11
3.440687234721426222e-11
2.910269231787229855e-11
2.422997671207116243e-11
1.995354398943522024e-11
1.627906746018230957e-11
1.308531212644974482e-11
1.018237030739615844e-11
7.382008169226611855e-12
4.558171929764131041e-12
1.675961314716579499e-12
-1.221997918558998477e-12
-4.065098290654167243e-12
-6.817210133192959678e-12
-9.523041862067110744e-12
-1.231702161643897115e-11
-1.539038980012055845e-11
-1.892953455312699214e-11
-2.304798183453227544e-11
-2.773316145378875072e-11
-3.281974902791256354e-11
-3.798977550478549101e-11
-4.279262597702179389e-11
-4.667944073538377279e-11
-4.905326994801822735e-11
-4.934047603810328441e-11
-4.708406510719815611e-11
-4.204681900458100882e-11
-3.429890120213366016e-11
-2.426014175521788909e-11
-1.267638211681650809e-11
-5.298539473908252311e-13
1.109296479443598533e-11
2.113742144032294351e-11
2.868404223447886408e-11
3.300329924630374233e-11
3.357823669401481373e-11
3.014131111784666361e-11
2.278478688938648930e-11
1.219183482223172428e-11
0.000000000000000000e+00
0.000000000000000000e+00
-1.232655089711053567e-11
-2.297619250761743224e-11
-3.041319955705123191e-11
-3.404408324711124249e-11
-3.383875459876993841e-11
-3.008855785827020584e-11
-2.329158523721178147e-11
-1.411841341481177450e-11
-3.398364914529975621e-12
7.920687576219649199e-12
1.885649455706378070e-11
2.850761074629479870e-11
3.616833693935846441e-11
4.141094313122439500e-11
4.411485457337801373e-11
4.444038980126473585e-11
4.276087215336128453e-11
3.957590790696606310e-11
3.542749519321460745e-11
3.083117745732807508e-11
2.622356286644380231e-11
2.192309400128147354e-11
1.810505269519107547e-11
1.479807255408114156e-11
1.190923728182696625e-11
9.276098734674279643e-12
6.732197542749366243e-12
4.164726523927386438e-12
1.543192500354630706e-12
-1.091968824409370595e-12
-3.674789109002847006e-12
-6.171337364949541830e-12
-8.621840949162857362e-12
-1.114722171704753367e-11
-1.391647961571646785e-11
-1.708799930463218668e-11
-2.074667912959780680e-11
-2.485735481296750694e-11
-2.924560824660733045e-11
-3.360494986862792485e-11
-3.752174615508408301e-11
-4.051078964672292316e-11
-4.206181291253754195e-11
-4.170167809189957999e-11
-3.907259301772026833e-11
-3.401569214753290682e-11
-2.663915308566674704e-11
-1.734754289434968137e-11
-6.816917810217289629e-12
4.083569840410008514e-12
1.440385416154613619e-11
2.322604967425659908e-11
2.974665398923007749e-11
3.331479522808328730e-11
3.344422471987843181e-11
2.984590142167112219e-11
2.254034333375885148e-11
1.209562195831022805e-11
0.000000000000000000e+00
0.000000000000000000e+00
-1.223245372386243902e-11
-2.273045372242450013e-11
-3.013066836658858691e-11
-3.397291331956810604e-11
-3.430998436049073879e-11
-3.145650764134284956e-11
-2.587041417120258285e-11
-1.812224571182811265e-11
-8.893588142225781398e-12
1.041877007633734717e-12
1.087329608706047497e-11
1.983486427449496282e-11
2.729232861360130202e-11
3.281106284112105519e-11
3.619141532615649080e-11
3.746673155598149439e-11
3.686807101393242501e-11
3.476675947474566547e-11
3.160914897166798591e-11
2.785470053036930806e-11
2.392125445406814395e-11
2.013757403204088271e-11
1.670722209106973748e-11
1.369415832722644924e-11
1.103951968643058554e-11
8.608645728292695052e-12
6.254425517470770106e-12
3.874901171743847796e-12
1.443393696918420707e-12
-1.000468883574916761e-12
-3.393234226646936883e-12
-5.702039103866859026e-12
-7.963568025592952623e-12
-1.028784262497184700e-11
-1.282393384103232987e-11
-1.570141034665843553e-11
-1.897010462001279072e-11
-2.255929631486329025e-11
-2.626753046564382181e-11
-2.978082102793026562e-11
-3.270801365190954460e-11
-3.462332297235689504e-11
-3.511369982089886560e-11
-3.383299242798903552e-11
-3.056119084479911790e-11
-2.525961704435011940e-11
-1.810847254431984256e-11
-9.514291892309534359e-12
-8.046527636080183146e-14
9.456944418862838479e-12
1.831421232787840789e-11
2.574186055900366331e-11
3.107910109263195225e-11
3.377168865909045067e-11
3.337201401711911950e-11
2.956802974348730597e-11
2.229917882934221034e-11
1.200324553616115690e-11
0.000000000000000000e+00
0.000000000000000000e+00
-1.214630439147161659e-11
-2.249646554337163052e-11
-2.987995221428504343e-11
-3.398618114076979320e-11
-3.496098503324128163e-11
-3.314398580399103823e-11
-2.894415001336991130e-11
-2.281159149377744438e-11
-1.524917648724434368e-11
-6.818981533182976058e-12
1.875612782650970633e-12
1.022892542987546948e-11
1.768148635318743460e-11
2.376952320245015594e-11
2.817035603170323830e-11
3.073639338521177568e-11
3.150730158042745527e-11
3.069367007977541632e-11
2.863527093605672973e-11
2.574386943048755487e-11
2.243960794605556054e-11
1.908724309069420875e-11
1.594165761861200562e-11
1.311779692492308144e-11
1.059775922939319887e-11
8.274550741400335655e-12
6.016789534720442909e-12
3.729929981092037008e-12
1.390205105757182707e-12
-9.617283674907839733e-13
-3.262065342599488291e-12
-5.477501049298265120e-12
-7.642528887201729005e-12
-9.859982935980912529e-12
-1.226248742835240663e-11
-1.495030451289773170e-11
-1.793039596073517634e-11
-2.108006795128257453e-11
-2.414765026394795599e-11
-2.678672914944436002e-11
-2.860907683614912611e-11
-2.924181350726122142e-11
-2.838165898712148720e-11
-2.584264487550821264e-11
-2.159115088300680404e-11
-1.576096963945775257e-11
-8.646061226429459295e-12
-6.752503423394264023e-13
7.625124939646214762e-12
1.567662839663856731e-11
2.289727917892695300e-11
2.874242586677339920e-11
3.272400901800172352e-11
3.440406885933462353e-11
3.338201962279152202e-11
2.932098264406197295e-11
2.206931746198990508e-11
1.191855242972695241e-11
0.000000000000000000e+00
0.000000000000000000e+00
-1.207209336631340888e-11
-2.228253185516283389e-11
-2.967479549419737179e-11
-3.410507146299346517e-11
-3.582323802323783671e-11
-3.519622783657631646e-11
-3.257516211173777156e-11
-2.826800714343284954e-11
-2.256479692853368325e-11
-1.577345831230830246e-11
-8.247308865325394592e-12
-4.012745598444902999e-13
7.286480821474221741e-12
1.429866387426125360e-11
2.013755931912595791e-11
2.440863298895269483e-11
2.689882987188599733e-11
2.761699442766650392e-11
2.678245574600962351e-11
2.477002574506036414e-11
2.202897398554941589e-11
1.899254571147941850e-11
1.599588343931403804e-11
1.322436988422333570e-11
1.070943181778930361e-11
8.371292897038867108e-12
6.089495463082595320e-12
3.772379764643920872e-12
1.397836299133325869e-12
-9.901615745350406811e-13
-3.323824157804757899e-12
-5.567525257635900822e-12
-7.755380944169270265e-12
-9.987907433429938710e-12
-1.238592252677804052e-11
-1.502008124859666897e-11
-1.784500297600663690e-11
-2.066564682963545380e-11
-2.315106778617257238e-11
-2.489094679221075809e-11
-2.547515696761798711e-11
-2.457538842977934967e-11
-2.201400217241078670e-11
-1.780703017942810785e-11
-1.216772310827223501e-11
-5.466073187625329349e-12
1.841021043390074007e-12
9.280389179355223993e-12
1.641041438874272281e-11
2.284084758059799424e-11
2.823315393524040527e-11
3.228885757943480245e-11
3.472562862531031405e-11
3.524269638988809669e-11
3.349492482279896365e-11
2.911817200122371361e-11
2.185885901165079677e-11
1.184543369619511828e-11
0.000000000000000000e+00
0.000000000000000000e+00
-1.201377533508398422e-11
-2.209686317229953584e-11
-2.952878582340832340e-11
-3.435061326385153986e-11
-3.692832085056372399e-11
-3.765942163607717668e-11
-3.682876405975387406e-11
-3.457974611297079030e-11
-3.095281678391674400e-11
-2.595406175756399032e-11
-1.963674255161758203e-11
-1.218638989939227961e-11
-3.987749531600303092e-12
4.363879216919373709e-12
1.213633218032051243e-11
1.860896315909795771e-11
2.324006051757070695e-11
2.578453978576926612e-11
2.632264926680694194e-11
2.520469773374905473e-11
2.294203969826189813e-11
2.007663241158498560e-11
1.705963787935831022e-11
1.417075499360825993e-11
1.150089178637195395e-11
8.996830346579703835e-12
6.543038044566908143e-12
4.045047803169603391e-12
1.480725015882418307e-12
-1.099932667370180813e-12
-3.620765096311889353e-12
-6.041610550758503676e-12
-8.398562358526802578e-12
-1.079592103888266521e-11
-1.334849916035841187e-11
-1.609710419123864204e-11
-1.893253153334513397e-11
-2.156242342510885188e-11
-2.354074120819182003e-11
-2.435443459135078574e-11
-2.354114162456443703e-11
-2.080773293743785555e-11
-1.612327688752028062e-11
-9.758761698210207016e-12
-2.248865215524883937e-12
5.724142472264172924e-12
1.348457582948332770e-11
2.049314268419790993e-11
2.640620557918738243e-11
3.106002910415576950e-11
3.440832748399584646e-11
3.644505260387139386e-11
3.712909513177799448e-11
3.631840748546697817e-11
3.373125646599715865e-11
2.897285746035273197e-11
2.167581360410217926e-11
1.178774598747990718e-11
0.000000000000000000e+00
0.000000000000000000e+00
-1.197518899688653278e-11
-2.194740898147240425e-11
-2.945507118801517954e-11
-3.474324049824033559e-11
-3.830727654765886031e-11
-4.057989557980783126e-11
-4.177233822845440629e-11
-4.184112566739318144e-11
-4.053847191650836308e-11
-3.751600723936711408e-11
-3.246872526351306605e-11
-2.530399504043736236e-11
-1.629240346466418590e-11
-6.128991342015144860e-12
4.154129577886346529e-12
1.341688323184764377e-11
2.069545393376264944e-11
2.542396839375804769e-11
2.751751715123824619e-11
2.731501634061348033e-11
2.542947957706809750e-11
2.256085290958046603e-11
1.932024279824075696e-11
1.611083717839987956e-11
1.309532719011778561e-11
1.024624949987049454e-11
7.445721368791854699e-12
4.589461814600836354e-12
1.653069198909611047e-12
-1.304376779218425939e-12
-4.193244166901543950e-12
-6.966360756320197712e-12
-9.664824309208211806e-12
-1.240419514825015639e-11
-1.530031588667696986e-11
-1.836388836061746969e-11
-2.140800617722940401e-11
-2.401254887521308470e-11
-2.557250606129842060e-11
-2.542473088482957397e-11
-2.301848717267995062e-11
-1.808658859487009805e-11
-1.077376047697183601e-11
-1.673385178598674340e-12
8.267182988733900258e-12
1.796426014909202763e-11
2.646231349361518608e-11
3.313725465837794843e-11
3.776517166505538394e-11
4.045690215177855972e-11
4.151502852688011147e-11
4.127682081411548684e-11
3.997962845928977877e-11
3.766149636270726018e-11
3.411095606110626977e-11
2.889787075713268024e-11
2.152793844679748581e-11
1.174923342788163630e-11
0.000000000000000000e+00
0.000000000000000000e+00
-1.195997886535516923e-11
-2.184169560635968323e-11
-2.946608445431022747e-11
-3.530235573199840579e-11
-3.998996757924461967e-11
-4.400324907752865135e-11
-4.747433004190114142e-11
-5.015166737284984073e-11
-5.145972709999636496e-11
-5.063868647997188314e-11
-4.695819191809971200e-11
-3.998623306799566713e-11
-2.984612086772925342e-11
-1.734771540890794971e-11
-3.892405266090287847e-12
8.852148449836688287e-12
1.938559323432941656e-11
2.673505354209980365e-11
3.061309691611895751e-11
3.135935635276923963e-11
2.973534739717234914e-11
2.665935415130026195e-11
2.295658011459767710e-11
1.918941666727911609e-11
1.560718023893631460e-11
1.220713513444647089e-11
8.860250197985146002e-12
5.443830679700275939e-12
1.928189637742123075e-12
-1.615214905093178771e-12
-5.077525101061766765e-12
-8.401937303311438352e-12
-1.163846809635383703e-11
-1.492305609780802166e-11
-1.838107927518251839e-11
-2.199292008281647510e-11
-2.547727037488863189e-11
-2.824904605574830064e-11
-2.949031008193656074e-11
-2.833007251345247112e-11
-2.408689603637819730e-11
-1.651233365895554630e-11
-5.967470417958420724e-12
6.545557879640180935e-12
1.955570105928300188e-11
3.147532559055974352e-11
4.100516783961314134e-11
4.742458962127597973e-11
5.066318582030005260e-11
5.116629829988596703e-11
4.965035182500262676e-11
4.685088882180005527e-11
4.332167927908340257e-11
3.930108331539874044e-11
3.465295399280339010e-11
2.890534726954051451e-11
2.142257992763263573e-11
1.173345144359497399e-11
0.000000000000000000e+00
0.000000000000000000e+00
-1.197152055094726941e-11
-2.178667281003313386e-11
-2.957328056908140529e-11
-3.604590417105165298e-11
-4.200442280743766320e-11
-4.797343101998810870e-11
-5.400310519446074964e-11
-5.961497771132257988e-11
-6.386675302926207112e-11
-6.552671861642353344e-11
-6.336287069888928485e-11
-5.652770903268748936e-11
-4.494727352144711649e-11
-2.954946459436930262e-11
-1.217456434345877352e-11
4.859058289328735905e-12
1.937501993236468175e-11
2.988164846107101553e-11
3.583478022192311091e-11
3.758325258827180485e-11
3.609206670338733917e-11
3.257236713098339726e-11
2.813105174944515444e-11
2.353382834098117865e-11
1.913441708917059980e-11
1.495318803346695460e-11
1.083907688029790533e-11
6.640274688189819979e-12
2.317677221963232451e-12
-2.041491925542447434e-12
-6.302809256761349135e-12
-1.039722376581422569e-11
-1.438880481289424465e-11
-1.844512222208607468e-11
-2.271161157338458624e-11
-2.713851442481173944e-11
-3.133014458601380670e-11
-3.449057301942898931e-11
-3.552172358072066587e-11
-3.327377630040197494e-11
-2.688559436170695315e-11
-1.612523594865213317e-11
-1.628163876637306296e-12
1.508358589411266478e-11
3.188094837967166372e-11
4.655670223017713342e-11
5.740480413600739932e-11
6.360826622881606586e-11
6.530023558295975983e-11
6.333457971067844283e-11
5.891513716565105296e-11
5.323377362174959029e-11
4.719802639000049844e-11
4.126447702216842847e-11
3.537475419756319145e-11
2.900646997941962003e-11
2.136652420204898102e-11
1.174369397318518541e-11
0.000000000000000000e+00
0.000000000000000000e+00
-1.201285090555686381e-11
-2.178857212417124776e-11
-2.978689148128056687e-11
-3.698996549740814828e-11
-4.437618658334825510e-11
-5.253177319959401048e-11
-6.142566561073917625e-11
-7.033733670025920821e-11
-7.792093990332339574e-11
-8.241044718986362790e-11
-8.198677926040889158e-11
-7.529353505907991257e-11
-6.198734751705949607e-11
-4.309875956259655331e-11
-2.097154532328708905e-11
1.287968636740338242e-12
2.065817663014313076e-11
3.498301306189980508e-11
4.338255270131071929e-11
4.621558211724669200e-11
4.471481277090616377e-11
4.047765283514929620e-11
3.497874519473158755e-11
2.924243342135405179e-11
2.374791586030476331e-11
1.853554874172432515e-11
1.341815707258801623e-11
8.201153065753470378e-12
2.830276955967147036e-12
-2.588164085771824706e-12
-7.887285148077396014e-12
-1.298334193222674035e-11
-1.796129551597797585e-11
-2.303457510221492612e-11
-2.838229454672944542e-11
-3.392598786042102986e-11
-3.913187635187548076e-11
-4.293568185021617457e-11
-4.387372851497985622e-11
-4.042877652241310263e-11
-3.150380045748784184e-11
-1.689067354512226011e-11
2.417478892956471544e-12
2.423511741220317984e-11
4.561366073744472931e-11
6.359891725397058872e-11
7.602122200025141829e-11
8.198587705809243954e-11
8.190079177909292707e-11
7.711861934100225933e-11
6.941256922701186007e-11
6.049052275913238637e-11
5.164883260232766246e-11
4.357653998727223576e-11
3.629203652798907221e-11
2.921123073505352139e-11
2.136585917015303617e-11
1.178292540445745572e-11
0.000000000000000000e+00
0.000000000000000000e+00
-1.208660429933311297e-11
-2.185277959975776157e-11
-3.011570343127770527e-11
-3.814837071915050926e-11
-4.712767954572566972e-11
-5.771598771480396359e-11
-6.980622345233455428e-11
-8.242596551502850883e-11
-9.379336418345314699e-11
-1.015457283976749799e-10
-1.031831233059422872e-10
-9.672739212638898922e-11
-8.146552419615117910e-11
-5.848807575192953983e-11
-3.069420736736526757e-11
-2.127144509316269813e-12
2.314238011233998806e-11
4.210379337988351136e-11
5.342619400535837590e-11
5.746489025008081011e-11
5.579500968056227867e-11
5.051949262712852065e-11
4.359291655499544069e-11
3.636903821001042998e-11
2.947716756348346353e-11
2.297124876001401124e-11
1.660875394301648340e-11
1.013430188309865317e-11
3.470456951823738162e-12
-3.254268318783764625e-12
-9.833001240929911794e-12
-1.616516258434720315e-11
-2.236581647567431264e-11
-2.871280854202408652e-11
-3.543758134848987568e-11
-4.243735890360256685e-11
-4.901237314519515551e-11
-5.375637031379081218e-11
-5.472867126796764407e-11
-4.993196015972021039e-11
-3.796959051459907730e-11
-1.868118418228927041e-11
6.462670479865244363e-12
3.442700633728389123e-11
6.125105970639165969e-11
8.309758365688703662e-11
9.729031298886278912e-11
1.029021003202675556e-10
1.007134840292202862e-10
9.268425447162077127e-11
8.124647158987597751e-11
6.868332100310695498e-11
5.671066812432741901e-11
4.625906649224403581e-11
3.741828381135694075e-11
2.952821332479114553e-11
2.142585046277448411e-11
1.185371847203737997e-11
0.000000000000000000e+00
0.000000000000000000e+00
-1.219495616097909574e-11
-2.198372532854710132e-11
-3.056686076504466698e-11
-3.953235091378176098e-11
-5.027758118867542506e-11
-6.355913955191029675e-11
-7.920463696722550463e-11
-9.598694919301030383e-11
-1.116626239127747040e-10
-1.232128354504029925e-10
-1.273563488257551206e-10
-1.213594068603169391e-10
-1.040045414029208206e-10
-7.636173065955950417e-11
-4.191386334260277864e-11
-5.796748814005879513e-12
2.662614712773968757e-11
5.124139020206580941e-11
6.609973153562232625e-11
7.151550929737662706e-11
6.949257745732479789e-11
6.279459296638553089e-11
5.400591427408547801e-11
4.490231605706421836e-11
3.629151064249408183e-11
2.822823320205570558e-11
2.038694164404136943e-11
1.242699304460198440e-11
4.236598678821023499e-12
-4.030625586000850694e-12
-1.211939867194034159e-11
-1.991050754637044087e-11
-2.756156811414875330e-11
-3.543978599108877206e-11
-4.385579882232922598e-11
-5.269287084922178047e-11
-6.105274925044565720e-11
-6.709065663218083696e-11
-6.824001237253611321e-11
-6.187747882629737940e-11
-4.623575744976639117e-11
-2.125357775988134764e-11
1.094901764771141580e-11
4.624697841203507320e-11
7.943994606655908183e-11
1.056684529741488617e-10
1.217311672565771419e-10
1.267504620242786527e-10
1.220099159065416743e-10
1.102041340838788670e-10
9.451927312030234435e-11
7.786996778047664972e-11
6.241551247663183135e-11
4.933018284154019746e-11
3.876444027786145253e-11
2.996440239257279779e-11
2.155083371518242747e-11
1.195819921652842333e-11
0.000000000000000000e+00
0.000000000000000000e+00
-1.233957475545549001e-11
-2.218479168598300265e-11
-3.114569986473365178e-11
-4.115022431057647185e-11
-5.384024464813788948e-11
-7.008860795505352404e-11
-8.967471750229618712e-11
-1.111227980463904596e-10
-1.317119600009283007e-10
-1.477142831864374857e-10
-1.549630363715331564e-10
-1.498135420521222144e-10
-1.303678471483975872e-10
-9.754376310852846248e-11
-5.539773044547424680e-11
-1.031179527266103478e-11
3.077034030846542465e-11
6.230858647428712697e-11
8.149371865830602492e-11
8.852264841316327298e-11
8.592639159717856960e-11
7.733436944735986554e-11
6.616493082563031783e-11
5.473961697644034685e-11
4.407637338159486127e-11
3.420655516531541144e-11
2.468052429386720659e-11
1.503843011281155006e-11
5.118719757354984742e-12
-4.897074452960235456e-12
-1.469541980227217213e-11
-2.413688831632923715e-11
-3.343839679863212271e-11
-4.309079484931867619e-11
-5.352387883552892237e-11
-6.462799270642288489e-11
-7.526887670970244406e-11
-8.303373868862328059e-11
-8.452697458572985113e-11
-7.630739908022343679e-11
-5.616031381263563300e-11
-2.421846172637526973e-11
1.650305082026696999e-11
6.047851891052414345e-11
1.010035191556200566e-10
1.320635784625614066e-10
1.499528264260610874e-10
1.539739476777733340e-10
1.460824339603366095e-10
1.298548829781983922e-10
1.093296322437711278e-10
8.810223486385751192e-11
6.878974821778565540e-11
5.280378002844213906e-11
4.033860758631830073e-11
3.052502167416883179e-11
2.174412502250157822e-11
1.209799995267309182e-11
0.000000000000000000e+00
0.000000000000000000e+00
-1.252158199891267875e-11
-2.245824181272594640e-11
-3.185561614957140223e-11
-4.300712760032595900e-11
-5.782515447189441905e-11
-7.732505277099120888e-11
-1.012624235670182259e-10
-1.279296417943789567e-10
-1.541255875774777727e-10
-1.753713586097722730e-10
-1.865112503535685254e-10
-1.828140578394805517e-10
-1.614779194521760476e-10
-1.230705553451404500e-10
-7.215308160565669993e-11
-1.649095197600431081e-11
3.505840822095322003e-11
7.510799705247821228e-11
9.964267880496583642e-11
1.086046796418772256e-10
1.051619723914884567e-10
9.408326463725112624e-11
7.990266523638369809e-11
6.565542422254446929e-11
5.260474021858832597e-11
4.071581070846037540e-11
2.935330450003574195e-11
1.789065104477440453e-11
6.095607497361659256e-12
-5.819324640126231941e-12
-1.747029544683195620e-11
-2.869598697105543038e-11
-3.979492028758131694e-11
-5.142918633202020915e-11
-6.420768274655366070e-11
-7.806636743015402752e-11
-9.159186842152423136e-11
-1.016268067285544788e-10
-1.036661060510587865e-10
-9.319666633989727651e-11
-6.747787273752444009e-11
-2.699830535797596268e-11
2.398396480608212199e-11
7.814413925242222177e-11
1.269725795576189925e-10
1.631884255416647965e-10
1.826600426375635491e-10
1.850640919208378222e-10
1.732406483544029229e-10
1.518135124106852756e-10
1.257697146147027274e-10
9.942412002597202795e-11
7.585316215771501654e-11
5.668898919292937473e-11
4.214578413069960373e-11
3.121340440616384173e-11
2.200795105009945710e-11
1.227422102493592860e-11
0.000000000000000000e+00
0.000000000000000000e+00
-1.274152392353758291e-11
-2.280516939405244852e-11
-3.269796639807092738e-11
-4.510479671814071498e-11
-6.223643829366954673e-11
-8.528140459436788708e-11
-1.140039653529763739e-10
-1.464940639979573257e-10
-1.790841745875229269e-10
-2.065191303225614353e-10
-2.225578711344710013e-10
-2.211904082587565879e-10
-1.984353879538824468e-10
-1.542288910562565080e-10
-9.348258158676701075e-11
-2.544336018859712064e-11
3.874035272982539301e-11
8.929300115422707867e-11
1.205030663845322752e-10
1.318290030657684309e-10
1.271942577200447976e-10
1.128728105324211089e-10
9.490424961894339307e-11
7.726657825637338373e-11
6.150576787925955035e-11
4.745005080876689170e-11
3.418725737424887272e-11
2.085794448124638618e-11
7.131235165398894694e-12
-6.745717796368906524e-12
-2.030355775665149894e-11
-3.335691980761448904e-11
-4.631523036540776013e-11
-6.007760672276079769e-11
-7.552061921226032574e-11
-9.269054733363177546e-11
-1.098454572515547703e-10
-1.228412580792040446e-10
-1.256756841826457595e-10
-1.124271206999269254e-10
-7.975608841723652624e-11
-2.876850711777980996e-11
3.454680515611254032e-11
1.005593272861219731e-10
1.586216833302755243e-10
2.001195258349302415e-10
2.206574195166322793e-10
2.205580954848419941e-10
2.038064923039000657e-10
1.762530199955750980e-10
1.439221326865964291e-10
1.118700194824490486e-10
8.361797219418593190e-11
6.098971035940373497e-11
4.418765265703761888e-11
3.203089808231380866e-11
2.234339982745828808e-11
1.248740194733527138e-11
0.000000000000000000e+00
0.000000000000000000e+00
-1.299935121247619133e-11
-2.322547031826416667e-11
-3.367200791176373376e-11
-4.744140156529850779e-11
-6.707244334265564189e-11
-9.396190013137834627e-11
-1.279238514521624000e-10
-1.668896013322803656e-10
-2.067594259852792193e-10
-2.414997079150566734e-10
-2.637033488299721129e-10
-2.658796900993480937e-10
-2.425382170603818792e-10
-1.925999110045134007e-10
-1.210536899710410358e-10
-3.865262468023604118e-11
4.075282087812587890e-11
1.043071315637370334e-10
1.439140760996182638e-10
1.581845714653484954e-10
1.519205425575799296e-10
1.333902973262423353e-10
1.106734555254284096e-10
8.899968602727829949e-11
7.023591154102544724e-11
5.396400290447576518e-11
3.886473678918371807e-11
2.375562826365650839e-11
8.170459407090805024e-12
-7.604588485142618808e-12
-2.299584075168959023e-11
-3.779115530808460886e-11
-5.254878299998827476e-11
-6.849386579117160759e-11
-8.689668391245942766e-11
-1.080140101520979241e-10
-1.297191907080604553e-10
-1.465529343166062240e-10
-1.504851556819972739e-10
-1.337419169447911063e-10
-9.232846251130089669e-11
-2.837370059135278161e-11
4.972661069689014087e-11
1.293997897034496325e-10
1.975105475765645428e-10
2.441218984519053927e-10
2.648510760125814649e-10
2.610334378362308627e-10
2.381076075347485239e-10
2.033371423072406098e-10
1.638565718542472625e-10
1.254628498006899811e-10
9.208790030876831644e-11
6.570420491154369064e-11
4.646242047187375097e-11
3.297680501751633410e-11
2.275039279159640676e-11
1.273750233753939037e-11
0.000000000000000000e+00
0.000000000000000000e+00
-1.329441002658050517e-11
-2.371783632314318686e-11
-3.477487527347705452e-11
-5.001143829403172086e-11
-7.232538850327048574e-11
-1.033611865839333598e-10
-1.430329183458603058e-10
-1.891729525218646061e-10
-2.373077628398199514e-10
-2.806535374877995495e-10
-3.105832363110808719e-10
-3.179254595982623622e-10
-2.952996557560383416e-10
-2.401089139896234248e-10
-1.569852404348490395e-10
-5.808940829476076805e-11
3.960467434742272776e-11
1.192901746674638425e-10
1.695294112487900119e-10
1.875288568219366845e-10
1.790928819935712509e-10
1.551372796768354242e-10
1.265020086108521497e-10
1.000708601706313616e-10
7.806398591911798261e-11
5.965964367565515868e-11
4.295639815074993247e-11
2.633097624410445518e-11
9.134517964384842675e-12
-8.303711709802938581e-12
-2.528420922733053101e-11
-4.156570744979615849e-11
-5.790343532454448847e-11
-7.596372509357611241e-11
-9.757870921074173379e-11
-1.233584594177590349e-10
-1.507321851085413674e-10
-1.724945330933976769e-10
-1.778758290133959832e-10
-1.566669564746610130e-10
-1.041908817065563428e-10
-2.420856140653549222e-11
7.155049481741317531e-11
1.667846886249480163e-10
2.455304542813212260e-10
2.966649211312394713e-10
3.162466925280450614e-10
3.070993817715849532e-10
2.764688595031076080e-10
2.332142535183177900e-10
1.856261471152884935e-10
1.402121582871637030e-10
1.012573144688111342e-10
7.082476200957044410e-11
4.896471568583118102e-11
3.404835943774035232e-11
2.322767818992283746e-11
1.302389286289921016e-11
0.000000000000000000e+00
0.000000000000000000e+00
-1.362544314981514811e-11
-2.427977026974990708e-11
-3.600159468446001447e-11
-5.280568182473699601e-11
-7.798110217671741985e-11
-1.134635208546834418e-10
-1.593263922244815594e-10
-2.133799650032058321e-10
-2.708631275877471721e-10
-3.243085586286686365e-10
-3.638558018148519738e-10
-3.784713918298459641e-10
-3.584628888028598308e-10
-2.990800069964728763e-10
-2.039541337899433506e-10
-8.636183783980793191e-11
3.321324424312272141e-11
1.329340257919674470e-10
1.967027064854297548e-10
2.194898815449648489e-10
2.082290989893430101e-10
1.773632765814743402e-10
1.414420223243188249e-10
1.094921951223222753e-10
8.409060595143334867e-11
6.380150513172882110e-11
4.592782922694066241e-11
2.826359429229665274e-11
9.918367112391941680e-12
-8.734798309794704731e-12
-2.685016039153410228e-11
-4.415835085519230523e-11
-6.167072123357046102e-11
-8.163163867633537016e-11
-1.066363548924948664e-10
-1.378356967384283295e-10
-1.721711696003835936e-10
-2.001630413540883108e-10
-2.073708429512030961e-10
-1.803797899631617666e-10
-1.138438124146790776e-10
-1.404843028163701158e-11
1.026861778653273839e-10
2.153782218695502617e-10
3.049544239209760099e-10
3.594345953581511781e-10
3.759424865727388189e-10
3.593847192268702523e-10
3.192018255316209732e-10
2.660104435694250572e-10
2.092635562290999433e-10
1.561122693072471676e-10
1.111104640302272485e-10
7.633744869617845999e-11
5.168554201664238587e-11
3.524074107420472537e-11
2.377284549830985378e-11
1.334535622687614402e-11
0.000000000000000000e+00
0.000000000000000000e+00
-1.399060129023916833e-11
-2.490762224109756249e-11
-3.734513510889183468e-11
-5.581120024628910507e-11
-8.401885544254147509e-11
-1.242420908173842933e-10
-1.767820413006911302e-10
-2.395214928547373840e-10
-3.075289999380737062e-10
-3.727671183498391341e-10
-4.241850117771473589e-10
-4.487479106865831956e-10
-4.340093198006082207e-10
-3.722930527378006377e-10
-2.653241395557737220e-10
-1.269146383240695437e-10
1.867093173751821462e-11
1.432636979866739462e-10
2.243025813021833473e-10
2.532967956767723310e-10
2.384482446591277386e-10
1.989401541897480061e-10
1.542648844489032097e-10
1.161159472485807263e-10
8.733167470682520728e-11
6.559337807506414754e-11
4.719144865969926950e-11
2.919230782586289962e-11
1.039579179857342192e-11
-8.788701020825978864e-12
-2.735699050086037207e-11
-4.502111141685452735e-11
-6.311600638821234600e-11
-8.459899564049577636e-11
-1.130236490904928813e-10
-1.503147629240861573e-10
-1.929646753750961277e-10
-2.286439419919796689e-10
-2.380437215169728986e-10
-2.034987009452643358e-10
-1.190542583776352281e-10
5.190047053084359399e-12
1.466367050446685042e-10
2.785107241129996774e-10
3.784883694293586808e-10
4.343392062524114659e-10
4.451153562383343522e-10
4.185211071288351046e-10
3.665921676485248915e-10
3.018218601058952602e-10
2.347771194111464918e-10
1.731405220737754248e-10
1.216208345442556776e-10
8.222195268214280655e-11
5.461229369165945574e-11
3.654712450710091586e-11
2.438236008324915273e-11
1.370009804026926562e-11
0.000000000000000000e+00
0.000000000000000000e+00
-1.438746419323020338e-11
-2.559664525208664193e-11
-3.879649472939573099e-11
-5.901143166772840878e-11
-9.041129895416505116e-11
-1.356584865433125358e-10
-1.953584844300892137e-10
-2.675792460606152906e-10
-3.473697718645544568e-10
-4.262906442664232098e-10
-4.922182396602581035e-10
-5.300496224634458221e-10
-5.241562022373237989e-10
-4.630379997669876354e-10
-3.452965283701023179e-10
-1.842888129911904206e-10
-8.085168331339211526e-12
1.473071280312288884e-10
2.504237070601589853e-10
2.875091134624716877e-10
2.681894701707378311e-10
2.181172472091739558e-10
1.633498259362997514e-10
1.186975468642982291e-10
8.689191295605620685e-11
6.436405018040307336e-11
4.625176660106664353e-11
2.880528090809598656e-11
1.044745196086937074e-11
-8.392344401571302960e-12
-2.654956775732563656e-11
-4.373802136311465683e-11
-6.168088056729425919e-11
-8.411515913483167399e-11
-1.156536077224736001e-10
-1.593114422555171857e-10
-2.114265629096188086e-10
-2.563041907313354905e-10
-2.682089537676095014e-10
-2.237536702143582611e-10
-1.164998634621139521e-10
3.778420233807557294e-11
2.079912369496883230e-10
3.603179310358347863e-10
4.693181344057226909e-10
5.235042665759742573e-10
5.249981807570111971e-10
4.851214133226905845e-10
4.188849046240504826e-10
3.407064589645728464e-10
2.621468205931552104e-10
1.912556626043237934e-10
1.327506484689099675e-10
8.845152577271853412e-11
5.772883094532860356e-11
3.795876280751386363e-11
2.505161694128747270e-11
1.408576724630759913e-11
0.000000000000000000e+00
0.000000000000000000e+00
-1.481307105518660239e-11
-2.634106899309180070e-11
-4.034482052827864309e-11
-6.238632299176128836e-11
-9.712451058149990774e-11
-1.476623491512697912e-10
-2.149937278501030136e-10
-2.975017771826870696e-10
-3.904017026099586709e-10
-4.850822252906038830e-10
-5.685582250615606443e-10
-6.237012302939151865e-10
-6.313380083144747866e-10
-5.751583548802293344e-10
-4.490778841398039748e-10
-2.644525079328103698e-10
-5.273561995744558536e-11
1.405996244702048744e-10
2.719424132006955333e-10
3.196155442562042442e-10
2.947947317215007361e-10
2.321024765332008939e-10
1.663943382814531052e-10
1.158738134658021860e-10
8.219892417769180856e-11
5.990202573729614979e-11
4.301401273528470891e-11
2.706448205313707821e-11
1.004668277068841370e-11
-7.591371959589832915e-12
-2.448078081144668756e-11
-4.034801348339486806e-11
-5.734299607179148684e-11
-7.983179283890987632e-11
-1.133775927883812468e-10
-1.626797608535500621e-10
-2.248017569535811458e-10
-2.803224152710197558e-10
-2.949548894120608733e-10
-2.374812962490249097e-10
-1.012402711678360438e-10
8.966861603663462872e-11
2.927395180612039287e-10
4.658924398917192074e-10
5.811441700801311436e-10
6.292514635641053277e-10
6.168461593406612107e-10
5.597526605356343078e-10
4.762677366020656178e-10
3.826753763499365706e-10
2.913204896931965334e-10
2.103964581633858027e-10
1.444505379902302633e-10
9.499303454362013223e-11
6.101561554077353408e-11
3.946510337388149213e-11
2.577501199349249580e-11
1.449948560787752727e-11
0.000000000000000000e+00
0.000000000000000000e+00
-1.526395957884252181e-11
-2.713418970850645334e-11
-4.197755822308636460e-11
-6.591252888891645614e-11
-1.041181590945678130e-10
-1.601912235006685720e-10
-2.356040055918539816e-10
-3.292007750335859105e-10
-4.365837520330260138e-10
-5.492674318413793524e-10
-6.537291025010815997e-10
-7.310097017725287827e-10
-7.581646985667164885e-10
-7.130712545020345896e-10
-5.830530328962397614e-10
-3.752083199006944362e-10
-1.232141658048044211e-10
1.164444549596937186e-10
2.838297298940072247e-10
3.454609146024561770e-10
3.139975197707056032e-10
2.365386039521565327e-10
1.598964353275039417e-10
1.058479697373624324e-10
7.310127009029724052e-11
5.288288674070884563e-11
3.831003796936762527e-11
2.467948440763572229e-11
9.471680958624482364e-12
-6.744660697352520865e-12
-2.199381862529229818e-11
-3.592093824971114677e-11
-5.110418907997304744e-11
-7.192081355035440328e-11
-1.046372437275797480e-10
-1.570288278611040142e-10
-2.286599675853701308e-10
-2.960783633488397892e-10
-3.134615074549387322e-10
-2.388482831842690398e-10
-6.593810722501370911e-11
1.690618425160730720e-10
4.086507186313872134e-10
6.014339313914546804e-10
7.181916816352471660e-10
7.540553088621665113e-10
7.218902014863653278e-10
6.429034407388132628e-10
5.388527491163280214e-10
4.276842085018177678e-10
3.222102873866178939e-10
2.304806059552430304e-10
1.566594148365015837e-10
1.018071231979597351e-10
6.444990465370394930e-11
4.105393326799932451e-11
2.654602911401958695e-11
1.493788561675668533e-11
0.000000000000000000e+00
0.000000000000000000e+00
-1.573621287533995921e-11
-2.796847407016114226e-11
-4.368062921931687681e-11
-6.956366820779194560e-11
-1.113457870853032718e-10
-1.731706384430839494e-10
-2.570829998768430745e-10
-3.625478537556581558e-10
-4.858086679423949166e-10
-6.188739220068456757e-10
-7.481367519337034902e-10
-8.532009250813625146e-10
-9.073492843355847446e-10
-8.817466053228538183e-10
-7.549396491017453127e-10
-5.266695106650419328e-10
-2.305578404168435787e-10
6.482327042137312215e-11
2.780748127780713792e-10
3.583893802515596542e-10
3.193811110706169402e-10
2.252082715352695895e-10
1.388013083931613044e-10
8.581051773530827922e-11
5.950466870423963506e-11
4.514231950862758099e-11
3.465414939648661717e-11
2.407262344092832117e-11
9.795926174921930847e-12
-7.110263570557445253e-12
-2.186094558974305002e-11
-3.354556859852581310e-11
-4.540394740414483113e-11
-6.068384215302501291e-11
-8.674970310730524314e-11
-1.372002387800206131e-10
-2.164319803290851488e-10
-2.964379140764693682e-10
-3.159700538893241526e-10
-2.186466626400626011e-10
2.716951796105268027e-13
2.872872957340510291e-10
5.657026819103489819e-10
7.743737762127266512e-10
8.851797612758022284e-10
9.004706545596256016e-10
8.412758535768540124e-10
7.349460816624338274e-10
6.066570244301490047e-10
4.756245569076073071e-10
3.546896714315815518e-10
2.514040085239876589e-10
1.693045594916081475e-10
1.088484915909766350e-10
6.800600038398801714e-11
4.271155085896598735e-11
2.735734082102410015e-11
1.539715605982532678e-11
0.000000000000000000e+00
0.000000000000000000e+00
-1.622551331065615089e-11
-2.883567470564927032e-11
-4.543863083851184737e-11
-7.331063389617210301e-11
-1.187552139982839640e-10
-1.865144344041476499e-10
-2.793015151753697182e-10
-3.973720375689689464e-10
-5.378947734276065448e-10
-6.938106137816225720e-10
-8.520242849393251456e-10
-9.913400120760035703e-10
-1.081597241937148817e-09
-1.086622949201115402e-09
-9.738852678864034597e-10
-7.317730265937619524e-10
-3.899994025288159464e-10
-2.917295271373011527e-11
2.419952801389356407e-10
3.478310763907543343e-10
3.016204493970450739e-10
1.902221704090664190e-10
9.726904324245922682e-11
5.224369093757654051e-11
4.115032525885812864e-11
4.028556295254109555e-11
3.865729463129841512e-11
3.341085606150440758e-11
1.506586243568827007e-11
-1.388870718226134451e-11
-3.367378927667969608e-11
-4.135231487491828755e-11
-4.483325794750513641e-11
-4.608787125116478976e-11
-5.584915283861612090e-11
-9.669127631665407422e-11
-1.793177735114220249e-10
-2.707263726555947169e-10
-2.901036917015171982e-10
-1.624281878195664621e-10
1.133778648898217935e-10
4.597967194531451824e-10
7.765214118088026669e-10
9.934352842291158736e-10
1.087229211882251319e-09
1.071024596496569684e-09
9.759871312313736224e-10
8.360943734406014909e-10
6.795829059381521236e-10
5.263162626158534131e-10
3.885910346419643413e-10
2.730404857372339850e-10
1.823019485359193005e-10
1.160662891530888650e-10
7.165555112548196619e-11
4.442296015002253225e-11
2.820092038208824877e-11
1.587309436644034741e-11
0.000000000000000000e+00
0.000000000000000000e+00
-1.672720230470860343e-11
-2.972695492583151310e-11
-4.723505573876909785e-11
-7.712195151139953740e-11
-1.262890575692803826e-10
-2.001253529442252378e-10
-3.021076729893565622e-10
-4.334581444712014033e-10
-5.925789559049898043e-10
-7.738474388334324981e-10
-9.654241458822413933e-10
-1.146235811964815046e-09
-1.283451953749972797e-09
-1.333434684761665381e-09
-1.250448067465676847e-09
-1.006755640235734027e-09
-6.222892897213682119e-10
-1.875248725875354907e-10
1.556415557797901858e-10
2.968686612587887804e-10
2.467147894688219431e-10
1.214736217208405071e-10
2.942347691719288520e-11
1.967602543489126976e-12
1.924078656678773360e-11
5.040984005510779508e-11
8.185921955785323898e-11
1.048117332896391880e-10
5.512690310373491461e-11
-6.145333827491671382e-11
-1.133786292345911138e-10
-9.375701483876575813e-11
-6.267612081415264040e-11
-2.901504043149943532e-11
-7.419043371158534249e-12
-2.795646941072122725e-11
-1.054036712950789237e-10
-2.025732733894261122e-10
-2.160319295638608976e-10
-4.768922126244419575e-11
2.966450085904295449e-10
7.073508171254865482e-10
1.056749423160390352e-09
1.268574678079729632e-09
1.329686935924833297e-09
1.268067942907827372e-09
1.126755938567530029e-09
9.463582818507184106e-10
7.573988792495385955e-10
5.795008050990702668e-10
4.237042073181113297e-10
2.952419869360616751e-10
1.955568339761698983e-10
1.234046230104973822e-10
7.536790003784317373e-11
4.617208386461844620e-11
2.906816296279076863e-11
1.636116477719206746e-11
0.000000000000000000e+00
0.000000000000000000e+00
-1.723634502567494961e-11
-3.063302013925656725e-11
-4.905252623316212861e-11
-8.096418046750977082e-11
-1.338853691900777793e-10
-2.138958967310738466e-10
-3.253276834985862060e-10
-4.705462647456262473e-10
-6.495113934229543891e-10
-8.585969056262527325e-10
-1.088109036706979654e-09
-1.318332017000052739e-09
-1.515093736821230209e-09
-1.627926394677117442e-09
-1.596383816395666650e-09
-1.371456674890285361e-09
-9.551460752888836730e-10
-4.421684557664305844e-10
-1.203346946801074036e-11
1.782466720404032458e-10
1.320834991605473379e-10
2.068347825973996410e-12
-7.869311852231538349e-11
-8.290758680309561107e-11
-1.899457227221881281e-11
1.137262632501357974e-10
3.601119022292529875e-10
6.449397101988277481e-10
3.819215565726791144e-10
-4.171191711740353074e-10
-6.756137719387060588e-10
-3.945034096175487773e-10
-1.417991483122137809e-10
3.303140721992042131e-12
7.941984829272795971e-11
8.629986071923136984e-11
2.538138526048613999e-11
-6.538273572825324289e-11
-6.189318906373827746e-11
1.601595141650070839e-10
5.833161055971143118e-10
1.057207530599283535e-09
1.425204878113660547e-09
1.610734211099328015e-09
1.617846816323863827e-09
1.493584597975802956e-09
1.293959433360538378e-09
1.065497746806597071e-09
8.397222294753547811e-10
6.348363726824102548e-10
4.597760095965939914e-10
3.178393565614611202e-10
2.089645825064791123e-10
1.308031759670201294e-10
7.911047499179415660e-11
4.794199115047114280e-11
2.995001339509228439e-11
1.685656130890588789e-11
0.000000000000000000e+00
0.000000000000000000e+00
-1.774779887935970724e-11
-3.154425346326329807e-11
-5.087303909046347447e-11
-8.480235140767847290e-11
-1.414783758030602436e-10
-2.277094612041418424e-10
-3.487672352616101518e-10
-5.083325099779819567e-10
-7.082525610963689021e-10
-9.474988598949482422e-10
-1.219544606700008204e-09
-1.507589357209669783e-09
-1.778095001736959294e-09
-1.975437676883100278e-09
-2.024151393310032367e-09
-1.849229343712968293e-09
-1.424566135703217280e-09
-8.385356152960751240e-10
-3.085573337909459113e-10
-5.160643100582309749e-11
-7.973042881923994406e-11
-2.016197828240414760e-10
-2.782030828102952600e-10
-3.076938391678837488e-10
-2.128015329205394317e-10
2.663489400467130075e-10
1.755897659909361296e-09
3.669613381816743675e-09
2.174825135871998877e-09
-2.487194833167976200e-09
-3.859907998747831303e-09
-1.896412435868399291e-09
-3.419761959820898266e-10
1.964731700790323276e-10
3.226957431034478917e-10
3.059798601812340407e-10
2.526070160826202506e-10
1.850241378247009851e-10
2.228772821164613741e-10
5.131190992211591037e-10
1.019626498068019016e-09
1.543994755247163580e-09
1.903629598083565879e-09
2.031335382476007827e-09
1.956554579247784660e-09
1.748961723332493488e-09
1.477509636589863808e-09
1.192978332768065988e-09
9.260047832236251084e-10
6.918951178500490564e-10
4.965110200752576875e-10
3.406436924987367222e-10
2.224117758040971113e-10
1.381979272578244911e-10
8.284921361946791725e-11
4.971513564929092412e-11
3.083709815984741766e-11
1.735427444736447400e-11
0.000000000000000000e+00
0.000000000000000000e+00
-1.825628466856481121e-11
-3.245085312690224620e-11
-5.267821639658721800e-11
-8.860043244073229966e-11
-1.489993181763272313e-10
-2.414417308343299853e-10
-3.722135264927166779e-10
-5.464711734900384931e-10
-7.682730362658000092e-10
-1.039809918420932069e-09
-1.358847483017121907e-09
-1.713365685619982166e-09
-2.073140035638398960e-09
-2.380356557913314294e-09
-2.546061855377238496e-09
-2.466163828951445168e-09
-2.075440080163644827e-09
-1.439350363168863113e-09
-8.050888732828220705e-10
-4.609035650930081775e-10
-4.484555036640692458e-10
-5.514998391471243853e-10
-7.143950588338044293e-10
-9.916254577796411206e-10
-9.238492900870737986e-10
6.928329968935741846e-10
6.143339935970664421e-09
1.198777000719330721e-08
6.297483784795176699e-09
-8.498319666948169296e-09
-1.339868312384036233e-08
-6.790645899854364774e-09
-8.654120576916957228e-10
9.792813693323933387e-10
1.098329741548100312e-09
8.034477781777026926e-10
6.499620554288330228e-10
6.189689938843404114e-10
7.160813578164910597e-10
1.086826971584088929e-09
1.667425749532411540e-09
2.209699064610633887e-09
2.515778084561935716e-09
2.541456835015025006e-09
2.349697150042460612e-09
2.034728890123648903e-09
1.676741667949950246e-09
1.327932074898364136e-09
1.015523127612062240e-09
7.501630861205478824e-10
5.335736948174539238e-10
3.634483194166738690e-10
2.357775650586572341e-10
1.455219663716751933e-10
8.654901646347795839e-11
5.147359967948357955e-11
3.171985925081840078e-11
1.784916047741915687e-11
0.000000000000000000e+00
0.000000000000000000e+00
-1.875645930668828823e-11
-3.334296935204632334e-11
-5.444955828780794939e-11
-9.232181623613484781e-11
-1.563773732162151209e-10
-2.549623235194745373e-10
-3.954379406401972170e-10
-5.845783977420520802e-10
-8.289565501822598759e-10
-1.134599069898559516e-09
-1.504752633047883586e-09
-1.934303048178105719e-09
-2.399724379396224050e-09
-2.845457938648279077e-09
-3.173042828256257388e-09
-3.249306686763414483e-09
-2.960528376818386809e-09
-2.327463712384995311e-09
-1.605001214673003380e-09
-1.153771031915086978e-09
-1.063926466813080575e-09
-1.156617571644565974e-09
-1.739030162130643788e-09
-2.758667408679994060e-09
-2.150116487937359271e-09
3.066828877443764395e-09
1.436938781468225639e-08
2.006048626563036444e-08
8.445721172845326886e-09
-1.533112368752761339e-08
-2.758147895302698499e-08
-1.697444447033721860e-08
-3.198652871090945429e-09
2.479570050346200693e-09
3.157433899554003163e-09
1.999632772985670975e-09
1.348649361540271443e-09
1.340105644641747017e-09
1.531999324594356703e-09
1.986195306859254379e-09
2.604902815017356108e-09
3.101940297300627835e-09
3.285620027718666892e-09
3.150684188457506653e-09
2.799592666381151357e-09
2.350280243315476492e-09
1.890309013964091647e-09
1.469127260613959577e-09
1.107374710423099331e-09
8.090432410273673049e-10
5.705919283690404448e-10
3.860313792570810765e-10
2.489352642665898957e-10
1.527063879877718318e-10
9.017422056565080544e-11
5.319934047202621063e-11
3.258868768138228652e-11
1.833601236334995039e-11
0.000000000000000000e+00
0.000000000000000000e+00
-1.924298899771032813e-11
-3.421083855185655360e-11
-5.616869360663762712e-11
-9.592981976215623289e-11
-1.635406449081189641e-10
-2.681366597868949857e-10
-4.181993401936198408e-10
-6.222373978816286177e-10
-8.896066082788664674e-10
-1.230750851688176758e-09
-1.655594265090421949e-09
-2.168232556115350047e-09
-2.755856025560595199e-09
-3.371160493437217597e-09
-3.913062568511024234e-09
-4.223698889736406099e-09
-4.136505322175490031e-09
-3.604932800594170392e-09
-2.851499592847441005e-09
-2.284392054675534229e-09
-2.058085749190915786e-09
-2.241498277210074429e-09
-4.092215167971365138e-09
-6.537485345765357318e-09
-2.873553762455443118e-09
1.029839607601031914e-08
3.342639518831920845e-08
4.478075625653988679e-08
2.228166637498380849e-08
-2.631666064093632580e-09
-1.922796700043197813e-08
-2.445548201073942923e-08
-9.743423956140699626e-09
3.298600138904390559e-09
7.581180012061326970e-09
4.786433199092500739e-09
2.615383020905519508e-09
2.491159265866086062e-09
2.827976009841547556e-09
3.346697132608772833e-09
3.922785045222115374e-09
4.269604836168397114e-09
4.234575597565569319e-09
3.865677549615632618e-09
3.306312011697176911e-09
2.693599979194428031e-09
2.116095797543576813e-09
1.614951099759286337e-09
1.200481135458746680e-09
8.678618948760980675e-10
6.071621021947008795e-10
4.081590144797681435e-10
2.617541600417919287e-10
1.596812531490983014e-10
9.368908566666329061e-11
5.487443458656638763e-11
3.343405455425478190e-11
1.880963111648478663e-11
0.000000000000000000e+00
0.000000000000000000e+00
-1.971062176141002686e-11
-3.504491321485478913e-11
-5.781762405461360359e-11
-9.938818979431989361e-11
-1.704172040169199855e-10
-2.808280277856570049e-10
-4.402479258796881404e-10
-6.590052178183227029e-10
-9.494568882677176873e-10
-1.326977173062491368e-09
-1.809304644933798522e-09
-2.412108626191334297e-09
-3.137787702810180973e-09
-3.954752737369741450e-09
-4.769315748921143190e-09
-5.408396691227663825e-09
-5.656014140030744680e-09
-5.383344226182744453e-09
-4.726359011381992712e-09
-4.067959927737738346e-09
-3.624104822192155071e-09
-4.317560089725946705e-09
-9.148919216267431983e-09
-1.305977869295537893e-08
-6.199186883305731501e-10
2.352641279242841973e-08
5.547911718735126459e-08
5.770630078409175904e-08
6.781943673526336984e-09
-1.621719110747970981e-08
-4.285548882652474996e-08
-4.465961479446374684e-08
-2.384318771568338984e-08
4.248703934689761645e-10
1.532487962642920598e-08
1.082899023999448445e-08
5.039845200472906852e-09
4.256137213234167759e-09
4.798668830101143813e-09
5.323472867345952734e-09
5.712407610200218269e-09
5.755348423404595140e-09
5.377979678516536662e-09
4.688546706516508278e-09
3.866977815103975885e-09
3.061017358063325412e-09
2.351156871007243657e-09
1.763409344825663922e-09
1.293599666018242187e-09
9.258787470188589874e-10
6.428555953269124414e-10
4.295890958940947298e-10
2.741015090538254446e-10
1.663765981453581086e-10
9.705828613800167394e-11
5.648131630750532856e-11
3.424663807357822846e-11
1.926489656072238449e-11
0.000000000000000000e+00
0.000000000000000000e+00
-2.015425835824329470e-11
-3.583598547328302434e-11
-5.937895950198120397e-11
-1.026616034546367261e-10
-1.769361629536839346e-10
-2.928997918109626317e-10
-4.613296098199494759e-10
-6.944208799348967066e-10
-1.007685499480026485e-09
-1.421838461811768617e-09
-1.963434576211007225e-09
-2.661985586891855435e-09
-3.539811758022669396e-09
-4.589664497699556781e-09
-5.738290349245946031e-09
-6.811987200227783314e-09
-7.556237573827741978e-09
-7.759699401085596602e-09
-7.421563177280863210e-09
-6.762611134325460130e-09
-6.019294794305980331e-09
-8.436995373927030420e-09
-1.940603493614897869e-08
-2.210757259581813340e-08
9.000816384709920447e-09
4.231599583838101021e-08
4.373825870464829749e-08
-2.610750252701159596e-08
-1.744209222293729277e-08
-4.325959249087481717e-08
-4.822759495842060853e-08
-7.494180363835553840e-08
-4.869219689092920532e-08
-1.065629697617301445e-08
2.627311255659122498e-08
2.303282185111345671e-08
9.763451405333483014e-09
6.831061135634723781e-09
7.634024435873729868e-09
8.055342352317386960e-09
8.042914045580785448e-09
7.585811261330563976e-09
6.721210649520347324e-09
5.615140527412740129e-09
4.475107351825100248e-09
3.447020052748051127e-09
2.591697908221765635e-09
1.912146293878227694e-09
1.385343623744121054e-09
9.823005880059456322e-10
6.772266343814026464e-10
4.500754431993630883e-10
2.858446735619222673e-10
1.727234782743648009e-10
1.002473979215021625e-10
5.800300796973510091e-11
3.501744442553277500e-11
1.969683660036615340e-11
0.000000000000000000e+00
0.000000000000000000e+00
-2.056902068200571322e-11
-3.657530293308768083e-11
-6.083614132908882614e-11
-1.057161567953208743e-10
-1.830287616157045888e-10
-3.042177078102770848e-10
-4.811907750365269609e-10
-7.280148260268514030e-10
-1.063432748949878460e-09
-1.513774762615046661e-09
-2.115197604091064451e-09
-2.913050252947385622e-09
-3.954153089188391426e-09
-5.264871082379965806e-09
-6.807891889683830986e-09
-8.428061950988801935e-09
-9.846958789080490179e-09
-1.077856912979766623e-08
-1.105831648391440639e-08
-1.055559613558669033e-08
-9.445311232802627530e-09
-1.640446451225130259e-08
-3.905093940370118387e-08
-3.339707860458407592e-08
3.269526472993480539e-08
6.978207256216368916e-08
3.871788473449458065e-09
-2.425170226682954171e-08
-2.845343223359485420e-08
-5.793309245931173151e-08
-9.263653654078312476e-08
-5.895492587282833651e-08
-9.599879077866655311e-08
-3.686016469294576245e-08
4.018188872447672233e-08
4.564415493882725547e-08
1.850642436420493693e-08
1.026926346868248255e-08
1.139606407672818057e-08
1.159141360315965344e-08
1.093066096418503315e-08
9.762052385663823595e-09
8.255862860279874479e-09
6.633405159420280080e-09
5.120074273359423532e-09
3.844160048815484089e-09
2.833107609030582222e-09
2.058487342619482613e-09
1.474212217238644451e-09
1.036298343522694509e-09
7.098213928118951550e-10
4.693724073973458785e-10
2.968533669086883073e-10
1.786550186801283852e-10
1.032233762456457235e-10
5.942333788674748527e-11
3.573792162908254565e-11
2.010069396730754778e-11
0.000000000000000000e+00
0.000000000000000000e+00
-2.095031655581719245e-11
-3.725467644445870790e-11
-6.217364931084846095e-11
-1.085198375167072425e-10
-1.886294370722166451e-10
-3.146522997611952869e-10
-4.995832976211462898e-10
-7.593193818245932880e-10
-1.115822100161162315e-09
-1.601146107175084569e-09
-2.261540384624730477e-09
-3.159717878995990909e-09
-4.371007654507953869e-09
-5.964516656062518961e-09
-7.955864487468438769e-09
-1.023097238841354739e-08
-1.250121878545922776e-08
-1.439679698214143324e-08
-1.555537528994064815e-08
-1.526414789743631522e-08
-1.357141300106416011e-08
-3.057637710597851875e-08
-7.383287609364160689e-08
-5.126437883622205040e-08
8.293046074891894037e-08
1.355227904478925941e-07
7.114500423190082002e-08
7.323599776821269059e-09
-2.633451037682365656e-08
-5.795269742137595079e-08
-1.203041691669780872e-07
-1.799225273199890568e-07
-1.798347148443357993e-07
-8.965766207787987457e-08
6.129294315334762234e-08
8.286934012160901154e-08
3.302397326369833662e-08
1.404786643183040452e-08
1.577478213502266732e-08
1.579321705699478988e-08
1.431433071697916208e-08
1.225246658874104878e-08
9.956283251367430545e-09
7.721993904765762356e-09
5.786776037671584066e-09
4.243094249641729658e-09
3.070049512424619663e-09
2.199506427230125341e-09
1.558629050821123304e-09
1.087027259720240397e-09
7.401880177796127039e-10
4.872397368888005713e-10
3.070019420655024903e-10
1.841074580620322040e-10
1.059550143416081632e-10
6.072714415387308020e-11
3.640006503171956250e-11
2.047198960979858086e-11
0.000000000000000000e+00
0.000000000000000000e+00
-2.129390030147693517e-11
-3.786657813684030420e-11
-6.337719218586182224e-11
-1.110429694624160507e-10
-1.936768667626420527e-10
-3.240812173382728282e-10
-5.162697345771077118e-10
-7.878798552884873532e-10
-1.163983798860030467e-09
-1.682280992669689208e-09
-2.399238773435955422e-09
-3.395798883816524672e-09
-4.778759473905462192e-09
-6.667904414105536953e-09
-9.148693162451373099e-09
-1.217239452816758412e-08
-1.544905511444212774e-08
-1.847150009908558429e-08
-2.053440913254102406e-08
-1.993152036729457102e-08
-1.663196617194909323e-08
-5.231394984902880975e-08
-1.280375779486435215e-07
-9.639835571525453059e-08
1.776907686329093494e-07
2.942922746017869589e-07
2.101613795841285814e-07
5.475859969676485093e-08
-1.544551236894782663e-08
-5.031199614022670099e-08
-1.464718790098074247e-07
-3.298516283434015912e-07
-3.425912519657898625e-07
-1.778368294591413506e-07
1.071071486265456273e-07
1.352108688005720021e-07
5.349307679018597117e-08
1.641983649828392444e-08
1.982321975771697436e-08
2.028146067057038722e-08
1.804960119117949330e-08
1.498886948001615600e-08
1.177679633832172906e-08
8.849309059554520504e-09
6.455641263799709234e-09
4.632789866581540176e-09
3.296621750517507637e-09
2.332117067044580021e-09
1.636988750217878303e-09
1.133649436689390437e-09
7.678873671127550145e-10
5.034475556378000099e-10
3.161716851241497954e-10
1.890211569981303644e-10
1.084133792750084562e-10
6.190046106386650073e-11
3.699651393047879655e-11
2.080658187970677629e-11
0.000000000000000000e+00
0.000000000000000000e+00
-2.159592876579014657e-11
-3.840422725675151950e-11
-6.443388458229833885e-11
-1.132586143916265604e-10
-1.981149762771156686e-10
-3.323915001611595877e-10
-5.310285353403965720e-10
-8.132659118035000325e-10
-1.207080208650035695e-09
-1.755531541776032742e-09
-2.525016095912787715e-09
-3.614738902780985283e-09
-5.164399796091665088e-09
-7.350000715016367043e-09
-1.034136655692437189e-08
-1.417897455858059771e-08
-1.857426472269812860e-08
-2.277133723087594657e-08
-2.536894248527188070e-08
-2.279583627297886833e-08
-1.540374740280611332e-08
-7.889066911529572118e-08
-1.963486414637083738e-07
-2.196281275477117767e-07
3.211686444539491113e-07
5.632619692347216953e-07
4.179499756067560332e-07
1.285109576322111061e-07
3.949217351423101502e-09
-3.857473482695215278e-08
-1.796261102249708111e-07
-4.768880607776020083e-07
-5.544348535885540116e-07
-3.041234069324824978e-07
2.176323554409260085e-07
1.933865073378723319e-07
7.624560327896725298e-08
1.470744282582971003e-08
2.201649833226897258e-08
2.449163891420738379e-08
2.192460819824542779e-08
1.786538798902916253e-08
1.364974766180857525e-08
9.973333834935063171e-09
7.103099753143533169e-09
5.000924852326422756e-09
3.506583180520837792e-09
2.453185676074884552e-09
1.707709390294714176e-09
1.175358253166740024e-09
7.925039043620715154e-10
5.177814113617226323e-10
3.242530007703790680e-10
1.933415789609217535e-10
1.105722043524811672e-10
6.293069283776037684e-11
3.752063629287040008e-11
2.110072129067845939e-11
0.000000000000000000e+00
0.000000000000000000e+00
-2.185301062971873214e-11
-3.886167044845804022e-11
-6.533239087132886275e-11
-1.151429630149757565e-10
-2.018938203621187553e-10
-3.394818134247508144e-10
-5.436589105357889395e-10
-8.350831273934761969e-10
-1.244331387657475141e-09
-1.819333337796835202e-09
-2.635678424710289974e-09
-3.809922959808689631e-09
-5.514164356137184719e-09
-7.982548345729468533e-09
-1.147859380640437572e-08
-1.615174030127551870e-08
-2.171373441855689024e-08
-2.700043853242870872e-08
-2.934576125209153051e-08
-2.193022618011044992e-08
-8.104653051501552705e-09
-1.035379570911542844e-07
-2.784658929531913802e-07
-4.794699925250882331e-07
3.807707261258994576e-07
9.588632999416931150e-07
7.626208862175565680e-07
2.712466517005759990e-07
4.357789203226903055e-08
-1.923671098093120981e-08
-2.366025872102377086e-07
-6.530111819146116096e-07
-8.651955282554458360e-07
-3.583248740096431991e-07
4.365233498604439862e-07
2.534888427122475162e-07
9.559665586794912707e-08
7.730787846090702317e-09
2.077102264160943981e-08
2.782231387099730905e-08
2.568773637592216218e-08
2.073850748440718037e-08
1.548496827148530834e-08
1.104272357106053661e-08
7.702631776026034058e-09
5.334485636344062146e-09
3.693642647219058582e-09
2.559659864357199546e-09
1.769289838947354673e-09
1.211402849097018472e-09
8.136568303321593414e-10
5.300469758353317663e-10
3.311475734447795678e-10
1.970201504643836981e-10
1.124082689257947439e-10
6.380675673887419536e-11
3.796660732807000127e-11
2.135109891178046752e-11
0.000000000000000000e+00
0.000000000000000000e+00
-2.206225062619046354e-11
-3.923384624503900885e-11
-6.606306113675493248e-11
-1.166756540784849029e-10
-2.049704274741583692e-10
-3.452643966540704090e-10
-5.539855440454103845e-10
-8.529837130595746871e-10
-1.275040581221917686e-09
-1.872265883768736653e-09
-2.728259680583579301e-09
-3.975030272837024605e-09
-5.814350763363367615e-09
-8.535897014147026554e-09
-1.249782502989695856e-08
-1.796964801513646725e-08
-2.465911914634248204e-08
-3.083158167233388073e-08
-3.188035020965439622e-08
-1.629965522436389983e-08
2.544256435019103324e-09
-1.185322999643071121e-07
-3.969802492385516907e-07
-8.022902014223229586e-07
-1.599635625193620317e-08
1.469717911047493296e-06
1.500767218205583133e-06
6.193053322652482739e-07
1.386507782087469592e-07
1.358178882298228784e-08
-3.683741421935431631e-07
-1.088104591763427447e-06
-1.382256238650669696e-06
-9.435205505907858708e-09
7.042907061643555555e-07
3.484885483983806579e-07
1.067343259964738013e-07
-2.063763482103861622e-09
1.527756928759762074e-08
2.982809252293828635e-08
2.907662473013823368e-08
2.342696367119057505e-08
1.717254129194881156e-08
1.199954414343785149e-08
8.226470432586113265e-09
5.620536453070520714e-09
3.851794346292013323e-09
2.648706559887568811e-09
1.820367527454388009e-09
1.241112566061765952e-09
8.310104296192409681e-10
5.400745761733279757e-10
3.367702683726640368e-10
2.000150740409163187e-10
1.139017156347047089e-10
6.451921454744361234e-11
3.832947427157859953e-11
2.155488941543675827e-11
0.000000000000000000e+00
0.000000000000000000e+00
-2.222128816718419645e-11
-3.951663358839078331e-11
-6.661805829189309242e-11
-1.178400194066943810e-10
-2.073095836471826000e-10
-3.496666859268138051e-10
-5.618629753678191756e-10
-8.666759464162190073e-10
-1.298618650560908478e-09
-1.913109106532492155e-09
-2.800171041332584182e-09
-4.104400243781332348e-09
-6.052301343319683886e-09
-8.981333973431276441e-09
-1.333480661707577511e-08
-1.949802551649821011e-08
-2.717157631958575324e-08
-3.393336463908323567e-08
-3.280669020888630973e-08
-6.903838339848109025e-09
1.258881976670329356e-08
-1.204986640554840177e-07
-4.920445500619963980e-07
-1.022874404513778939e-06
-9.835152860439887052e-07
1.929183540653279346e-06
3.018706671941083837e-06
1.658403895354931708e-06
3.874412546388805593e-07
1.767598033187255040e-08
-8.275582337383161917e-07
-2.717261569801877245e-06
-1.869616114682842884e-06
8.878908730876667805e-07
8.976444887244911135e-07
4.413043194101106003e-07
1.094158331098049919e-07
-1.136736616887587303e-08
6.406703871177032813e-09
3.044152446411958296e-08
3.182624258686226536e-08
2.572067614075489114e-08
1.858981009939109288e-08
1.278432411329180936e-08
8.647770202583545068e-09
5.847139663951358933e-09
3.975664483880056514e-09
2.717853786452693646e-09
1.859772529567671964e-09
1.263920389017987922e-09
8.442831317939764801e-10
5.477234498944307748e-10
3.410506864360114209e-10
2.022921023991909193e-10
1.150362837193974835e-10
6.506040143102313597e-11
3.860520299345895262e-11
2.170978923855986726e-11
0.000000000000000000e+00
0.000000000000000000e+00
-2.232832312320203500e-11
-3.970691652248487396e-11
-6.699139270586172384e-11
-1.186234265635574276e-10
-2.088842052003577470e-10
-3.526331716750640138e-10
-5.671784285340245435e-10
-8.759337777111099528e-10
-1.314602945386789424e-09
-1.940898110962141173e-09
-2.849332977975746933e-09
-4.193398676414059474e-09
-6.217404727437667260e-09
-9.293813775225292719e-09
-1.393092172945447621e-08
-2.060466697609531536e-08
-2.900976820711395370e-08
-3.602881616424232764e-08
-3.242716431040408010e-08
3.115901890085829818e-09
2.058487508758129287e-08
-1.114948788822442005e-07
-5.371518099168027467e-07
-1.379951329695210625e-06
-2.362069288836201288e-06
4.141176490332290497e-07
4.554382166838765765e-06
4.329731121725827558e-06
1.342244728658489851e-06
-5.985269050963228359e-07
-3.854924569545150202e-06
-4.219536035672837617e-06
-3.729619982776926256e-07
2.273156024666834136e-06
1.321709908703023508e-06
5.075275978274587147e-07
1.043763545493674326e-07
-1.886680037836198952e-08
-3.040932547044356026e-09
2.996267011943534047e-08
3.369742536224489657e-08
2.740199844725911368e-08
1.961549969390104126e-08
1.334283611547847970e-08
8.943120133607676265e-09
6.004302259721729591e-09
4.060853730202492121e-09
2.765117419905239167e-09
1.886579438916573620e-09
1.279381201051285503e-09
8.532567365227506289e-10
5.528844704639582805e-10
3.439349791181050354e-10
2.038248897762327477e-10
1.157996519006038672e-10
6.542445659366225781e-11
3.879074360737328646e-11
2.181404142248557393e-11
0.000000000000000000e+00
0.000000000000000000e+00
-2.238214622410668871e-11
-3.980258253654156512e-11
-6.717907829224008496e-11
-1.190172636625295844e-10
-2.096761536893276441e-10
-3.541258924483598898e-10
-5.698556370238537358e-10
-8.806018836988908672e-10
-1.322676118427166017e-09
-1.954963976789388187e-09
-2.874286866822250766e-09
-4.238752953813489337e-09
-6.301935861279305147e-09
-9.454932253274940431e-09
-1.424043387070485413e-08
-2.118435981599099457e-08
-2.996407965344234777e-08
-3.698818761903030278e-08
-3.126897490453957437e-08
1.056129697471985480e-08
2.443308776824635212e-08
-1.002785198056343407e-07
-5.309291185828148170e-07
-1.367012525875185369e-06
-2.000007700561487018e-06
-1.937870683904219282e-06
6.545454976321235123e-06
1.041684528047133305e-05
5.902108303798851959e-06
-4.607835052452260375e-06
-9.515827125365631563e-06
-6.002781458387963765e-06
1.965334882675398408e-06
2.072416981146418465e-06
1.367106838935474445e-06
5.179039565156856251e-07
9.627271016434412309e-08
-2.245706229291586528e-08
-1.004379409212959089e-08
2.882516681789834080e-08
3.455252346906937142e-08
2.827419798821640439e-08
2.015241793564675286e-08
1.363264267022642527e-08
9.095351751088948709e-09
6.084745013841081836e-09
4.104260180582762417e-09
2.789104779587443679e-09
1.900147282412933596e-09
1.287189529897256468e-09
8.577813746465998354e-10
5.554838288394272707e-10
3.453863203315136501e-10
2.045957949374414473e-10
1.161834170708478462e-10
6.560748090521495691e-11
3.888402739449572450e-11
2.186646584120279025e-11
0.000000000000000000e+00
