0.000000000000000000e+00
-1.584816868318203453e-01
-5.358342420028401332e-01
-1.032065717835817686e+00
-1.356010043939698484e+00
-1.162082586304886256e+00
-2.913603747724771154e-01
1.133630418205836321e+00
2.814562513170084657e+00
4.280686620941072107e+00
4.721507593002863601e+00
3.161640112091582910e+00
-8.990796862696015523e-01
-7.384540586784557270e+00
-1.675467127167010162e+01
-3.097168735407739248e+01
-5.247076480143250166e+01
-8.185946135518855726e+01
-1.168593662295114939e+02
-1.528868348556933938e+02
-1.832642208071122809e+02
-1.988806478006174245e+02
-1.905097921372102405e+02
-1.552888964247990202e+02
-1.021321031444358596e+02
-4.875190283469538599e+01
-1.103865158826317838e+01
5.359312676130386421e+00
0.000000000000000000e+00
0.000000000000000000e+00
0.000000000000000000e+00
-1.557104798507436549e-01
-5.261150562660330543e-01
-1.012999797239753752e+00
-1.327517910672701085e+00
-1.124534257876301346e+00
-2.467727009867957122e-01
1.171388869493391383e+00
2.812201562205931538e+00
4.205466524420693020e+00
4.584677261473951049e+00
3.039394473431381360e+00
-8.993754529907453943e-01
-7.172987498545475127e+00
-1.624444535626451724e+01
-3.000235212996894774e+01
-5.078436158504015907e+01
-7.921204302048855084e+01
-1.131820224166169737e+02
-1.483535512222617001e+02
-1.782382590167023579e+02
-1.938048120218006432e+02
-1.858050132315849226e+02
-1.513077041704848114e+02
-9.916489123627644631e+01
-4.696720391793775207e+01
-1.032462755288955236e+01
5.445120351159317806e+00
0.000000000000000000e+00
0.000000000000000000e+00
0.000000000000000000e+00
-1.501750808143911264e-01
-5.067166663252091752e-01
-9.752100129812530938e-01
-1.272039681231776687e+00
-1.053678155257984805e+00
-1.658107415804455087e-01
1.235993557705061363e+00
2.798658922214276146e+00
4.054109436623182461e+00
4.319267819358833194e+00
2.805043830980697095e+00
-8.999160347792001247e-01
-6.769296134723588487e+00
-1.527027984139605898e+01
-2.815246554169545945e+01
-4.757188124133963925e+01
-7.416953069739419391e+01
-1.061467039300979849e+02
-1.395823919715084003e+02
-1.683189732021893974e+02
-1.835251923519230104e+02
-1.760729088262584696e+02
-1.430359217969064787e+02
-9.306998968898989233e+01
-4.335570651232666251e+01
-8.894308007198162613e+00
5.617800229980758786e+00
0.000000000000000000e+00
0.000000000000000000e+00
0.000000000000000000e+00
-1.418861255414898825e-01
-4.776920395685552156e-01
-9.192453146557393318e-01
-1.192125396384546399e+00
-9.568804291306589604e-01
-6.300776901050042511e-02
1.307763412761657307e+00
2.757380829476247186e+00
3.823698707039513423e+00
3.939787418702544564e+00
2.479783555939579109e+00
-8.959669014331845815e-01
-6.208338038481100440e+00
-1.392534512751822184e+01
-2.560295660986036737e+01
-4.315220217652627355e+01
-6.724172775378272604e+01
-9.647617911687973447e+01
-1.274805993457893294e+02
-1.545226023578697436e+02
-1.690493426741961684e+02
-1.621644743228429491e+02
-1.310504906695608156e+02
-8.414360405684578836e+01
-3.802612098047183053e+01
-6.772016902033385577e+00
5.878788350149548592e+00
0.000000000000000000e+00
0.000000000000000000e+00
0.000000000000000000e+00
-1.308537170190947896e-01
-4.390763824461600406e-01
-8.457124584326991545e-01
-1.090877532592444688e+00
-8.434673503702101449e-01
4.286007008098380311e-02
1.361256641852634175e+00
2.667815132813611712e+00
3.512913227718162723e+00
3.468503264956390719e+00
2.093314694442911517e+00
-8.825694562705042046e-01
-5.540082890601912169e+00
-1.233905625305675180e+01
-2.260374872256962675e+01
-3.796629424259693053e+01
-5.913278755882104321e+01
-8.516302530802458648e+01
-1.132798295598368270e+02
-1.382000341395926739e+02
-1.516795101360909257e+02
-1.451552799951792565e+02
-1.160775085182068551e+02
-7.276359435990701741e+01
-3.112184260979211103e+01
-3.992487642740428555e+00
6.229496060384619227e+00
0.000000000000000000e+00
0.000000000000000000e+00
0.000000000000000000e+00
-1.170819435847173240e-01
-3.908438458227933010e-01
-7.550551113827591587e-01
-9.711971529255754021e-01
-7.228910662047072222e-01
1.320077619695085858e-01
1.369524850639692204e+00
2.509549148073954683e+00
3.124369563667906746e+00
2.934583265545143593e+00
1.680911898787360137e+00
-8.554633300369198778e-01
-4.825218071937523057e+00
-1.066546168059538680e+01
-1.945055956314189771e+01
-3.253404644934834522e+01
-5.066988688741827929e+01
-7.336685142258154713e+01
-9.840501506414949517e+01
-1.208893821975428864e+02
-1.328679582626234321e+02
-1.262225310691152913e+02
-9.890574801503140634e+01
-5.934511425137225160e+01
-2.280701985316613900e+01
-5.993772668357451039e-01
6.670649380217938074e+00
0.000000000000000000e+00
0.000000000000000000e+00
0.000000000000000000e+00
-1.005640117083435869e-01
-3.328653431467411550e-01
-6.473225499040495823e-01
-8.349659940091606058e-01
-6.026859963687207777e-01
1.872641223614008865e-01
1.308685809952877310e+00
2.266273395682005365e+00
2.666157029443200877e+00
2.372449951549683078e+00
1.280394166911210441e+00
-8.117873947448508432e-01
-4.130015426893256070e+00
-9.069585932815490636e+00
-1.645828614762421438e+01
-2.740555729301459564e+01
-4.272215103877982756e+01
-6.229674747261964995e+01
-8.432544719036339131e+01
-1.041492915776266273e+02
-1.140527885947577573e+02
-1.065054494354345422e+02
-8.028914629701955619e+01
-4.429123675287115702e+01
-1.325259884228586316e+01
3.355109340129132534e+00
7.201302648124297434e+00
0.000000000000000000e+00
0.000000000000000000e+00
0.000000000000000000e+00
-8.127957123390000538e-02
-2.648779182126186349e-01
-5.219699949975212805e-01
-6.822917419777492221e-01
-4.864886781593638077e-01
1.976572695355831577e-01
1.162248946206505762e+00
1.928871690456219756e+00
2.151924264135940845e+00
1.818915204387488771e+00
9.287976843382788061e-01
-7.500866757435185050e-01
-3.519603039559799473e+00
-7.711235690012559374e+00
-1.393079666530142191e+01
-2.310829626510617629e+01
-3.611555971955704081e+01
-5.309005154883504929e+01
-7.240338854903508548e+01
-8.939229014914837990e+01
-9.649576711213238411e+01
-8.696715501715456753e+01
-6.084862182247030660e+01
-2.794169200455246482e+01
-2.621113550950838089e+00
7.811098445269493595e+00
7.817939267967474848e+00
0.000000000000000000e+00
0.000000000000000000e+00
0.000000000000000000e+00
-5.919567610029217997e-02
-1.864754924361070321e-01
-3.777310961875320894e-01
-5.109397481729196500e-01
-3.723935057552094086e-01
1.615766569168447520e-01
9.247923097270237536e-01
1.497272880301398601e+00
1.599192288498115566e+00
1.308831080828784188e+00
6.588008651648160630e-01
-6.693161952472368448e-01
-3.049788332398590818e+00
-6.727356115460781716e+00
-1.212962219144225884e+01
-2.009501053416008887e+01
-3.155264616288424762e+01
-4.670158462146630995e+01
-6.375985934196663152e+01
-7.774215122024529023e+01
-8.114732052079742175e+01
-6.827896684845899244e+01
-4.098623462349996771e+01
-1.052558294898216218e+01
8.948470152639856678e+00
1.270277590787563327e+01
8.513961663476493413e+00
0.000000000000000000e+00
0.000000000000000000e+00
0.000000000000000000e+00
-3.427243171292910368e-02
-9.712862907251088029e-02
-2.125963027497789759e-01
-3.160537222215042963e-01
-2.518868539311183152e-01
8.919913512388041865e-02
6.048357432390422117e-01
9.811734800583271632e-01
1.026161810232533167e+00
8.694802609211564892e-01
4.950067555806216824e-01
-5.670482371608811523e-01
-2.758421486426122282e+00
-6.215106040008091526e+00
-1.124523300010690186e+01
-1.869841204350406016e+01
-2.954674334689567416e+01
-4.381778035330904686e+01
-5.917633249795798633e+01
-6.993654084845042007e+01
-6.855910307802514581e+01
-5.074268120679980143e+01
-2.082123280117181707e+01
7.877452341187961338e+00
2.135504466238296573e+01
1.796156672500214313e+01
9.279838256784515238e+00
0.000000000000000000e+00
0.000000000000000000e+00
0.000000000000000000e+00
-6.473797698449131749e-03
3.762665560017655619e-03
-2.392013369287833424e-02
-9.023420542343256467e-02
-1.095488063123680883e-01
3.936749739561290484e-03
2.269913400477335252e-01
4.002143691539061798e-01
4.478864885989079503e-01
5.144015949217333183e-01
4.501514708831875211e-01
-4.376468332640293113e-01
-2.658033722045156644e+00
-6.218603406617891238e+00
-1.137520294843493751e+01
-1.909861770830581662e+01
-3.037918777850278218e+01
-4.480694214612443460e+01
-5.904523356905679776e+01
-6.628697146626564063e+01
-5.885234729984458113e+01
-3.425469668549487778e+01
-1.505821281400869793e-01
2.736542547805123604e+01
3.454837845379105943e+01
2.352136316840380914e+01
1.010407036114366974e+01
0.000000000000000000e+00
0.000000000000000000e+00
0.000000000000000000e+00
2.421681538854281168e-02
1.167832416123620320e-01
1.913344088235698903e-01
1.759942423434979752e-01
7.636532284805180870e-02
-5.730335535520120205e-02
-1.663809691330229157e-01
-2.154261058746842483e-01
-1.269886734043459420e-01
2.374007379729148326e-01
5.211579449661929431e-01
-2.714936486676950977e-01
-2.731784917519541889e+00
-6.722368791521556197e+00
-1.251313577500915919e+01
-2.130738068554717302e+01
-3.408319328717006158e+01
-4.970907479280683106e+01
-6.337141161110474030e+01
-6.669370837073934410e+01
-5.173277999000636385e+01
-1.830078481134506774e+01
2.157129643577948741e+01
4.823121833518672474e+01
4.854026270647477759e+01
2.932591335558205969e+01
1.097498046605674915e+01
0.000000000000000000e+00
0.000000000000000000e+00
0.000000000000000000e+00
5.777775205509300127e-02
2.423876481021852713e-01
4.362261977194462625e-01
4.933266780574798727e-01
3.324517394650485791e-01
-4.526328863994932838e-02
-5.138252836588765859e-01
-8.227570895176099519e-01
-6.976906544450596215e-01
6.549526443237141393e-03
6.842143297363794119e-01
-5.608825194244637657e-02
-2.933762749264217984e+00
-7.652680183573938422e+00
-1.454920204981915965e+01
-2.516720312945264482e+01
-4.044746906236967732e+01
-5.825509762870041897e+01
-7.181294606265677771e+01
-7.069732186325578027e+01
-4.652402658855058348e+01
-1.956143214194597135e+00
4.524457683479255365e+01
7.096887927482792691e+01
6.341204608802891585e+01
3.533749511553469347e+01
1.188307161232861375e+01
0.000000000000000000e+00
0.000000000000000000e+00
0.000000000000000000e+00
9.412905366772283955e-02
3.807640155019305084e-01
7.133724444129443398e-01
8.724602232512119748e-01
6.878690463752854534e-01
9.893774342441630232e-02
-7.339135169800541370e-01
-1.360487434578891985e+00
-1.269161981260150895e+00
-2.441808785504520074e-01
8.851263692898925228e-01
2.209600006356833291e-01
-3.190908858524849290e+00
-8.881879674657435331e+00
-1.727385488280501491e+01
-3.034803452126469381e+01
-4.901016462670663998e+01
-6.988456656789142585e+01
-8.373758864567162163e+01
-7.753505777077087657e+01
-4.217344837833171312e+01
1.614510860061984587e+01
7.214138640994724483e+01
9.626774079877384338e+01
7.931502584913184251e+01
4.154470918983886918e+01
1.282340510238061171e+01
0.000000000000000000e+00
0.000000000000000000e+00
0.000000000000000000e+00
1.331085749889571179e-01
5.317032553724840849e-01
1.024415229112524361e+00
1.322620357675161618e+00
1.171279576263294153e+00
4.395388701375297913e-01
-7.256213789802954395e-01
-1.739051517359026633e+00
-1.841365305495024529e+00
-6.286089242575165770e-01
1.012518091321815916e+00
5.658726010146430951e-01
-3.394795529203259665e+00
-1.021381868392405146e+01
-2.034971879266885963e+01
-3.628354875564133408e+01
-5.896702342383628093e+01
-8.370847287599531228e+01
-9.827322287139087109e+01
-8.615868519753740884e+01
-3.716493643878447983e+01
3.791452659267351066e+01
1.039441802275611053e+02
1.249914227657342565e+02
9.645897373863084567e+01
4.796597279723268059e+01
1.379728266755387978e+01
0.000000000000000000e+00
0.000000000000000000e+00
0.000000000000000000e+00
1.744421116843807296e-01
6.945055526546457525e-01
1.369439357480553898e+00
1.850032834785650948e+00
1.806976936880486218e+00
1.040551838912150640e+00
-3.707959222306813629e-01
-1.826837479550531551e+00
-2.379704576881058742e+00
-1.317547444132410206e+00
8.249542728091761035e-01
9.527223438988059456e-01
-3.354675049185417812e+00
-1.128368697360800965e+01
-2.313764960000391468e+01
-4.187933691153623528e+01
-6.883886326142247469e+01
-9.838725961924434671e+01
-1.143716157169786385e+02
-9.514125085426687178e+01
-2.924935692203155213e+01
6.604262141740832703e+01
1.428262606261050109e+02
1.581388494397340310e+02
1.150846331968284773e+02
5.464488005737692333e+01
1.481259505751484795e+01
0.000000000000000000e+00
0.000000000000000000e+00
0.000000000000000000e+00
2.177451153073240997e-01
8.678418699449164109e-01
1.746585004197477531e+00
2.456263837516781123e+00
2.610718308876015303e+00
1.958040067426471298e+00
4.618771216809975932e-01
-1.434737706659326983e+00
-2.759995588569405633e+00
-2.489875145979275395e+00
-1.939181955724365025e-01
1.187971097596076220e+00
-2.674079504552259845e+00
-1.119606333195464387e+01
-2.404570661297960044e+01
-4.459524128704185841e+01
-7.578439098836058463e+01
-1.121767842303086695e+02
-1.309595197955999311e+02
-1.022983553938425132e+02
-1.488983660324521452e+01
1.044479855049860930e+02
1.915933493081784320e+02
1.967900898117987367e+02
1.354157884464405299e+02
6.163626716794627924e+01
1.588197680186320326e+01
0.000000000000000000e+00
0.000000000000000000e+00
0.000000000000000000e+00
2.625436776381857573e-01
1.049589179679069062e+00
2.152007377978501168e+00
3.136367300448189788e+00
3.586242694632852945e+00
3.228685460242636918e+00
1.910135031409256001e+00
-2.914176101855572298e-01
-2.700910625719817659e+00
-4.149492323006768402e+00
-2.927600870952913770e+00
3.816422449302865338e-01
-6.568678596093631139e-01
-7.568232897149499649e+00
-1.873681379714236428e+01
-3.870163239947216027e+01
-7.573471519810021846e+01
-1.242685750873725112e+02
-1.469245554432054632e+02
-1.037215753519942609e+02
1.170870234762844575e+01
1.590707228222519234e+02
2.538787819486079798e+02
2.420367442933718678e+02
1.575889474295402124e+02
6.898491227169868978e+01
1.701816198841367012e+01
0.000000000000000000e+00
0.000000000000000000e+00
0.000000000000000000e+00
3.081416088024107047e-01
1.237217000021708646e+00
2.579023191882343191e+00
3.879310851562508766e+00
4.719538128149745049e+00
4.859771620725187091e+00
4.094170743880093610e+00
2.005573231036005488e+00
-1.632039385167324497e+00
-5.933388794608903893e+00
-8.265589349060416424e+00
-4.258082968252878686e+00
2.816110274568941030e+00
4.565872796943660106e+00
1.264204421304797821e+00
-1.800720242081093403e+01
-7.072762921650495116e+01
-1.381039190391327907e+02
-1.593839437872924805e+02
-9.212550023785274789e+01
6.041406282407990602e+01
2.389802323896611824e+02
3.343801938362475994e+02
2.948210379004104880e+02
1.815834328557577635e+02
7.669301991852202605e+01
1.822867958287717016e+01
0.000000000000000000e+00
0.000000000000000000e+00
0.000000000000000000e+00
3.538526902429011134e-01
1.427237798436176153e+00
3.019226346033288877e+00
4.666863610771645021e+00
5.977175887109584806e+00
6.815241945087644027e+00
7.075710388725300781e+00
6.001785781248579532e+00
1.758395772578458249e+00
-6.890098458807338844e+00
-1.700672995244938335e+01
-1.840486344551912623e+01
4.410914827684280226e+00
2.376644003596620891e+01
2.205282806275808483e+01
-9.378553386699207906e+00
-8.816732051099378964e+01
-1.577250913593499604e+02
-1.593143975448115839e+02
-5.376177901101709722e+01
1.480807596542722422e+02
3.577391397731043980e+02
4.387857229716139500e+02
3.556249956141647885e+02
2.071359709260316038e+02
8.469348830634386616e+01
1.950740121333844357e+01
0.000000000000000000e+00
0.000000000000000000e+00
0.000000000000000000e+00
3.988131869626980741e-01
1.615770884912314465e+00
3.462347510600672251e+00
5.474592806091072461e+00
7.308276150629324341e+00
8.999283446527833519e+00
1.080411292269823065e+01
1.226763566427490915e+01
1.009138026705815783e+01
-2.970927369985197686e+00
-3.069308950841598005e+01
-4.830516028499609149e+01
2.922550799408092814e+00
-9.051830768992282117e+00
-1.143056608789832467e+02
-1.390471745128457712e+02
-1.526446049883561784e+02
-1.655570056056936039e+02
-1.255727491666907554e+02
3.755030313318889057e+01
3.023794373702428402e+02
5.345053924919670862e+02
5.725953941682253117e+02
4.239081099981905254e+02
2.336715140194866649e+02
9.281638084307674319e+01
2.083211883450439927e+01
0.000000000000000000e+00
0.000000000000000000e+00
0.000000000000000000e+00
4.420619089097983512e-01
1.798758416043305886e+00
3.896092131085888255e+00
6.276170913842232579e+00
8.643571357565534186e+00
1.126401839323447795e+01
1.503187025877300798e+01
2.112066292092590558e+01
2.701686387754896757e+01
1.551478434712141308e+01
-3.100327923471158442e+01
-4.705687077252807171e+01
-7.728119178035115056e+00
-2.101213344912034700e+02
-4.361886128064975878e+02
-3.465238617742671750e+02
-1.707158194602747017e+02
-1.076563952497496643e+02
-1.627560082875811531e+01
2.280914415785648544e+02
5.669941315026705979e+02
7.921279000156434904e+02
7.379254333660926477e+02
4.973228755773232024e+02
2.602878448098879289e+02
1.007439694180883407e+02
2.217284275874648003e+01
0.000000000000000000e+00
0.000000000000000000e+00
0.000000000000000000e+00
4.827151343479612056e-01
1.971437021287893110e+00
4.308963319672329817e+00
7.040974182255997249e+00
9.913700531972477137e+00
1.341119922864518266e+01
1.929922388671111122e+01
3.215730141436170442e+01
5.544477452236587567e+01
5.684207889215988274e+01
-1.094953193353330789e+01
-3.312951164261605186e+00
-1.194555856555939783e+02
-4.971582400203662360e+02
-5.487825191196831156e+02
-3.454824896343419027e+02
-4.954511522406914992e+01
7.919413609747664395e+01
2.333706817402135130e+02
5.973815233972277383e+02
1.003777507817338119e+03
1.147512007914458081e+03
9.274696406770508474e+02
5.716192856413222216e+02
2.855850783088509957e+02
1.080558462614972086e+02
2.348739123788140404e+01
0.000000000000000000e+00
0.000000000000000000e+00
0.000000000000000000e+00
5.196816789836686823e-01
2.129706113400502865e+00
4.688202690299563713e+00
7.742278815968351324e+00
1.105142463743425374e+01
1.524418666608490724e+01
2.299616008701825010e+01
4.383441474282150807e+01
9.462476078062431384e+01
1.212193790456389308e+02
5.880181703849075348e+00
-5.402922734334191546e+01
-3.293925184790137450e+02
-6.601452322313742798e+02
-9.353567477795240848e+02
-4.235537333900243766e+02
1.233691150577400037e+02
4.222100759798784111e+02
7.257338675039477494e+02
1.284985011311306152e+03
1.678135943833927740e+03
1.582825316128007216e+03
1.122675862151789261e+03
6.405490848795413967e+02
3.075464507489677430e+02
1.144634345143431062e+02
2.465554432140466901e+01
0.000000000000000000e+00
0.000000000000000000e+00
0.000000000000000000e+00
5.521461600286965421e-01
2.269157296275793101e+00
5.022310065456258243e+00
8.357725787066797807e+00
1.200277212722432019e+01
1.662791341263031697e+01
2.555293069189099953e+01
5.364808515872623218e+01
1.377123123524576442e+02
2.021304905441587039e+02
-7.475014528102974509e-01
-2.806545125781416345e+02
-5.796013680569918733e+02
-1.048352880841397337e+03
-1.156472559757987483e+03
-8.276354161466983896e+02
2.320794649982922238e+02
1.044329462630173566e+03
1.752881635648372821e+03
2.523389886044763898e+03
2.550631017760998020e+03
2.031065734232934119e+03
1.297342930291649282e+03
6.952389799634597694e+02
3.246884708311286545e+02
1.195407659040922965e+02
2.560822565778032356e+01
0.000000000000000000e+00
0.000000000000000000e+00
0.000000000000000000e+00
5.795172485813453456e-01
2.384714000168976611e+00
5.304837758600084996e+00
8.861112396399505542e+00
1.275519642354142036e+01
1.750119330726987243e+01
2.674713904000993381e+01
5.951234268541232098e+01
1.715012616258738660e+02
2.885518056770451949e+02
-8.723313095339563006e+00
-6.851709211853094530e+02
-1.168100781101260054e+03
-1.608110135176478252e+03
-1.644036003078173735e+03
-2.462769235573184233e+03
2.560946054200063600e+02
2.876520882237994556e+03
4.289870911226376847e+03
4.232658521804405609e+03
3.387897052154393805e+03
2.420809031598457295e+03
1.407240122908853209e+03
7.339164623494941679e+02
3.340186536271144178e+02
1.233738647874031926e+02
2.630394313247853333e+01
0.000000000000000000e+00
0.000000000000000000e+00
0.000000000000000000e+00
6.002819853450680476e-01
2.476458499560085791e+00
5.518375172503914072e+00
9.259067801836907918e+00
1.327399174819144534e+01
1.796812095052434799e+01
2.685186362814369687e+01
6.117812829653754392e+01
1.870340292154722306e+02
3.458528282669612395e+02
5.104194515172844149e+01
-1.235868370757359571e+03
-2.402282142270196800e+03
-2.832339796946286242e+03
-3.526727715710547272e+03
-7.718226641024860328e+03
1.521613929345442102e+03
9.928544381298197550e+03
7.952069513959808319e+03
5.527148684657543527e+03
4.040218592416491447e+03
2.590383543541684503e+03
1.468151817276830570e+03
7.372370166785963193e+02
3.401484719231542613e+02
1.244009652311721084e+02
2.696973653065665744e+01
0.000000000000000000e+00
0.000000000000000000e+00
0.000000000000000000e+00
6.146347724849841043e-01
2.537637307993957592e+00
5.669660538236151126e+00
9.513538409453760281e+00
1.362876368445905584e+01
1.810699596456710125e+01
2.650959778964580593e+01
6.096737746947659531e+01
1.869518672826720262e+02
3.517459975463627302e+02
3.099796093290478893e+01
-1.309314596088460348e+03
-5.453630769232376224e+03
-6.368294092946031014e+03
-1.229405358491771403e+04
-7.326935337395962051e+03
5.223044408904024749e+03
1.297553692153737575e+04
8.298898251990191056e+03
5.986471436573184292e+03
4.203033479214444014e+03
2.595396363456876770e+03
1.422394635411737454e+03
7.286606060538431393e+02
3.343226683278228393e+02
1.255954287350609491e+02
2.708889513530439785e+01
0.000000000000000000e+00
0.000000000000000000e+00
0.000000000000000000e+00
6.220929252580478241e-01
2.568914172613811608e+00
5.743708959965877270e+00
9.650377338368073765e+00
1.377727776628315937e+01
1.815456477798194257e+01
2.618166704589347660e+01
6.067124950760658919e+01
1.923272791209812453e+02
3.595067073785521643e+02
-2.547741466892643984e+02
-1.226161861594317998e+03
-6.648743349480746474e+03
-2.259637019490556122e+04
-3.183779785132954567e+04
-3.536192226155569188e+03
3.848888932887657575e+03
1.381200972111321789e+04
5.860021937133179563e+03
5.593675235856605468e+03
3.966855258088423398e+03
2.378543883970756269e+03
1.332642912528108354e+03
6.884424644844011709e+02
3.262966130337260893e+02
1.244142903163618712e+02
2.725383948498650000e+01
0.000000000000000000e+00
0.000000000000000000e+00
