-1.104053092325799866e-05
7.150246925147886977e-03
7.752683559059215801e-01
7.699868556489221083e-01
7.403427655428567178e-01
5.296377626619234308e-02
1.606322866321742773e-02
8.413987662899878595e-03
4.797418275005760693e-03
2.610594525568495344e-03
1.200200669657958434e-03
3.532524610166388438e-04
3.479767148702341894e-06
1.490490377637958090e-04
8.259588648326990617e-04
2.101014767594152309e-03
4.075436906010413383e-03
6.901311904892314976e-03
1.082696977547438662e-02
1.632583167046377376e-02
2.451458115588094414e-02
3.891019972593183496e-02
7.825542817540658003e-02
4.991412673916483245e-01
7.405860296659261266e-01
7.696973252676823085e-01
7.815228643197246194e-01
-7.770753485684097628e-01
-2.806461460322717556e-03
1.457869780096502395e-26
-2.806461460568385625e-03
-7.770753485668228100e-01
7.815228643199928493e-01
7.696973252680161526e-01
7.405860296666003650e-01
4.991412673908506292e-01
7.825542817507835647e-02
3.891019972582188124e-02
2.451458115580497019e-02
1.632583167043691677e-02
1.082696977549829458e-02
6.901311904893543160e-03
4.075436906004510987e-03
2.101014767610275696e-03
8.259588648415382367e-04
1.490490377646124572e-04
3.479767148749153170e-06
3.532524610150108058e-04
1.200200669664838781e-03
2.610594525565588814e-03
4.797418274975270326e-03
8.413987662895057798e-03
1.606322866318501616e-02
5.296377626629406032e-02
7.403427655428993504e-01
7.699868556488144167e-01
7.752683559059928564e-01
7.150246924924685311e-03
-1.104053093906068917e-05
-1.100154264873155287e-05
7.151707452715005443e-03
7.752365123714881623e-01
7.699194662617744322e-01
7.403083262420859789e-01
5.422292901934530618e-02
1.638149775837464961e-02
8.602779685000462237e-03
4.928893108621996109e-03
2.703684269110324771e-03
1.261587166117357061e-03
3.854693546133288189e-04
7.338901273360564995e-06
1.245116483612448749e-04
7.724423343143437069e-04
2.017431354350822641e-03
3.960028233592188980e-03
6.751182203471426876e-03
1.063694402844816631e-02
1.608547325523630028e-02
2.419913388942940974e-02
3.844394731642900020e-02
7.723512238706167765e-02
4.957369840809193740e-01
7.407216933698158590e-01
7.698043680392471222e-01
7.816046432210321804e-01
-7.769506492529935082e-01
-2.825741172745222744e-03
-3.324014872072904906e-26
-2.825741172689372454e-03
-7.769506492540669829e-01
7.816046432205753236e-01
7.698043680392854249e-01
7.407216933697852168e-01
4.957369840825031626e-01
7.723512238664489993e-02
3.844394731625241923e-02
2.419913388944065075e-02
1.608547325522618685e-02
1.063694402842865760e-02
6.751182203465690146e-03
3.960028233585348098e-03
2.017431354349379351e-03
7.724423343105577813e-04
1.245116483631936470e-04
7.338901273481794892e-06
3.854693546124581503e-04
1.261587166131376662e-03
2.703684269106650627e-03
4.928893108618400028e-03
8.602779684984289410e-03
1.638149775837501043e-02
5.422292901919796571e-02
7.403083262419277721e-01
7.699194662617677709e-01
7.752365123713922390e-01
7.151707452835274689e-03
-1.100154264347162904e-05
-1.092344102137372611e-05
7.154513400122085136e-03
7.751735087999259699e-01
7.697866861021059881e-01
7.402437418237690636e-01
5.681798911681323200e-02
1.702417170112320924e-02
8.982724938561940931e-03
5.193460495312975968e-03
2.891455390857008458e-03
1.386268303072947993e-03
4.523766431573206888e-04
1.831383749039352827e-05
7.967698402993894115e-05
6.708162364598481983e-04
1.857005357778809297e-03
3.737444754147463150e-03
6.460828430013667960e-03
1.026873826572960620e-02
1.561908324681684536e-02
2.358642563210806495e-02
3.753811622387156349e-02
7.525785684212676907e-02
4.887102361036049780e-01
7.409854237181198178e-01
7.700124881494124773e-01
7.817622820542502460e-01
-7.767130552864062176e-01
-2.862827984714948117e-03
3.572426858371760875e-26
-2.862827984801177752e-03
-7.767130552841005064e-01
7.817622820545409024e-01
7.700124881496256402e-01
7.409854237177813108e-01
4.887102361048079602e-01
7.525785684233671224e-02
3.753811622382655783e-02
2.358642563208102408e-02
1.561908324682286658e-02
1.026873826569357773e-02
6.460828429996919205e-03
3.737444754145457376e-03
1.857005357773172530e-03
6.708162364598766044e-04
7.967698403146986172e-05
1.831383749010849152e-05
4.523766431619379805e-04
1.386268303071184213e-03
2.891455390844218341e-03
5.193460495307281738e-03
8.982724938547478541e-03
1.702417170108336958e-02
5.681798911676212704e-02
7.402437418236426092e-01
7.697866861021050999e-01
7.751735088000062390e-01
7.154513400014241714e-03
-1.092344102010470135e-05
-1.080599884026633722e-05
7.158442132156068310e-03
7.750806778682671760e-01
7.695923833495830202e-01
7.401569258116693639e-01
6.091421954015597412e-02
1.800390758552810125e-02
9.558625043910549957e-03
5.594343308086463344e-03
3.177004648107909553e-03
1.577889179008116344e-03
5.586455922491191878e-04
4.251386957188254260e-05
2.246826339298506106e-05
5.311613096693002314e-04
1.632288846131396036e-03
3.423011017124739670e-03
6.048689364406554733e-03
9.744425887811712303e-03
1.495343170429715152e-02
2.271063129748726594e-02
3.624327258535428586e-02
7.244446953673755463e-02
4.776437971069578681e-01
7.413663174971255598e-01
7.703152360052305525e-01
7.819909602141058569e-01
-7.763720209182100040e-01
-2.916295836964586351e-03
-1.484618019688397656e-25
-2.916295836897363648e-03
-7.763720209191077304e-01
7.819909602128355397e-01
7.703152360052780701e-01
7.413663174967348723e-01
4.776437971085160106e-01
7.244446953738280237e-02
3.624327258518936917e-02
2.271063129741112199e-02
1.495343170430729965e-02
9.744425887840716879e-03
6.048689364408313743e-03
3.423011017112048433e-03
1.632288846132986561e-03
5.311613096768641679e-04
2.246826339560134932e-05
4.251386957219208232e-05
5.586455922458496677e-04
1.577889179009173658e-03
3.177004648079295723e-03
5.594343308064676085e-03
9.558625043878467981e-03
1.800390758544900480e-02
6.091421954015729251e-02
7.401569258115949790e-01
7.695923833495453836e-01
7.750806778683034803e-01
7.158442132130685837e-03
-1.080599884283108691e-05
-1.064892982252566165e-05
7.163177924973526331e-03
7.749599357568258684e-01
7.693420517601016195e-01
7.400582317231774176e-01
6.679196592992540926e-02
1.934069787722439079e-02
1.033789432665970127e-02
6.136360706709789205e-03
3.564786534975308754e-03
1.841530210954590461e-03
7.106558894479124899e-04
8.818318913657279673e-05
-3.649668589615017003e-05
3.669329264222239177e-04
1.360000744567610356e-03
3.037123012342185079e-03
5.539310878176402671e-03
9.093417225839792520e-03
1.412422863877530431e-02
2.161737416500731854e-02
3.462684072806595376e-02
6.895494136955067355e-02
4.619223465790226468e-01
7.418497311185181520e-01
7.707036985921426053e-01
7.822845073190570764e-01
-7.759361211742452635e-01
-2.985584439711247776e-03
2.688543935108027070e-25
-2.985584440184937006e-03
-7.759361211729056684e-01
7.822845073198397836e-01
7.707036985916237981e-01
7.418497311177935094e-01
4.619223465772930859e-01
6.895494137005463153e-02
3.462684072820400999e-02
2.161737416508622764e-02
1.412422863875753207e-02
9.093417225806863999e-03
5.539310878186238553e-03
3.037123012339511870e-03
1.360000744573226306e-03
3.669329264202314794e-04
-3.649668589650290166e-05
8.818318913750854452e-05
7.106558894467218191e-04
1.841530210950051124e-03
3.564786534983363508e-03
6.136360706687229993e-03
1.033789432666542066e-02
1.934069787716171523e-02
6.679196593014798122e-02
7.400582317232867746e-01
7.693420517601206043e-01
7.749599357568450753e-01
7.163177924949907203e-03
-1.064892982958138003e-05
-1.045194775451001468e-05
7.168331895156614640e-03
7.748136906551027492e-01
7.690424776488949954e-01
7.399590453931299550e-01
7.489527592534353517e-02
2.106320460495171576e-02
1.133085212758867116e-02
6.825952280128394153e-03
4.060449956292831210e-03
2.183345488360297244e-03
9.158990811966728329e-04
1.648229603027201982e-04
-8.511369777337850250e-05
1.933758953458665909e-04
1.059023467930715959e-03
2.602790102832643233e-03
4.960393687704852707e-03
8.348948200726687141e-03
1.317190392421448489e-02
2.035838350103360422e-02
3.276519843153907763e-02
6.496875253367000169e-02
4.407883312753673732e-01
7.424186471839244739e-01
7.711677039795890032e-01
7.826357592881844072e-01
-7.754169672074388009e-01
-3.069527981400898328e-03
-2.265277877945823321e-26
-3.069527981544066791e-03
-7.754169672060677865e-01
7.826357592892152493e-01
7.711677039809248235e-01
7.424186471840431567e-01
4.407883312745029536e-01
6.496875253331055311e-02
3.276519843160984047e-02
2.035838350096879495e-02
1.317190392423762089e-02
8.348948200734904526e-03
4.960393687669912774e-03
2.602790102813159253e-03
1.059023467926995627e-03
1.933758953416287970e-04
-8.511369777499552228e-05
1.648229603045777889e-04
9.158990811954051837e-04
2.183345488357702098e-03
4.060449956272949544e-03
6.825952280117716063e-03
1.133085212758796860e-02
2.106320460495391539e-02
7.489527592531906863e-02
7.399590453931588208e-01
7.690424776490195624e-01
7.748136906550396885e-01
7.168331895088476437e-03
-1.045194775903928111e-05
-1.021483546229029440e-05
7.173465621130770478e-03
7.746447328729193504e-01
7.687013514503197031e-01
7.398704358748570131e-01
8.591643544186755577e-02
2.321076815296130996e-02
1.255117402567984368e-02
7.671272276684393092e-03
4.670712734123924452e-03
2.610223177219301357e-03
1.182396502700204435e-03
2.823262806569582384e-04
-1.109843686460061841e-04
2.596244255573471735e-05
7.484318469966004918e-04
2.143218524991985768e-03
4.339890342946841825e-03
7.544623522430958171e-03
1.213744631551920763e-02
1.898622289983880815e-02
3.073589383372382286e-02
6.066567854838630924e-02
4.135120572405241446e-01
7.430545105936717798e-01
7.716956376493279146e-01
7.830358241086805560e-01
-7.748299192109593392e-01
-3.166402816596157899e-03
-2.774668496875523320e-26
-3.166402816881317382e-03
-7.748299192114932454e-01
7.830358241085880744e-01
7.716956376489169100e-01
7.430545105939119210e-01
4.135120572429386021e-01
6.066567854826815376e-02
3.073589383383577497e-02
1.898622289985404249e-02
1.213744631554821742e-02
7.544623522438185896e-03
4.339890342945379453e-03
2.143218524991065497e-03
7.484318470001521213e-04
2.596244255556641190e-05
-1.109843686455491251e-04
2.823262806567672020e-04
1.182396502691734430e-03
2.610223177225750625e-03
4.670712734123289543e-03
7.671272276679482957e-03
1.255117402566727214e-02
2.321076815297342527e-02
8.591643544164977164e-02
7.398704358748675602e-01
7.687013514503950873e-01
7.746447328729546555e-01
7.173465621038154459e-03
-1.021483545946401989e-05
-9.937517030914739979e-06
7.178116433883326847e-03
7.744561149785518239e-01
7.683268601727099023e-01
7.398020814371452092e-01
1.009409865646311161e-01
2.583633349766385409e-02
1.401655275394626116e-02
8.682393322265499064e-03
5.403325505794540420e-03
3.129542820021955201e-03
1.518239187293790723e-03
4.502751042271083701e-04
-1.023928916705766674e-04
-1.208899840950479514e-04
4.458749015565711721e-04
1.679826347188065989e-03
3.703616417881705220e-03
6.711563985664092263e-03
1.105895814787447202e-02
1.754991596645065141e-02
2.861120599205501172e-02
5.621020999831976422e-02
3.797634487355157074e-01
7.437390555725127417e-01
7.722758719209648071e-01
7.834756167412120220e-01
-7.741907682855564410e-01
-3.274349907773654172e-03
-6.502992825227591048e-26
-3.274349907820303923e-03
-7.741907682857538386e-01
7.834756167408908345e-01
7.722758719205831124e-01
7.437390555717443563e-01
3.797634487320290519e-01
5.621020999830460274e-02
2.861120599211042920e-02
1.754991596644141227e-02
1.105895814781128819e-02
6.711563985618232246e-03
3.703616417898865972e-03
1.679826347194568817e-03
4.458749015598296333e-04
-1.208899841000293996e-04
-1.023928916700785172e-04
4.502751042286270663e-04
1.518239187288853266e-03
3.129542820030431060e-03
5.403325505792366812e-03
8.682393322235625391e-03
1.401655275397588676e-02
2.583633349757631301e-02
1.009409865646146293e-01
7.398020814371562004e-01
7.683268601726728209e-01
7.744561149785580412e-01
7.178116433847893385e-03
-9.937517029597657956e-06
-9.620126608583317261e-06
7.181822379509744843e-03
7.742510304445093805e-01
7.679272949058479902e-01
7.397615782060312783e-01
1.216910975370673609e-01
2.901066995381168176e-02
1.574963375240465147e-02
9.871657651920546020e-03
6.267166099639142653e-03
3.749083342017813653e-03
1.931322127571174618e-03
6.774946268959157686e-04
-4.894514110264482694e-05
-2.346682711564644392e-04
1.664966742712766163e-04
1.230912658419301741e-03
3.073639279783948585e-03
5.876468599580291809e-03
9.969298074528017140e-03
1.609194018227806319e-02
2.645374548379715238e-02
5.174135358270343793e-02
3.401862103871444720e-01
7.444560775017127208e-01
7.728980902637397898e-01
7.839472236523510329e-01
-7.735127647817227059e-01
-3.391864401254963361e-03
-1.149191307423411565e-25
-3.391864401299123349e-03
-7.735127647793694772e-01
7.839472236534782423e-01
7.728980902645083972e-01
7.444560775027034838e-01
3.401862103882118404e-01
5.174135358279667585e-02
2.645374548373110798e-02
1.609194018233540274e-02
9.969298074554973008e-03
5.876468599553673344e-03
3.073639279795768991e-03
1.230912658408619964e-03
1.664966742756747095e-04
-2.346682711601736303e-04
-4.894514110241195387e-05
6.774946269011730650e-04
1.931322127567000006e-03
3.749083342015722877e-03
6.267166099614704736e-03
9.871657651933755939e-03
1.574963375236851718e-02
2.901066995380137750e-02
1.216910975370265879e-01
7.397615782061824907e-01
7.679272949058589814e-01
7.742510304444732983e-01
7.181822379626693828e-03
-9.620126600550609055e-06
-9.263068275156239136e-06
7.184145089883956468e-03
7.740326984981145131e-01
7.675107014887941892e-01
7.397541357639980664e-01
1.508975777650867489e-01
3.282847037053492067e-02
1.777931064665613445e-02
1.125421195542965214e-02
7.272491658967782102e-03
4.477108989319935478e-03
2.429302648402619728e-03
9.718979697736420276e-04
5.816566296346461948e-05
-3.051423881078252289e-04
-7.756312673869788111e-05
8.110251771771875753e-04
2.467493900757219971e-03
5.060649156585918240e-03
8.894881699743428446e-03
1.464667791703011014e-02
2.431421870619977776e-02
4.736807043647787291e-02
2.968691196253834264e-01
7.451924858754670478e-01
7.735538428350635654e-01
7.844443159336605964e-01
-7.728060191090705411e-01
-3.517901423463966077e-03
5.600111666433665153e-26
-3.517901423300914213e-03
-7.728060191119667799e-01
7.844443159328414739e-01
7.735538428344752582e-01
7.451924858748988356e-01
2.968691196241665664e-01
4.736807043673165601e-02
2.431421870621273615e-02
1.464667791703344948e-02
8.894881699759637703e-03
5.060649156568049721e-03
2.467493900761545070e-03
8.110251771676251289e-04
-7.756312673308744657e-05
-3.051423881093602423e-04
5.816566296394430440e-05
9.718979697749620438e-04
2.429302648397907351e-03
4.477108989311937536e-03
7.272491658975773973e-03
1.125421195537153023e-02
1.777931064668283184e-02
3.282847037052387396e-02
1.508975777651448413e-01
7.397541357641547188e-01
7.675107014886477508e-01
7.740326984981713565e-01
7.184145090027690451e-03
-9.263068269936110608e-06
-8.867062236387650561e-06
7.184689196002731586e-03
7.738042614409416098e-01
7.670845940004517027e-01
7.397825937382781492e-01
1.926681595358424037e-01
3.741725634859405930e-02
2.014249804605280914e-02
1.284876322219782527e-02
8.431363915999055131e-03
5.322636598033469481e-03
3.019775224289846828e-03
1.340600647475545353e-03
2.262307557701982762e-04
-3.243271819366586235e-04
-2.771621745361284566e-04
4.309323299084774628e-04
1.898111130729557240e-03
4.279901290310221193e-03
7.855478431587415919e-03
1.324012021990363802e-02
2.223103933790829961e-02
4.316938768583104130e-02
2.531009065683461623e-01
7.459387822600459517e-01
7.742365148283528731e-01
7.849619024201723860e-01
-7.720783761469929285e-01
-3.651715065057448400e-03
5.481570389423960374e-26
-3.651715065039758557e-03
-7.720783761471835538e-01
7.849619024196659023e-01
7.742365148279817255e-01
7.459387822595687778e-01
2.531009065727376495e-01
4.316938768575954988e-02
2.223103933794024975e-02
1.324012021984615275e-02
7.855478431624476551e-03
4.279901290318563478e-03
1.898111130728072750e-03
4.309323299130519286e-04
-2.771621745280418263e-04
-3.243271819348128777e-04
2.262307557695025166e-04
1.340600647473231448e-03
3.019775224285690431e-03
5.322636598029974013e-03
8.431363915986922475e-03
1.284876322218022997e-02
2.014249804608436722e-02
3.741725634854959487e-02
1.926681595362584598e-01
7.397825937383992745e-01
7.670845940004608066e-01
7.738042614408691122e-01
7.184689195853309444e-03
-8.867062237026376083e-06
-8.433175105629820459e-06
7.183117384744281721e-03
7.735686988806909081e-01
7.666557415356923810e-01
7.398476622141271219e-01
2.518968154669165571e-01
4.295058095859684288e-02
2.288655078548629263e-02
1.467860123938391319e-02
9.758257370757993099e-03
6.295872439176702917e-03
3.710631004762113706e-03
1.790251113059354712e-03
4.613564466218346817e-04
-2.861336968348910520e-04
-4.257788760454400494e-04
9.803138462163477713e-05
1.374256638765747459e-03
3.544973594574587356e-03
6.864719984624032510e-03
1.189046297419587943e-02
2.023123723457992754e-02
3.919759216605017693e-02
2.122219424141538469e-01
7.466894335538825089e-01
7.749411840238673577e-01
-7.853002421830670432e-01
-7.713360264175516123e-01
-3.792745579866338250e-03
3.367753947500285996e-26
-3.792745579863152864e-03
-7.713360264174228265e-01
-7.853002421828395585e-01
7.749411840244433414e-01
7.466894335543290406e-01
2.122219424134768884e-01
3.919759216607981295e-02
2.023123723460402978e-02
1.189046297419259733e-02
6.864719984614958172e-03
3.544973594589665572e-03
1.374256638773429682e-03
9.803138463342302275e-05
-4.257788760459767295e-04
-2.861336968343201653e-04
4.613564466233035046e-04
1.790251113061000748e-03
3.710631004761103663e-03
6.295872439179507965e-03
9.758257370768517666e-03
1.467860123934636163e-02
2.288655078552487288e-02
4.295058095859081992e-02
2.518968154672133197e-01
7.398476622142975412e-01
7.666557415356528571e-01
7.735686988806782516e-01
7.183117384672994127e-03
-8.433175103987574346e-06
-7.962832929354422869e-06
7.179160703785036728e-03
7.733287613779276093e-01
7.662300301677236192e-01
7.399482885541817101e-01
3.298377629031965519e-01
4.966797231792403899e-02
2.607258162872892054e-02
1.677295229198724411e-02
1.127086335647795555e-02
7.408803008673465855e-03
4.510562173059030726e-03
2.327512836700882520e-03
7.689624987513372012e-04
-1.858297065491882282e-04
-5.189163073636830249e-04
-1.829900385623775831e-04
9.012631812758826718e-04
2.862378364983510053e-03
5.931013835304425191e-03
1.060920657483942556e-02
1.833207862673559910e-02
3.548290667456908964e-02
1.764273526139789050e-01
7.474434966870574515e-01
7.756646281458655645e-01
-7.847522300323471756e-01
-7.705833323056633377e-01
-3.940658635065205813e-03
-1.875721686873668374e-25
-3.940658634705785854e-03
-7.705833323051137773e-01
-7.847522300319085264e-01
7.756646281462550307e-01
7.474434966872884889e-01
1.764273526143307624e-01
3.548290667462646736e-02
1.833207862674285024e-02
1.060920657483531947e-02
5.931013835285794261e-03
2.862378364978367899e-03
9.012631812746402845e-04
-1.829900385504433903e-04
-5.189163073655448169e-04
-1.858297065487200426e-04
7.689624987506996903e-04
2.327512836701875650e-03
4.510562173054824889e-03
7.408803008671751081e-03
1.127086335647832678e-02
1.677295229194868814e-02
2.607258162877352028e-02
4.966797231787357242e-02
3.298377629033106273e-01
7.399482885544830246e-01
7.662300301677372749e-01
7.733287613779057379e-01
7.179160703707434740e-03
-7.962832922433308187e-06
-7.457817690989790601e-06
7.172624150241503106e-03
7.730869241803072223e-01
7.658123950811190905e-01
7.400820707276031252e-01
4.159657809289376007e-01
5.790567949856611357e-02
2.978006152657906858e-02
1.916876215045896364e-02
1.299111637078296209e-02
8.675931354745813895e-03
5.429677209221494237e-03
2.959640802540069483e-03
1.154368052106100051e-03
-1.941354631816316165e-05
-5.534158359123833928e-04
-4.093947001215796251e-04
4.818717683542905468e-04
2.235326280998622094e-03
5.058600461285220860e-03
9.402427443582399638e-03
1.654290517056542301e-02
3.203841075590194154e-02
1.464389371021107555e-01
7.482056234277555395e-01
7.764054218487463910e-01
-7.841918570901308394e-01
-7.698223889018356303e-01
-4.095450361485704696e-03
2.733350879663753628e-26
-4.095450361657775387e-03
-7.698223889020707755e-01
-7.841918570910590969e-01
7.764054218476009739e-01
7.482056234260666683e-01
1.464389371030243581e-01
3.203841075592443050e-02
1.654290517062004945e-02
9.402427443626322837e-03
5.058600461289195979e-03
2.235326281010683192e-03
4.818717683400723195e-04
-4.093947001233946338e-04
-5.534158359119669508e-04
-1.941354631737578354e-05
1.154368052105055314e-03
2.959640802541795099e-03
5.429677209219778596e-03
8.675931354755479774e-03
1.299111637075342669e-02
1.916876215048018278e-02
2.978006152657702160e-02
5.790567949846839313e-02
4.159657809293362818e-01
7.400820707276924981e-01
7.658123950810962199e-01
7.730869241803356440e-01
7.172624150405751929e-03
-7.457817691759785902e-06
-6.920249198106014002e-06
7.163387951006653862e-03
7.728453601754103897e-01
7.654068130513957957e-01
7.402456609338295968e-01
4.920467946188904484e-01
6.814501612587857415e-02
3.411329730759270901e-02
2.191306012733783629e-02
1.494649346674199741e-02
1.011516724703813951e-02
6.480209160275101146e-03
3.695114202779773652e-03
1.623408869890250340e-03
2.170252687721945537e-04
-5.267713724809335637e-04
-5.796480315989165077e-04
1.170521939405982172e-04
1.664631601605227190e-03
4.248569048662912025e-03
8.271984685361777334e-03
1.486684507970982734e-02
2.886441993947692561e-02
1.219372352069332949e-01
7.489875434273641774e-01
7.771640093663428894e-01
-7.836192110509833109e-01
-7.690528284166426864e-01
-4.257512278861972331e-03
-1.347044899335103681e-26
-4.257512278870108184e-03
-7.690528284180895291e-01
-7.836192110516013720e-01
7.771640093661775772e-01
7.489875434275695687e-01
1.219372352071486643e-01
2.886441993939600423e-02
1.486684507969384533e-02
8.271984685364868611e-03
4.248569048690026620e-03
1.664631601590849802e-03
1.170521939440735730e-04
-5.796480316034276561e-04
-5.267713724797583969e-04
2.170252687730511818e-04
1.623408869887684250e-03
3.695114202787648430e-03
6.480209160267644437e-03
1.011516724704285448e-02
1.494649346673251715e-02
2.191306012736497430e-02
3.411329730748324796e-02
6.814501612597581581e-02
4.920467946190439368e-01
7.402456609340066773e-01
7.654068130513502766e-01
7.728453601754357027e-01
7.163387951013407140e-03
-6.920249200613760075e-06
-6.352554890036300881e-06
7.151405181841798131e-03
7.726059300353954606e-01
7.650163428134715282e-01
7.404351256957987237e-01
5.492506029087910191e-01
8.108952162335125724e-02
3.921072091296799733e-02
2.506613878973470988e-02
1.717167456006885723e-02
1.174890417349178963e-02
7.677321172354262778e-03
4.544311075114939105e-03
2.183057897191107398e-03
5.279191091334358614e-04
-4.364944947043681266e-04
-6.927431099022544024e-04
-1.932701818552752483e-04
1.149500250561232484e-03
3.499724011631848326e-03
7.216521594812195205e-03
1.330219050630931411e-02
2.595191494557561041e-02
1.021363801953381473e-01
7.498102544568310268e-01
7.779427565682237589e-01
-7.830330253080836078e-01
-7.682719347649754615e-01
-4.427625978149291736e-03
1.255901738345953002e-25
-4.427625977955765985e-03
-7.682719347628343964e-01
-7.830330253069580637e-01
7.779427565694220226e-01
7.498102544580546036e-01
1.021363801948125677e-01
2.595191494549991748e-02
1.330219050629414222e-02
7.216521594809610467e-03
3.499724011634731870e-03
1.149500250587065986e-03
-1.932701818562781353e-04
-6.927431099030639762e-04
-4.364944947045207822e-04
5.279191091335517626e-04
2.183057897189335812e-03
4.544311075122894547e-03
7.677321172346999491e-03
1.174890417347399310e-02
1.717167456005340778e-02
2.506613878974120121e-02
3.921072091289934392e-02
8.108952162350237247e-02
5.492506029087209640e-01
7.404351256957637517e-01
7.650163428135134946e-01
7.726059300353309567e-01
7.151405181540521766e-03
-6.352554893488996063e-06
-5.757430852120474164e-06
7.136696517418042104e-03
7.723701867862392545e-01
7.646432001092909880e-01
7.406462462373163413e-01
5.897318550949063320e-01
9.778828514493433099e-02
4.525847644554131105e-02
2.870591115402979995e-02
1.971070507086544396e-02
1.360534867137575682e-02
9.040039371527626086e-03
5.520235456326539128e-03
2.842047786170903874e-03
9.187995957225363877e-04
-2.795459826808483904e-04
-7.476193217733422772e-04
-4.496080540569079255e-04
6.881671848608316659e-04
2.809258261979663031e-03
6.232199475021620895e-03
1.184334333029911368e-02
2.328486667858281275e-02
8.616365575116657904e-02
7.507073057134615590e-01
7.787461145215588409e-01
-7.824306996384199353e-01
-7.674748342175526927e-01
-4.606924282268912325e-03
2.106763313438238883e-27
-4.606924282259018330e-03
-7.674748342179934513e-01
-7.824306996386661828e-01
7.787461145213760982e-01
7.507073057132225280e-01
8.616365575098175467e-02
2.328486667848836053e-02
1.184334333030043034e-02
6.232199475032215719e-03
2.809258261995988513e-03
6.881671848517263192e-04
-4.496080540515599898e-04
-7.476193217774047828e-04
-2.795459826809300850e-04
9.187995957223221493e-04
2.842047786170772469e-03
5.520235456313144461e-03
9.040039371529116213e-03
1.360534867137388158e-02
1.971070507083606815e-02
2.870591115403044527e-02
4.525847644556384164e-02
9.778828514481492651e-02
5.897318550949638416e-01
7.406462462374047151e-01
7.646432001093077524e-01
7.723701867862010628e-01
7.136696517325528434e-03
-5.757430846369305105e-06
-5.137797187616902806e-06
7.119342941553534650e-03
7.721393916778652722e-01
7.642888548932058601e-01
7.408747551510800333e-01
6.184228205092513475e-01
1.198262714629080433e-01
5.251069816025798198e-02
3.293400531454721003e-02
2.261988021988126443e-02
1.572021013602055428e-02
1.059237252324337665e-02
6.639331814942469462e-03
3.611516889920662714e-03
1.396853460205157386e-03
-5.182370250822509653e-05
-7.426670885831652405e-04
-6.524201757562947358e-04
2.783872913217640241e-04
2.173233424608520762e-03
5.313153573381322603e-03
1.048129825097678970e-02
2.084143824732842196e-02
7.322984456408102028e-02
7.517296551980263697e-01
7.795811101182664737e-01
-7.818081118865299883e-01
-7.666543884988276103e-01
-4.796893981346047817e-03
9.803261077453228790e-26
-4.796893981575095500e-03
-7.666543885004036829e-01
-7.818081118877155955e-01
7.795811101174121571e-01
7.517296551971818230e-01
7.322984456379910689e-02
2.084143824732305125e-02
1.048129825097876382e-02
5.313153573380429220e-03
2.173233424607785239e-03
2.783872913131182707e-04
-6.524201757527930880e-04
-7.426670885835784299e-04
-5.182370250871138153e-05
1.396853460208240206e-03
3.611516889918193769e-03
6.639331814941941239e-03
1.059237252325124362e-02
1.572021013600487585e-02
2.261988021986514885e-02
3.293400531454666880e-02
5.251069816028555715e-02
1.198262714626911890e-01
6.184228205092863195e-01
7.408747551510577178e-01
7.642888548931852100e-01
7.721393916778601652e-01
7.119342941708381271e-03
-5.137797182768532803e-06
-4.496750901130657759e-06
7.099477205181781159e-03
7.719145382113198339e-01
7.639541397978493187e-01
7.411165128084469256e-01
6.392697134386200464e-01
1.495781420661438932e-01
6.132036095062016329e-02
3.788447090501776554e-02
2.597168688095172900e-02
1.813891772526186885e-02
1.236471318825948899e-02
7.922446119006309670e-03
4.505719776084344402e-03
1.971488558384384710e-03
2.523203335726723019e-04
-6.752930571725957462e-04
-8.017078121904911044e-04
-8.219309590558251119e-05
1.586893340910915410e-03
4.451688901488936104e-03
9.203657978018909419e-03
1.859407287514025162e-02
6.267540732426442329e-02
7.529524959589257715e-01
7.804583950497340217e-01
-7.811590157259867828e-01
-7.658004144913672651e-01
-4.999496267088309777e-03
7.408919572963064524e-26
-4.999496267026089583e-03
-7.658004144899583920e-01
-7.811590157253038846e-01
7.804583950503687362e-01
7.529524959596820555e-01
6.267540732393615810e-02
1.859407287501095574e-02
9.203657978037640963e-03
4.451688901501375806e-03
1.586893340917542054e-03
-8.219309590791002221e-05
-8.017078121887741618e-04
-6.752930571720369484e-04
2.523203335725537444e-04
1.971488558383960137e-03
4.505719776084645377e-03
7.922446119004234941e-03
1.236471318825576975e-02
1.813891772526410665e-02
2.597168688097121342e-02
3.788447090503335724e-02
6.132036095066301790e-02
1.495781420659992311e-01
6.392697134387455016e-01
7.411165128084217235e-01
7.639541397979012771e-01
7.719145382113111742e-01
7.099477205253955196e-03
-4.496750914753207434e-06
-3.837518773013249624e-06
7.077274730285517540e-03
7.716963813909787362e-01
7.636393610705182189e-01
7.413676308547803018e-01
6.548739703646735411e-01
1.903652331172698831e-01
7.218696839803213916e-02
4.373648007759945583e-02
2.986031922663430482e-02
2.091961598850449605e-02
1.439566175766408829e-02
9.396021154760582014e-03
5.542862013735059927e-03
2.654955352674054532e-03
6.405720027048843364e-04
-5.415100706379287043e-04
-8.966634283359399766e-04
-3.957455848959949454e-04
1.044849231724917721e-03
3.638241369372602341e-03
7.994162175612782098e-03
1.650839503035430450e-02
5.396075226658304108e-02
7.544839622975242355e-01
7.813940114173959506e-01
-7.804739371311871787e-01
-7.648981186057931536e-01
-5.217418570429196642e-03
8.104994340461828653e-28
-5.217418570255624548e-03
-7.648981186067775884e-01
-7.804739371314615148e-01
7.813940114174896534e-01
7.544839622976817761e-01
5.396075226636889294e-02
1.650839503033705788e-02
7.994162175605844939e-03
3.638241369366775838e-03
1.044849231729399596e-03
-3.957455848923058391e-04
-8.966634283348219473e-04
-5.415100706372111793e-04
6.405720027039969169e-04
2.654955352675048529e-03
5.542862013735364371e-03
9.396021154761177024e-03
1.439566175766748141e-02
2.091961598850289317e-02
2.986031922663489463e-02
4.373648007755202155e-02
7.218696839808282084e-02
1.903652331171606371e-01
6.548739703645678478e-01
7.413676308548455829e-01
7.636393610705399793e-01
7.716963813909389902e-01
7.077274730242119095e-03
-3.837518785975278772e-06
-3.163412362423223632e-06
7.052944528844044304e-03
7.714854696513006038e-01
7.633444054109296273e-01
7.416245516416551942e-01
6.668855912103126560e-01
2.457758464346102567e-01
8.583083939049382383e-02
5.073323812916794018e-02
3.440957170066993170e-02
2.413732090796194205e-02
1.673448220090264713e-02
1.109365117544799939e-02
6.746140702105720213e-03
3.463082271886537295e-03
1.123202711007990342e-03
-3.355107404213412275e-04
-9.353312218958815183e-04
-6.640077677925912110e-04
5.411772268609704381e-04
2.861121466474693831e-03
6.831658908502344536e-03
1.454063905860352585e-02
4.663526683080670976e-02
7.564745143261025762e-01
7.824119541028495828e-01
-7.797386289253784852e-01
-7.639260176325781693e-01
-5.454381293033724355e-03
-1.470994581862652330e-26
-5.454381293144947886e-03
-7.639260176319611073e-01
-7.797386289252238312e-01
7.824119541026905988e-01
7.564745143262999738e-01
4.663526683099854936e-02
1.454063905859405426e-02
6.831658908469465455e-03
2.861121466467927976e-03
5.411772268548060982e-04
-6.640077677916015513e-04
-9.353312218987543288e-04
-3.355107404219168305e-04
1.123202711008491894e-03
3.463082271888590774e-03
6.746140702109291142e-03
1.109365117542960265e-02
1.673448220090173119e-02
2.413732090795918730e-02
3.440957170064983667e-02
5.073323812920950415e-02
8.583083939044564015e-02
2.457758464341426863e-01
6.668855912104992845e-01
7.416245516415977956e-01
7.633444054109872479e-01
7.714854696512899457e-01
7.052944528894802313e-03
-3.163412351520392142e-06
-2.477786723082419726e-06
7.026720571838743212e-03
7.712821773693536720e-01
7.630688382281952675e-01
7.418840924998656439e-01
6.763610406016665744e-01
3.164281370645023461e-01
1.033074489045117117e-01
5.921068564548628149e-02
3.978438165023205630e-02
2.788982486075630360e-02
1.944450223184455290e-02
1.305817622173936765e-02
8.145102254726810376e-03
4.416199704722168634e-03
1.713727728730098793e-03
-4.917953482913650854e-05
-9.142380538885876541e-04
-8.880282592415504432e-04
6.946541006146510309e-05
2.106037205456342317e-03
5.688348320929440330e-03
1.263291391227305480e-02
4.029660736950374522e-02
7.591239181887007303e-01
7.835477168660600622e-01
-7.789320764061224978e-01
-7.628535852158109254e-01
-5.715419433769124147e-03
-4.407960938070393621e-26
-5.715419433855307811e-03
-7.628535852166727915e-01
-7.789320764065087443e-01
7.835477168659054081e-01
7.591239181885394149e-01
4.029660736917994868e-02
1.263291391225896364e-02
5.688348320933869946e-03
2.106037205454012150e-03
6.946541005808572623e-05
-8.880282592367841820e-04
-9.142380538891089386e-04
-4.917953482891245816e-05
1.713727728728385103e-03
4.416199704723424574e-03
8.145102254722527343e-03
1.305817622173311744e-02
1.944450223183917179e-02
2.788982486077768927e-02
3.978438165018517714e-02
5.921068564550088786e-02
1.033074489045208433e-01
3.164281370644118074e-01
6.763610406019145982e-01
7.418840924998634234e-01
7.630688382281787252e-01
7.712821773694258365e-01
7.026720571876966977e-03
-2.477786729432655377e-06
-1.784003816683450833e-06
6.998853907669718225e-03
7.710867363531138663e-01
7.628119906340661283e-01
7.421434630200013371e-01
6.839936171090041928e-01
3.946970309551585121e-01
1.261726709446502614e-01
6.964177454384311294e-02
4.620807290489115787e-02
3.230627766431660997e-02
2.260793729695659976e-02
1.534458321825793101e-02
9.777474941508212947e-03
5.540351643753122640e-03
2.429742507773138566e-03
3.285066440730518384e-04
-8.279530682782888177e-04
-1.067869715588264145e-03
-3.771589176276263873e-04
1.355362614046198150e-03
4.526965623578464888e-03
1.070486454399091625e-02
3.453663860209545133e-02
7.626801728329838381e-01
7.848533803294196476e-01
-7.780236502451030045e-01
-7.616381240789654727e-01
-6.007201977283593668e-03
-1.065404663615781779e-26
-6.007201977264806612e-03
-7.616381240781989748e-01
-7.780236502447023250e-01
7.848533803296774414e-01
7.626801728332983643e-01
3.453663860213563447e-02
1.070486454397309370e-02
4.526965623560078554e-03
1.355362614036758435e-03
-3.771589176307234650e-04
-1.067869715588640146e-03
-8.279530682759923691e-04
3.285066440727527613e-04
2.429742507771381291e-03
5.540351643755010019e-03
9.777474941509151432e-03
1.534458321825689017e-02
2.260793729695641588e-02
3.230627766431843489e-02
4.620807290486365210e-02
6.964177454378753240e-02
1.261726709446812644e-01
3.946970309552368938e-01
6.839936171090467143e-01
7.421434630200007820e-01
7.628119906340551371e-01
7.710867363531400676e-01
6.998853907593874379e-03
-1.784003809133029846e-06
-1.085400944806483417e-06
6.969605714684952089e-03
7.708992651593464807e-01
7.625730339340114350e-01
7.424002624099275138e-01
6.902513131803483803e-01
4.667651293791378886e-01
1.566722899318083451e-01
8.270539090892072009e-02
5.398865953597363487e-02
3.755993875916090879e-02
2.633289335932906261e-02
1.802412216953451496e-02
1.169170748477068970e-02
6.868932559421684660e-03
3.294023816675668587e-03
8.122478756436761569e-04
-6.685330190620893814e-04
-1.202233857971153792e-03
-8.059978411268932082e-04
5.870793588052354225e-04
3.296305279313163986e-03
8.638832527370573361e-03
2.885346559718805423e-02
7.674223871641755457e-01
-7.843911057740164949e-01
-7.769685156696896078e-01
-7.602194339691695779e-01
-6.338623750121673804e-03
5.682645270560984099e-28
-6.338623750091310939e-03
-7.602194339692101011e-01
-7.769685156694864370e-01
-7.843911057739428871e-01
7.674223871641325800e-01
2.885346559709754330e-02
8.638832527337252792e-03
3.296305279297881072e-03
5.870793587981734717e-04
-8.059978411260945849e-04
-1.202233857969404541e-03
-6.685330190614841798e-04
8.122478756441161261e-04
3.294023816677296625e-03
6.868932559420992505e-03
1.169170748477062032e-02
1.802412216952218801e-02
2.633289335933631028e-02
3.755993875917024161e-02
5.398865953597535572e-02
8.270539090892456424e-02
1.566722899318220841e-01
4.667651293791975076e-01
6.902513131804176583e-01
7.424002624099776959e-01
7.625730339339810149e-01
7.708992651593085110e-01
6.969605714598239334e-03
-1.085400930487261212e-06
-3.852644620947097546e-07
6.939241371571648088e-03
7.707197954976893195e-01
7.623510414622702847e-01
7.426524628042813214e-01
6.954588699456416556e-01
5.239544035829406532e-01
1.977592842416421581e-01
9.939278321588009002e-02
6.355975758910378803e-02
4.388756734232612117e-02
3.076377071457909312e-02
2.119028181164516259e-02
1.395056654706883573e-02
8.444949857755257652e-03
4.336014490088548751e-03
1.421433877034900808e-03
-4.248063396663117990e-04
-1.287974680143693209e-03
-1.224727948049697882e-03
-2.267258482256629619e-04
1.924042251599471015e-03
6.252538705873953231e-03
2.246956972326669133e-02
7.736205864020694323e-01
-7.824813667229720826e-01
-7.757002076824193182e-01
-7.585105818730085714e-01
-6.721903379347119248e-03
6.146157576114319342e-28
-6.721903379485350688e-03
-7.585105818728673510e-01
-7.757002076824931480e-01
-7.824813667230280378e-01
7.736205864021574730e-01
2.246956972310441836e-02
6.252538705827846884e-03
1.924042251583169818e-03
-2.267258482249551134e-04
-1.224727948049150143e-03
-1.287974680144853739e-03
-4.248063396657667705e-04
1.421433877036193828e-03
4.336014490091373748e-03
8.444949857758725364e-03
1.395056654706654416e-02
2.119028181164714711e-02
3.076377071455698581e-02
4.388756734234778439e-02
6.355975758908265216e-02
9.939278321585937048e-02
1.977592842416369123e-01
5.239544035825314250e-01
6.954588699457996404e-01
7.426524628041962783e-01
7.623510414623310139e-01
7.707197954975164578e-01
6.939241371329980292e-03
-3.852644470026680296e-07
3.131914030479167808e-07
6.908025551758921468e-03
7.705482953200586405e-01
7.621450383643180171e-01
7.428983832542691568e-01
6.998474475860496646e-01
5.661994453707204222e-01
2.522413915196229928e-01
1.211636334874644921e-01
7.554518773879140281e-02
5.161960606973035881e-02
3.609710307648300587e-02
2.496767367502376531e-02
1.663635069922272947e-02
1.032421603496917577e-02
5.593862793702801192e-03
2.181498064792224134e-03
-8.144020793500631003e-05
-1.319465977499345057e-03
-1.641301933498815532e-03
-1.121972088282384167e-03
3.050277671603897171e-04
3.246258742055939395e-03
1.386221391646729612e-02
7.814754346759934522e-01
-7.800506974427423579e-01
-7.741193508044377225e-01
-7.563835338935226416e-01
-7.174209832340947869e-03
1.739224614569305227e-26
-7.174209832421707921e-03
-7.563835338934924435e-01
-7.741193508044543758e-01
-7.800506974427253715e-01
7.814754346759065218e-01
1.386221391632839334e-02
3.246258742068175267e-03
3.050277671528070240e-04
-1.121972088283627964e-03
-1.641301933499267427e-03
-1.319465977498328725e-03
-8.144020793507920908e-05
2.181498064791698513e-03
5.593862793713688317e-03
1.032421603495671698e-02
1.663635069923782850e-02
2.496767367502236018e-02
3.609710307646107896e-02
5.161960606977322036e-02
7.554518773885721128e-02
1.211636334872643328e-01
2.522413915201634493e-01
5.661994453702137164e-01
6.998474475862564992e-01
7.428983832543305521e-01
7.621450383642690563e-01
7.705482953201340246e-01
6.908025551714205501e-03
3.131914037564632293e-07
1.006841279586443859e-06
6.876218295703507601e-03
7.703846884613666512e-01
7.619540404072527862e-01
7.431366581005482974e-01
7.035854302480865075e-01
5.969837096655226105e-01
3.198328078999488899e-01
1.501358347410735317e-01
9.086138726192810600e-02
6.122826474101557281e-02
4.260631171416640744e-02
2.952558610027529798e-02
1.985863219075762950e-02
1.257994945329240187e-02
7.117273007601217748e-03
3.125752087128383806e-03
3.822817877720513621e-04
-1.287785262186202928e-03
-2.063777190212753247e-03
-2.145506020890559397e-03
-1.718170738608770266e-03
-9.061169951285725317e-04
-7.778326596581201227e-04
-7.797335648358613147e-01
-7.768631626452812133e-01
-7.720771788279406911e-01
-7.536483286225346134e-01
-7.719666913797312152e-03
9.285061797957283281e-27
-7.719666913758090054e-03
-7.536483286220225786e-01
-7.720771788276515890e-01
-7.768631626451224514e-01
-7.797335648356189530e-01
-7.778326597625878809e-04
-9.061169950852310077e-04
-1.718170738604650081e-03
-2.145506020899667129e-03
-2.063777190211813894e-03
-1.287785262187791067e-03
3.822817877705445922e-04
3.125752087124664125e-03
7.117273007613270606e-03
1.257994945328903998e-02
1.985863219076645231e-02
2.952558610028917577e-02
4.260631171410626111e-02
6.122826474111513900e-02
9.086138726184357639e-02
1.501358347409893490e-01
3.198328078998959878e-01
5.969837096653466402e-01
7.035854302482946743e-01
7.431366581005240946e-01
7.619540404072954187e-01
7.703846884614098389e-01
6.876218295713130979e-03
1.006841280759109093e-06
1.692661353440648141e-06
6.844071971753904089e-03
7.702288708950570939e-01
7.617770831590882086e-01
7.433662025458237510e-01
7.067980321715539027e-01
6.197243638432111679e-01
3.933246331682860863e-01
1.891564584974317897e-01
1.108757729345438425e-01
7.340566769757139731e-02
5.068148420583464681e-02
3.509926209188508200e-02
2.376606711599962146e-02
1.530956478870116981e-02
8.971566160890767985e-03
4.297906169274608862e-03
9.940730306247100648e-04
-1.179665087875663224e-03
-2.500019794157839342e-03
-3.359049720494627737e-03
-4.388361632079398715e-03
-7.201271955179859227e-03
-3.463836318566666100e-02
-7.684672234804112989e-01
-7.725803717830785899e-01
-7.693509256397609297e-01
-7.500222102267060098e-01
-8.391796316127519972e-03
1.594496224398751475e-27
-8.391796316086152022e-03
-7.500222102272275926e-01
-7.693509256399572172e-01
-7.725803717831880579e-01
-7.684672234804591495e-01
-3.463836318559049970e-02
-7.201271955177114895e-03
-4.388361632068083981e-03
-3.359049720488387503e-03
-2.500019794157680615e-03
-1.179665087874630629e-03
9.940730306255052186e-04
4.297906169268306611e-03
8.971566160895521128e-03
1.530956478869118995e-02
2.376606711600866978e-02
3.509926209187838597e-02
5.068148420581817387e-02
7.340566769757905785e-02
1.108757729345941634e-01
1.891564584971712482e-01
3.933246331684292496e-01
6.197243638433149737e-01
7.067980321716172964e-01
7.433662025458031009e-01
7.617770831590507941e-01
7.702288708950322249e-01
6.844071971752394880e-03
1.692661344703593710e-06
2.367738505654419801e-06
6.811829022221567616e-03
7.700807238127364007e-01
7.616132429703903473e-01
7.435861775192984524e-01
7.095800954152352569e-01
6.369036258525744287e-01
4.610576295951372416e-01
2.411683910022765498e-01
1.376267674184481205e-01
8.919216221025214053e-02
6.089513722969327331e-02
4.202437158963710784e-02
2.856497177435191395e-02
1.864497308820361673e-02
1.124359213884224863e-02
5.755587877476995955e-03
1.790798992058429458e-03
-9.761398691513704495e-04
-2.957194352700925552e-03
-4.844345833700842638e-03
-8.091523771199126899e-03
-1.771717834575113962e-02
-1.650529832151999554e-01
-7.556203874722593472e-01
-7.667194812698699957e-01
-7.656050361518178526e-01
-7.450802277699408727e-01
-9.237155266129754017e-03
-6.331630369766238625e-28
-9.237155266151070299e-03
-7.450802277698731491e-01
-7.656050361518713654e-01
-7.667194812699289486e-01
-7.556203874722589031e-01
-1.650529832156121812e-01
-1.771717834577881887e-02
-8.091523771189899905e-03
-4.844345833692772704e-03
-2.957194352702656806e-03
-9.761398691513039879e-04
1.790798992057930075e-03
5.755587877475359243e-03
1.124359213884674677e-02
1.864497308820354041e-02
2.856497177435221232e-02
4.202437158960585506e-02
6.089513722973124987e-02
8.919216221020692670e-02
1.376267674183996592e-01
2.411683910021193145e-01
4.610576295952499848e-01
6.369036258525577754e-01
7.095800954153176354e-01
7.435861775193813861e-01
7.616132429703967865e-01
7.700807238127088672e-01
6.811829022279961010e-03
2.367738494229129071e-06
3.029276948472966864e-06
6.779720377760174201e-03
7.699401238172328688e-01
7.614616511761637119e-01
7.437959553222787124e-01
7.120046439640504987e-01
6.501858347894833301e-01
5.157006733947963051e-01
3.066690441709202797e-01
1.740166421715183265e-01
1.101834098515672294e-01
7.411378945244584404e-02
5.079480336853575695e-02
3.454957017601965885e-02
2.276870844730779012e-02
1.405056026207122943e-02
7.575347112748934825e-03
2.821403948751985066e-03
-6.507733952397217001e-04
-3.440894613050931097e-03
-6.709527025173031047e-03
-1.346104034969568784e-02
-3.737842238562979341e-02
-5.214965591044448123e-01
-7.411761855848457703e-01
-7.585916835781141287e-01
-7.603283284957748078e-01
-7.381731559973788714e-01
-1.032177220133710487e-02
-1.003795992529051209e-27
-1.032177220130015005e-02
-7.381731559974189505e-01
-7.603283284957514931e-01
-7.585916835780618372e-01
-7.411761855849098302e-01
-5.214965591047167059e-01
-3.737842238563570535e-02
-1.346104034968390040e-02
-6.709527025159154993e-03
-3.440894613053005393e-03
-6.507733952398142910e-04
2.821403948752171115e-03
7.575347112746888718e-03
1.405056026206968033e-02
2.276870844730314453e-02
3.454957017601518326e-02
5.079480336852664618e-02
7.411378945247050487e-02
1.101834098515747096e-01
1.740166421714828271e-01
3.066690441709021830e-01
5.157006733947637755e-01
6.501858347895054235e-01
7.120046439641182223e-01
7.437959553223105758e-01
7.614616511761560513e-01
7.699401238172713935e-01
6.779720377789769450e-03
3.029276937225405669e-06
3.674602465600613577e-06
6.747964423414537331e-03
7.698069505717111127e-01
7.613215028386595140e-01
7.439950870755288603e-01
7.141287279684779277e-01
6.606738879207689763e-01
5.568792042999382019e-01
3.796952771786197278e-01
2.235093332337419747e-01
1.388332768504841053e-01
9.169021491686772662e-02
6.216307067554407290e-02
4.215319385505117422e-02
2.794012045296469585e-02
1.755363409538418171e-02
9.859927242224605926e-03
4.150962575117275212e-03
-1.672770280334661644e-04
-3.953695757724441477e-03
-9.096432486988263733e-03
-2.157277036281836369e-02
-8.002865829376813733e-02
-6.234988875097056127e-01
-7.248282863483310745e-01
-7.472122521726359823e-01
-7.527346213512563500e-01
-7.282980333049500210e-01
-1.174235469776986965e-02
2.284460712410647412e-27
-1.174235469771780886e-02
-7.282980333050899091e-01
-7.527346213513649298e-01
-7.472122521727115885e-01
-7.248282863483623828e-01
-6.234988875098196326e-01
-8.002865829377858731e-02
-2.157277036281621957e-02
-9.096432486984726631e-03
-3.953695757725581190e-03
-1.672770280336557372e-04
4.150962575115352271e-03
9.859927242224977156e-03
1.755363409538438987e-02
2.794012045295972066e-02
4.215319385505619104e-02
6.216307067553588500e-02
9.169021491687238956e-02
1.388332768505364245e-01
2.235093332337569350e-01
3.796952771785609415e-01
5.568792042999531899e-01
6.606738879208127191e-01
7.141287279685029077e-01
7.439950870755386303e-01
7.613215028387205763e-01
7.698069505716651495e-01
6.747964423327219158e-03
3.674602462350496066e-06
4.301165224277863712e-06
6.716766407656861275e-03
7.696810922582365544e-01
7.611920612208243897e-01
7.441832726196266901e-01
7.159974975497834793e-01
6.691079474207793920e-01
5.873805692789756394e-01
4.488023823917875466e-01
2.880125322125844378e-01
1.787345454701054770e-01
1.157891502116956406e-01
7.732068091731086890e-02
5.203873400246479541e-02
3.453974704740860741e-02
2.197962619623619954e-02
1.274908582720071445e-02
5.866395275578929411e-03
5.237960185655257282e-04
-4.492810959944827480e-03
-1.218805416011553913e-02
-3.432325018602509770e-02
-1.892737113660789006e-01
-6.456852857598549544e-01
-7.058501929262934738e-01
-7.311718996689029471e-01
-7.416157023832338213e-01
-7.139276432522195792e-01
-1.364364616089776966e-02
-2.874583910999111504e-27
-1.364364616079463341e-02
-7.139276432526929783e-01
-7.416157023834462070e-01
-7.311718996690175221e-01
-7.058501929263759633e-01
-6.456852857598625040e-01
-1.892737113661242254e-01
-3.432325018600052013e-02
-1.218805416010064133e-02
-4.492810959948708924e-03
5.237960185654682655e-04
5.866395275581479454e-03
1.274908582719945158e-02
2.197962619623608158e-02
3.453974704740889190e-02
5.203873400244893310e-02
7.732068091732781367e-02
1.157891502116651233e-01
1.787345454702980174e-01
2.880125322124503784e-01
4.488023823916597599e-01
5.873805692790075028e-01
6.691079474208143640e-01
7.159974975497611638e-01
7.441832726196516701e-01
7.611920612208025183e-01
7.696810922582878467e-01
6.716766407612479242e-03
4.301165220577817970e-06
4.906541391813259478e-06
6.686318193064421343e-03
7.695624491988601878e-01
7.610726590167778971e-01
7.443603332439910902e-01
7.176470951056630465e-01
6.759952623825286055e-01
6.101659867946935822e-01
5.055369803748545054e-01
3.631434209810882052e-01
2.341468097557469208e-01
1.498742805688833835e-01
9.822881953003091693e-02
6.526583604779458148e-02
4.314817935943288801e-02
2.765712676479521390e-02
1.643615875490339606e-02
8.084655615633373760e-03
1.489787183332893583e-03
-5.046379990430852926e-03
-1.621440119443993619e-02
-5.516971519114193673e-02
-3.983624895947500688e-01
-6.472716840066140565e-01
-6.830122284287273304e-01
-7.084576564965261447e-01
-7.251462098108960586e-01
-6.928983539577153739e-01
-1.624212967385226317e-02
3.477168914104847381e-27
-1.624212967375193370e-02
-6.928983539576883954e-01
-7.251462098108832910e-01
-7.084576564966248435e-01
-6.830122284287674095e-01
-6.472716840066287114e-01
-3.983624895949617883e-01
-5.516971519116428690e-02
-1.621440119443387853e-02
-5.046379990433271130e-03
1.489787183331219792e-03
8.084655615636546569e-03
1.643615875489645717e-02
2.765712676479857232e-02
4.314817935942975163e-02
6.526583604780421266e-02
9.822881952999940047e-02
1.498742805688129953e-01
2.341468097558396522e-01
3.631434209810476821e-01
5.055369803746103674e-01
6.101659867948425742e-01
6.759952623825320472e-01
7.176470951057024594e-01
7.443603332439387987e-01
7.610726590167167238e-01
7.695624491988902749e-01
6.686318193010204296e-03
4.906541387706453268e-06
5.488434063435871555e-06
6.656798263311355587e-03
7.694509359710687280e-01
7.609626972044569726e-01
7.445261874162081295e-01
7.191067435302223032e-01
6.816914908164007914e-01
6.274934894103231242e-01
5.485719914969090505e-01
4.368277250571252490e-01
3.066500999267702809e-01
1.990540405546101510e-01
1.282086205419325498e-01
8.361337846727368017e-02
5.469392501226053721e-02
3.507976832711208470e-02
2.119430918512073964e-02
1.096457938536878410e-02
2.822870763806279836e-03
-5.587601604007174337e-03
-2.145350539577825857e-02
-9.042169010369618953e-02
-5.265081521182628510e-01
-6.383868578166906893e-01
-6.545142717037859548e-01
-6.762165962850373857e-01
-7.006766038184685241e-01
-6.627444720656870958e-01
-1.985670487824667957e-02
-6.458128310915555606e-28
-1.985670487816128954e-02
-6.627444720660440325e-01
-7.006766038186571510e-01
-6.762165962851537371e-01
-6.545142717038779923e-01
-6.383868578166390639e-01
-5.265081521183435642e-01
-9.042169010371331472e-02
-2.145350539577271093e-02
-5.587601604006535091e-03
2.822870763805791945e-03
1.096457938536473178e-02
2.119430918512704015e-02
3.507976832709671505e-02
5.469392501224977499e-02
8.361337846728554568e-02
1.282086205418777325e-01
1.990540405547352731e-01
3.066500999267322003e-01
4.368277250571993564e-01
5.485719914967700506e-01
6.274934894104995386e-01
6.816914908164219966e-01
7.191067435302517241e-01
7.445261874161983595e-01
7.609626972044666315e-01
7.694509359710727248e-01
6.656798263229429802e-03
5.488434064002697533e-06
6.044673673509843125e-06
6.628371927674269089e-03
7.693464823341196190e-01
7.608616422263895229e-01
7.446808295231232000e-01
7.204002772481693517e-01
6.864515726963570375e-01
6.409284920258756513e-01
5.804246324436501681e-01
4.981617517605806955e-01
3.885025716234687954e-01
2.684565038343220689e-01
1.727908642957421415e-01
1.102155762652392706e-01
7.074683375257331819e-02
4.502363741095817551e-02
2.741999217682868778e-02
1.472412787006710001e-02
4.650244317000707360e-03
-6.065198098887191781e-03
-2.822089626620471331e-02
-1.499845024293278983e-01
-5.691111238111841164e-01
-6.211089187311773507e-01
-6.179321392746960351e-01
-6.305006616419716048e-01
-6.646556837298093212e-01
-6.223925440275310805e-01
-2.495268322514854545e-02
3.087664257472643668e-28
-2.495268322508250453e-02
-6.223925440275074328e-01
-6.646556837298508436e-01
-6.305006616420051335e-01
-6.179321392747508801e-01
-6.211089187311544801e-01
-5.691111238112279702e-01
-1.499845024293895435e-01
-2.822089626620521638e-02
-6.065198098887534389e-03
4.650244317001575589e-03
1.472412787006347444e-02
2.741999217683101925e-02
4.502363741094938393e-02
7.074683375257270757e-02
1.102155762652212850e-01
1.727908642957633467e-01
2.684565038343626475e-01
3.885025716235112059e-01
4.981617517605490542e-01
5.804246324436181936e-01
6.409284920258908613e-01
6.864515726964304232e-01
7.204002772481592487e-01
7.446808295231340802e-01
7.608616422263767554e-01
7.693464823340732117e-01
6.628371927755462821e-03
6.044673680786280506e-06
6.573218188727300954e-06
6.601191666781247580e-03
7.692490332273408393e-01
7.607690220987799457e-01
7.448243114614284677e-01
7.215472807480872719e-01
6.904620009257561586e-01
6.515328734872439798e-01
6.041111343230085584e-01
5.444681941295967942e-01
4.638732245555026723e-01
3.556081863086099082e-01
2.396094417907063678e-01
1.507401645405284929e-01
9.413118105939254077e-02
5.877982664352297826e-02
3.570905900334302857e-02
1.966560758898401595e-02
7.148687966878997796e-03
-6.387172867322363223e-03
-3.683174889358709070e-02
-2.389955386467487175e-01
-5.783211905197976899e-01
-5.950219211643126282e-01
-5.702966741724809774e-01
-5.661786245907591830e-01
-6.129996348477161350e-01
-5.756505604241747287e-01
-3.221706757924912290e-02
-2.754475045017941099e-27
-3.221706757919085701e-02
-5.756505604241651808e-01
-6.129996348477235735e-01
-5.661786245907960424e-01
-5.702966741724727617e-01
-5.950219211643164030e-01
-5.783211905197938041e-01
-2.389955386468209930e-01
-3.683174889358278858e-02
-6.387172867323636510e-03
7.148687966878245793e-03
1.966560758898732927e-02
3.570905900333289085e-02
5.877982664353156167e-02
9.413118105936585378e-02
1.507401645405701263e-01
2.396094417907615459e-01
3.556081863086227313e-01
4.638732245554914035e-01
5.444681941294918781e-01
6.041111343230084474e-01
6.515328734872410932e-01
6.904620009258216617e-01
7.215472807481018158e-01
7.448243114614587768e-01
7.607690220987546326e-01
7.692490332273835829e-01
6.601191666774020722e-03
6.573218189921997727e-06
7.072154500671048658e-06
6.575397425611032715e-03
7.691585479411096049e-01
7.606844220057920047e-01
7.449567268267285325e-01
7.225639462395848645e-01
6.938616967219226606e-01
6.600310535331438411e-01
6.220049488201864207e-01
5.782991186800996442e-01
5.226972775949186856e-01
4.431304287446424794e-01
3.315713008809609286e-01
2.146506411924489488e-01
1.302232206886983212e-01
7.864736117919958469e-02
4.699940482141556214e-02
2.621309903745280834e-02
1.056384511799199170e-02
-6.392312488835297582e-03
-4.749478952895511141e-02
-3.334851363001297697e-01
-5.704273689007222092e-01
-5.583324347937578258e-01
-5.086326423102562888e-01
-4.774416829872408230e-01
-5.419057325043223905e-01
-5.326951687630043786e-01
-4.268319918749577391e-02
7.823802076550940267e-28
-4.268319918746684566e-02
-5.326951687628247445e-01
-5.419057325043049600e-01
-4.774416829872772938e-01
-5.086326423102539573e-01
-5.583324347937441701e-01
-5.704273689007199888e-01
-3.334851363001856139e-01
-4.749478952894699291e-02
-6.392312488836447704e-03
1.056384511799059352e-02
2.621309903745428285e-02
4.699940482141126002e-02
7.864736117919443603e-02
1.302232206887101174e-01
2.146506411924653246e-01
3.315713008810324824e-01
4.431304287447481727e-01
5.226972775949172423e-01
5.782991186801013095e-01
6.220049488202181731e-01
6.600310535331356254e-01
6.938616967219868314e-01
7.225639462395451185e-01
7.449567268267424103e-01
7.606844220057954464e-01
7.691585479410911752e-01
6.575397425632907578e-03
7.072154508662406409e-06
7.539698499585053019e-06
6.551116997576111184e-03
7.690749988664666859e-01
7.606074794332233768e-01
7.450781979623125606e-01
7.234637266403868283e-01
6.967558024822361196e-01
6.669251163612706090e-01
6.357665702335895119e-01
6.030829170357355773e-01
5.651812057060399130e-01
5.132032056584107105e-01
4.314519639455494104e-01
3.105937696061981113e-01
1.892289080678822566e-01
1.090366127253159234e-01
6.285962951417002620e-02
3.497037999844685580e-02
1.523173522545788645e-02
-5.802104519673959016e-03
-6.004110195804224920e-02
-3.973875020016319204e-01
-5.490631651518143030e-01
-5.080579098942309413e-01
-4.312828920461889703e-01
-3.596517810951826988e-01
-4.466052206526732737e-01
-5.046260807533089476e-01
-5.780500646573260431e-02
2.268796345162600434e-27
-5.780500646572443030e-02
-5.046260807530731363e-01
-4.466052206526546775e-01
-3.596517810952341576e-01
-4.312828920461710402e-01
-5.080579098942072935e-01
-5.490631651518084189e-01
-3.973875020016718884e-01
-6.004110195804317901e-02
-5.802104519675500317e-03
1.523173522545872606e-02
3.497037999843925771e-02
6.285962951415369204e-02
1.090366127253509232e-01
1.892289080679225577e-01
3.105937696061130127e-01
4.314519639456276812e-01
5.132032056584289181e-01
5.651812057060010552e-01
6.030829170357077107e-01
6.357665702335401070e-01
6.669251163613388877e-01
6.967558024822628759e-01
7.234637266404388978e-01
7.450781979622914664e-01
7.606074794332137179e-01
7.690749988664493664e-01
6.551116997511445897e-03
7.539698500859822358e-06
7.974190604305713711e-06
6.528467180404957937e-03
7.689983705962244454e-01
7.605378788137191481e-01
7.451888655241551973e-01
7.242578386012452629e-01
6.992249849879401680e-01
6.725696280008188754e-01
6.465230362884332171e-01
6.215307252144804950e-01
5.954459231331599156e-01
5.628313706801612026e-01
5.125727159004058731e-01
4.237105874825389806e-01
2.852708366801928186e-01
1.588675639068302392e-01
8.611868390884984403e-02
4.681868230303234957e-02
2.159354838303131907e-02
-4.152838954985233096e-03
-7.333413659877509316e-02
-4.242214790046245909e-01
-5.119242252519656811e-01
-4.401451585695567159e-01
-3.391859179268914559e-01
-2.160482239073287791e-01
-3.150647708738315012e-01
-4.983825066402646220e-01
-7.865116708750284624e-02
1.048661330060790197e-26
-7.865116708753758235e-02
-4.983825066399527604e-01
-3.150647708738047448e-01
-2.160482239073618360e-01
-3.391859179268543745e-01
-4.401451585695343449e-01
-5.119242252519545788e-01
-4.242214790046471840e-01
-7.333413659877693891e-02
-4.152838954986838582e-03
2.159354838303188112e-02
4.681868230302572986e-02
8.611868390883876956e-02
1.588675639068053425e-01
2.852708366802674811e-01
4.237105874825758955e-01
5.125727159004049849e-01
5.628313706802550165e-01
5.954459231331697966e-01
6.215307252144302019e-01
6.465230362884191173e-01
6.725696280008295336e-01
6.992249849880284307e-01
7.242578386012403779e-01
7.451888655241539761e-01
7.605378788137210355e-01
7.689983705962459837e-01
6.528467180363271664e-03
7.974190600890119419e-06
8.374112483149578047e-06
6.507552549783043525e-03
7.689286565048037980e-01
7.604753484676209929e-01
7.452888774662798088e-01
7.249556565849497591e-01
7.013318321840157354e-01
6.772196381139444776e-01
6.550406315637504751e-01
6.355129726672705814e-01
6.173018766718508799e-01
5.970296236757528519e-01
5.681890124734644276e-01
5.165790919864974295e-01
4.109334360398048669e-01
2.443681339425331223e-01
1.223049657491460662e-01
6.310316356846124020e-02
3.018534895718592848e-02
-7.435081032758690143e-04
-8.440609002686036422e-02
-4.203744373002294976e-01
-4.517440533604956121e-01
-3.509006956314151271e-01
-2.348749164604744533e-01
-7.495478209338377051e-02
-1.494930731783118416e-01
-5.218110874529310328e-01
-1.009818832624975043e-01
1.178777675518992067e-26
-1.009818832625872520e-01
-5.218110874525817566e-01
-1.494930731783999656e-01
-7.495478209342958109e-02
-2.348749164604530537e-01
-3.509006956313705516e-01
-4.517440533604930586e-01
-4.203744373002436530e-01
-8.440609002686859375e-02
-7.435081032778575495e-04
3.018534895718443661e-02
6.310316356846239205e-02
1.223049657491066949e-01
2.443681339425332333e-01
4.109334360398825270e-01
5.165790919865484998e-01
5.681890124734130243e-01
5.970296236758393382e-01
6.173018766718481043e-01
6.355129726671990831e-01
6.550406315637502530e-01
6.772196381139384824e-01
7.013318321840531500e-01
7.249556565849932799e-01
7.452888774662640436e-01
7.604753484676495257e-01
7.689286565048283340e-01
6.507552549816666802e-03
8.374112482205068548e-06
8.738067974169350165e-06
6.488467451295073726e-03
7.688658584943356411e-01
7.604196543301130484e-01
7.453783848338076945e-01
7.255650145736373124e-01
7.031253438295455016e-01
6.810616710867142265e-01
6.618474030739345260e-01
6.462768566408035875e-01
6.334078762729510315e-01
6.209464210167838782e-01
6.049807992370195286e-01
5.776007848787868548e-01
5.178504779947914471e-01
3.736128961464353915e-01
1.826272826655084003e-01
8.603090623008204096e-02
4.157967891533979887e-02
5.286826610140604385e-03
-8.831372581393372168e-02
-3.895550946151706828e-01
-3.620997344460373246e-01
-2.430224826386489234e-01
-1.249211525122784355e-01
-1.568551283472191082e+00
-2.612481557061223716e-02
-6.052031074439255809e-01
-1.010245838990529721e-01
9.574008801801798936e-27
-1.010245838993707040e-01
-6.052031074434365276e-01
-2.612481557069764107e-02
-1.568551283472188196e+00
-1.249211525122814609e-01
-2.430224826386352954e-01
-3.620997344460337164e-01
-3.895550946151867255e-01
-8.831372581394139609e-02
5.286826610140286063e-03
4.157967891533261712e-02
8.603090623009604365e-02
1.826272826654469772e-01
3.736128961463701659e-01
5.178504779949194559e-01
5.776007848786978149e-01
6.049807992370491716e-01
6.209464210167698894e-01
6.334078762729703493e-01
6.462768566407558479e-01
6.618474030739530667e-01
6.810616710867032353e-01
7.031253438295812508e-01
7.255650145736471934e-01
7.453783848338444429e-01
7.604196543300673072e-01
7.688658584943321994e-01
6.488467451363509435e-03
8.738067970608196650e-06
9.064785016904853827e-06
6.471297358082205367e-03
7.688099860141267561e-01
7.603705956691994006e-01
7.454575354490533545e-01
7.260924503815079367e-01
7.046441160215659583e-01
6.842340542084958122e-01
6.673132646770207899e-01
6.546553402166424007e-01
6.454926772467042273e-01
6.380864549130723651e-01
6.298392571318836008e-01
6.161465004576516247e-01
5.855378599104917869e-01
4.998840976797381264e-01
2.849238281371904713e-01
1.195669477385237350e-01
5.627305948245673456e-02
1.458996056594677460e-02
-8.048100279027857462e-02
-3.358497934669856244e-01
-2.587283204556441452e-01
-1.309119278610729187e-01
1.516998642365073646e+00
1.538863507350298310e+00
-1.542015025990396859e+00
7.498700904552599855e-01
-3.531075239152436235e-02
4.232243011588113923e-27
-3.531075239207130678e-02
7.498700904558597280e-01
-1.542015025990435717e+00
1.538863507350307858e+00
1.516998642365064320e+00
-1.309119278610794690e-01
-2.587283204556303229e-01
-3.358497934670001683e-01
-8.048100279027663173e-02
1.458996056594525671e-02
5.627305948245053119e-02
1.195669477385351703e-01
2.849238281371624382e-01
4.998840976797312430e-01
5.855378599104892334e-01
6.161465004576318627e-01
6.298392571318719435e-01
6.380864549130849106e-01
6.454926772466776930e-01
6.546553402166711555e-01
6.673132646769701637e-01
6.842340542085325605e-01
7.046441160215958233e-01
7.260924503815385789e-01
7.454575354490843297e-01
7.603705956691900747e-01
7.688099860140970021e-01
6.471297358061013985e-03
9.064785019253599957e-06
9.353173034918137012e-06
6.456112679681387523e-03
7.687610479488559134e-01
7.603280069757859527e-01
7.455264632713600736e-01
7.265434041856374536e-01
7.059186367654980421e-01
6.868404607379547944e-01
6.717014052429157722e-01
6.612122802809652367e-01
6.546722111194317462e-01
6.506308177366043610e-01
6.471635158594850612e-01
6.412877124972747866e-01
6.263548766110195176e-01
5.813304305642794656e-01
4.233751899158481602e-01
1.712928134879153907e-01
7.457055321637798273e-02
2.694733970801512293e-02
-6.063243071370250092e-02
-2.697005544803692256e-01
-1.731687369394293019e-01
-2.288021692202309165e-02
1.510755776461611743e+00
4.121145659916713305e-02
8.280893339470586645e-02
5.806766463422574631e-01
3.494325118217482540e-02
2.160793341038802763e-27
3.494325118184502671e-02
5.806766463425950819e-01
8.280893339471973036e-02
4.121145659917926918e-02
1.510755776461587319e+00
-2.288021692202545782e-02
-1.731687369394264431e-01
-2.697005544803763311e-01
-6.063243071370598425e-02
2.694733970801359291e-02
7.457055321637202916e-02
1.712928134879304343e-01
4.233751899158209597e-01
5.813304305642921221e-01
6.263548766110160759e-01
6.412877124973082044e-01
6.471635158594691850e-01
6.506308177366244561e-01
6.546722111194701599e-01
6.612122802809613509e-01
6.717014052429647331e-01
6.868404607379298143e-01
7.059186367655198024e-01
7.265434041856941860e-01
7.455264632713091144e-01
7.603280069757680781e-01
7.687610479488035109e-01
6.456112679730192233e-03
9.353173034351182285e-06
9.602180748956363923e-06
6.442982725716395707e-03
7.687190639635366196e-01
7.602917424258978096e-01
7.455853008071818833e-01
7.269223491415803817e-01
7.069729940306802574e-01
6.889590457282802616e-01
6.752014160477338711e-01
6.663352442719202573e-01
6.616760638572715125e-01
6.599281884305556733e-01
6.595300459477577704e-01
6.583334599281529531e-01
6.520590605803522344e-01
6.286175036148914375e-01
5.380202494411919778e-01
2.541100937158188300e-01
9.659078821916350366e-02
4.071551742929335055e-02
-3.406395718280473550e-02
-2.044036442249816121e-01
-1.114744788801727282e-01
6.080676296421760191e-02
-1.024229234408152583e-01
1.855152907271707674e-01
1.731443911375460665e-01
5.448445047577572531e-01
3.952449872414385418e-02
1.913340484262064311e-27
3.952449872399533409e-02
5.448445047579545397e-01
1.731443911376055189e-01
1.855152907272028251e-01
-1.024229234408364081e-01
6.080676296421193977e-02
-1.114744788801738246e-01
-2.044036442249931862e-01
-3.406395718280755269e-02
4.071551742929031131e-02
9.659078821916422530e-02
2.541100937158545792e-01
5.380202494411772118e-01
6.286175036149024287e-01
6.520590605803533446e-01
6.583334599281758237e-01
6.595300459477668742e-01
6.599281884305316925e-01
6.616760638573031539e-01
6.663352442719109314e-01
6.752014160477562976e-01
6.889590457283022440e-01
7.069729940307083460e-01
7.269223491415833793e-01
7.455853008071999799e-01
7.602917424258934798e-01
7.687190639634997602e-01
6.442982725773685818e-03
9.602180744555812616e-06
9.811039012274520223e-06
6.431955577438939163e-03
7.686840438204400883e-01
7.602616920018125946e-01
7.456341512930421134e-01
7.272329481554840047e-01
7.078260585729676535e-01
6.906488177818652652e-01
6.779507299459464065e-01
6.702939651896814288e-01
6.669887984505213918e-01
6.668264692046267372e-01
6.684536587322756906e-01
6.701858588008672291e-01
6.689942275554981999e-01
6.572374931539315401e-01
6.067990406147870663e-01
3.740021661039390488e-01
1.224587658004475388e-01
5.302788363385021325e-02
-8.979299341985833363e-03
-1.501859812235406266e-01
-6.746656378956152056e-02
5.097874812701091995e-02
-9.995087965919897954e-02
3.020990895661570530e-01
2.528450941072061253e-01
5.695853594491514515e-01
2.451764028489250916e-02
1.105811941829357096e-27
2.451764028482032731e-02
5.695853594492891192e-01
2.528450941072978853e-01
3.020990895662011844e-01
-9.995087965924846773e-02
5.097874812702274383e-02
-6.746656378957130440e-02
-1.501859812235534775e-01
-8.979299341986711133e-03
5.302788363384355191e-02
1.224587658004591545e-01
3.740021661039610312e-01
6.067990406147703020e-01
6.572374931539549658e-01
6.689942275554914275e-01
6.701858588008858808e-01
6.684536587322894574e-01
6.668264692046053099e-01
6.669887984505568079e-01
6.702939651896534512e-01
6.779507299459858194e-01
6.906488177818758123e-01
7.078260585730200560e-01
7.272329481554727915e-01
7.456341512930424464e-01
7.602616920017829516e-01
7.686840438204145531e-01
6.431955577547454790e-03
9.811039009438862285e-06
9.978944166622438552e-06
6.423083047606500777e-03
7.686560088979372818e-01
7.602377560926364408e-01
7.456731187391306692e-01
7.274781012073086028e-01
7.084924635189838726e-01
6.919539117749086143e-01
6.800489387005678177e-01
6.732769193614035474e-01
6.709359645679526807e-01
6.718679361283079743e-01
6.748460745513529258e-01
6.784608010469104222e-01
6.803977396040736814e-01
6.753787810499014554e-01
6.463865284106439235e-01
4.944196823861819468e-01
1.524789951076161165e-01
6.096586559996118593e-02
8.062869675794110194e-03
-1.155606793818598071e-01
-4.532615902966443538e-02
9.456831043281363480e-03
-1.289900233954489606e-01
3.916751494808442535e-01
2.909184968750680444e-01
6.157481355159662995e-01
1.285247038142276442e-02
1.155931001633080237e-27
1.285247038137082680e-02
6.157481355160581149e-01
2.909184968751278300e-01
3.916751494808998757e-01
-1.289900233954862085e-01
9.456831043270275128e-03
-4.532615902966850158e-02
-1.155606793818526462e-01
8.062869675792448329e-03
6.096586559996230309e-02
1.524789951076255812e-01
4.944196823861705115e-01
6.463865284106555809e-01
6.753787810499124467e-01
6.803977396040645775e-01
6.784608010468983208e-01
6.748460745513729098e-01
6.718679361282955398e-01
6.709359645679578987e-01
6.732769193614047687e-01
6.800489387005529407e-01
6.919539117749446966e-01
7.084924635189892017e-01
7.274781012073114894e-01
7.456731187391416604e-01
7.602377560926523170e-01
7.686560088979548233e-01
6.423083047636312867e-03
9.978944163953769772e-06
1.010540605326398088e-05
6.416395176771417033e-03
7.686349674728928383e-01
7.602198677986342634e-01
7.457022726206150587e-01
7.276600701810764793e-01
7.089831942056344927e-01
6.929067417882011082e-01
6.815670542982181779e-01
6.754148720247571402e-01
6.737358232265217017e-01
6.754021562791336919e-01
6.792653051238618511e-01
6.840843798344944382e-01
6.879700914911744958e-01
6.869716397310708933e-01
6.697400319214980025e-01
5.749351908691946456e-01
1.865592231620296082e-01
6.317077134495482915e-02
1.576374643761143876e-02
-9.843386798344314070e-02
-3.791888413118347373e-02
-1.516138243866282584e-02
-1.759792528759455965e-01
4.632008415294595616e-01
2.937320151277446612e-01
6.567657318040717174e-01
6.022423561559318850e-03
2.491748407989454875e-28
6.022423561545980561e-03
6.567657318040945880e-01
2.937320151278383085e-01
4.632008415294808779e-01
-1.759792528759847874e-01
-1.516138243867088710e-02
-3.791888413118407047e-02
-9.843386798343921329e-02
1.576374643761155672e-02
6.317077134495127644e-02
1.865592231620338826e-01
5.749351908691960888e-01
6.697400319214971143e-01
6.869716397310761113e-01
6.879700914911965892e-01
6.840843798344767857e-01
6.792653051238681794e-01
6.754021562791037159e-01
6.737358232265101554e-01
6.754148720247654669e-01
6.815670542982359414e-01
6.929067417882091018e-01
7.089831942056890046e-01
7.276600701810785887e-01
7.457022726206009589e-01
7.602198677986161668e-01
7.686349674729340276e-01
6.416395176854421817e-03
1.010540605483836779e-05
1.018993679169545534e-05
6.411922903121721092e-03
7.686209343587605547e-01
7.602079701709938409e-01
7.457216770669494732e-01
7.277804885770375876e-01
7.093061369518998127e-01
6.935300000845906476e-01
6.825538782323155029e-01
6.767955393868749780e-01
6.755312403409989841e-01
6.776506341597495764e-01
6.820514251094967895e-01
6.875917900400787541e-01
6.926277333608739095e-01
6.939427600856215017e-01
6.830862033406752687e-01
6.185631493368687339e-01
2.212948692924597283e-01
6.108412547711238039e-02
1.736330887841483830e-02
-9.127746117548568572e-02
-3.624724357512522366e-02
-2.763474173920568017e-02
-2.077459274733756411e-01
5.139782119815308192e-01
2.865426992724162125e-01
6.834378668939620205e-01
2.369025610490839602e-03
-3.535589652805687122e-28
2.369025610504705680e-03
6.834378668939043999e-01
2.865426992724843802e-01
5.139782119815461403e-01
-2.077459274734007599e-01
-2.763474173920565241e-02
-3.624724357513037926e-02
-9.127746117548350691e-02
1.736330887841457810e-02
6.108412547710972279e-02
2.212948692924628924e-01
6.185631493368999312e-01
6.830862033406862599e-01
6.939427600856248324e-01
6.926277333608731324e-01
6.875917900400841942e-01
6.820514251095260994e-01
6.776506341597179350e-01
6.755312403409942101e-01
6.767955393868958502e-01
6.825538782323278264e-01
6.935300000845772139e-01
7.093061369519632064e-01
7.277804885770470245e-01
7.457216770669415906e-01
7.602079701710360293e-01
7.686209343587498966e-01
6.411922903205618390e-03
1.018993680074652923e-05
1.023227920357160357e-05
6.409681978578479940e-03
7.686139155240466758e-01
7.602020302102806548e-01
7.457313691113218734e-01
7.278404329440226750e-01
7.094663639766182195e-01
6.938381236940699415e-01
6.830399388267828220e-01
6.774729833712250793e-01
6.764085824615503340e-01
6.787443876656508168e-01
6.833998060043519063e-01
6.892792244357432985e-01
6.948520828583270026e-01
6.972325390295083247e-01
6.892128119246496709e-01
6.373862768579510174e-01
2.453142600783983496e-01
5.839454448222881205e-02
1.691672409146632861e-02
-8.942121043088217813e-02
-3.503982244758659104e-02
-3.297974220387762945e-02
-2.223517778629806596e-01
5.415538577081263627e-01
2.828934555850597943e-01
6.935906964173238487e-01
1.045736043382302759e-03
-3.413528187421049917e-28
1.045736043411149693e-03
6.935906964172183775e-01
2.828934555851042587e-01
5.415538577081430160e-01
-2.223517778630016428e-01
-3.297974220388346506e-02
-3.503982244758722248e-02
-8.942121043088094301e-02
1.691672409146682127e-02
5.839454448222891614e-02
2.453142600784036231e-01
6.373862768579490190e-01
6.892128119246521134e-01
6.972325390295120995e-01
6.948520828583276687e-01
6.892792244357472953e-01
6.833998060043572353e-01
6.787443876656469310e-01
6.764085824615251319e-01
6.774729833712401783e-01
6.830399388268476590e-01
6.938381236940520669e-01
7.094663639766605190e-01
7.278404329440457676e-01
7.457313691112975595e-01
7.602020302103068561e-01
7.686139155240273579e-01
6.409681978541728088e-03
1.023227920849618536e-05
