9.999992402756050502e-01
1.000032719320254060e+00
4.935303547555538017e+01
3.243803719391408436e+01
1.110716741490199766e+01
1.004997117578906751e+00
9.997041749264236055e-01
9.991343998540124227e-01
9.988269191099742317e-01
9.985739511020069736e-01
9.983464657785436902e-01
9.981464797886184792e-01
9.979846097406729344e-01
9.978731784447669728e-01
9.978231006756907995e-01
9.978430686126874560e-01
9.979412457118299606e-01
9.981302146935306929e-01
9.984375798783694522e-01
9.989320248056627882e-01
9.998112001220219591e-01
1.001853800096788483e+00
1.011387259211442791e+00
1.844427049143873010e+00
1.116568188114639248e+01
3.183521291948587617e+01
1.289749273500280538e+02
6.006051659394515951e+01
9.997583875607460868e-01
9.997563857075800753e-01
9.997583875607354287e-01
6.006051658249357672e+01
1.289749273589540906e+02
3.183521292016252247e+01
1.116568188131396511e+01
1.844427049139306884e+00
1.011387259211336209e+00
1.001853800096771163e+00
9.998112001220164080e-01
9.989320248056627882e-01
9.984375798783710065e-01
9.981302146935315811e-01
9.979412457118332913e-01
9.978430686126890103e-01
9.978231006756876909e-01
9.978731784447674169e-01
9.979846097406724903e-01
9.981464797886189233e-01
9.983464657785450225e-01
9.985739511020060855e-01
9.988269191099737876e-01
9.991343998540135329e-01
9.997041749264224952e-01
1.004997117578928512e+00
1.110716741491248349e+01
3.243803719368747096e+01
4.935303547590264373e+01
1.000032719320246510e+00
9.999992402756050502e-01
9.999948919052559226e-01
9.996350425007839435e-01
4.914359062636897590e+01
3.223539744206734525e+01
1.106840770667468732e+01
1.001622653008526154e+00
9.950992281412518459e-01
9.934090357497860069e-01
9.918979509543043305e-01
9.903964397582653012e-01
9.889446306264854103e-01
9.876315386114832284e-01
9.865591655916856606e-01
9.858201506858864649e-01
9.854805952800513857e-01
9.855702672063175740e-01
9.860824732081943100e-01
9.869840075037622507e-01
9.882351956544204175e-01
9.898264419484892329e-01
9.918736025835104275e-01
9.950635186343605998e-01
1.005452226140133076e+00
1.816998963022883107e+00
1.115973074980801272e+01
3.196501595097166160e+01
1.314719164376386402e+02
5.907241834383957979e+01
9.982911826016902523e-01
9.983673032407415215e-01
9.982911826016414025e-01
5.907241835134267660e+01
1.314719164218020637e+02
3.196501595105003446e+01
1.115973074980040991e+01
1.816998963031687397e+00
1.005452226139993188e+00
9.950635186343381733e-01
9.918736025835142023e-01
9.898264419484921195e-01
9.882351956544206395e-01
9.869840075037646931e-01
9.860824732082119626e-01
9.855702672063268999e-01
9.854805952800411717e-01
9.858201506858900176e-01
9.865591655916847724e-01
9.876315386114832284e-01
9.889446306264892961e-01
9.903964397582595280e-01
9.918979509543043305e-01
9.934090357497902257e-01
9.950992281412527340e-01
1.001622653008493957e+00
1.106840770663597162e+01
3.223539744205346835e+01
4.914359062590527572e+01
9.996350425007819451e-01
9.999948919052572549e-01
9.999880476089556547e-01
9.990098295699422204e-01
4.875533438691519450e+01
3.186587879682683067e+01
1.100532697947177319e+01
9.965097827930674557e-01
9.879391575998691666e-01
9.845144699678745059e-01
9.811514973513947302e-01
9.777356183943654022e-01
9.744118080875636689e-01
9.714005098101344826e-01
9.689409780757872737e-01
9.672459295731865581e-01
9.664638007417974963e-01
9.666559571660791050e-01
9.677939561680520830e-01
9.697766883086219591e-01
9.724639960603097544e-01
9.757282643908750108e-01
9.795599770361076430e-01
9.844990119031428177e-01
9.961229116884238177e-01
1.766478839789837441e+00
1.116348246770211894e+01
3.225708824742243053e+01
1.367104236908148778e+02
5.730220418528085702e+01
9.959984078561050502e-01
9.961962616662790593e-01
9.959984078561094911e-01
5.730220417006889733e+01
1.367104237017427977e+02
3.225708824786926954e+01
1.116348246761715401e+01
1.766478839796152611e+00
9.961229116884693369e-01
9.844990119031432618e-01
9.795599770361078651e-01
9.757282643908666842e-01
9.724639960603090882e-01
9.697766883086342826e-01
9.677939561680719560e-01
9.666559571660869876e-01
9.664638007417948318e-01
9.672459295731936635e-01
9.689409780757841650e-01
9.714005098101291535e-01
9.744118080875623367e-01
9.777356183943595180e-01
9.811514973513953963e-01
9.845144699678783917e-01
9.879391575998665020e-01
9.965097827930553542e-01
1.100532697944104754e+01
3.186587879682504365e+01
4.875533438729783597e+01
9.990098295699391118e-01
9.999880476089569870e-01
9.999769642896267907e-01
9.979991062370021648e-01
4.818017588077679392e+01
3.132279997333547783e+01
1.090864650474500941e+01
9.883751665277151766e-01
9.765383855913208899e-01
9.703979165268724616e-01
9.641505582488134607e-01
9.577681164473751396e-01
9.515572688890256980e-01
9.459380275383089121e-01
9.413554447482673782e-01
9.382005346012403102e-01
9.367432190458720997e-01
9.370914746524873218e-01
9.391852269191974800e-01
9.428237348542164442e-01
9.477183366690813404e-01
9.535654041583078167e-01
9.601668434418059173e-01
9.678429030847056636e-01
9.814992681800729368e-01
1.691587669550023154e+00
1.115987242273179092e+01
3.267676251107256746e+01
1.451007915569595923e+02
5.490044193553135443e+01
9.923385520007266258e-01
9.927300336469160325e-01
9.923385520008205507e-01
5.490044194099411357e+01
1.451007915028686170e+02
3.267676251117523378e+01
1.115987242263294199e+01
1.691587669557517604e+00
9.814992681802323649e-01
9.678429030846754655e-01
9.601668434418009213e-01
9.535654041583018214e-01
9.477183366690845601e-01
9.428237348542396479e-01
9.391852269192230152e-01
9.370914746524819927e-01
9.367432190458799823e-01
9.382005346012564084e-01
9.413554447482681553e-01
9.459380275382944792e-01
9.515572688890261421e-01
9.577681164473859088e-01
9.641505582488086867e-01
9.703979165268692419e-01
9.765383855913226663e-01
9.883751665277179521e-01
1.090864650472710728e+01
3.132279997326088505e+01
4.818017588094620862e+01
9.979991062370054955e-01
9.999769642896285671e-01
9.999627618536410800e-01
9.967071642013640709e-01
4.745113640031077296e+01
3.064563735338318295e+01
1.078975791176386423e+01
9.784173308077845910e-01
9.622885913973562300e-01
9.528204129040434012e-01
9.430706001560869023e-01
9.331111879528625197e-01
9.234407290196409157e-01
9.147122395476318113e-01
9.076074692219331386e-01
9.027202541215371134e-01
9.004580536667177171e-01
9.009822994771954363e-01
9.041989734174193938e-01
9.097966902408909373e-01
9.173193458894571828e-01
9.262615068299786536e-01
9.362046673047292877e-01
9.472080932714442847e-01
9.633924633469650445e-01
1.597446921681909826e+00
1.115711481779787029e+01
3.324761911511240697e+01
1.577020600361688878e+02
5.208745330668836715e+01
9.877345382012406860e-01
9.883683374845928515e-01
9.877345382012286956e-01
5.208745329931345935e+01
1.577020600758164619e+02
3.324761911393891722e+01
1.115711481761291957e+01
1.597446921674646747e+00
9.633924633470684062e-01
9.472080932714381785e-01
9.362046673047212941e-01
9.262615068300019683e-01
9.173193458894736141e-01
9.097966902409133638e-01
9.041989734174474824e-01
9.009822994771933269e-01
9.004580536667202706e-01
9.027202541215600951e-01
9.076074692219422424e-01
9.147122395476221524e-01
9.234407290196465778e-01
9.331111879528853903e-01
9.430706001560846818e-01
9.528204129040344084e-01
9.622885913973632244e-01
9.784173308078565334e-01
1.078975791178981858e+01
3.064563735341939221e+01
4.745113640039823366e+01
9.967071642013642929e-01
9.999627618536433005e-01
9.999458955506124180e-01
9.951777120787740349e-01
4.659606488530059210e+01
2.986724989173906408e+01
1.065560389051689683e+01
9.673825963106651438e-01
9.458834246169172122e-01
9.326728380898040571e-01
9.190286215570370176e-01
9.051243606079794057e-01
8.916645411191398418e-01
8.795482865296690989e-01
8.697034682119755278e-01
8.629326799980064910e-01
8.597848959610225883e-01
8.604784238128329044e-01
8.648883740696931000e-01
8.725942661622346774e-01
8.829706274618909223e-01
8.953029597438507681e-01
9.089385004111893984e-01
9.236532647057600354e-01
9.427340482215419426e-01
1.489124443440022150e+00
1.115671738862859286e+01
3.398161672741243677e+01
1.763448934373334964e+02
4.906571338638200075e+01
9.823816331038737193e-01
9.832954435080110134e-01
9.823816331037639182e-01
4.906571337963815438e+01
1.763448935031333633e+02
3.398161673060089782e+01
1.115671738865962048e+01
1.489124443436936396e+00
9.427340482214684458e-01
9.236532647057273948e-01
9.089385004111397715e-01
8.953029597438759701e-01
8.829706274619115725e-01
8.725942661622397845e-01
8.648883740697322908e-01
8.604784238128628804e-01
8.597848959610161490e-01
8.629326799980286955e-01
8.697034682120017290e-01
8.795482865296678776e-01
8.916645411191381765e-01
9.051243606080050519e-01
9.190286215570353523e-01
9.326728380897787440e-01
9.458834246169199877e-01
9.673825963106588155e-01
1.065560389052369494e+01
2.986724989196656566e+01
4.659606488502333832e+01
9.951777120787680397e-01
9.999458955506141944e-01
9.999268906849786420e-01
9.934607859251388673e-01
4.564493654014651725e+01
2.902135168286304179e+01
1.051326243003921945e+01
9.562364928528966912e-01
9.280633796542554492e-01
9.108889520069752832e-01
8.931760740141712063e-01
8.751864096141370730e-01
8.578286704278740293e-01
8.422431181093524843e-01
8.295955266699535091e-01
8.208890386544338558e-01
8.168097962681760693e-01
8.176349452614886104e-01
8.232169324837058655e-01
8.330381737305506684e-01
8.463157685433696509e-01
8.621341699907436595e-01
8.796077316668645674e-01
8.982235707314102369e-01
9.204397982582807058e-01
1.373101982791028464e+00
1.115998281633140721e+01
3.489228616425485541e+01
2.043975029109976731e+02
4.601526283410863982e+01
9.764816103631224209e-01
9.777018851986116754e-01
9.764816103631636102e-01
4.601526283643686099e+01
2.043975029029936934e+02
3.489228616320644960e+01
1.115998281639434708e+01
1.373101982798184295e+00
9.204397982583010229e-01
8.982235707313829254e-01
8.796077316668255985e-01
8.621341699907475453e-01
8.463157685433847499e-01
8.330381737305438961e-01
8.232169324837284030e-01
8.176349452615080393e-01
8.168097962681548641e-01
8.208890386544335227e-01
8.295955266699781561e-01
8.422431181093654740e-01
8.578286704278753616e-01
8.751864096141486193e-01
8.931760740141806432e-01
9.108889520069729517e-01
9.280633796542706593e-01
9.562364928528208630e-01
1.051326243004174010e+01
2.902135168299436430e+01
4.564493654029686809e+01
9.934607859251322060e-01
9.999268906849799743e-01
9.999063185627248274e-01
9.916102875982164555e-01
4.462776552066772950e+01
2.813982226290426425e+01
1.036939969467784017e+01
9.462890604220784985e-01
9.095635154650223431e-01
8.883745404769758380e-01
8.666079094613564626e-01
8.445832480301631584e-01
8.233979651637342023e-01
8.044145228033774409e-01
7.890162090732335542e-01
7.783899295934656459e-01
7.733505746089582855e-01
7.742365413189866707e-01
7.808902398332684403e-01
7.927165277853898129e-01
8.087967350774567521e-01
8.280331129600403406e-01
8.493196237988003272e-01
8.718613847162356434e-01
8.973319217306710005e-01
1.257068093411185750e+00
1.116798042281972769e+01
3.599648753199586793e+01
2.488020521510519529e+02
4.306660498392418646e+01
9.702263836370182970e-01
9.717690698221659318e-01
9.702263836371580741e-01
4.306660498469063469e+01
2.488020521094972821e+02
3.599648753094819398e+01
1.116798042261401669e+01
1.257068093402775144e+00
8.973319217307116347e-01
8.718613847162298702e-01
8.493196237987722386e-01
8.280331129600126960e-01
8.087967350774619701e-01
7.927165277853657210e-01
7.808902398332818739e-01
7.742365413189992163e-01
7.733505746089378574e-01
7.783899295934844087e-01
7.890162090732595335e-01
8.044145228033668937e-01
8.233979651637433061e-01
8.445832480301751488e-01
8.666079094613585720e-01
8.883745404769938236e-01
9.095635154650170140e-01
9.462890604220677293e-01
1.036939969468045675e+01
2.813982226284377219e+01
4.462776552069351510e+01
9.916102875982182319e-01
9.999063185627243833e-01
9.998847719694106129e-01
9.896815302711420292e-01
4.357287728789752634e+01
2.725080507964838006e+01
1.022989993891905591e+01
9.395193417503294731e-01
8.910722256412765274e-01
8.659535319156039801e-01
8.402971961809608814e-01
8.144321475360579710e-01
7.896180090177711275e-01
7.674112776055604934e-01
7.493857607805540777e-01
7.368919183137357942e-01
7.308645055689970693e-01
7.317074164895037702e-01
7.392691309760561769e-01
7.529012243248773828e-01
7.715766609753987870e-01
7.940408003907319934e-01
8.189865510962668349e-01
8.453519022641096115e-01
8.740928644183681984e-01
1.149038520110984729e+00
1.118164845731309498e+01
3.731718668619794244e+01
3.264731432532768736e+02
4.029530536167260379e+01
9.637859880741624918e-01
9.656579775777975883e-01
9.637859880740958785e-01
4.029530535369618605e+01
3.264731435068973155e+02
3.731718668849291021e+01
1.118164845758274062e+01
1.149038520112925399e+00
8.740928644184094987e-01
8.453519022641117209e-01
8.189865510962835993e-01
7.940408003906886947e-01
7.715766609754065586e-01
7.529012243248682790e-01
7.392691309760467400e-01
7.317074164895165378e-01
7.308645055689970693e-01
7.368919183137536688e-01
7.493857607805568533e-01
7.674112776055717067e-01
7.896180090177563615e-01
8.144321475360686291e-01
8.402971961809779788e-01
8.659535319156195232e-01
8.910722256412836328e-01
9.395193417503140410e-01
1.022989993895291860e+01
2.725080507966596954e+01
4.357287728775670388e+01
9.896815302711563511e-01
9.998847719694097247e-01
9.998628417099663102e-01
9.877289533141166977e-01
4.250565437201784391e+01
2.637764293587870768e+01
1.009966823764153254e+01
9.393637361620846837e-01
8.732039969650625677e-01
8.443337439369124064e-01
8.150573629627719807e-01
7.856429256213196544e-01
7.574778549801078897e-01
7.322796662467276896e-01
7.117836777196988596e-01
6.974841283305857065e-01
6.904287262375558010e-01
6.910936481750266092e-01
6.993520874769985074e-01
7.145290887581450257e-01
7.355192966436906454e-01
7.609394316835734751e-01
7.893038468270038299e-01
8.193020031038963369e-01
8.512486251205743093e-01
1.055609180418037196e+00
1.120187822593841176e+01
3.888596907914086387e+01
4.917314964586446990e+02
3.773515492663252502e+01
9.573013199054885014e-01
9.595022815720110065e-01
9.573013199053040934e-01
3.773515493530310749e+01
4.917314960363326577e+02
3.888596907721031215e+01
1.120187822578097325e+01
1.055609180416344994e+00
8.512486251206025090e-01
8.193020031038880102e-01
7.893038468270372476e-01
7.609394316835480510e-01
7.355192966436745472e-01
7.145290887581521311e-01
6.993520874769808549e-01
6.910936481750159510e-01
6.904287262375771173e-01
6.974841283306015827e-01
7.117836777196919762e-01
7.322796662467631057e-01
7.574778549800899041e-01
7.856429256213109946e-01
8.150573629627818617e-01
8.443337439369095199e-01
8.732039969650540190e-01
9.393637361621235415e-01
1.009966823767611466e+01
2.637764293566329954e+01
4.250565437223020382e+01
9.877289533141351274e-01
9.998628417099645338e-01
9.998410954868718337e-01
9.858041328992346308e-01
4.144777536193902279e+01
2.553854134741626680e+01
9.982572995018919926e+00
9.525632480568133609e-01
8.564867827930223720e-01
8.240911370121183355e-01
7.915288963451989623e-01
7.589099827382526087e-01
7.277097914405110668e-01
6.997723757451207449e-01
6.769666936493639042e-01
6.609137422561039976e-01
6.527704652630925697e-01
6.530947831284366067e-01
6.618049896552948841e-01
6.782273211050977579e-01
7.012087741922807815e-01
7.292662345504352661e-01
7.607584048345221728e-01
7.941450535661858101e-01
8.291745968488358765e-01
9.800651017984755020e-01
1.122960256702488913e+01
4.074558979975512329e+01
1.064601559705430873e+03
3.539469550766322925e+01
9.508813203552713977e-01
9.534056181428970378e-01
9.508813203552979321e-01
3.539469550817048571e+01
1.064601558469475549e+03
4.074558979839913064e+01
1.122960256688908842e+01
9.800651018032900952e-01
8.291745968488001273e-01
7.941450535661961352e-01
7.607584048345464867e-01
7.292662345504228316e-01
7.012087741922607975e-01
6.782273211050943162e-01
6.618049896552806732e-01
6.530947831284310556e-01
6.527704652631196591e-01
6.609137422560816821e-01
6.769666936493402565e-01
6.997723757451471682e-01
7.277097914405333823e-01
7.589099827382321806e-01
7.915288963452025151e-01
8.240911370121154489e-01
8.564867827930070510e-01
9.525632480571384342e-01
9.982572995045243758e+00
2.553854134742963566e+01
4.144777536168016496e+01
9.858041328992344088e-01
9.998410954868705014e-01
9.998200600577203945e-01
9.839541718186879393e-01
4.041689673361063484e+01
2.474677120786886420e+01
9.881485486792852768e+00
9.929430334136758463e-01
8.413633231727866146e-01
8.056691512998446214e-01
7.701845560279051428e-01
7.347261190567883071e-01
7.008134967978679741e-01
6.703835019958939156e-01
6.454137030374635930e-01
6.276385517575379103e-01
6.183239710462012928e-01
6.181215156433770286e-01
6.270161384446789610e-01
6.443631675581246165e-01
6.689922428692003376e-01
6.993484541792374110e-01
7.336563594246305886e-01
7.701624629349322904e-01
8.081156077167412910e-01
9.218378430221062514e-01
1.126598787983685668e+01
4.295398428332084961e+01
4.697351248295177356e+03
3.326809100277696984e+01
9.446038535531054992e-01
9.474423714043292977e-01
9.446038535533178848e-01
3.326809100248021878e+01
4.697351237382795262e+03
4.295398428568536531e+01
1.126598787996605289e+01
9.218378430215692365e-01
8.081156077167145346e-01
7.701624629349134166e-01
7.336563594246260367e-01
6.993484541792306386e-01
6.689922428692066658e-01
6.443631675580944185e-01
6.270161384446212294e-01
6.181215156433674807e-01
6.183239710462395955e-01
6.276385517575538975e-01
6.454137030375055595e-01
6.703835019959154540e-01
7.008134967978938423e-01
7.347261190568035172e-01
7.701845560279338976e-01
8.056691512998592763e-01
8.413633231727835060e-01
9.929430334140061376e-01
9.881485486829728160e+00
2.474677120781698747e+01
4.041689673356838597e+01
9.839541718186762820e-01
9.998200600577186181e-01
9.998002072442957466e-01
9.822205085565647309e-01
3.942668685825740482e+01
2.401120899303400691e+01
9.798376754890417928e+00
1.085502464363185426e+00
8.282058053664070885e-01
7.893888672427089581e-01
7.513465738969322683e-01
7.134090726146046224e-01
6.770929150700154553e-01
6.443955800528338163e-01
6.173815726683021810e-01
5.978891813034324931e-01
5.872961493008899136e-01
5.863615511861316465e-01
5.951593890001559695e-01
6.131019403080281149e-01
6.390311844057808832e-01
6.713472379955706115e-01
7.081596021231114646e-01
7.475136261800752191e-01
7.882128377304359335e-01
8.778192382879579370e-01
1.131280842239325324e+01
4.559152419253609878e+01
7.054149800393836358e+02
3.134068894970933528e+01
9.385191956875317265e-01
9.416609773922269833e-01
9.385191956875245101e-01
3.134068894854656762e+01
7.054149795603274242e+02
4.559152419436112780e+01
1.131280842246150442e+01
8.778192382882077371e-01
7.882128377304392641e-01
7.475136261800504611e-01
7.081596021230742721e-01
6.713472379955728320e-01
6.390311844058089719e-01
6.131019403080248953e-01
5.951593890001285470e-01
5.863615511861174356e-01
5.872961493008985734e-01
5.978891813034266089e-01
6.173815726682988503e-01
6.443955800528272659e-01
6.770929150700403243e-01
7.134090726146055106e-01
7.513465738969276053e-01
7.893888672427241682e-01
8.282058053664002051e-01
1.085502464363380382e+00
9.798376754955377521e+00
2.401120899305094980e+01
3.942668685818673424e+01
9.822205085565559601e-01
9.998002072442935262e-01
9.997819440074633413e-01
9.806381467732833146e-01
3.848710830594211529e+01
2.333704112085955984e+01
9.734441098278468374e+00
1.258339667634888803e+00
8.173450436536274788e-01
7.754659958277485554e-01
7.352101050699630935e-01
6.951334055260629530e-01
6.566969851541502035e-01
6.219285638416365281e-01
5.929609281145312716e-01
5.717296108788868514e-01
5.597294095636570210e-01
5.578423104874972172e-01
5.662544477547418742e-01
5.844630534190651261e-01
6.113518941413390584e-01
6.453018920620391397e-01
6.843237192219544518e-01
7.262679713725487263e-01
7.695322738334471335e-01
8.442749393642506872e-01
1.137303664379964907e+01
4.877347882266399637e+01
3.742877150568343723e+02
2.959241458032071037e+01
9.326549500895564559e-01
9.360886014579872239e-01
9.326549500894250055e-01
2.959241458075957709e+01
3.742877153448069407e+02
4.877347881645543737e+01
1.137303664328404906e+01
8.442749393647265288e-01
7.695322738334456902e-01
7.262679713725515018e-01
6.843237192219026044e-01
6.453018920620239296e-01
6.113518941413562668e-01
5.844630534190603521e-01
5.662544477547237776e-01
5.578423104874834504e-01
5.597294095636381472e-01
5.717296108788897380e-01
5.929609281145269417e-01
6.219285638416469641e-01
6.566969851541831771e-01
6.951334055260660616e-01
7.352101050699667573e-01
7.754659958277491105e-01
8.173450436535956154e-01
1.258339667635961057e+00
9.734441098297750727e+00
2.333704112083200854e+01
3.848710830603111077e+01
9.806381467732940838e-01
9.997819440074602326e-01
9.997656064898374773e-01
9.792352754153116345e-01
3.760485077006886456e+01
2.272650482437502006e+01
9.690225305714827542e+00
1.514969636925504570e+00
8.091197750106149389e-01
7.640316304158835115e-01
7.218686423469814484e-01
6.799626032061840686e-01
6.396584940474679959e-01
6.029847003062254185e-01
5.721257733969974391e-01
5.491099304478647136e-01
5.355558008566273509e-01
5.324847122374177788e-01
5.402187204961342859e-01
5.583686231437277048e-01
5.858898886445014220e-01
6.211695725062149620e-01
6.621328269397342980e-01
7.064351065551820463e-01
7.520913870797059086e-01
8.180455930111631968e-01
1.145170163738011304e+01
5.267115247207120632e+01
2.515757083760422859e+02
2.800058157807808712e+01
9.270214180893778799e-01
9.307362524735141029e-01
9.270214180893850964e-01
2.800058158055128033e+01
2.515757084634300327e+02
5.267115247101531850e+01
1.145170163744474401e+01
8.180455930112349172e-01
7.520913870796872569e-01
7.064351065551556230e-01
6.621328269397012134e-01
6.211695725061967543e-01
5.858898886444966481e-01
5.583686231437245961e-01
5.402187204961321765e-01
5.324847122374104513e-01
5.355558008566000394e-01
5.491099304478807008e-01
5.721257733969984383e-01
6.029847003062074329e-01
6.396584940474780989e-01
6.799626032062106029e-01
7.218686423469993230e-01
7.640316304158870642e-01
8.091197750106799980e-01
1.514969636926205121e+00
9.690225305752683482e+00
2.272650482432364782e+01
3.760485077014417499e+01
9.792352754153312855e-01
9.997656064898348127e-01
9.997514576834476419e-01
9.780332281570427444e-01
3.678383404418308089e+01
2.217958417865529341e+01
9.665751167486376971e+00
1.828135730025712835e+00
8.039611814256388822e-01
7.551549465008261519e-01
7.113386426633777626e-01
6.678783404997823414e-01
6.259279851486327928e-01
5.874864091005249644e-01
5.547743541175427229e-01
5.299090545252091999e-01
5.146404141058441573e-01
5.101461414875853029e-01
5.169088226326937763e-01
5.346826550533001488e-01
5.625261363855653673e-01
5.988582086153386719e-01
6.415290820902993518e-01
6.879909469021437962e-01
7.358823195649425442e-01
7.968709256717173561e-01
1.155716064563998202e+01
5.754947398950516657e+01
1.876240328000809541e+02
2.654217704746024253e+01
9.216168249696369275e-01
9.256037821892787454e-01
9.216168249697560544e-01
2.654217704414476842e+01
1.876240327107969676e+02
5.754947399875223368e+01
1.155716064603656434e+01
7.968709256715711398e-01
7.358823195649387694e-01
6.879909469021197044e-01
6.415290820902904700e-01
5.988582086153295680e-01
5.625261363855336150e-01
5.346826550532702838e-01
5.169088226326911117e-01
5.101461414875628764e-01
5.146404141058483761e-01
5.299090545251997630e-01
5.547743541175141901e-01
5.874864091005114197e-01
6.259279851486166946e-01
6.678783404997939988e-01
7.113386426633765414e-01
7.551549465008179363e-01
8.039611814256942823e-01
1.828135730025225225e+00
9.665751167478658701e+00
2.217958417870138277e+01
3.678383404399753687e+01
9.780332281570323083e-01
9.997514576834480859e-01
9.997396882117945971e-01
9.770467187429440203e-01
3.602572143775137903e+01
2.169461798017521659e+01
9.660624918014667273e+00
2.166443532797468929e+00
8.025486280234559455e-01
7.488674868985234490e-01
7.035819585793303688e-01
6.588054981417802436e-01
6.154015614515696564e-01
5.753063973004391984e-01
5.407609191946443072e-01
5.139674236641015304e-01
4.968143276308773504e-01
4.906529726322665930e-01
4.961520563142727824e-01
5.132409307080163519e-01
5.411149538523987168e-01
5.782522133477626669e-01
6.224361862973384341e-01
6.708990115641089158e-01
7.208909480683268756e-01
7.792677428842832432e-01
1.170309663933294431e+01
6.383940919657372604e+01
1.483241523288067469e+02
2.519531829695795011e+01
9.164320855103400554e-01
9.206844930652795522e-01
9.164320855103611496e-01
2.519531829757779917e+01
1.483241523411239768e+02
6.383940919482248688e+01
1.170309663925270449e+01
7.792677428842542664e-01
7.208909480683187709e-01
6.708990115640910412e-01
6.224361862973154524e-01
5.782522133477631110e-01
5.411149538523787328e-01
5.132409307080001426e-01
4.961520563142891582e-01
4.906529726322486074e-01
4.968143276308842893e-01
5.139674236640993099e-01
5.407609191946305405e-01
5.753063973004441944e-01
6.154015614515779831e-01
6.588054981417703626e-01
7.035819585793483544e-01
7.488674868985059074e-01
8.025486280234039871e-01
2.166443532798107530e+00
9.660624918033661856e+00
2.169461798019346332e+01
3.602572143764619739e+01
9.770467187429306977e-01
9.997396882117972616e-01
9.997304196233304241e-01
9.762842848349296832e-01
3.533040408754759909e+01
2.126880335735771865e+01
9.674131253734818969e+00
2.509749164721452708e+00
8.061198336924050301e-01
7.451904461193596951e-01
6.985257417696866256e-01
6.526326374930859764e-01
6.079426188658579866e-01
5.662904584455071832e-01
5.299192363449066745e-01
5.011108763716614067e-01
4.818984839722502134e-01
4.738240948301870592e-01
4.777692174863436558e-01
4.938727464880695028e-01
5.215044180401038343e-01
5.592314903481673261e-01
6.047770744372898966e-01
6.551268508472436469e-01
7.071118112078227380e-01
7.643080479956634310e-01
1.191185790583180371e+01
7.229175186069522852e+01
1.216425673414886290e+02
2.393969709951084468e+01
9.114549255014208207e-01
9.159691697057946724e-01
9.114549255013060236e-01
2.393969710152199681e+01
1.216425673816632695e+02
7.229175185008033111e+01
1.191185790553356050e+01
7.643080479956259055e-01
7.071118112078200735e-01
6.551268508472259944e-01
6.047770744372801266e-01
5.592314903481692134e-01
5.215044180400963958e-01
4.938727464880575124e-01
4.777692174863401586e-01
4.738240948301858935e-01
4.818984839722418312e-01
5.011108763716813908e-01
5.299192363449115595e-01
5.662904584455024093e-01
6.079426188658658692e-01
6.526326374930881968e-01
6.985257417696915105e-01
7.451904461193611384e-01
8.061198336923059982e-01
2.509749164721984283e+00
9.674131253730177349e+00
2.126880335733734739e+01
3.533040408753436878e+01
9.762842848349237990e-01
9.997304196233344209e-01
9.997237095672107943e-01
9.757488753705673146e-01
3.469643337256579940e+01
2.089859610778606225e+01
9.705311927183432275e+00
2.848056168022046197e+00
8.171230836544488563e-01
7.441689755337115297e-01
6.960803545701818029e-01
6.492283522182584754e-01
6.033981957612601921e-01
5.602739843808217657e-01
5.220792115338026562e-01
4.911672917491011203e-01
4.697202476546902261e-01
4.594872248093346268e-01
4.615904375627091216e-01
4.764160204914248964e-01
5.035505323472810879e-01
5.416846436213691440e-01
5.884863690746194864e-01
6.406579308786112259e-01
6.945591690366973436e-01
7.514335234467993674e-01
1.222037078167406143e+01
8.434447130176857854e+01
1.022421181385824269e+02
2.275607236281519974e+01
9.066732649090513130e-01
9.114494064686026187e-01
9.066732649090251117e-01
2.275607236118052157e+01
1.022421181221158406e+02
8.434447131260412789e+01
1.222037078195858051e+01
7.514335234467107716e-01
6.945591690366930138e-01
6.406579308786085614e-01
5.884863690746006126e-01
5.416846436213446081e-01
5.035505323472433403e-01
4.764160204914092978e-01
4.615904375627025713e-01
4.594872248093629929e-01
4.697202476546733507e-01
4.911672917490833012e-01
5.220792115337968831e-01
5.602739843808154374e-01
6.033981957612718494e-01
6.492283522182442645e-01
6.960803545701723660e-01
7.441689755337171919e-01
8.171230836543442733e-01
2.848056168024321266e+00
9.705311927178222220e+00
2.089859610783686961e+01
3.469643337254405679e+01
9.757488753705587659e-01
9.997237095672147911e-01
9.997195582481215315e-01
9.754385232095449387e-01
3.412139118929756876e+01
2.058001806963199698e+01
9.753030152910918460e+00
3.177234942543480489e+00
8.405879202958699281e-01
7.459221777689764021e-01
6.961566616145489217e-01
6.484543557042076189e-01
6.016109206663974307e-01
5.570934010174398709e-01
5.170780438034652260e-01
4.839776036074849297e-01
4.601243439660949730e-01
4.474897271863151338e-01
4.474657153724413972e-01
4.607272708223210111e-01
4.871264132241011624e-01
5.255173637647250207e-01
5.735182772777518423e-01
6.274994102404145568e-01
6.832745318424862102e-01
7.403291232434123792e-01
1.269128704232301708e+01
1.031481642091350466e+02
8.738249641949168733e+01
2.162528456897893037e+01
9.020779206534236261e-01
9.071202618801882389e-01
9.020779206535491923e-01
2.162528457001829096e+01
8.738249642436174724e+01
1.031481642115449660e+02
1.269128704238762140e+01
7.403291232433588664e-01
6.832745318424774394e-01
6.274994102404195528e-01
5.735182772777598359e-01
5.255173637647265750e-01
4.871264132240823441e-01
4.607272708223068003e-01
4.474657153724276859e-01
4.474897271863270687e-01
4.601243439660877010e-01
4.839776036074623922e-01
5.170780438034574544e-01
5.570934010174388717e-01
6.016109206663985409e-01
6.484543557042050654e-01
6.961566616145191677e-01
7.459221777690030475e-01
8.405879202958040919e-01
3.177234942540925644e+00
9.753030152925614260e+00
2.058001806965273772e+01
3.412139118919890279e+01
9.754385232095414970e-01
9.997195582481233078e-01
9.997179156196281946e-01
9.753470541252667880e-01
3.360219645424061241e+01
2.030888578446042203e+01
9.816022590216983090e+00
3.496087470735488090e+00
8.866368567936219192e-01
7.507268711920137561e-01
6.986851741057615861e-01
6.501764905222409130e-01
6.024276449457832694e-01
5.565937123739678194e-01
5.147672211582835500e-01
4.794025903385112364e-01
4.529796427179918483e-01
4.377054183087336625e-01
4.352715708714748888e-01
4.466877841800769300e-01
4.721276282596058027e-01
5.106568729836215015e-01
5.598505517380384378e-01
6.156862140986265608e-01
6.733309516900259917e-01
7.308431648222780685e-01
1.343586562804088835e+01
1.371890436298473901e+02
7.550407519726091721e+01
2.052753683574337984e+01
8.976648615033269163e-01
9.029824714484168124e-01
8.976648615033022693e-01
2.052753683515306804e+01
7.550407519519761479e+01
1.371890436225438350e+02
1.343586562813291785e+01
7.308431648222850630e-01
6.733309516900213287e-01
6.156862140986281151e-01
5.598505517380466534e-01
5.106568729836249432e-01
4.721276282595985863e-01
4.466877841800638294e-01
4.352715708714741116e-01
4.377054183087404349e-01
4.529796427179880736e-01
4.794025903385099596e-01
5.147672211582771107e-01
5.565937123739713721e-01
6.024276449457676152e-01
6.501764905222309210e-01
6.986851741057977794e-01
7.507268711920407345e-01
8.866368567932031430e-01
3.496087470740983250e+00
9.816022590204037002e+00
2.030888578451352799e+01
3.360219645421564394e+01
9.753470541252654558e-01
9.997179156196290828e-01
9.997186888598644794e-01
9.754647934422497890e-01
3.313535151768039100e+01
2.008097536376116921e+01
9.892940787708488060e+00
3.804757319531270721e+00
9.729078287586604423e-01
7.591735244919863845e-01
7.036414250937921278e-01
6.542752384113914577e-01
6.057058936127931448e-01
5.586332301381073950e-01
5.150164614968129051e-01
4.773265830183240910e-01
4.481829587480198884e-01
4.300385344454471515e-01
4.249149781333775855e-01
4.342070594840535813e-01
4.584746311507508776e-01
4.970531729557155498e-01
5.474850382429909956e-01
6.052817362091601483e-01
6.648342914720398733e-01
7.229373811724754129e-01
1.466691169523110538e+01
2.197457333326700848e+02
6.565091698269075948e+01
1.944236373572303478e+01
8.934373146286611611e-01
8.990445183466149182e-01
8.934373146285866651e-01
1.944236373646466021e+01
6.565091698661012742e+01
2.197457333142964728e+02
1.466691169514117199e+01
7.229373811724352228e-01
6.648342914720443142e-01
6.052817362091598152e-01
5.474850382429872209e-01
4.970531729557101652e-01
4.584746311507451599e-01
4.342070594840451436e-01
4.249149781333850240e-01
4.300385344454479286e-01
4.481829587480177235e-01
4.773265830183253677e-01
5.150164614968045784e-01
5.586332301381020660e-01
6.057058936127900362e-01
6.542752384113809105e-01
7.036414250937900183e-01
7.591735244919612935e-01
9.729078287585415374e-01
3.804757319539926463e+00
9.892940787707964034e+00
2.008097536374623360e+01
3.313535151785015387e+01
9.754647934422459032e-01
9.997186888598640353e-01
9.997217497667322261e-01
9.757792416807222757e-01
3.271713501932730139e+01
1.989213733611029511e+01
9.982383879366775403e+00
4.103919904755445991e+00
1.119972479529066645e+00
7.724771741388719581e-01
7.110857607898982691e-01
6.606580114294265949e-01
6.113193734102416732e-01
5.630864663731454112e-01
5.177155018707575440e-01
4.776589779984383166e-01
4.456607595914193753e-01
4.244257635328884670e-01
4.163354750007201566e-01
4.232243914285515052e-01
4.461130711171084617e-01
4.846777228015753947e-01
5.364452530480227077e-01
5.963754383867304609e-01
6.579216237631441144e-01
7.166544522432629627e-01
1.684317558425989603e+01
7.414168189681422518e+02
5.720547042453515019e+01
1.834897541726880377e+01
8.894079432822018516e-01
8.953247364035363809e-01
8.894079432821314635e-01
1.834897541667731957e+01
5.720547042142560912e+01
7.414168193189756266e+02
1.684317558449320273e+01
7.166544522432553022e-01
6.579216237631380082e-01
5.963754383867247988e-01
5.364452530480136039e-01
4.846777228015709538e-01
4.461130711171200081e-01
4.232243914285521158e-01
4.163354750007052241e-01
4.244257635328794187e-01
4.456607595914108821e-01
4.776589779984276030e-01
5.177155018707548795e-01
5.630864663731512954e-01
6.113193734102210231e-01
6.606580114294293704e-01
7.110857607898971589e-01
7.724771741388769541e-01
1.119972479529268705e+00
4.103919904757304060e+00
9.982383879366691914e+00
1.989213733610037238e+01
3.271713501938748436e+01
9.757792416807041791e-01
9.997217497667304498e-01
9.997269418023396748e-01
9.762756996893040551e-01
3.234374888624237343e+01
1.973837331992472599e+01
1.008292412884195244e+01
4.394379370832463216e+00
1.335031073071458962e+00
7.931169305055594254e-01
7.212338360602378318e-01
6.692769512200655857e-01
6.191640849123177803e-01
5.698461456153183224e-01
5.227744856987039945e-01
4.803342243829140101e-01
4.453694293389649506e-01
4.208369981989620312e-01
4.095061265712076071e-01
4.137092805205957458e-01
4.350126340209384268e-01
4.735201138113348529e-01
5.267714155988240110e-01
5.890776117616128849e-01
6.527569189202625521e-01
7.120951656905104565e-01
2.116916759939681114e+01
3.987555061644507646e+02
4.975427818879022368e+01
1.722637850940087745e+01
8.856012172353993073e-01
8.918534692233868189e-01
8.856012172354157386e-01
1.722637850942967930e+01
4.975427818759031595e+01
3.987555061353074279e+02
2.116916759934602510e+01
7.120951656904920268e-01
6.527569189202625521e-01
5.890776117616191021e-01
5.267714155988270086e-01
4.735201138113291908e-01
4.350126340209574116e-01
4.137092805206202262e-01
4.095061265712076071e-01
4.208369981989491526e-01
4.453694293389667269e-01
4.803342243829128444e-01
5.227744856987025512e-01
5.698461456153179894e-01
6.191640849123116741e-01
6.692769512200830162e-01
7.212338360602427167e-01
7.931169305055666419e-01
1.335031073071700325e+00
4.394379370835794774e+00
1.008292412885364087e+01
1.973837331989815524e+01
3.234374888615779042e+01
9.762756996892841821e-01
9.997269418023365661e-01
9.997340866012773830e-01
9.769378315051687744e-01
3.201142724256486360e+01
1.961588423545550341e+01
1.019312669619517031e+01
4.676873991844573197e+00
1.604141021981289272e+00
8.261115455795686735e-01
7.345919010872941080e-01
6.801590567268535059e-01
6.291673336736735012e-01
5.788254343107881450e-01
5.301236275071389281e-01
4.853107989311405968e-01
4.472945456154653887e-01
4.192752727413205371e-01
4.044338448947603637e-01
4.056612245944440365e-01
4.251650058918753361e-01
4.635833129946161923e-01
5.185134221508282959e-01
5.835116497253863832e-01
6.495243825202019483e-01
7.094024187405907345e-01
3.219006777420697318e+01
1.370196654683966244e+02
4.301718044276022823e+01
1.605337854624359295e+01
8.820561249903572376e-01
8.886753401959178733e-01
8.820561249904428358e-01
1.605337854616062643e+01
4.301718044308802291e+01
1.370196654710253483e+02
3.219006777444764822e+01
7.094024187405831849e-01
6.495243825201911791e-01
5.835116497253836076e-01
5.185134221508306274e-01
4.635833129946066444e-01
4.251650058918674535e-01
4.056612245944610784e-01
4.044338448947701337e-01
4.192752727413185387e-01
4.472945456154737154e-01
4.853107989311321036e-01
5.301236275071459225e-01
5.788254343107698263e-01
6.291673336736851585e-01
6.801590567268778198e-01
7.345919010872823396e-01
8.261115455795733364e-01
1.604141021979047288e+00
4.676873991852864343e+00
1.019312669617503886e+01
1.961588423550719185e+01
3.201142724218740909e+01
9.769378315051562289e-01
9.997340866012733862e-01
9.997429898305439933e-01
9.777481594201063997e-01
3.171651446621376635e+01
1.952109775969654137e+01
1.031156478457833714e+01
4.951989164165246926e+00
1.905460727856267855e+00
8.811342366650433133e-01
7.522302661571285132e-01
6.934622390152979099e-01
6.413036180333913094e-01
5.899619403212968960e-01
5.397128986473418433e-01
4.925695965764629314e-01
4.514494858143220934e-01
4.197761953955065350e-01
4.011594336093536883e-01
3.991093553527204629e-01
4.165815261652792145e-01
4.548781070828250006e-01
5.117223817021481214e-01
5.798044028624410595e-01
6.484205897976949018e-01
7.087641176255083941e-01
9.649338380034939178e+01
7.447356434309293149e+01
3.681281524934966853e+01
1.480964208388475356e+01
8.788294164872784142e-01
8.858518125243459718e-01
8.788294164872637593e-01
1.480964208386947512e+01
3.681281524940439454e+01
7.447356434285821081e+01
9.649338379821335820e+01
7.087641176254982911e-01
6.484205897976833555e-01
5.798044028624532720e-01
5.117223817021593346e-01
4.548781070828289419e-01
4.165815261652776047e-01
3.991093553527170212e-01
4.011594336093481927e-01
4.197761953954864955e-01
4.514494858143141554e-01
4.925695965764588791e-01
5.397128986473518353e-01
5.899619403212862379e-01
6.413036180334087399e-01
6.934622390153287741e-01
7.522302661570378080e-01
8.811342366655728897e-01
1.905460727852176905e+00
4.951989164177255986e+00
1.031156478459308445e+01
1.952109775965582372e+01
3.171651446637372374e+01
9.777481594201110626e-01
9.997429898305395524e-01
9.997534463486039691e-01
9.786884904775157157e-01
3.145551877890565962e+01
1.945068097987439870e+01
1.043683113025774922e+01
5.220126173518161217e+00
2.221634690814605850e+00
9.740185463272512667e-01
7.763505875041697424e-01
7.095861410628120369e-01
6.556251112145019544e-01
6.032261240491615384e-01
5.515127756682673965e-01
5.021121831771447885e-01
4.578735927643787784e-01
4.224070746160714651e-01
3.997576264953264236e-01
3.941123205333533774e-01
4.092910956512355591e-01
4.474174591960518033e-01
5.064415198497010939e-01
5.780756155289487053e-01
6.496493280598214515e-01
7.105462666333718369e-01
6.687879459184966890e+01
4.656203713030450331e+01
3.104429169937752064e+01
1.347912505138033623e+01
8.759991287793226222e-01
8.834639144254491372e-01
8.759991287792951997e-01
1.347912505116306825e+01
3.104429169870437377e+01
4.656203712943816697e+01
6.687879458898855489e+01
7.105462666333783872e-01
6.496493280598129028e-01
5.780756155289428211e-01
5.064415198497015380e-01
4.474174591960641267e-01
4.092910956512260667e-01
3.941123205333373902e-01
3.997576264953115466e-01
4.224070746160606959e-01
4.578735927643695081e-01
5.021121831771406807e-01
5.515127756682735027e-01
6.032261240491365584e-01
6.556251112145158322e-01
7.095861410627840593e-01
7.763505875041378790e-01
9.740185463271515687e-01
2.221634690812657631e+00
5.220126173531372871e+00
1.043683113025170606e+01
1.945068097990984413e+01
3.145551877899562498e+01
9.786884904775242644e-01
9.997534463485995282e-01
9.997652446571562157e-01
9.797402770201212308e-01
3.122514680387107688e+01
1.940154276188434324e+01
1.056754663099462910e+01
5.481499622629542934e+00
2.541876628677966377e+00
1.122083125995272157e+00
8.114365209526416267e-01
7.294014389933917153e-01
6.723229505213426105e-01
6.186392315306544765e-01
5.655178522588270029e-01
5.139595469973631259e-01
4.666301138031094808e-01
4.272658615318639663e-01
4.003373170568127470e-01
3.907587673669353223e-01
4.033388957430023569e-01
4.412115387354670348e-01
5.026974273719198028e-01
5.784282466801452527e-01
6.534334234370446914e-01
7.167695519925257885e-01
2.245690867382349154e+01
3.099054908148015031e+01
2.568961605359138289e+01
1.205579056261343851e+01
8.736665074486508198e-01
8.816135225758011673e-01
8.736665074486823501e-01
1.205579056279074379e+01
2.568961605390587977e+01
3.099054908174460010e+01
2.245690867388666589e+01
7.167695519925232350e-01
6.534334234370531291e-01
5.784282466801545786e-01
5.026974273719203579e-01
4.412115387354678120e-01
4.033388957430086852e-01
3.907587673669412065e-01
4.003373170568108042e-01
4.272658615318672970e-01
4.666301138031072049e-01
5.139595469973731179e-01
5.655178522588161227e-01
6.186392315306556977e-01
6.723229505213470514e-01
7.294014389934071474e-01
8.114365209524653233e-01
1.122083125995591679e+00
2.541876628679439865e+00
5.481499622633704938e+00
1.056754663098952562e+01
1.940154276185304383e+01
3.122514680382006347e+01
9.797402770201247835e-01
9.997652446571531071e-01
9.997781706726068807e-01
9.808849161533266248e-01
3.102232361089797053e+01
1.937082920045165224e+01
1.070236676932523423e+01
5.736149091274614698e+00
2.860004527529008023e+00
1.331138947927060556e+00
8.662655701200646652e-01
7.547398429722690372e-01
6.918555136215259749e-01
6.363115403082147958e-01
5.817568753285103922e-01
5.281525108781452982e-01
4.778042242946330953e-01
4.344799944455770002e-01
4.030421300230105919e-01
3.891687533117201281e-01
3.987864385430416880e-01
4.362641345327225584e-01
5.004926862372048868e-01
5.809431200446848464e-01
6.601029322237091934e-01
7.633857087196094238e-01
1.285365413116951849e+01
2.129690584622831295e+01
2.078450348904941691e+01
1.054970673323652797e+01
8.719507956621036504e-01
8.804182420412011156e-01
8.719507956621315170e-01
1.054970673321879637e+01
2.078450348910578427e+01
2.129690584629566175e+01
1.285365413116933553e+01
7.633857087198347990e-01
6.601029322237189634e-01
5.809431200446885102e-01
5.004926862372037766e-01
4.362641345327271658e-01
3.987864385430386349e-01
3.891687533117090814e-01
4.030421300230154769e-01
4.344799944455746687e-01
4.778042242946291540e-01
5.281525108781577327e-01
5.817568753285019545e-01
6.363115403082145738e-01
6.918555136215109869e-01
7.547398429722304014e-01
8.662655701199183378e-01
1.331138947927496208e+00
2.860004527528646090e+00
5.736149091280603685e+00
1.070236676934638176e+01
1.937082920045647327e+01
3.102232361084253753e+01
9.808849161533279570e-01
9.997781706726055484e-01
9.997920108667598393e-01
9.821039943048009979e-01
3.084420190402492779e+01
1.935591462990453593e+01
1.083998636844926544e+01
5.983957290436301868e+00
3.172484309476148123e+00
1.589817627626000096e+00
9.558077158575517540e-01
7.894420030305387970e-01
7.152281910741256077e-01
6.565253323570940935e-01
6.003168764947437452e-01
5.447562281503358639e-01
4.915017690065161537e-01
4.442052550341324957e-01
4.080514676845984900e-01
3.894964076932617703e-01
3.957134029743427095e-01
4.325709501831463411e-01
4.998007067036702722e-01
5.856853315177207309e-01
6.705616874913682413e-01
1.453411178230349377e+00
8.740656906893473632e+00
1.489083274777272514e+01
1.639488427534674742e+01
8.991111551144614467e+00
8.709646885050821297e-01
8.799889709391635062e-01
8.709646885050643661e-01
8.991111551152149772e+00
1.639488427533157022e+01
1.489083274774377763e+01
8.740656906906213663e+00
1.453411178231720502e+00
6.705616874913831182e-01
5.856853315177258379e-01
4.998007067036728812e-01
4.325709501831473403e-01
3.957134029743465953e-01
3.894964076932526109e-01
4.080514676845952704e-01
4.442052550341289985e-01
4.915017690065039413e-01
5.447562281503414150e-01
6.003168764947470759e-01
6.565253323570995336e-01
7.152281910741317139e-01
7.894420030305001612e-01
9.558077158575202237e-01
1.589817627625845553e+00
3.172484309476580222e+00
5.983957290441654031e+00
1.083998636845732300e+01
1.935591462989823341e+01
3.084420190410172680e+01
9.821039943048029963e-01
9.997920108667593952e-01
9.998065548396467550e-01
9.833794836621559954e-01
3.068816328201765842e+01
1.935438999176838593e+01
1.097914312204772891e+01
6.224670586375541603e+00
3.477201283006327692e+00
1.879491899504378116e+00
1.098067209757231710e+00
8.414083371796082789e-01
7.446256746129528148e-01
6.799213514308646289e-01
6.213991181463881519e-01
5.638742006112508198e-01
5.078501861394495442e-01
4.566248877044902788e-01
4.155821807955220604e-01
3.919342250981912024e-01
3.942216692066580763e-01
4.301198887043146124e-01
5.005630013981735571e-01
5.927412505644470420e-01
6.891698494531598440e-01
2.339913310010890868e+00
6.464613397969904085e+00
1.051031553063079471e+01
1.258619239280258384e+01
7.431120655133506503e+00
8.707466290079756144e-01
8.803693374846575104e-01
8.707466290079645121e-01
7.431120655151739030e+00
1.258619239284437086e+01
1.051031553065159585e+01
6.464613397973317355e+00
2.339913310012500691e+00
6.891698494531764974e-01
5.927412505644475971e-01
5.005630013981826609e-01
4.301198887043188313e-01
3.942216692066605188e-01
3.919342250981912024e-01
4.155821807955190073e-01
4.566248877044805643e-01
5.078501861394359995e-01
5.638742006112447136e-01
6.213991181463862645e-01
6.799213514308560802e-01
7.446256746129763515e-01
8.414083371796097222e-01
1.098067209757084495e+00
1.879491899504473373e+00
3.477201283007570254e+00
6.224670586377666126e+00
1.097914312204997067e+01
1.935438999181731745e+01
3.068816328192711396e+01
9.833794836621548852e-01
9.998065548396480873e-01
9.998215973937691903e-01
9.846938973487762148e-01
3.055181386722468417e+01
1.936404984846413768e+01
1.111862025748916771e+01
6.457919757460504506e+00
3.772775002038496250e+00
2.184221163243742048e+00
1.301781919986602309e+00
9.253458514506434085e-01
7.848470147682223841e-01
7.079377557365043039e-01
6.454507052071509765e-01
5.856847855200060238e-01
5.270051594081301971e-01
4.719496533252077186e-01
4.258910745241084594e-01
3.967195377362823239e-01
3.944420773625747501e-01
4.288929474691791088e-01
5.026879836139717117e-01
6.023416085635884265e-01
7.475254158650729286e-01
2.753645543390078831e+00
5.000274279123193999e+00
7.453618556823697894e+00
9.398328236349094311e+00
5.938402992237996614e+00
8.711058970156434489e-01
8.813995944843139307e-01
8.711058970156202452e-01
5.938402992277107550e+00
9.398328236394675628e+00
7.453618556839483489e+00
5.000274279128382737e+00
2.753645543390240924e+00
7.475254158651172265e-01
6.023416085635863171e-01
5.026879836139628299e-01
4.288929474691836607e-01
3.944420773625720855e-01
3.967195377362886521e-01
4.258910745241157869e-01
4.719496533251926751e-01
5.270051594081279767e-01
5.856847855199949215e-01
6.454507052071620787e-01
7.079377557364979756e-01
7.848470147683368481e-01
9.253458514504682153e-01
1.301781919986165770e+00
2.184221163244021380e+00
3.772775002039656211e+00
6.457919757458517651e+00
1.111862025749570648e+01
1.936404984844624622e+01
3.055181386732460780e+01
9.846938973487684432e-01
9.998215973937718548e-01
9.998369401800855094e-01
9.860304099149915791e-01
3.043297609538815252e+01
1.938287894560909663e+01
1.125724862419479422e+01
6.683239946314922797e+00
4.058189999234051548e+00
2.493154750635898420e+00
1.558003453035993191e+00
1.061772153793121287e+00
8.462504428933529388e-01
7.438874056999240647e-01
6.734883798806344801e-01
6.105332566913843628e-01
5.491719148202464096e-01
4.904206346261845151e-01
4.392785841057613161e-01
4.041440301338167784e-01
3.965449647691544621e-01
4.288690699837328646e-01
5.060486884919321859e-01
6.152519854223355011e-01
1.017364785033677776e+00
2.846786057560657834e+00
3.954392293489117360e+00
5.293167111645898260e+00
6.830888462124891980e+00
4.590156794553164055e+00
8.713020655585546059e-01
8.824401039666691648e-01
8.713020655585625995e-01
4.590156794551937480e+00
6.830888462123606786e+00
5.293167111652774537e+00
3.954392293490657906e+00
2.846786057560996230e+00
1.017364785034124752e+00
6.152519854223449380e-01
5.060486884919294104e-01
4.288690699837302556e-01
3.965449647691521862e-01
4.041440301338152241e-01
4.392785841057583185e-01
4.904206346261808513e-01
5.491719148202417466e-01
6.105332566913838077e-01
6.734883798806278188e-01
7.438874056998935336e-01
8.462504428934414236e-01
1.061772153793022033e+00
1.558003453034751074e+00
2.493154750637880834e+00
4.058189999234178558e+00
6.683239946318749070e+00
1.125724862418062244e+01
1.938287894556003010e+01
3.043297609544637083e+01
9.860304099149804768e-01
9.998369401800886180e-01
9.998523929833954549e-01
9.873729492089016180e-01
3.032967804023345693e+01
1.940903894273479935e+01
1.139390844125275848e+01
6.900089375351099896e+00
4.332599192003823596e+00
2.799373713904671046e+00
1.848057874076418861e+00
1.264685244389826657e+00
9.485084670553559638e-01
7.955864837968241732e-01
7.079441281530302055e-01
6.391706850575987753e-01
5.746648072999817058e-01
5.123197826254175524e-01
4.560942299204154282e-01
4.145675789449629889e-01
4.007568734668300325e-01
4.300279698766028558e-01
5.104747948408153713e-01
6.340406733057795119e-01
1.474395307845147718e+00
2.742182908145045950e+00
3.150597935079825440e+00
3.751885343184380162e+00
4.840125072621208169e+00
3.455876293852529368e+00
8.694293515918649629e-01
8.818495809024877730e-01
8.694293515918716242e-01
3.455876293862448989e+00
4.840125072632012859e+00
3.751885343188384514e+00
3.150597935082025902e+00
2.742182908144160880e+00
1.474395307845573599e+00
6.340406733057871724e-01
5.104747948408122626e-01
4.300279698765960279e-01
4.007568734668275900e-01
4.145675789449625448e-01
4.560942299204078787e-01
5.123197826254155540e-01
5.746648072999723800e-01
6.391706850575910037e-01
7.079441281529916807e-01
7.955864837969250924e-01
9.485084670553031172e-01
1.264685244390028940e+00
1.848057874075401452e+00
2.799373713907680195e+00
4.332599192004605193e+00
6.900089375354110821e+00
1.139390844125008329e+01
1.940903894274233465e+01
3.032967804024103842e+01
9.873729492089018400e-01
9.998523929833976753e-01
9.998677747097265422e-01
9.887062650515962003e-01
3.024014133937407323e+01
1.944085572046661881e+01
1.152753088473528820e+01
7.107866720915186676e+00
4.595221074072560086e+00
3.098396783194460991e+00
2.154580988510696571e+00
1.527901511959544267e+00
1.117138946377297604e+00
8.806985908255587914e-01
7.549771850039648236e-01
6.734145028851028503e-01
6.040726883317522056e-01
5.380023448616524373e-01
4.767452944228245948e-01
4.284379200029496682e-01
4.073883780201403293e-01
4.323580640605902414e-01
5.157327683190141565e-01
6.668884760742399553e-01
1.788409902944976926e+00
2.518909096712589779e+00
2.503431777927123569e+00
2.643320930143319814e+00
3.347325665530303418e+00
2.575977538234544895e+00
8.613412040985515272e-01
8.760854146730797654e-01
8.613412040985706231e-01
2.575977538234276665e+00
3.347325665531513561e+00
2.643320930143919334e+00
2.503431777927951796e+00
2.518909096712270035e+00
1.788409902945324204e+00
6.668884760742710416e-01
5.157327683190199297e-01
4.323580640605876324e-01
4.073883780201305593e-01
4.284379200029435619e-01
4.767452944228137701e-01
5.380023448616498838e-01
6.040726883317464324e-01
6.734145028850855308e-01
7.549771850039694865e-01
8.806985908256032003e-01
1.117138946377382425e+00
1.527901511959381509e+00
2.154580988510371942e+00
3.098396783194770521e+00
4.595221074075843681e+00
7.107866720914078229e+00
1.152753088473843057e+01
1.944085572045655752e+01
3.024014133928648107e+01
9.887062650515988649e-01
9.998677747097287627e-01
9.998829141318624769e-01
9.900159794495169141e-01
3.016276848189156112e+01
1.947680754779136336e+01
1.165709963085993017e+01
7.305927213361399275e+00
4.845288479025763984e+00
3.387147768694053429e+00
2.465149703012278870e+00
1.830924174638492108e+00
1.363495427990746078e+00
1.030536686537116609e+00
8.304677705099752227e-01
7.181205049936772999e-01
6.387418369135662299e-01
5.679933529037144435e-01
5.017131947351137766e-01
4.463168477077494312e-01
4.168816455504588681e-01
4.358799536975649924e-01
5.214891188612040818e-01
7.333101019088814621e-01
1.913878545654776664e+00
2.230326078069454709e+00
1.969986019303274105e+00
1.839332789608321805e+00
2.253979004674508513e+00
1.941185192119913250e+00
8.391386033241429176e-01
8.584363841787805427e-01
8.391386033241319264e-01
1.941185192119842418e+00
2.253979004674606657e+00
1.839332789608619345e+00
1.969986019303217706e+00
2.230326078069494233e+00
1.913878545654741803e+00
7.333101019089395267e-01
5.214891188612003070e-01
4.358799536975636046e-01
4.168816455504524843e-01
4.463168477077479324e-01
5.017131947351013421e-01
5.679933529037167750e-01
6.387418369135566820e-01
7.181205049936886242e-01
8.304677705100280694e-01
1.030536686537144142e+00
1.363495427990679909e+00
1.830924174637758473e+00
2.465149703012271765e+00
3.387147768693949068e+00
4.845288479028987183e+00
7.305927213363078820e+00
1.165709963086869294e+01
1.947680754777132961e+01
3.016276848197120231e+01
9.900159794495175802e-01
9.998829141318638092e-01
9.998976504418716216e-01
9.912886223645669403e-01
3.009612978207241341e+01
1.951551434424995435e+01
1.178165242552521619e+01
7.493597585777522774e+00
5.082026234758863836e+00
3.663343707018026141e+00
2.771502635009531534e+00
2.153102125037571035e+00
1.672011345343604738e+00
1.272905745572954883e+00
9.697701163595053853e-01
7.872473438940504886e-01
6.823149264993804142e-01
6.032837857061306153e-01
5.315932500437654529e-01
4.689104580438180903e-01
4.298888586386839794e-01
4.407140535925830327e-01
5.272613113445356881e-01
8.460292508471561890e-01
1.894411011647701759e+00
1.912925570299328415e+00
1.526807673614601235e+00
1.249827954707657396e+00
1.456563062936941710e+00
1.485983695297427021e+00
7.904162208394209799e-01
8.183208678368638633e-01
7.904162208394031053e-01
1.485983695296446028e+00
1.456563062936770070e+00
1.249827954707771749e+00
1.526807673614582361e+00
1.912925570299222500e+00
1.894411011647695320e+00
8.460292508472259110e-01
5.272613113445262512e-01
4.407140535925772595e-01
4.298888586386783728e-01
4.689104580438146486e-01
5.315932500437613450e-01
6.032837857061259523e-01
6.823149264993843000e-01
7.872473438940559287e-01
9.697701163596053053e-01
1.272905745573305047e+00
1.672011345343569433e+00
2.153102125037596792e+00
2.771502635010023585e+00
3.663343707017793882e+00
5.082026234762361483e+00
7.493597585772764802e+00
1.178165242552923786e+01
1.951551434425277876e+01
3.009612978203816880e+01
9.912886223645707151e-01
9.998976504418716216e-01
9.999118336525033568e-01
9.925116564026934540e-01
3.003895084207687205e+01
1.955572787930659473e+01
1.190028287689568742e+01
7.670189917045758143e+00
5.304645348225448309e+00
3.925150512827647820e+00
3.068049011796639025e+00
2.479326055286196873e+00
2.015631517626576219e+00
1.600711085839196635e+00
1.217953822590897017e+00
9.185977619715373077e-01
7.460687904214332589e-01
6.463097585211955431e-01
5.672141503904841731e-01
4.970947872409814394e-01
4.473864224286060454e-01
4.472472480584808174e-01
5.323909398893441614e-01
9.654640538742975675e-01
1.769102724025077178e+00
1.589969016764618548e+00
1.153665392296256087e+00
8.088014350484914461e-01
8.635848038929706538e-01
1.118785672110967688e+00
7.028337242378004390e-01
7.449158066613087437e-01
7.028337242377995508e-01
1.118785672110075291e+00
8.635848038928785053e-01
8.088014350485448478e-01
1.153665392296196135e+00
1.589969016764496423e+00
1.769102724025041429e+00
9.654640538743832767e-01
5.323909398893345024e-01
4.472472480584698817e-01
4.473864224286028812e-01
4.970947872409731683e-01
5.672141503904785109e-01
6.463097585211966534e-01
7.460687904214583499e-01
9.185977619714361664e-01
1.217953822591099300e+00
1.600711085839269909e+00
2.015631517626236491e+00
2.479326055285809627e+00
3.068049011795634939e+00
3.925150512829874039e+00
5.304645348227042589e+00
7.670189917052092632e+00
1.190028287688939557e+01
1.955572787929907008e+01
3.003895084204482657e+01
9.925116564026965627e-01
9.999118336525020245e-01
9.999253248825247242e-01
9.936734932439984513e-01
2.999010188391108045e+01
1.959632270564167555e+01
1.201214247576586125e+01
7.835014582359649538e+00
5.512346643326695883e+00
4.170994133222849065e+00
3.350773923261598508e+00
2.799432001364872580e+00
2.371684719055555668e+00
1.980518124479281772e+00
1.579424354256566021e+00
1.176628727816642739e+00
8.661020346487219301e-01
7.045401353883491424e-01
6.100419930812676084e-01
5.319248568503963659e-01
4.707998685276270079e-01
4.564687216086376065e-01
5.361476129392444001e-01
1.033374952815390380e+00
1.562923316746236857e+00
1.272302039721730171e+00
8.165206694836478762e-01
4.660755100409655904e-01
4.271751277330412266e-01
7.850412434562372699e-01
5.803824862585297284e-01
6.410882835358672205e-01
5.803824862584887612e-01
7.850412434553895036e-01
4.271751277329913221e-01
4.660755100409720297e-01
8.165206694836096846e-01
1.272302039721677103e+00
1.562923316746185121e+00
1.033374952815443670e+00
5.361476129392325207e-01
4.564687216086315003e-01
4.707998685276180151e-01
5.319248568503918140e-01
6.100419930812643887e-01
7.045401353883232742e-01
8.661020346488079724e-01
1.176628727816758202e+00
1.579424354256546481e+00
1.980518124480033393e+00
2.371684719055677348e+00
2.799432001364014599e+00
3.350773923261264553e+00
4.170994133223251410e+00
5.512346643332293183e+00
7.835014582358962087e+00
1.201214247576544913e+01
1.959632270564314283e+01
2.999010188395023491e+01
9.936734932440000057e-01
9.999253248825233920e-01
9.999379965542963822e-01
9.947635039136545343e-01
2.994858362459724077e+01
1.963628984458851079e+01
1.211644199895425089e+01
7.987392779415088739e+00
5.704329683254745653e+00
4.399460467577336331e+00
3.616580030952361913e+00
3.106421271965929432e+00
2.724700908200316629e+00
2.380727112030239123e+00
2.012410287826379207e+00
1.583256544128690324e+00
1.124532160281158433e+00
8.042744066696545513e-01
6.636574398687828946e-01
5.746397585910865136e-01
5.020484427603633115e-01
4.704794361301357086e-01
5.382281119274850978e-01
1.023848639616477874e+00
1.300756609372256900e+00
9.596098350919227693e-01
4.568927546945645846e-01
1.816821860131107025e-01
1.475181364902709846e-01
5.129703020263732816e-01
4.597288420040911427e-01
5.392203807792961268e-01
4.597288420040870349e-01
5.129703020257022628e-01
1.475181364902583003e-01
1.816821860131160871e-01
4.568927546945791285e-01
9.596098350918845776e-01
1.300756609372258676e+00
1.023848639616501188e+00
5.382281119274777703e-01
4.704794361301272709e-01
5.020484427603495448e-01
5.746397585910818506e-01
6.636574398687682397e-01
8.042744066696467797e-01
1.124532160281358273e+00
1.583256544128971433e+00
2.012410287825934674e+00
2.380727112031262749e+00
2.724700908200267335e+00
3.106421271964468822e+00
3.616580030952358360e+00
4.399460467577123168e+00
5.704329683257260086e+00
7.987392779420756206e+00
1.211644199894950091e+01
1.963628984461088578e+01
2.994858362464177404e+01
9.947635039136575319e-01
9.999379965542946058e-01
9.999497325267016068e-01
9.957720247421808502e-01
2.991352006795370855e+01
1.967472873001013056e+01
1.221245454449786472e+01
8.126667303886335958e+00
5.879805513484749113e+00
4.609245616991941574e+00
3.862920042671447618e+00
3.395142478418250231e+00
3.064222898117268112e+00
2.779770593663829281e+00
2.473890291649681217e+00
2.086259160401531254e+00
1.574166073243705055e+00
1.026091904590757053e+00
7.395853225328197222e-01
6.268027043171037205e-01
5.433405728158924308e-01
4.929332848191755878e-01
5.401289846254818672e-01
9.475958085786732044e-01
1.037589857440835539e+00
6.607202524358771756e-01
4.811701961290572316e-02
4.233382266481660466e-02
2.637926131835581587e-03
4.355771816160774468e-01
3.902365725858236711e-01
4.855612628257437446e-01
3.902365725858580880e-01
4.355771816148696352e-01
2.637926131805587784e-03
4.233382266483458334e-02
4.811701961297241287e-02
6.607202524358853912e-01
1.037589857440833319e+00
9.475958085786916341e-01
5.401289846254757610e-01
4.929332848191655403e-01
5.433405728158796633e-01
6.268027043171003898e-01
7.395853225327754243e-01
1.026091904590626491e+00
1.574166073244389841e+00
2.086259160400663060e+00
2.473890291650084006e+00
2.779770593663587697e+00
3.064222898117637151e+00
3.395142478417095155e+00
3.862920042672006282e+00
4.609245616991479721e+00
5.879805513487288415e+00
8.126667303887643357e+00
1.221245454450907886e+01
1.967472872997399236e+01
2.991352006794754104e+01
9.957720247421861792e-01
9.999497325266998304e-01
9.999604281816456552e-01
9.966903604423225094e-01
2.988415087620023414e+01
1.971084139370698196e+01
1.229951759680829504e+01
8.252213493888168827e+00
6.038010125677214290e+00
4.799136585377559605e+00
4.087599932597809627e+00
3.661522558953627549e+00
3.382675400185212844e+00
3.163253094162051138e+00
2.935090833999754345e+00
2.627896646739984465e+00
2.156502016245168463e+00
1.472716791046674745e+00
8.795759627845807227e-01
6.911629133159261640e-01
5.965582060039708034e-01
5.287765653195882765e-01
5.474304339149409504e-01
8.465797161994884634e-01
8.497487100987480835e-01
4.499874001044385508e-01
2.351445850946228822e-01
9.797453214119866693e-02
1.391341136037534641e-02
2.118094204257898738e+00
3.970760926506754496e-01
5.020026092858568267e-01
3.970760926506999300e-01
2.118094204293194949e+00
1.391341136043532621e-02
9.797453214126032595e-02
2.351445850946044525e-01
4.499874001044285587e-01
8.497487100987436426e-01
8.465797161995090025e-01
5.474304339149258514e-01
5.287765653195729554e-01
5.965582060039610335e-01
6.911629133159277183e-01
8.795759627845415318e-01
1.472716791046640328e+00
2.156502016245136932e+00
2.627896646739662057e+00
2.935090833999545623e+00
3.163253094162296275e+00
3.382675400184571579e+00
3.661522558954392270e+00
4.087599932596074126e+00
4.799136585379280895e+00
6.038010125679446283e+00
8.252213493892417873e+00
1.229951759681779855e+01
1.971084139369957455e+01
2.988415087614664145e+01
9.966903604423236196e-01
9.999604281816452112e-01
9.999699904776675474e-01
9.975107849327556897e-01
2.985981182724281169e+01
1.974393204247627054e+01
1.237703339189873830e+01
8.363450085650681487e+00
6.178218332994301676e+00
4.968009083946290261e+00
4.288681202402072401e+00
3.902157876686381144e+00
3.674101132448516882e+00
3.520670166468439000e+00
3.376841885575107227e+00
3.170531059986139599e+00
2.795344650354991689e+00
2.112986239994006255e+00
1.195051068932521998e+00
7.753714398401417851e-01
6.623101232304134944e-01
5.825142097404673036e-01
5.704799246719342021e-01
7.698833941914284829e-01
7.590829977543662732e-01
3.783126498300374840e-01
1.596297935406646440e-01
9.220027832591838612e-02
1.061835939669677209e-01
6.330329204643857510e-01
4.854057663993333605e-01
5.786168813786892740e-01
4.854057663993109895e-01
6.330329204653195596e-01
1.061835939668958895e-01
9.220027832583203853e-02
1.596297935406894297e-01
3.783126498300313778e-01
7.590829977543733786e-01
7.698833941914339229e-01
5.704799246719252093e-01
5.825142097404549801e-01
6.623101232304026142e-01
7.753714398401492236e-01
1.195051068932448501e+00
2.112986239994131932e+00
2.795344650354927740e+00
3.170531059986846589e+00
3.376841885574719981e+00
3.520670166468936824e+00
3.674101132449557383e+00
3.902157876686247917e+00
4.288681202403897608e+00
4.968009083945013948e+00
6.178218332996015860e+00
8.363450085658731936e+00
1.237703339188294649e+01
1.974393204246215205e+01
2.985981182714875004e+01
9.975107849327552456e-01
9.999699904776684356e-01
9.999783379817189788e-01
9.982265414517554891e-01
2.983995111345949525e+01
1.977339336761157895e+01
1.244447603624056242e+01
8.459845278891780396e+00
6.299760204019020371e+00
5.114833182093346586e+00
4.464441173378468797e+00
4.114113137643129470e+00
3.933523307084727527e+00
3.843566736203804624e+00
3.784610471069484117e+00
3.688361655351667601e+00
3.440749369583337991e+00
2.850248471953558571e+00
1.772913751899634738e+00
9.057671491601306801e-01
7.391750384979929311e-01
6.551132817605651582e-01
6.194894588606298935e-01
7.441140964024133275e-01
7.468269412655506034e-01
3.826913271446793496e-01
1.024147496597434676e-01
3.973922992353789430e-01
3.154535780955630142e-01
9.075986260321398102e-01
6.144373683658636009e-01
6.856467217353738874e-01
6.144373683658617136e-01
9.075986260328213762e-01
3.154535780955364244e-01
3.973922992353245420e-01
1.024147496597165863e-01
3.826913271446475973e-01
7.468269412655481609e-01
7.441140964024101079e-01
6.194894588606204566e-01
6.551132817605561653e-01
7.391750384979882682e-01
9.057671491601638758e-01
1.772913751899533041e+00
2.850248471953753082e+00
3.440749369583352202e+00
3.688361655352311974e+00
3.784610471069757232e+00
3.843566736203070544e+00
3.933523307085687204e+00
4.114113137642820384e+00
4.464441173379370298e+00
5.114833182094477237e+00
6.299760204021272791e+00
8.459845278892245801e+00
1.244447603624620946e+01
1.977339336760818966e+01
2.983995111339351425e+01
9.982265414517554891e-01
9.999783379817198670e-01
9.999854008855686427e-01
9.988318413112323713e-01
2.982408877689380589e+01
1.979871813872881248e+01
1.250138583805175685e+01
8.540930052120058846e+00
6.402030667699405875e+00
5.238689497556060282e+00
4.613360158989633142e+00
4.294842632105025260e+00
4.156660622276723949e+00
4.124719833024301785e+00
4.146074746964471203e+00
4.160197692096478050e+00
4.055690905393871226e+00
3.612988512326653634e+00
2.541798705240665868e+00
1.160662939976077279e+00
8.237695535802755931e-01
7.415393799549495624e-01
6.959898318174090326e-01
7.696377453644019928e-01
7.872483290094834940e-01
4.855751695280123847e-01
3.781853638125977080e-01
7.131741140646004062e-01
5.512725230167143664e-01
1.413429136635134142e+00
7.392279919090186668e-01
7.899895925624516035e-01
7.392279919090238849e-01
1.413429136635993677e+00
5.512725230167658808e-01
7.131741140646166155e-01
3.781853638126024264e-01
4.855751695280081104e-01
7.872483290094622888e-01
7.696377453643967748e-01
6.959898318174029264e-01
7.415393799549406806e-01
8.237695535802791458e-01
1.160662939976125685e+00
2.541798705240426504e+00
3.612988512327303336e+00
4.055690905393642076e+00
4.160197692097138855e+00
4.146074746964951707e+00
4.124719833023569038e+00
4.156660622277918549e+00
4.294842632104008295e+00
4.613360158991312687e+00
5.238689497556623387e+00
6.402030667703700217e+00
8.540930052118442362e+00
1.250138583805186698e+01
1.979871813870551023e+01
2.982408877684823167e+01
9.988318413112348138e-01
9.999854008855690868e-01
9.999911210149061702e-01
9.993218632282712122e-01
2.981185247548052075e+01
1.981947839115926513e+01
1.254738124569072966e+01
8.606298584324633794e+00
6.484507508705706691e+00
5.338778918437090404e+00
4.734134782305504885e+00
4.442165718178166856e+00
4.339846808438921677e+00
4.357860027787456403e+00
4.450319890448394489e+00
4.566681615699068608e+00
4.605941561347119517e+00
4.341445442780812236e+00
3.388397451612620959e+00
1.646251525036665608e+00
9.117254493000718218e-01
8.312556252720280092e-01
7.892726859260498218e-01
8.316211877921446671e-01
8.517392373914426384e-01
6.616957271587680101e-01
6.412876198011971951e-01
1.062781479906283355e+00
7.806436146472146564e-01
2.224392982472393587e+00
8.423475198600419711e-01
8.752180539391990477e-01
8.423475198600435254e-01
2.224392982473567315e+00
7.806436146472561788e-01
1.062781479906391269e+00
6.412876198012037454e-01
6.616957271587603495e-01
8.517392373914400849e-01
8.316211877921306783e-01
7.892726859260451588e-01
8.312556252720268990e-01
9.117254493000768178e-01
1.646251525036609431e+00
3.388397451612888300e+00
4.341445442781235009e+00
4.605941561346730495e+00
4.566681615698567676e+00
4.450319890449179638e+00
4.357860027786992774e+00
4.339846808439106418e+00
4.442165718178215705e+00
4.734134782304848521e+00
5.338778918439120780e+00
6.484507508706158774e+00
8.606298584325084988e+00
1.254738124569419888e+01
1.981947839117177068e+01
2.981185247551181305e+01
9.993218632282714342e-01
9.999911210149066143e-01
9.999954518307239137e-01
9.996927516044952222e-01
2.980293109333588575e+01
1.983534239833375779e+01
1.258214999975627535e+01
8.655621882203339723e+00
6.546756129420178816e+00
5.414443473641791016e+00
4.825687970826509243e+00
4.554288450688861012e+00
4.480032807136753448e+00
4.537693594125812524e+00
4.687815433896577844e+00
4.890066253299983678e+00
5.057724115531786246e+00
4.973007876341018374e+00
4.201285312248976389e+00
2.323798552390184735e+00
9.986535737015326264e-01
9.115540186790671573e-01
8.816943181274523589e-01
9.078165127711330662e-01
9.194597448771235637e-01
8.253925312313757923e-01
8.627011922181435644e-01
1.456280865901868449e+00
9.681478536013812253e-01
3.388290289623724139e+00
9.201726257317626168e-01
9.378421091931387066e-01
9.201726257317601743e-01
3.388290289624299678e+00
9.681478536014929137e-01
1.456280865901939503e+00
8.627011922181634374e-01
8.253925312313756812e-01
9.194597448771250070e-01
9.078165127711299576e-01
8.816943181274528030e-01
9.115540186790660471e-01
9.986535737015350689e-01
2.323798552390202055e+00
4.201285312248945303e+00
4.973007876341273281e+00
5.057724115532918674e+00
4.890066253299144350e+00
4.687815433896846962e+00
4.537693594124593055e+00
4.480032807136296036e+00
4.554288450689203849e+00
4.825687970827316597e+00
5.414443473642253757e+00
6.546756129424815107e+00
8.655621882203671902e+00
1.258214999975182913e+01
1.983534239831950430e+01
2.980293109340911428e+01
9.996927516044983308e-01
9.999954518307239137e-01
9.999980724202963689e-01
9.999171211192779962e-01
2.979522942451067635e+01
1.984408117822411555e+01
1.260377019740763238e+01
8.687167515253257477e+00
6.587052786130941584e+00
5.463752038405887745e+00
4.885625605757861756e+00
4.627986620433008014e+00
4.572585800469790129e+00
4.657123002161656089e+00
4.846947302084697817e+00
5.109909524921177670e+00
5.372590156248156390e+00
5.432985178121782610e+00
4.842820533679762285e+00
2.986043754079386492e+00
1.072451017961465247e+00
9.644485472785245816e-01
9.465299592693244835e-01
9.657567969529741170e-01
9.659295273414457705e-01
9.267361090841046423e-01
1.004538577994581239e+00
1.829880656706819764e+00
1.083344928359481152e+00
4.633643018224796961e+00
9.654439433339248033e-01
9.733744026133737126e-01
9.654439433339212506e-01
4.633643018222182164e+00
1.083344928359565085e+00
1.829880656706909914e+00
1.004538577994601445e+00
9.267361090841016447e-01
9.659295273414459926e-01
9.657567969529720076e-01
9.465299592693247055e-01
9.644485472785225832e-01
1.072451017961466357e+00
2.986043754079922952e+00
4.842820533680278317e+00
5.432985178121976233e+00
5.372590156248112869e+00
5.109909524921453006e+00
4.846947302086059395e+00
4.657123002160305170e+00
4.572585800469600947e+00
4.627986620433887310e+00
4.885625605758428414e+00
5.463752038405099931e+00
6.587052786136390559e+00
8.687167515254683892e+00
1.260377019740513660e+01
1.984408117825731921e+01
2.979522942449171197e+01
9.999171211192813269e-01
9.999980724202963689e-01
9.999997146383513558e-01
1.000057716127586316e+00
2.979355702276569673e+01
1.985074454085960127e+01
1.261654611259849723e+01
8.704668784168614337e+00
6.608843953079245104e+00
5.490113894414742290e+00
4.917521842607142091e+00
4.667167292441120274e+00
4.621853183205574922e+00
4.720888497187941901e+00
4.932328447178406350e+00
5.228773964365792004e+00
5.545008831213406708e+00
5.690617997361399283e+00
5.218017791445269005e+00
3.416608015793859199e+00
1.128452352534312197e+00
1.000315764028697929e+00
9.922702512120128437e-01
1.008373339061354956e+00
9.969444966742274650e-01
9.909777911840413900e-01
1.094258784142146057e+00
2.116238119586798305e+00
1.167948653110641333e+00
5.424907171592297850e+00
9.947767078903763105e-01
9.959973948183412640e-01
9.947767078903756444e-01
5.424907171586124122e+00
1.167948653110704615e+00
2.116238119586932420e+00
1.094258784142167817e+00
9.909777911840413900e-01
9.969444966742270209e-01
1.008373339061353624e+00
9.922702512120128437e-01
1.000315764028697041e+00
1.128452352534317527e+00
3.416608015793814346e+00
5.218017791445402231e+00
5.690617997361640867e+00
5.545008831213447564e+00
5.228773964366003391e+00
4.932328447178659481e+00
4.720888497187770483e+00
4.621853183204525095e+00
4.667167292441761539e+00
4.917521842610210747e+00
5.490113894413681805e+00
6.608843953082899070e+00
8.704668784172095997e+00
1.261654611259078074e+01
1.985074454088023543e+01
2.979355702273140594e+01
1.000057716127585872e+00
9.999997146383513558e-01
