-2.245281199341156164e-01 3.090677360621851832e-03
-2.245237164924574758e-01 3.090925496035179521e-03
-2.245119951143028092e-01 3.091499490560034591e-03
-2.244930340038479022e-01 3.092161222833733625e-03
-2.244669617555590801e-01 3.092530615535993288e-03
-2.244339595271903631e-01 3.092094465481753929e-03
-2.243942642285655653e-01 3.090216735639195189e-03
-2.243481731362224896e-01 3.086148680134626066e-03
-2.242960507717103869e-01 3.079037014954544293e-03
-2.242383395290039050e-01 3.067928353355897642e-03
-2.241755764755816449e-01 3.051768254617226450e-03
-2.241084201380353913e-01 3.029393475995789675e-03
-2.240376932929616649e-01 2.999516295511095443e-03
-2.239644516907672300e-01 2.960700168484431405e-03
-2.238900962303121966e-01 2.911326922694357222e-03
-2.238165618518474231e-01 2.849559189223416222e-03
-2.237466506055445226e-01 2.773314844429997095e-03
-2.236846527785746885e-01 2.680318891077226873e-03
-2.236375687796488265e-01 2.568483557769118963e-03
-2.236175391001334889e-01 2.437615233635781475e-03
-2.236455879913196443e-01 2.296519320609757830e-03
-1.743420944997233768e-01 2.733489311385339793e-03
-2.238623275763269860e-01 2.182719524127796351e-03
-2.238978202191552747e-01 2.239368850229406238e-03
-2.238624836753423941e-01 2.273408323407777321e-03
-2.237975223528017310e-01 2.260381483133899749e-03
-1.743766245004905457e-01 2.897804609791332364e-03
-2.075898438569880877e-01 1.703054557622540877e-03
-2.237182926421866225e-01 2.000253240288074608e-03
-1.742944801034201074e-01 2.969923291814224875e-03
-2.069754293873399265e-01 2.236320690886250961e-03
-2.067565007376727382e-01 2.277892670309256129e-03
-2.065424712422238296e-01 2.261800718693196544e-03
-2.063409062194919430e-01 2.187686257371368459e-03
-1.741152104848584237e-01 2.932514389394957899e-03
-2.060202276440693814e-01 1.845762501099079689e-03
-2.239063002343151254e-01 2.158023240038331458e-03
-1.740423479015496544e-01 2.876341030656426323e-03
-1.740119212340418275e-01 2.853085883925743360e-03
-1.739812985799900624e-01 2.823079426942598502e-03
-1.681055113718317173e-01 4.017879985977468316e-03
-1.739264021133068439e-01 2.738891661385522980e-03
-1.739087093899696901e-01 2.689669925541759987e-03
-1.738861495397068802e-01 2.635433554907029574e-03
-1.738952885392186509e-01 2.577349173064680254e-03
-2.072275698552303314e-01 1.883609953950537985e-03
-2.072427206579918191e-01 2.200511426572349105e-03
-1.739604966453724699e-01 2.461158681201502940e-03
-1.657800443265228241e-01 2.507673553292455448e-03
-2.063767760677751029e-01 2.256323252187886208e-03
-2.061010907230421685e-01 1.956041312110079478e-03
-1.673711929350755745e-01 3.866959102270695059e-03
-1.646325362396444114e-01 2.949466431005687284e-03
-1.742035576090354421e-01 2.401742583388488672e-03
-1.742043727381804297e-01 2.294216187194109136e-03
-1.742904686840819062e-01 2.250020456626422583e-03
-1.744102546083879934e-01 2.294744967956452442e-03
-1.744793794739615822e-01 2.465594052444397555e-03
-1.742399482820765344e-01 2.669128874659587591e-03
-1.740644978445871349e-01 2.504773018125794337e-03
-2.069982587830460630e-01 2.020543919994788329e-03
-2.067535993547195694e-01 1.991769640493856741e-03
-2.067116352974266436e-01 1.741893454081988590e-03
-2.067982973293055193e-01 1.735597162993596232e-03
-1.744164098766134430e-01 1.958363290314069083e-03
-2.284124503277036866e-01 3.315690453502273538e-03
-2.281456132220460731e-01 3.690802828848538386e-03
-2.276239484308358596e-01 4.106407458660865650e-03
-2.267301647732218872e-01 4.387944404349308769e-03
-2.254648783015024416e-01 4.234684166803615035e-03
-2.239818655039230999e-01 3.219888181554941831e-03
-2.064445623794053386e-01 2.436520998597646592e-03
-2.064176697881935085e-01 2.541312140140583598e-03
-2.062029824843753245e-01 2.525704849471399616e-03
-2.061078255861634179e-01 2.394895700340404776e-03
-2.061005029026741764e-01 2.384628208699612895e-03
-2.059411151257861672e-01 2.413757763532198286e-03
-2.057080688542607394e-01 2.329648819958507477e-03
-2.055005819766668185e-01 2.105258771733287126e-03
-2.053353717840631087e-01 1.774788373227809135e-03
-1.921623361284729159e-01 1.436551477997372039e-03
-2.062082246378402206e-01 1.320185339547308434e-03
-2.060465915010440685e-01 1.707420295964268142e-03
-2.055217954549237724e-01 1.409052659543830188e-03
-1.754054924439330809e-01 2.284524766196505130e-03
-1.753174031918584008e-01 2.304565638841904462e-03
-2.063762708396761070e-01 1.490163684519041354e-03
-1.753150083613653765e-01 2.592810793424160654e-03
-1.751528985651186754e-01 2.720860249945444842e-03
-1.749754308200087149e-01 2.751050500034324386e-03
-1.748374105549811430e-01 2.708064018143052643e-03
-1.668723401901434922e-01 2.582341770776430678e-03
-1.747084141830488602e-01 2.585599780761005384e-03
-1.665990962259529806e-01 2.681792049478215478e-03
-1.747134047820864122e-01 2.589841397441727811e-03
-2.254720362426362312e-01 1.848680746803998964e-03
-1.744745592959671132e-01 2.526139515565795080e-03
-1.744167478602548504e-01 2.387017486410680789e-03
-1.662365427289324571e-01 2.614554377594058288e-03
-2.073326061308504720e-01 1.957405303848136491e-03
-2.072433197558198048e-01 1.758077007041891626e-03
-2.071751156102089597e-01 2.241718888810029231e-03
-2.067403247419009882e-01 2.261256760210439420e-03
-2.064464746433074538e-01 2.048097810276428010e-03
-2.062135026514764768e-01 1.781054605430487658e-03
-1.745311849237506929e-01 1.750470766558376301e-03
-1.852155576466597009e-01 1.394711750843713460e-03
-2.273492970249621492e-01 1.573862910838108586e-03
-1.751913679238837895e-01 1.581939765278650434e-03
-2.071727825137176793e-01 1.935743225087716013e-03
-2.265623602431588723e-01 2.416601570729703941e-03
-2.069744212201339306e-01 2.069865903802148299e-03
-2.260613843148708557e-01 2.618331045515565059e-03
-2.068000084225359303e-01 2.116693490299248470e-03
-2.255861198945966484e-01 2.654779860820577486e-03
-2.253592730103384234e-01 2.620469653009771527e-03
-2.251403454528503323e-01 2.552656784052698136e-03
-2.064957702296925934e-01 2.099782527017646228e-03
-2.064214750913297425e-01 2.080669866719064842e-03
-2.299945727821569585e-01 3.550584834990377914e-03
-2.292897778208603243e-01 3.686769738005746255e-03
-2.286371533237599452e-01 3.669463789213733840e-03
-2.280291026412085698e-01 3.523694053847059582e-03
-2.274746828609701399e-01 3.252695542835470910e-03
-2.269998961638634294e-01 2.851723622734891883e-03
-1.753717596717860872e-01 2.499866815649010032e-03
-2.057828753321947757e-01 1.576034560761219172e-03
-1.752996302382639482e-01 2.597409534106809303e-03
-1.752601864820981237e-01 2.634162195454814448e-03
-1.752198833719520732e-01 2.664198060490396980e-03
-1.751790379561256883e-01 2.688747518917955492e-03
-1.751376744678498076e-01 2.708313257562433574e-03
-1.750961050361014570e-01 2.723441138744508994e-03
-1.750543724550994440e-01 2.734560630004545523e-03
-2.502896256704862932e-01 3.000172981701076935e-03
-1.749705288460629837e-01 2.745843192691554968e-03
-1.749284461647962752e-01 2.746355890400953292e-03
-1.748862667686090777e-01 2.743588149014430932e-03
-1.748439986867789953e-01 2.737587940435770584e-03
-1.748016532779384513e-01 2.728366910122403954e-03
-1.747592467740830824e-01 2.715905206104263225e-03
-1.747168011425037082e-01 2.700154651081199120e-03
-1.746743446879736594e-01 2.681040573062454246e-03
-1.746319124708648474e-01 2.658462328678945497e-03
-2.493107615140247590e-01 3.686137854775506373e-03
-1.745472982447880683e-01 2.602374278944552533e-03
-1.745052272776738411e-01 2.568521350267527481e-03
-2.278733850497000335e-01 1.410623939039123975e-03
-1.744219141312935151e-01 2.488069116296232064e-03
-2.488544022705843073e-01 3.787215918697683925e-03
-2.055508976110950181e-01 1.725717460702991257e-03
-2.055493806418564884e-01 1.721569596810579306e-03
-2.055454572601136953e-01 1.710363283661087141e-03
-2.055394847184577600e-01 1.691718560160648810e-03
-2.055321090586391120e-01 1.665014945779308420e-03
-2.055243770947700888e-01 1.629395114567222524e-03
-2.055179403158370333e-01 1.583797982747381372e-03
-1.740891161801105813e-01 2.849790685637343390e-03
-1.921961040208546301e-01 1.635027579664660724e-03
-1.921657438707614907e-01 1.635020704919387668e-03
-1.921289755570636248e-01 1.631740496049471911e-03
-1.741145581287894262e-01 2.801556940982774524e-03
-1.741247332118925073e-01 2.787404187680808665e-03
-1.919771633258654797e-01 1.583352304737550842e-03
-1.741515768196328917e-01 2.758290219896708528e-03
-1.918444571714280622e-01 1.493305543127043666e-03
-2.057856544268335530e-01 1.237603761720051931e-03
-1.742141531674034072e-01 2.719738107739455568e-03
-1.742425359252209871e-01 2.712150773664712133e-03
-1.742746574543354576e-01 2.710236100784191304e-03
-1.743090216302672357e-01 2.716651329846109242e-03
-1.843625609875630678e-01 1.292123039936143858e-03
-1.743689743795258373e-01 2.760331386646941443e-03
-1.743859624372818828e-01 2.793777982899592338e-03
-1.743921980203234912e-01 2.829588398362892221e-03
-1.743887002624133209e-01 2.864780085371054774e-03
-2.237353211117777962e-01 2.198301246697731415e-03
-1.743565095939673681e-01 2.927502165774531484e-03
-2.074011914480586583e-01 1.963055180027484248e-03
-2.071926889198421606e-01 2.134142893420509779e-03
-1.742558518901830278e-01 2.978845103184968313e-03
-1.742158167460783891e-01 2.978225852466709345e-03
-1.741775384604801469e-01 2.968674769243506706e-03
-1.741436382293769236e-01 2.952319976997352935e-03
-2.061617214681548960e-01 2.052125428344042657e-03
-1.740908908984601378e-01 2.912664406859721833e-03
-2.059471703484392902e-01 1.554022054523040985e-03
-2.237947574860340849e-01 2.138127507174403252e-03
-2.064886773605159875e-01 1.211621764338477458e-03
-1.934251926799694099e-01 1.535426086761215725e-03
-1.739475852277620194e-01 2.785309005974234697e-03
-1.930238401805648707e-01 1.622338200377493322e-03
-1.929162023380002755e-01 1.557938646384926518e-03
-1.660776474731340269e-01 2.540742716010735425e-03
-1.929246202429643620e-01 1.587196274640934046e-03
-1.738908008731016031e-01 2.509883028672332816e-03
-1.925827320362683004e-01 1.689507676291834848e-03
-2.069082173697355254e-01 2.354657453970454561e-03
-2.066235625860464720e-01 2.358526677507521985e-03
-1.656781149537910891e-01 2.463101978436577078e-03
-1.655807733721216535e-01 2.369865816195471098e-03
-2.062831067835218246e-01 1.589358235584259482e-03
-1.743561961961647699e-01 2.339882276884530654e-03
-2.066285506983290277e-01 1.571659377391843027e-03
-1.930673077936181370e-01 1.555281629547489164e-03
-1.927481078613298426e-01 1.768772386600947488e-03
-1.923408933860210057e-01 1.711139755929680373e-03
-2.288105039699444287e-01 2.154186828886572869e-03
-2.287845471132214092e-01 2.230697827239169762e-03
-2.494949459689100868e-01 2.681629239206395621e-03
-1.740279019921197046e-01 2.376749131946520599e-03
-1.930895187572810590e-01 1.445693024301142326e-03
-1.927160549073648199e-01 1.571266747096511374e-03
-1.923629960934957750e-01 1.367054637731068834e-03
-2.285467425505019468e-01 3.027769202081975752e-03
-1.745264778427058350e-01 2.301821211291743552e-03
-2.074214702798071741e-01 2.470749798819171783e-03
-2.070880283557985091e-01 2.675834056700132635e-03
-2.067923508975736957e-01 2.707645482905307599e-03
-2.065736714807346053e-01 2.624699025029875177e-03
-2.064681622981640596e-01 2.526482002817076467e-03
-1.932351002156213471e-01 1.522920783874559536e-03
-1.931313968247445889e-01 1.650809329103830603e-03
-1.931119589089643762e-01 1.835477728120760155e-03
-1.928507575396401497e-01 2.108083705468943858e-03
-1.924592760821444704e-01 2.156644159586662557e-03
-1.920951225007192231e-01 2.009744851624917228e-03
-1.918563021703138527e-01 1.680523882026552229e-03
-1.918446817122708148e-01 1.272371603478872348e-03
-1.922848224985097276e-01 1.229538915911154717e-03
-2.054366092517057873e-01 8.724496238150525329e-04
-1.918934468179348540e-01 1.405301265864689064e-03
-1.916564650401020031e-01 1.180493833507934021e-03
-1.755954857763396271e-01 2.099737529775158595e-03
-2.064748449938811070e-01 5.583382549572135645e-04
-2.066866755814448509e-01 1.352464316160539859e-03
-1.753677906710252032e-01 2.393910392977649515e-03
-2.063406564109951935e-01 1.405293239703564456e-03
-2.060979002080152445e-01 1.330281406067446159e-03
-1.846430736810525108e-01 1.270989334654137881e-03
-2.065857275445077690e-01 7.591416570447151457e-04
-1.747600069392734601e-01 2.647275841449747702e-03
-1.667350431904364161e-01 2.655372800247080001e-03
-1.747212184405184388e-01 2.533300714561370626e-03
-2.067723942059829512e-01 1.079240707919426612e-03
-1.745936284749181056e-01 2.605944326691866930e-03
-2.075527872491300385e-01 1.164945243803228170e-03
-2.074193172821761078e-01 1.489711050245534629e-03
-1.744605270523175156e-01 2.211618887253907761e-03
-1.661064641536728614e-01 2.562479951221496854e-03
-1.745032866986024056e-01 2.335980263646231236e-03
-1.744446800285024413e-01 2.191247582913169456e-03
-1.744735627815807155e-01 2.161784777444997196e-03
-1.929194407336657091e-01 1.246373883073248479e-03
-1.744636499259817897e-01 1.766730719712672482e-03
-1.852754746366554184e-01 1.194525402917312462e-03
-1.925354503669887141e-01 9.872122577289088596e-04
-2.073678678568512401e-01 1.568742376710230424e-03
-1.851401071579472368e-01 1.484196346596355909e-03
-2.268213903438043300e-01 2.232685851756732731e-03
-2.070707755227946256e-01 2.018617972771696856e-03
-2.263088351002793541e-01 2.541197018000984631e-03
-2.068843567873877021e-01 2.100384388841858296e-03
-2.258203123217736030e-01 2.654824771498809355e-03
-2.067202501979672202e-01 2.122770314348154663e-03
-2.066438609859393705e-01 2.121130640515556109e-03
-2.065694798752719108e-01 2.113255008539927093e-03
-1.937385023671169271e-01 1.586044718558110578e-03
-2.306658003982314242e-01 3.110302039063594925e-03
-2.063455027478163506e-01 2.055205541540316982e-03
-2.062670147225409978e-01 2.021979230913850678e-03
-2.061855310769026284e-01 1.977842150753250650e-03
-2.061067146669826877e-01 1.918755877941880073e-03
-2.060318633790242659e-01 1.867202541019241657e-03
-2.059423932336827134e-01 1.787867282201482944e-03
-1.852009885529781463e-01 1.791876496372912797e-03
-1.753364568005842949e-01 2.553056390073304982e-03
-1.851107264392041762e-01 1.864406218507752566e-03
-1.850666108492456108e-01 1.892405553084175462e-03
-2.056118587040229595e-01 1.112748705084598555e-03
-1.849805900876151932e-01 1.929245539470103576e-03
-2.255543303449265291e-01 1.269100405098311235e-03
-1.849004038113687409e-01 1.947977241022025297e-03
-1.848627928923233521e-01 1.951794235953596690e-03
-2.253793845536428142e-01 1.127680321926061158e-03
-1.847928900605207980e-01 1.950752274495703986e-03
-1.847604363937578875e-01 1.946854281512588880e-03
-1.847293006199369203e-01 1.941259641941917025e-03
-1.846990350282471938e-01 1.934221242188061129e-03
-1.846690887530722525e-01 1.925774997301898939e-03
-1.846388921800156679e-01 1.915689131767484010e-03
-1.846079586782560511e-01 1.903463826001761117e-03
-1.845759518486791984e-01 1.888391467643857347e-03
-1.665495664056753922e-01 2.616013630705349424e-03
-1.745895466614823255e-01 2.632292534757718627e-03
-1.664344225644827091e-01 2.592964419184773384e-03
-1.663784127033042792e-01 2.573793359364029421e-03
-1.744634033386148475e-01 2.530509143831571883e-03
-1.843714211719136853e-01 1.680122740242873114e-03
-2.276786330446052831e-01 1.894662058429030793e-03
-1.740773969451263614e-01 2.886283735587080734e-03
-1.740776285593334805e-01 2.885387200280586928e-03
-1.740782672572491752e-01 2.883007373318369204e-03
-1.740791563599245750e-01 2.879153651230981215e-03
-1.740807708609322657e-01 2.873860477300482774e-03
-1.740827922458897670e-01 2.867171727728157204e-03
-1.922401312055584122e-01 1.630404285802133924e-03
-1.922206464315850682e-01 1.633142173943613606e-03
-1.740935862438376114e-01 2.839250456673214629e-03
-1.740992027800301600e-01 2.827565778775187333e-03
-1.741060448679220829e-01 2.814981407534333790e-03
-2.056585182555679403e-01 1.212784292624558002e-03
-1.920346317938183001e-01 1.608190286765676102e-03
-1.741369602317304754e-01 2.772931188083915810e-03
-1.919134518341687745e-01 1.546201483881848304e-03
-1.741690376821481978e-01 2.744034266896289154e-03
-1.741896954768238082e-01 2.730836893771793061e-03
-1.916977519881225833e-01 1.322124487744713583e-03
-2.056072196377609906e-01 9.119000248277719933e-04
-1.915636715022292214e-01 1.006687234265390973e-03
-1.657595116526820178e-01 2.289048294051077015e-03
-2.237441589603757497e-01 2.187057611252096745e-03
-1.843454192384393897e-01 1.271848759884064428e-03
-2.067491486731385386e-01 5.010300030826031481e-04
-1.928255915718597446e-01 8.135726983193314332e-04
-1.926936336943775863e-01 1.020892678108675788e-03
-2.077260093316677381e-01 1.295502605072273994e-03
-1.923730641165097566e-01 1.127273998757560847e-03
-1.743287715516826097e-01 2.952161077236614695e-03
-2.237476976798942752e-01 1.913804741511371255e-03
-1.844518571645304139e-01 1.331504814047868024e-03
-1.844282397515328298e-01 1.346720582311278225e-03
-1.844015579498150814e-01 1.358912264767031530e-03
-1.843698670958572039e-01 1.364767292819868416e-03
-2.241601871335482665e-01 2.155679168062363260e-03
-2.240094943486612422e-01 2.178850918897023980e-03
-1.740669805218182931e-01 2.893892664556974026e-03
-1.842473369078719836e-01 1.330011810926678972e-03
-1.936309926301371109e-01 1.338777487027043023e-03
-2.065186333268802521e-01 1.261831757769948936e-03
-1.932104643899591467e-01 1.630154262476424254e-03
-1.842026894826301886e-01 1.222313277776609919e-03
-2.072162064643749968e-01 1.541130803134505012e-03
-2.288765853889542790e-01 1.708102399497313240e-03
-2.071280989959253804e-01 1.692131363108972941e-03
-1.928104192148221430e-01 1.668514326622516641e-03
-1.739278111038043140e-01 2.423856512404010122e-03
-1.924369222973883742e-01 1.475173375839688994e-03
-1.739246209533265863e-01 2.355541197891886096e-03
-1.739750328696544890e-01 2.247956136945616912e-03
-1.740775872259600066e-01 2.165709552401862137e-03
-1.742792826228330427e-01 2.174406490515812251e-03
-1.843276885865476333e-01 1.334995542124794987e-03
-2.288773947887731697e-01 1.883793006048406493e-03
-2.066818577796770418e-01 1.480081330485771840e-03
-2.069630882069939948e-01 1.649385236306866176e-03
-1.656336825307438421e-01 1.569865615995869046e-03
-1.657348901451511369e-01 1.179772945323898092e-03
-1.669038574976184908e-01 1.117375754113414388e-03
-1.668424719344177298e-01 1.854945592377921226e-03
-1.933490640746913791e-01 9.387515004177227063e-04
-2.287082515431734797e-01 2.507564762809555425e-03
-2.286765277757057957e-01 2.644465755718639066e-03
-2.286244047810105651e-01 2.813311540837415414e-03
-2.073055939448594787e-01 1.385815538593127005e-03
-2.075902508974850347e-01 1.941033726207519461e-03
-1.743121861238823844e-01 2.278349647453214999e-03
-1.743114460835569757e-01 2.246103760889683887e-03
-1.742808011229132203e-01 2.254003186157427230e-03
-1.742029806525886015e-01 2.217453468930652427e-03
-2.245182195407234571e-01 1.677946979454891796e-03
-2.239128067643811892e-01 1.507616838332115350e-03
-2.238770320939356406e-01 1.095298533620170378e-03
-1.743623289762207540e-01 2.020391912714580851e-03
-1.743044555530358364e-01 2.016230400249785504e-03
-1.847151783520898372e-01 1.133214593697418060e-03
-1.743186586864400589e-01 1.759918717360586804e-03
-1.743894238322862555e-01 1.722862429191007738e-03
-2.248523138162889512e-01 1.161469008568116745e-03
-1.846868984654861934e-01 1.305942075174704176e-03
-1.846503581576009190e-01 1.325394297903403906e-03
-1.846055991586648681e-01 1.297769521245828450e-03
-1.846354631320652473e-01 1.278448820453803592e-03
-1.846237509373351016e-01 1.275566788650428496e-03
-1.846925436488049410e-01 1.292641203629818492e-03
-1.846741974826226484e-01 1.356691622705297195e-03
-1.846322593143568391e-01 1.396638886940582136e-03
-1.845439459185275466e-01 1.403433566001199839e-03
-1.844705907868509354e-01 1.257320955355301084e-03
-2.062345188731857237e-01 1.099358530820215840e-03
-1.846810058155098633e-01 1.327648210008469665e-03
-2.063349489573305107e-01 1.076333002538398809e-03
-2.067445646972203843e-01 5.446331688914174407e-04
-2.263296742604502809e-01 1.128648993062530970e-03
-2.260845555107478533e-01 1.843593417146183189e-03
-1.664031956660206868e-01 2.596865966751960020e-03
-1.844113313841581336e-01 1.365393878875742484e-03
-1.842253029523971686e-01 1.235917412698295248e-03
-2.076476876237661195e-01 1.555105862748429324e-03
-1.746533482532727499e-01 2.272043203397244859e-03
-1.659981010239504617e-01 2.444780381703204331e-03
-1.933323106771399624e-01 1.042468438930521657e-03
-1.932563056013948954e-01 1.082280076475150565e-03
-1.743463748901397381e-01 2.036603746356946409e-03
-1.925591705826800726e-01 8.735961729079422255e-04
-1.929264392432682440e-01 1.132511320929452392e-03
-2.073730354520238739e-01 1.065798373290738343e-03
-1.850493044823048050e-01 1.408218589839693724e-03
-2.072765587943846410e-01 1.800967460507563178e-03
-1.850507624693050190e-01 1.610192132863785819e-03
-1.849352451450315127e-01 1.671352459892194720e-03
-1.848121343070263656e-01 1.698447325629126592e-03
-1.753974660109571815e-01 2.534251290924105504e-03
-1.752115450478724523e-01 2.603168947534817423e-03
-1.750414275487357785e-01 2.600042163842741783e-03
-1.748909648003138251e-01 2.540394898782383226e-03
-1.939429457108894639e-01 1.473223859219163767e-03
-1.746989822840408213e-01 2.232550072095773608e-03
-1.935491407366271011e-01 1.649573518742009082e-03
-1.933735676290117000e-01 1.677232903000092090e-03
-1.932107047302056846e-01 1.677139263539018099e-03
-1.930593476428160427e-01 1.654498993340358659e-03
-1.929181820119959256e-01 1.612695784783513275e-03
-1.927860588554283217e-01 1.553501042746208149e-03
-1.754026508683088625e-01 2.434647825036495572e-03
-2.058596560231296113e-01 1.690876161917598264e-03
-1.851550977523155894e-01 1.832352117920377221e-03
-2.057143208923933875e-01 1.442182874371533696e-03
-2.056566819519528022e-01 1.288211675074146800e-03
-1.850228898669036559e-01 1.913398374290331549e-03
-2.055801043307260989e-01 9.103854257817567408e-04
-1.849397445998527123e-01 1.940664145588077982e-03
-1.671675400946938950e-01 2.217500026718832729e-03
-1.671300497385291295e-01 2.307932396681255938e-03
-1.750125866612998182e-01 2.741987636174891829e-03
-1.670287322915421369e-01 2.447110222719484085e-03
-1.669711247443302904e-01 2.498223063045923453e-03
-1.669114223362570815e-01 2.538700104344926434e-03
-1.668507564096506357e-01 2.569999389990307304e-03
-1.667897458152901580e-01 2.592890192934349525e-03
-1.667287832863948993e-01 2.608304058306865070e-03
-1.666684347019813939e-01 2.617037483366613237e-03
-1.666084863565963914e-01 2.619411589647291372e-03
-1.845427611323573747e-01 1.869491819785795705e-03
-2.286622910265511122e-01 1.031838037235388583e-08
-1.844737122004222185e-01 1.816320188843811856e-03
-1.844387021984043862e-01 1.779811176891910041e-03
-1.844042840118370330e-01 1.734914745701199301e-03
-1.662696468243908543e-01 2.520756399360113420e-03
-1.743808969091763528e-01 2.440972998422774598e-03
