2.755630897619145148e-01 -5.481726184086710418e-16
2.755634410953529678e-01 1.526556658859590243e-16
2.848308001004317691e-01 4.579669976578770729e-16
2.848304834927953832e-01 -7.632783294297951215e-17
2.848300450466718092e-01 -2.983724378680108202e-16
2.755707054303641601e-01 2.081668171172168513e-17
2.848300225301955146e-01 3.955169525227120175e-16
2.755778436543132592e-01 3.538835890992686473e-16
2.848282819624979312e-01 -1.053324094613117268e-14
2.848272276332176056e-01 2.844946500601963635e-16
2.848260505517707375e-01 -1.829508766704179834e-13
2.755990838511998553e-01 3.747002708109903324e-16
2.848221471030636387e-01 5.828670879282071837e-16
2.756131571971786598e-01 9.020562075079396891e-17
2.848189510536094926e-01 3.160666173229742526e-14
2.848171693788430492e-01 3.261280134836397337e-16
2.756385319320788785e-01 -6.938893903907228378e-18
2.756481164138765427e-01 1.942890293094023946e-16
2.848110885512507573e-01 2.618044669944197267e-14
2.848088159629909022e-01 6.661338147750939243e-16
2.848064203438410158e-01 7.355227538141662080e-16
2.756920007459268129e-01 1.526556658859590243e-16
2.768335507666502271e-01 1.804112415015879378e-16
2.847984938968516899e-01 -1.713906794265085409e-15
2.757306547615248071e-01 7.702172233337023499e-16
2.847925917335104029e-01 -1.061650767297805942e-15
2.847894547755105421e-01 -7.771561172376095783e-16
2.757740577080149413e-01 -2.983724378680108202e-16
2.757895826173771270e-01 2.428612866367529932e-16
2.758056592717647026e-01 5.065392549852276716e-16
2.758220223150618655e-01 1.179611963664228824e-15
2.758391310775955008e-01 2.636779683484746784e-16
2.758566852862729957e-01 6.661338147750939243e-16
2.763940114068349496e-01 -1.942890293094023946e-16
2.758932717236062260e-01 5.689893001203927270e-16
2.847556094679533079e-01 8.319733790784766825e-15
2.759319739034490904e-01 5.620504062164854986e-16
2.778534474441321511e-01 4.649058915617843013e-16
2.759716582447945821e-01 3.053113317719180486e-16
2.759926725438451300e-01 8.396061623727746337e-16
2.760140447399849206e-01 7.563394355258878932e-16
2.847281392565312874e-01 -9.418854585163671800e-14
2.780986724033505664e-01 9.783840404509192012e-16
2.760807557502454879e-01 9.089951014118469175e-16
2.782948186328184637e-01 3.538835890992686473e-16
2.761274917585357924e-01 9.436895709313830594e-16
2.790987434367826481e-01 6.245004513516505540e-16
2.761769033360096937e-01 -1.804112415015879378e-16
2.797257188474620571e-01 3.191891195797325054e-16
2.762238826381277490e-01 -1.387778780781445676e-16
2.762498268684111524e-01 9.020562075079396891e-17
2.762758634499203336e-01 4.510281037539698445e-16
2.763021910677487814e-01 7.355227538141662080e-16
2.763288528313109782e-01 9.020562075079396891e-17
2.763558613703811506e-01 4.163336342344337027e-17
2.808114268735877883e-01 3.747002708109903324e-16
2.764109382971768891e-01 1.387778780781445676e-16
2.764390413653775025e-01 1.457167719820517959e-16
2.764683789151744508e-01 2.428612866367529932e-16
2.758025602283020739e-01 -8.738149093190372696e-14
2.765249534849770208e-01 -9.714451465470119729e-17
2.765544024402453727e-01 -2.081668171172168513e-17
2.789434043587759038e-01 1.734723475976807094e-16
2.766145321255600309e-01 2.081668171172168513e-16
2.665531612674041373e-01 4.807342197664862815e-03
2.806226698649373352e-01 -2.081668171172168513e-16
2.817921042698651735e-01 2.220446049250313081e-16
2.813315471117791566e-01 4.038436252074006916e-15
2.611244252386136222e-01 2.306601663548466657e-02
2.657643344474775460e-01 2.129354413265560284e-02
2.704233366304330533e-01 1.866974696840443398e-02
2.753240531222463372e-01 1.463368213586120625e-02
2.822878900854201012e-01 3.747986677927597765e-03
2.969028077014658762e-01 1.128040784663558033e-02
2.769592309377080785e-01 -1.873501354054951662e-16
2.769923282074278625e-01 2.595146320061303413e-15
2.775868010871807012e-01 8.118505867571457202e-15
2.812046799195149771e-01 9.645062526431047445e-16
2.770920015408652182e-01 3.955169525227120175e-16
2.812636333807254641e-01 -1.519617764955683015e-15
2.771598115081426172e-01 2.706168622523819067e-16
2.799890078001028293e-01 2.081668171172168513e-15
2.772282910164804992e-01 4.926614671774132148e-16
2.772627807161596736e-01 4.024558464266192459e-16
2.772974345132978580e-01 6.661338147750939243e-16
2.786526490151626234e-01 5.273559366969493567e-16
2.773672163527131640e-01 0.000000000000000000e+00
2.774023365940374575e-01 6.522560269672794675e-16
2.800418966385685993e-01 1.415534356397074589e-15
2.798930822516590977e-01 1.339206523454095077e-15
2.806450754353395638e-01 4.198030811863873168e-15
2.775442709501478311e-01 2.081668171172168513e-17
2.775801143166279905e-01 6.383782391594650107e-16
2.806175536025977135e-01 -1.526556658859590243e-16
2.776520863057183597e-01 3.841996165654393280e-13
2.660090431572502134e-01 5.824184070637519750e-03
2.673308126570586030e-01 5.112159100384462695e-03
2.686245880255369034e-01 3.857525598418169721e-03
2.784346573724630347e-01 -3.038541640520975307e-14
2.808097150412303677e-01 1.207367539279857738e-15
2.848310678611847280e-01 4.926614671774132148e-16
2.848309948864400365e-01 0.000000000000000000e+00
2.755643787479807871e-01 5.134781488891348999e-16
2.848317136396520954e-01 1.804112415015879378e-16
2.848312725341143326e-01 2.296773882193292593e-15
2.848294847386862449e-01 1.665334536937734811e-16
2.848288025389237865e-01 4.510281037539698445e-16
2.848292135822991233e-01 6.374761829519570711e-14
2.848270723114673664e-01 -1.399574900418087964e-14
2.848260241908956991e-01 6.591949208711866959e-16
2.848248539923078360e-01 6.286360321183792621e-13
2.848235616534206538e-01 1.151856388048599911e-15
2.848233279340871560e-01 4.579669976578770729e-16
2.848206102644629811e-01 3.538835890992686473e-16
2.848201136562611424e-01 3.115493973915306469e-13
2.848183219787785436e-01 -3.122502256758252770e-16
2.848164071731058011e-01 -1.867117571663357012e-13
2.848143691562074475e-01 -7.840950111415168067e-16
2.848122078371212451e-01 -3.969741202425325355e-14
2.848099231185495239e-01 7.771561172376095783e-16
2.848075148960091951e-01 -6.383782391594650107e-16
2.848039015578031630e-01 2.428612866367529932e-16
2.757043410317566723e-01 1.131039706336878226e-15
2.847995480487899300e-01 -6.605826996519681416e-14
2.847956047044021832e-01 2.503691698407806143e-13
2.847936170422061819e-01 2.223221606811875972e-14
2.847904651753720429e-01 -1.924155279553474429e-14
2.847871888674109453e-01 -9.527101330064624563e-15
2.847828081838666980e-01 7.770867282985705060e-14
2.847792981344966501e-01 5.785649737077847021e-14
2.847766114289971284e-01 -1.151301276536287332e-13
2.847719035868278570e-01 6.383782391594650107e-16
2.847680185323777091e-01 -1.154007445158811151e-13
2.758747303997683420e-01 7.563394355258878932e-16
2.847598717421462866e-01 -4.905797990062410463e-15
2.847564755388433122e-01 5.857814233678482196e-14
2.847512208753437690e-01 1.096345236817342084e-15
2.772728618632888109e-01 1.179611963664228824e-16
2.847428797306060244e-01 -3.078787225163637231e-14
2.847372950843282124e-01 -1.969258089928871414e-14
2.847323984249996442e-01 1.276756478318930021e-15
2.847273739685102223e-01 6.605826996519681416e-14
2.760580779063778745e-01 1.325328735646280620e-15
2.847176722978843610e-01 -3.807371085073896211e-14
2.761038843354295946e-01 4.510281037539698445e-16
2.847059907155494174e-01 5.412337245047638135e-15
2.761515288565292714e-01 7.771561172376095783e-16
2.846951892293042019e-01 -4.024280908510036170e-13
2.761945252371353909e-01 8.257283745649601769e-16
2.846825342456753560e-01 -2.518818487118323901e-15
2.753586833181637106e-01 5.204170427930421283e-16
2.754107512008561187e-01 5.551115123125782702e-16
2.754546466317426834e-01 1.214306433183764966e-15
2.755057750830240404e-01 3.469446951953614189e-17
2.755558931751548868e-01 2.428612866367529932e-16
2.763832212758629003e-01 2.352285033424550420e-15
2.756544551090990280e-01 6.522560269672794675e-16
2.757039691184577368e-01 8.049116928532384918e-16
2.757533236977055546e-01 -1.387778780781445676e-17
2.764965445838523106e-01 1.655897641228420980e-13
2.758516855229204978e-01 7.424616477180734364e-16
2.759007003429717608e-01 6.661338147750939243e-16
2.765842267033890578e-01 7.160938508832259686e-15
2.759983969391234249e-01 9.228728892196613742e-16
2.766457656603157345e-01 1.758315715250091671e-14
2.766835154580202238e-01 1.960931417244182740e-14
2.772817769970484791e-01 0.000000000000000000e+00
2.813315471117789901e-01 5.682954107300020041e-15
2.781347856779710082e-01 2.234323837058127538e-15
2.767973590777476067e-01 2.220446049250313081e-16
2.820308476119389174e-01 6.071532165918824830e-15
2.790368444053711316e-01 5.988265439071938090e-15
2.768938433400898180e-01 1.329492071988624957e-14
2.769264206477882184e-01 -2.653224862037006915e-13
2.830133886941474941e-01 1.873501354054951662e-15
2.802628717782567058e-01 -2.048361480433413817e-14
2.775868010870196634e-01 4.128641872824800885e-15
2.770582607863039670e-01 4.107825191113079200e-15
2.767126443191822993e-01 7.840950111415168067e-16
2.771258300314726752e-01 -8.840150833577808953e-15
2.824116064730745612e-01 1.290634266126744478e-14
2.799890077995831894e-01 2.504940699310509444e-15
2.776275382846603579e-01 -1.736111254757588540e-14
2.769432389230947478e-01 8.673617379884035472e-16
2.769889273910915994e-01 3.955169525227120175e-16
2.773322462439586911e-01 -2.952499356112525675e-14
2.770800505341973752e-01 1.179611963664228824e-16
2.771258678016954580e-01 1.422473250300981817e-15
2.819571846055107245e-01 2.074035387877870562e-14
2.798930822537321061e-01 1.998401444325281773e-15
2.799585739319804811e-01 5.620504062164854986e-15
2.773011165978944148e-01 1.630640067418198669e-15
2.773461422548421651e-01 7.771561172376095783e-16
2.776161440365755295e-01 7.117223477237644147e-14
2.774345558124564071e-01 2.512295926848651106e-13
2.776884408984509611e-01 -1.037364638634130642e-14
2.777249717862784184e-01 2.742250870824136655e-14
2.813814285264352177e-01 1.665334536937734811e-16
2.776091684394164094e-01 9.145462165349727002e-15
2.816970708515632027e-01 -9.658940314238861902e-15
2.848323015641134326e-01 5.308253836489029709e-14
2.848322281446509785e-01 1.332961518940578571e-13
2.848320321723046278e-01 3.064215547965432052e-14
2.755659024002203861e-01 -6.170064459354307473e-14
2.755680115337690306e-01 -6.682154829462660928e-15
2.848307088383321695e-01 -7.122080702970379207e-14
2.755739831746138457e-01 1.788152959036892753e-14
2.848279984108374463e-01 3.368139100956568655e-14
2.755822855607341082e-01 -1.371472380107263689e-13
2.755873073921562555e-01 1.013494843604689777e-12
2.755929074494188336e-01 8.473360901817272861e-13
2.848247506699386200e-01 4.843347944927245408e-15
2.756058345202623272e-01 1.935257509799725995e-13
2.848217822849190006e-01 -7.093908793720515860e-13
2.756210494368488972e-01 -2.074521110451144068e-13
2.756295086153790486e-01 -2.255001740891771078e-13
2.848152651422619086e-01 -1.254274462070270602e-13
2.848132382372877136e-01 -5.481726184086710418e-16
2.756582589224005897e-01 -1.339206523454095077e-15
2.756689561686151979e-01 1.719666076205328409e-13
2.756802058546168888e-01 -3.363698208858068028e-13
2.848049830577661923e-01 5.469236175059677407e-14
2.848012594597340019e-01 -2.217670491688750189e-14
2.757172220672867158e-01 2.359223927328457648e-16
2.847966446161460663e-01 -9.859474348061780802e-14
2.757445787941796844e-01 1.595945597898662527e-15
2.757590566357190354e-01 9.597184158494087569e-14
2.847861936588487186e-01 1.020017403874362572e-15
2.847837879135766692e-01 -7.350370312408927020e-14
2.847802621668126255e-01 -1.688441053637745881e-13
2.847756636035793654e-01 5.400541125410995846e-14
2.847728355002251410e-01 -1.550148898132874820e-14
2.847689341715608502e-01 4.607425552194399643e-15
2.847640080053658873e-01 1.074834665715229676e-14
2.847607544292218851e-01 -1.523087211907636629e-13
2.759123230462742771e-01 6.938893903907228378e-18
2.847520703045413604e-01 -1.261490911730334119e-14
2.759465592971155345e-01 1.622174616855431850e-13
2.847420644344752505e-01 -7.885844754973447834e-13
2.847380938242952131e-01 1.359745649409660473e-13
2.847331804387666088e-01 -1.588312814604364576e-14
2.760358424919715503e-01 1.164346397075632922e-14
2.847222213454730921e-01 4.905104100672019740e-14
2.847169401870487948e-01 1.011829509067752042e-13
2.847115301111586838e-01 -1.695865670114926615e-14
2.847066899019589648e-01 2.269018306577663679e-15
2.847003215322285175e-01 1.072267274970784001e-13
2.846945221661019709e-01 -3.140127047274177130e-13
2.846885903575673837e-01 2.944172683427837001e-14
2.846831669415967880e-01 3.858025010572418978e-15
2.846763411873419192e-01 -3.069072773698167111e-14
2.846700169574433170e-01 8.384265504091104049e-14
2.846635604505776684e-01 -5.018901960696098286e-14
2.846569710736976955e-01 -7.036732307952320298e-14
2.846502482750808416e-01 6.384476280985040830e-14
2.756041329018882324e-01 5.958566973163215152e-13
2.846364001842539571e-01 -4.046624146880617445e-13
2.846292737357731251e-01 1.815908534652521666e-14
2.846220115243543458e-01 -8.958112029944231836e-15
2.764632023763821667e-01 -4.471423231677817967e-14
2.846070776845995853e-01 3.497202527569243102e-14
2.845994045074327072e-01 4.292399768957011474e-14
2.759496010884587847e-01 -1.076916333886401844e-14
2.845836424229390982e-01 5.461603391765379456e-14
2.760470950727761941e-01 -3.731737141521307421e-13
2.760957645333807498e-01 -1.898897705743252118e-13
2.766994459522718608e-01 -1.180097686237502330e-13
2.767334717616966033e-01 1.887587308679883336e-13
2.827940089265623125e-01 -5.306866057708248263e-14
2.762879019636209632e-01 -1.044234143598998799e-13
2.768293346951720135e-01 -5.718342466209946906e-14
2.790368444053697994e-01 4.850286838831152636e-14
2.764319108711939532e-01 2.019079348158925313e-13
2.764779535824437584e-01 1.383317072001233328e-12
2.830133886940873200e-01 -7.910339050454240351e-16
2.802628717783064993e-01 2.317590563905014278e-15
2.770266096847721071e-01 3.278974314291360770e-13
2.766660612940945452e-01 1.547165173754194711e-13
2.844471522400949803e-01 -4.194561364911919554e-14
2.767590695010564983e-01 -7.564782134039660377e-14
2.824116064736092446e-01 3.420180805235872867e-14
2.821027903250367674e-01 -1.679212324745549267e-15
2.776275382769253786e-01 1.709743457922741072e-14
2.843941377948213112e-01 7.117917366628034870e-14
2.843830592555617875e-01 1.227282164784071483e-13
2.770345087266415929e-01 1.820071870994866003e-14
2.843604144232672604e-01 3.733818809692479590e-14
2.840707819178522331e-01 -2.256528297550630668e-14
2.790205549073921931e-01 2.055300374337321045e-14
2.774730184587745896e-01 1.135133653740183490e-13
2.778768404603033648e-01 1.243449787580175325e-14
2.759068810934424687e-01 2.269018306577663679e-14
2.842884897437721325e-01 -2.038647028967943697e-14
2.773903221202098091e-01 3.842065554593432353e-14
2.818955581411348166e-01 2.557190570406930874e-13
2.774784982333823868e-01 -3.917699498146021142e-14
2.775222592937373056e-01 1.508376756831353305e-13
2.777620853070585927e-01 -2.798247744628667988e-13
2.777949420952599557e-01 -3.576305918073785506e-14
2.816970712725817005e-01 3.129441150662159998e-15
