-3.545454434742201233e-01 1.109351331122421236e-02
-3.545393875489358804e-01 1.109749363224016294e-02
-3.545232614961846274e-01 1.110811874050776638e-02
-3.544971465009568723e-01 1.112539307960480617e-02
-3.544611488048713954e-01 1.114930079973180943e-02
-3.544153743990602345e-01 1.117977239507994547e-02
-3.543599130830402122e-01 1.121664147474193962e-02
-3.542948431758721206e-01 1.125960057318392549e-02
-3.542202609753172249e-01 1.130817040703763210e-02
-3.541363265133322114e-01 1.136169764955535788e-02
-3.540433030872107700e-01 1.141938741020964709e-02
-3.539415597705002359e-01 1.148035507260286581e-02
-3.538315156181688348e-01 1.154364808608254744e-02
-3.537135511696462564e-01 1.160815166459250314e-02
-3.535880187306186806e-01 1.167229174998629659e-02
-3.534556291477206069e-01 1.173357031838218045e-02
-3.533185394782863975e-01 1.178829628644717520e-02
-3.531821632794245880e-01 1.183232717636101272e-02
-3.530569218676615773e-01 1.186392031171196182e-02
-3.529576559019784177e-01 1.188959693570174059e-02
-3.528954235656860394e-01 1.193154142568031428e-02
-3.528566444128982127e-01 1.202383271792623054e-02
-3.527932572571139125e-01 1.217659870058818150e-02
-3.526675753274360336e-01 1.234773593663568425e-02
-3.524946362154123825e-01 1.248187515209780996e-02
-3.523261450598346722e-01 1.255438883533172012e-02
-3.522228499694329829e-01 1.258381168277611373e-02
-3.522278921385557648e-01 1.264114770099977747e-02
-3.523025971686381541e-01 1.283832695198139362e-02
-3.523033015932938161e-01 1.320007860511829278e-02
-3.521510562373684761e-01 1.362253279042735521e-02
-3.518657314624138444e-01 1.402300606277190331e-02
-3.514786091162702131e-01 1.436976286457469776e-02
-3.510011924884187118e-01 1.462982572563903405e-02
-3.504583733288335057e-01 1.475222435307288471e-02
-3.499660154083464314e-01 1.477720320505787610e-02
-3.494473649130829251e-01 1.467333798314529592e-02
-3.489207861252904830e-01 1.431232872369458953e-02
-3.488419863387282049e-01 1.374924134035587775e-02
-3.492672345870311279e-01 1.319606885419649656e-02
-3.502210506459620953e-01 1.405106599001787471e-02
-3.495673662996312547e-01 1.492465042742496806e-02
-3.485549050836554974e-01 1.439726816906083950e-02
-3.498912539130054622e-01 1.499364091671573362e-02
-3.489979638703598064e-01 1.612339120105754642e-02
-3.475833320382728520e-01 1.635637978018605887e-02
-3.470787044070617333e-01 1.569321405486989729e-02
-3.468261176807547752e-01 1.587733448086603438e-02
-3.461227872580096565e-01 1.620209586276083469e-02
-3.448420397011421334e-01 1.629170260512086132e-02
-3.434504471041532336e-01 1.563550155929832597e-02
-3.422819725618201914e-01 1.450688594290067135e-02
-3.413338897288388241e-01 1.283654890162116979e-02
-3.409829322409865249e-01 1.008270789804921463e-02
-3.423799005185753641e-01 9.687050202401958909e-03
-3.389090068119031685e-01 7.979491653908155069e-03
-3.465983604842994281e-01 8.662427133539485347e-03
-3.451294697276805490e-01 8.979488818013414697e-03
-3.434959487042946735e-01 6.593451006026651573e-03
-3.352135519162436350e-01 5.470222313009365234e-03
-3.337616668316320534e-01 5.219714480454384908e-03
-3.568807654858756617e-01 1.206089375736213443e-02
-3.551966055368094843e-01 1.412234457013306077e-02
-3.537904382379288282e-01 1.532668048087654222e-02
-3.527157262078404187e-01 1.616636456807579725e-02
-3.517160403185605189e-01 1.698815622903571132e-02
-3.505248508156448839e-01 1.766212797416855107e-02
-3.492207763546541499e-01 1.801435713346460910e-02
-3.479356626524445217e-01 1.803027550785851751e-02
-3.467635325843424488e-01 1.775335444760001158e-02
-3.457636407161767123e-01 1.726377867773382091e-02
-3.449015190393354136e-01 1.665743777391831548e-02
-3.440481217579021145e-01 1.587829183977562675e-02
-3.432370093431664770e-01 1.464355460603067316e-02
-3.429416038458051874e-01 1.256389436467619802e-02
-3.444397918829957272e-01 1.050598190994650460e-02
-3.487935834122926626e-01 9.604932058100479342e-03
-3.495942259247166728e-01 1.274633638645372713e-02
-3.493496611791415130e-01 1.459975791313966598e-02
-3.483826335739780289e-01 1.603603326090652370e-02
-3.470313647704215687e-01 1.681083626202389825e-02
-3.456060841660384408e-01 1.704049891154546525e-02
-3.442165041455660379e-01 1.685656086871700765e-02
-3.428927321991535049e-01 1.634388104098061234e-02
-3.416275479763289380e-01 1.554644007861782917e-02
-3.546760720528928656e-01 1.493981412626249616e-02
-3.521181440982811273e-01 1.455812800529615592e-02
-3.496328535119585523e-01 1.366247958211930236e-02
-3.471860781309182853e-01 1.216279822639432240e-02
-3.446113464099891943e-01 9.719314683577617853e-03
-3.366828163277800212e-01 8.059846771845458058e-03
-3.350439052431039566e-01 8.810266772106056798e-03
-3.589696866612810955e-01 1.250522165908579675e-02
-3.575335959487304094e-01 1.483680709979090517e-02
-3.562667080479853254e-01 1.654863258721567254e-02
-3.550854742358245941e-01 1.786325703046581781e-02
-3.539640585979101362e-01 1.889660306247381572e-02
-3.528909205184634912e-01 1.971750197743027400e-02
-3.518604361050576279e-01 2.037028075741970090e-02
-3.508698886003592254e-01 2.088613282065587828e-02
-3.499175338359947207e-01 2.128840117208796734e-02
-3.490018895553347322e-01 2.159508976764873411e-02
-3.481215744922405153e-01 2.182039473126018425e-02
-3.472752650760347337e-01 2.197573955232012821e-02
-3.464616751533000638e-01 2.207047347039053919e-02
-3.456795597250932328e-01 2.211235887924439814e-02
-3.449277151374856021e-01 2.210793243120690033e-02
-3.442049709393029677e-01 2.206276416079822056e-02
-3.435101863083807050e-01 2.198164533732971382e-02
-3.428422503826079604e-01 2.186873100435732242e-02
-3.422000842182146285e-01 2.172765162762879676e-02
-3.415826423741253337e-01 2.156160436394116697e-02
-3.409889077610868124e-01 2.137343010909126262e-02
-3.404178740324335095e-01 2.116566762584004557e-02
-3.398685382495235663e-01 2.094057199574445027e-02
-3.393399314103306974e-01 2.070013445734109059e-02
-3.388311418457459201e-01 2.044613983815063429e-02
-3.383412982126767776e-01 2.018021587882162793e-02
-3.378695506202541998e-01 1.990384865586364294e-02
-3.374150692665185969e-01 1.961838939169907592e-02
-3.369770488633962446e-01 1.932506613793838479e-02
-3.365547112822011022e-01 1.902499723065870230e-02
-3.361473063634239922e-01 1.871920329164494801e-02
-3.357541120655610500e-01 1.840861718716313433e-02
-3.353744346016839240e-01 1.809409224097097146e-02
-3.350076089585738992e-01 1.777640910363487148e-02
-3.346530003105886442e-01 1.745628192970122283e-02
-3.343100067472128956e-01 1.713436568084159006e-02
-3.339780607119628431e-01 1.681126853326070369e-02
-3.336566169800950221e-01 1.648756791125877141e-02
-3.333451249997497756e-01 1.616380151568996837e-02
-3.330430406099868512e-01 1.584042936534107993e-02
-3.327498726176437160e-01 1.551784887813029146e-02
-3.324651722720161628e-01 1.519644337416981017e-02
-3.321884858794581508e-01 1.487657949817644543e-02
-3.319193576609010266e-01 1.455854886225765865e-02
-3.316574149828906415e-01 1.424258158914665229e-02
-3.314023461994458075e-01 1.392894854157988860e-02
-3.311538120158323828e-01 1.361794801726778914e-02
-3.309114345684246450e-01 1.330984681139901760e-02
-3.306748269205970203e-01 1.300484296837367548e-02
-3.304436461293975280e-01 1.270306445530111628e-02
-3.302176226472696152e-01 1.240461571405865326e-02
-3.299965379725237069e-01 1.210961673004751216e-02
-3.297801952916983859e-01 1.181820133784383664e-02
-3.295684134932944653e-01 1.153050097115121408e-02
-3.293610354399807427e-01 1.124663923151336675e-02
-3.291579241732824346e-01 1.096674151977250489e-02
-3.289589351711731391e-01 1.069091469253780069e-02
-3.287639499282868916e-01 1.041920065493057157e-02
-3.267676776581308618e-01 7.568875748422299043e-03
-3.267556747578850840e-01 7.570060161789349262e-03
-3.267237976348627559e-01 7.572876329953348584e-03
-3.266724660425874838e-01 7.576411390858017736e-03
-3.266023895829855417e-01 7.579263318776952030e-03
-3.265146075839721607e-01 7.579655281056862925e-03
-3.264105434763255875e-01 7.575595252837852289e-03
-3.262920661907685593e-01 7.565093624508745229e-03
-3.261615337881652588e-01 7.546467930234890265e-03
-3.260217518003067916e-01 7.518780870327868016e-03
-3.258756846475833746e-01 7.482448091704008153e-03
-3.257255972155193025e-01 7.439921863572451777e-03
-3.255712137695969677e-01 7.395898800486633284e-03
-3.254071140911484750e-01 7.355684512122817598e-03
-3.252217015971811120e-01 7.320601043395436047e-03
-3.250010585339893621e-01 7.283081212277775496e-03
-3.247357590299679853e-01 7.226947265572547519e-03
-3.244241054822102344e-01 7.132455780275326340e-03
-3.240705046109155218e-01 6.980261066138082615e-03
-3.236826903347935769e-01 6.751841241915135239e-03
-3.232701052916379658e-01 6.427464949820604900e-03
-3.228436606935257136e-01 5.982284760591927153e-03
-3.224169887351780450e-01 5.378714013711094477e-03
-3.220116101495050231e-01 4.547342217108230056e-03
-2.751026907132136379e-01 3.953081084559162406e-03
-2.749854996192218071e-01 4.224883907779808379e-03
-2.747991003121516007e-01 4.426862405775944254e-03
-2.745786408344847995e-01 4.561261424428864064e-03
-2.743401040117620093e-01 4.635840876473062977e-03
-2.740895307976364825e-01 4.651213370892637311e-03
-2.738345645783663018e-01 4.597639199793279730e-03
-3.279955472369419645e-01 4.809884624992932789e-03
-3.271904432591089540e-01 5.284678600640357882e-03
-3.264694402071317003e-01 5.414337481714326383e-03
-3.258727831199598191e-01 5.373828575514216777e-03
-3.252238786078815447e-01 5.255664635766876813e-03
-3.245285511441061144e-01 4.774572014535127806e-03
-3.240873013237193789e-01 3.881875754674690704e-03
-2.739174916820559802e-01 3.833656787256389809e-03
-2.739829427176179721e-01 3.933479100599490685e-03
-2.739935890377118155e-01 4.165601695348852829e-03
-2.737876523632798431e-01 4.431932343452682499e-03
-2.733744383905456488e-01 4.521633921074241780e-03
-3.030672204953798188e-01 3.637091770303302329e-03
-3.028554218835713407e-01 3.570350966760504896e-03
-2.723588155610873196e-01 3.955445760616682627e-03
-3.031305291550888681e-01 3.519117082015688069e-03
-3.028867881624177083e-01 3.700107615943915018e-03
-2.738771943055152702e-01 2.082832320216221333e-03
-3.264514625262435188e-01 3.696156239404169153e-03
-3.269276976442074822e-01 4.006362267205187955e-03
-3.251261890915131958e-01 4.219519620875022969e-03
-2.733119721436791938e-01 4.039101148269774733e-03
-3.425553609916780484e-01 7.652362938068757447e-03
-3.380489426477430448e-01 7.042605193538498121e-03
-3.027371134977649425e-01 3.772020957173272127e-03
-3.362728006621323873e-01 7.755092650559902712e-03
-3.349561311552263221e-01 6.666780311994691122e-03
-3.343077425454789031e-01 5.306433960795331473e-03
-3.293233176951736452e-01 3.122983754236918763e-03
-3.283287056617565369e-01 4.653176278127724164e-03
-3.270078269710513519e-01 4.875906157627785120e-03
-3.260255027970763164e-01 5.063062788442096451e-03
-2.746429135280514799e-01 3.333254060450430156e-03
-2.740945127385213120e-01 3.953802175054865753e-03
-3.248468450602693403e-01 4.086690797415803988e-03
-3.251304205460943120e-01 3.060082984168488451e-03
-3.033230213087786398e-01 3.774936413856455619e-03
-3.031875184939794576e-01 3.750271523783876848e-03
-3.029809474874924358e-01 3.953454680083012818e-03
-3.026958689277403636e-01 3.865733414925298650e-03
-3.027628963157195652e-01 3.846264300091883914e-03
-2.742507415222169009e-01 2.513446547711295498e-03
-3.026047223004308950e-01 3.959553572478069494e-03
-3.423966705759906026e-01 4.205581333594998750e-03
-3.390819667839480855e-01 6.098181348674736046e-03
-3.386835434232097763e-01 5.835148194116124287e-03
-3.363165986641591387e-01 6.569887294323339955e-03
-3.018771603322716879e-01 3.777852697639583202e-03
-2.746757853509810277e-01 3.936016653753704464e-03
-2.740828158977553497e-01 4.219320323964659281e-03
-3.015725340271584454e-01 3.603458454485564122e-03
-3.626163977338665578e-01 1.280469044462922978e-02
-3.599521901483329622e-01 1.413035785690680557e-02
-3.572960948697637140e-01 1.481022788958819003e-02
-3.403971794082575886e-01 1.447869171177113001e-02
-3.391661892936883027e-01 1.315546252846039321e-02
-3.379071608372670732e-01 1.163749660255625207e-02
-3.367092325682504717e-01 1.004665437354590463e-02
-3.359718679739686631e-01 8.436533313169181092e-03
-3.004980348225325670e-01 2.744877142721147134e-03
-2.753312600433832080e-01 3.594661954638311840e-03
-3.331898512622462616e-01 8.316084868132567198e-03
-3.314369900822055071e-01 7.309926218344864335e-03
-3.296337031163842912e-01 6.069177059161878773e-03
-3.278507433296038998e-01 5.011358766468410053e-03
-3.264570032582028714e-01 4.015076802934280931e-03
-2.723800904036000059e-01 3.517851310728958847e-03
-2.720143681369603939e-01 3.036160500210660640e-03
-3.033448362679430077e-01 3.562526857432413152e-03
-3.024566202228655687e-01 3.764194614834903696e-03
-3.017949243616266375e-01 3.694682920832248474e-03
-3.013118086034833332e-01 3.500574397903299939e-03
-2.480136423316820216e-01 3.157642273779404096e-03
-3.007019268387838284e-01 2.993597800441394341e-03
-2.475015362892166726e-01 3.133087418882407604e-03
-2.472357968816600304e-01 3.027300327475335173e-03
-2.469730346249413011e-01 2.860148864927747336e-03
-3.000969372741271735e-01 1.894055272049388616e-03
-3.000016355788214240e-01 1.570720406158188087e-03
-2.774569051998821978e-01 2.459238104147609683e-03
-2.772409409604940644e-01 2.966523081101235526e-03
-2.770241815434603128e-01 3.357806168265642377e-03
-2.768070171523717149e-01 3.671591020307840569e-03
-2.765916850390652826e-01 3.928391624387073122e-03
-2.763790705300447348e-01 4.140686253404135542e-03
-2.761699258918745570e-01 4.316800758989935982e-03
-2.759647996221855082e-01 4.462647477723513667e-03
-2.757641211608630183e-01 4.582687798467821594e-03
-2.755682163827264941e-01 4.680404873518673181e-03
-2.753773137588227393e-01 4.758587075249787191e-03
-2.751915744929422369e-01 4.819508732652577621e-03
-3.042447965729792037e-01 3.680522015374831923e-03
-2.748358949029922615e-01 4.896911166676010119e-03
-2.746661354261803467e-01 4.916282144235450957e-03
-2.745018132944940237e-01 4.924685994343314110e-03
-2.743426064073503090e-01 4.923038418977343511e-03
-2.741885800192180311e-01 4.912148302787577858e-03
-2.740395605837962489e-01 4.892791449245537105e-03
-3.035127458247714460e-01 3.871571577745036574e-03
-2.737570355570423941e-01 4.830945917822349056e-03
-3.033440401352321403e-01 3.878777150218948311e-03
-2.734941132694541088e-01 4.743414065593198892e-03
-2.733695291113812931e-01 4.690967398162326774e-03
-3.031189301684713566e-01 3.865091224154737493e-03
-2.731337264152934319e-01 4.570435779508330576e-03
-2.730222371822745298e-01 4.502936771805965410e-03
-3.029235776385443835e-01 3.829029971179787051e-03
-2.728116010953464121e-01 4.354731425958879854e-03
-3.028080656279828475e-01 3.795756713639963920e-03
-2.726167014046589343e-01 4.189739357040200840e-03
-2.725250838256421670e-01 4.101178341126721083e-03
-3.026543319832962764e-01 3.735731315945678421e-03
-2.723524014284074979e-01 3.912986424338738001e-03
-3.025635592017578701e-01 3.690498491829674599e-03
-2.721935951246050034e-01 3.708080361134791225e-03
-2.721194351775576559e-01 3.599232391752138494e-03
-3.024427887906806500e-01 3.617020423694217168e-03
-3.024062119762249146e-01 3.591352769328981509e-03
-3.023715081620080847e-01 3.565226736158833010e-03
-3.005183374122538664e-01 3.524449317745981247e-03
-3.005089270534733736e-01 3.524394581611578481e-03
-3.004837624210713320e-01 3.523688782688549903e-03
-3.004424682384910783e-01 3.521383609571548945e-03
-3.003845510877494185e-01 3.515771185562677204e-03
-3.003096640347474033e-01 3.504322497775491652e-03
-3.002175583341658571e-01 3.483794660914030228e-03
-3.001084450049825159e-01 3.449910765608799057e-03
-2.999828124069933155e-01 3.397397950402114564e-03
-2.998428845727295067e-01 3.319816737209102531e-03
-2.996918248505470173e-01 3.209099889071587164e-03
-3.039008909879013509e-01 3.184609713595909497e-03
-3.038468155600818621e-01 3.178282487243833110e-03
-3.038026686289787559e-01 3.137910583770497919e-03
-3.037944402241252173e-01 3.070963075173793744e-03
-3.038378902396891013e-01 3.006145445720920240e-03
-3.039247017333060463e-01 2.977079390780790202e-03
-3.040245756900492591e-01 3.002055969273664804e-03
-3.041136095948899221e-01 3.076098769156876411e-03
-3.041684209859977228e-01 3.192783087262562880e-03
-3.041742883171238421e-01 3.324587447621374370e-03
-3.041396127320354359e-01 3.449266852669774508e-03
-3.040769279969294803e-01 3.559032248347970828e-03
-3.039938200899345300e-01 3.653611594548633601e-03
-3.038911685443049793e-01 3.733750787334844112e-03
-3.037636997659748928e-01 3.795314626752477327e-03
-3.036035216683102833e-01 3.819366091009024355e-03
-3.034199652535216063e-01 3.749819753131100608e-03
-3.034122834342302677e-01 3.526635955825196955e-03
-3.035369806631348921e-01 3.575354988057666272e-03
-3.035169001894347796e-01 3.679343463832140948e-03
-3.034284634939346526e-01 3.763244821622879765e-03
-3.032955253571468779e-01 3.817380675723180961e-03
-3.031165419446985032e-01 3.822723250425319463e-03
-3.029122602365799111e-01 3.738619287695421622e-03
-3.027610923908045093e-01 3.534515577610586323e-03
-3.027605742047508874e-01 3.302848246742873251e-03
-3.028153858633375051e-01 3.082969817175040816e-03
-3.030171076513548667e-01 2.730248323422779233e-03
-3.036508155448066626e-01 2.984864272401799301e-03
-3.036054631554899741e-01 3.414529120193188216e-03
-3.033572516211762160e-01 3.581410292538778073e-03
-3.032882053863412142e-01 3.734873997090881748e-03
-3.019153426063677648e-01 3.030012239985113709e-03
-3.006023748244876503e-01 3.227127573101840063e-03
-3.030923673414163688e-01 3.407179788512570973e-03
-2.721129171240713740e-01 3.332479024974077664e-03
-3.266462304231376179e-01 4.049943604257255636e-03
-3.027401528515886175e-01 3.346248274309848725e-03
-3.030382563420494502e-01 3.208143514078332093e-03
-3.031514492970017183e-01 3.687155227420912951e-03
-3.027725839402748975e-01 3.573524412222250923e-03
-3.027150927123112290e-01 3.528778512538688350e-03
-3.028497210596989286e-01 3.461385796104554657e-03
-3.027926708648226994e-01 3.578442199239695309e-03
-2.727833702407608807e-01 3.127268476853239942e-03
-3.025235616079615109e-01 3.723447613870833894e-03
-3.021672895011572324e-01 4.087026441478569527e-03
-3.014292555764920278e-01 3.635140696948757633e-03
-3.014924382383321055e-01 3.033475013505093631e-03
-3.016262082833518487e-01 2.420731044980806157e-03
-3.011924154470227433e-01 1.843234420670691875e-03
-2.743815653080112771e-01 2.859823553660600925e-03
-3.247992724212588334e-01 3.908749320471749389e-03
-3.038273054038433396e-01 3.142854341419365483e-03
-3.034458729738535587e-01 3.312660031642544745e-03
-3.036528962377734731e-01 3.418400207124361323e-03
-3.244246576888277223e-01 2.769436396846458592e-03
-2.735742878114253984e-01 2.628163469651834117e-03
-2.735538884294146933e-01 2.342147412072781432e-03
-3.237518533516356989e-01 2.336728065095661222e-03
-2.739892336647065663e-01 2.104566759664416864e-03
-3.026458231486628403e-01 3.897545623437026485e-03
-2.742971503609714090e-01 2.320480201633445816e-03
-3.023870588731302211e-01 4.214930817958761899e-03
-3.020195749699011722e-01 4.105098115134375725e-03
-3.018546877087092684e-01 3.903784840340762674e-03
-3.018478109512242602e-01 3.709635241215536450e-03
-3.340135512861436839e-01 5.001706894014135152e-03
-3.017283695468788718e-01 3.674084789819453967e-03
-3.017350994458523061e-01 3.647609415231234387e-03
-2.735027430542146809e-01 4.104808460320796826e-03
-3.016753711364844048e-01 3.478258657651223107e-03
-3.015998780099244381e-01 3.637301365544853837e-03
-3.014026013782684643e-01 3.582346751361376036e-03
-3.013300743347599453e-01 3.587523310094764550e-03
-3.011080256607034378e-01 3.571553036748442711e-03
-3.008809471040268524e-01 3.441500545628473073e-03
-3.006984529465404066e-01 3.238796561687129483e-03
-3.005731265700947175e-01 2.998161908094154615e-03
-3.035074084163421615e-01 1.772821398769997003e-03
-3.004695968145759677e-01 2.485261429396812272e-03
-2.748144147500342638e-01 4.016399526528546815e-03
-3.156859192618698962e-01 4.324227354361498410e-03
-3.142102089425114486e-01 4.802998314787088052e-03
-3.126996862596184701e-01 4.755375112371729163e-03
-3.111851410766496295e-01 4.166327956104609598e-03
-3.096531177036621063e-01 2.691092083806911894e-03
-3.045191025501363669e-01 2.699144561156718858e-03
-2.717222345109632231e-01 2.382727226274972132e-03
-2.715882440969699108e-01 1.467412011083857326e-03
-2.483897087076757659e-01 2.919076304059187166e-03
-2.482325029074619049e-01 3.070667894392420383e-03
-3.009602828931258744e-01 3.256002268278712641e-03
-3.130887138169582973e-01 2.704306340076678694e-04
-3.005025273138995923e-01 2.732665215079421728e-03
-3.003415522368225732e-01 2.464980564887919723e-03
-3.002087948096152648e-01 2.188131783123270502e-03
-3.094341363883910123e-01 1.000940842821318455e-06
-2.776687672989328615e-01 1.730359378473655951e-03
-2.999206509071070670e-01 1.189423767013420008e-03
-3.059058662745490209e-01 1.701599644955864576e-03
-3.057765290868590946e-01 2.133981333769074951e-03
-3.056107402184337074e-01 2.465869494756633973e-03
-3.054371512172912584e-01 2.726262480796715071e-03
-3.052655419858523178e-01 2.936319747227911225e-03
-3.050995028511235829e-01 3.108156301329212390e-03
-3.049398246499391840e-01 3.250603546909258679e-03
-3.047874037401581138e-01 3.369298075302173956e-03
-3.046419050141518370e-01 3.469002235571116977e-03
-3.045032300695876826e-01 3.552645292632494733e-03
-3.043706619694300786e-01 3.622742243914955917e-03
-2.750110869557334525e-01 4.865099296350872127e-03
-3.041253178173391469e-01 3.729222688698907717e-03
-3.040108498602502873e-01 3.769409389993982895e-03
-3.039017517710455585e-01 3.801950102983064905e-03
-3.037975339467817726e-01 3.827517763851706611e-03
-3.036980637976811059e-01 3.847288843875529274e-03
-3.036033116358057282e-01 3.861774642764714827e-03
-2.738956039594878100e-01 4.865381308500615898e-03
-3.034264543334048714e-01 3.877063920603385228e-03
-2.736232598229816348e-01 4.790198952120683362e-03
-3.032654960507345510e-01 3.877217718199155172e-03
-3.031904275662826720e-01 3.872511733478356533e-03
-2.732494520762656087e-01 4.633180435214878656e-03
-3.030506540461874732e-01 3.855226937977462853e-03
-3.029855956123553296e-01 3.843052623838993931e-03
-2.729149121648518639e-01 4.431001809094281541e-03
-3.028644569332979986e-01 3.813199754884311066e-03
-2.727122101240602170e-01 4.274287724593817117e-03
-3.027543395019328121e-01 3.776944183868813365e-03
-3.027031290552767984e-01 3.756923323775085422e-03
-2.724371913922517541e-01 4.009175386532448648e-03
-3.026078570629803233e-01 3.713565125872231310e-03
-2.722712242807727723e-01 3.812608234051828582e-03
-3.025212953314944109e-01 3.666703423032324771e-03
-3.024811104112705151e-01 3.642161977566782394e-03
-2.720487293316575239e-01 3.485817329313745105e-03
-2.719814439827461516e-01 3.367597374403730193e-03
-2.719177850213886916e-01 3.243979403674213113e-03
