2.188796483416823591e-01 1.128303202379880854e-03
2.188797668849281897e-01 1.128165275790727479e-03
2.188800832616683290e-01 1.127796998300692466e-03
2.188805973745687194e-01 1.127198021341164341e-03
2.188813090655604976e-01 1.126367777244938195e-03
2.188822181160270663e-01 1.125305477635864942e-03
2.188833242470781815e-01 1.124010111171892812e-03
2.188846271198727766e-01 1.122480440625600595e-03
2.188861263360335208e-01 1.120714999287352603e-03
2.188878214381076437e-01 1.118712086629711222e-03
2.188897119100983446e-01 1.116469763225356321e-03
2.188917971780644511e-01 1.113985844833274147e-03
2.188940766107572156e-01 1.111257895617376312e-03
2.188965495203256117e-01 1.108283220406711816e-03
2.188992151630598237e-01 1.105058855910206334e-03
2.189020727401743138e-01 1.101581560756476758e-03
2.189051213986323019e-01 1.097847804211370126e-03
2.189083602320424926e-01 1.093853753356906905e-03
2.189117882810712457e-01 1.089595258102267483e-03
2.189154045358467915e-01 1.085067834708696582e-03
2.189192079365477051e-01 1.080266644737641613e-03
2.189231973201035408e-01 1.075186409676773952e-03
2.189273716497321665e-01 1.069821610458439320e-03
2.189317296145708025e-01 1.064165920973369345e-03
2.189362700017843111e-01 1.058212029395336207e-03
2.189409871990644629e-01 1.051926302743144692e-03
2.189458913678830332e-01 1.045397450499446768e-03
2.189509707027247898e-01 1.038507023561823644e-03
2.189562258575110665e-01 1.031288689315488366e-03
2.189616537555463260e-01 1.023727573114877054e-03
2.189672398186264524e-01 1.015786837623565420e-03
2.189731122387404694e-01 1.007884735906783985e-03
2.189790267769288201e-01 9.990527972928327227e-04
2.189851425558669296e-01 9.900320049016086976e-04
2.189914330068294945e-01 9.806327462581615473e-04
2.189978959956252191e-01 9.708309716725191385e-04
2.190045359926328650e-01 9.606094437737550118e-04
2.190113778626275043e-01 9.499524002827379465e-04
2.190187075330529143e-01 9.388608438691374569e-04
2.190248458911867313e-01 9.272396057933528224e-04
2.190323436139177682e-01 9.151373882679142424e-04
2.190398023296888375e-01 9.025268217891166400e-04
2.190473816810742380e-01 8.893682257273619052e-04
2.190551001547134669e-01 8.756327856576893998e-04
2.280436683970430145e-01 3.940530082512303661e-03
2.190709674313985611e-01 8.462949952535367415e-04
2.190791191319609033e-01 8.306054566280945961e-04
2.190874299388849422e-01 8.141332705367022859e-04
2.190963453572872810e-01 7.961004108491542830e-04
2.258341497668479303e-01 9.181063026998764059e-03
2.191129394265752817e-01 7.605311819918990357e-04
2.191217535824721008e-01 7.406428488887298323e-04
2.191306765604371098e-01 7.197297699534747906e-04
2.191397140216892192e-01 6.976832769870176809e-04
2.191488552434593673e-01 6.743633140456617436e-04
2.191580930338009880e-01 6.496242567973591064e-04
2.191674146722945304e-01 6.232827692754724924e-04
2.186515816615247632e-01 5.617940505367121501e-03
2.258910610648958983e-01 4.678324834497676887e-03
2.191956174617169795e-01 5.319704048884384140e-04
2.192048669407215544e-01 4.961708201386416661e-04
2.189660329068232325e-01 1.779542953177349479e-02
2.192281888162946613e-01 4.004023021798343296e-04
2.201769292219790120e-01 1.700029006457270953e-16
2.192548229851586372e-01 3.076799530521839854e-04
2.197858783355458867e-01 3.122502256758252770e-17
2.198270831751153453e-01 -5.204170427930421283e-17
2.198687631461401781e-01 1.457167719820517959e-16
2.199125417239522484e-01 4.857225732735059864e-17
2.199677470912382304e-01 5.204170427930421283e-17
2.198583656538390940e-01 -3.469446951953614189e-18
2.199950647005715632e-01 1.734723475976807094e-17
2.200413271078490995e-01 -7.979727989493312634e-17
2.200828614953960760e-01 1.283695372222837250e-16
2.201225549998571951e-01 1.977584762613560088e-16
2.201609029123936800e-01 9.020562075079396891e-17
2.201993080306201278e-01 -2.081668171172168513e-17
2.202373423273855935e-01 5.898059818321144121e-17
2.202751838655961358e-01 7.285838599102589797e-17
2.155936761788254941e-01 3.795998169135412353e-03
2.143164475256056634e-01 6.127775656589080217e-03
2.177115099824796507e-01 6.617153900812121695e-03
2.207303380341583965e-01 6.237119442685415405e-03
2.245950590833778460e-01 5.566598242136244074e-03
2.277495888569586735e-01 5.985927384620949934e-03
2.199967855469597278e-01 5.003010675073936431e-04
2.195662424762449272e-01 -1.675742877793595653e-15
2.206132183554782300e-01 -2.081668171172168513e-17
2.206509664785394897e-01 3.087807787238716628e-16
2.206228695417238317e-01 -1.734723475976807094e-17
2.198378330961764660e-01 5.898059818321144121e-17
2.207060029249779398e-01 7.285838599102589797e-17
2.207477235330624343e-01 5.065392549852276716e-16
2.208501218348589701e-01 4.163336342344337027e-17
2.194280928920141760e-01 9.992007221626408864e-16
2.208695186448416392e-01 1.838806884535415520e-16
2.205056456033430701e-01 1.507127755928650004e-14
2.209790967937027006e-01 1.908195823574487804e-16
2.209906667932927671e-01 6.140921104957897114e-16
2.203739018661770299e-01 8.951173136040324607e-16
2.187689147847109161e-01 7.641549371940996316e-04
2.187690410527537987e-01 7.640172280934075244e-04
2.187693780526222542e-01 7.636494164368623494e-04
2.187699256987220009e-01 7.630508400400595748e-04
2.187706838519756780e-01 7.622204196292975409e-04
2.187716523198963980e-01 7.611566545247805404e-04
2.187728308566851687e-01 7.598576165657733306e-04
2.187742191633495481e-01 7.583209422042276604e-04
2.187758168878453369e-01 7.565438226478683748e-04
2.187776236252330364e-01 7.545229918954864112e-04
2.187796389178437995e-01 7.522547124990779099e-04
2.187818622554641157e-01 7.497347588148184361e-04
2.187842930755005133e-01 7.469583974767518564e-04
2.187869307631450100e-01 7.439203647677909703e-04
2.187897746515009567e-01 7.406148404721472900e-04
2.187928240216508446e-01 7.370354177001735285e-04
2.187960781026111745e-01 7.331750680098850226e-04
2.187995360710383586e-01 7.290261006972879876e-04
2.188031970499484946e-01 7.245801126289398708e-04
2.188070599842551478e-01 7.198276471180112268e-04
2.188111242825414304e-01 7.147596824483917755e-04
2.188153884795077386e-01 7.093642453453001540e-04
2.188198515039250225e-01 7.036295466958698841e-04
2.188245145386331914e-01 6.975508571904591448e-04
2.188293709534557818e-01 6.910933249023344660e-04
2.188344238685374366e-01 6.842589342085647619e-04
2.188396708650971745e-01 6.770243598985675737e-04
2.188451105086386128e-01 6.693602841215118282e-04
2.188507281313357977e-01 6.613862856431791670e-04
2.188565559757968682e-01 6.527819076180552127e-04
2.188625606681830482e-01 6.437447333320217568e-04
2.188687459053657303e-01 6.341941141419435435e-04
2.188751013443643589e-01 6.240833909509253818e-04
2.188815851509509081e-01 6.133203580425058976e-04
2.188872843136032698e-01 6.007974567335157279e-04
2.188957476300091576e-01 5.909540886766886936e-04
2.189027192810523992e-01 5.781027856824119682e-04
2.189099723731652847e-01 5.646890043394317549e-04
2.189174269734997236e-01 5.504972503508620552e-04
2.189250685926198425e-01 5.354287272783357643e-04
2.189328949118458656e-01 5.193873395363465817e-04
2.189409133431063081e-01 5.022610963091207747e-04
2.189491652458193938e-01 4.839003519760132210e-04
2.189580983326784858e-01 4.637698039457668897e-04
2.190629617375181581e-01 8.612878117751285312e-04
2.189740977231685315e-01 4.203042656773271768e-04
2.189829710211902980e-01 3.951471589536993678e-04
2.189919538948179034e-01 3.674490286822394702e-04
2.190010736581804451e-01 3.365466479315799841e-04
2.191042079760501249e-01 7.796101094924220987e-04
2.190197484769524638e-01 2.604103091750492593e-04
2.190293151726669385e-01 2.100503059664741989e-04
2.190390682898013808e-01 1.408580195985942307e-04
2.191176906468459973e-01 -2.792904796322659422e-14
2.191330993932786297e-01 1.273370433722588457e-04
2.193134569814529644e-01 1.929012505286209489e-15
2.193733525928676376e-01 -1.318389841742373392e-16
2.191768012066512283e-01 5.951086148830581068e-04
2.191862210103028008e-01 5.648024565723108736e-04
2.195267089733727861e-01 -3.810840532025849825e-14
2.195727054948399815e-01 1.002670169114594501e-15
2.192148566772746110e-01 4.660614830591068569e-04
2.197140309129902713e-01 1.530719995201934580e-14
2.192509126408245246e-01 3.639553379853090187e-04
2.197445692463457223e-01 7.702172233337023499e-16
2.192624893911714612e-01 2.317381566477247357e-04
2.192717443759361340e-01 1.087155810343860829e-04
2.194577630840496563e-01 1.277103423014125383e-14
2.195651444804776475e-01 7.979727989493312634e-17
2.196476221813250806e-01 6.245004513516505540e-17
2.197187926280929904e-01 3.400058012914541905e-16
2.197832234130494833e-01 1.838806884535415520e-16
2.198431218519360242e-01 2.775557561562891351e-16
2.198997651129526720e-01 1.595945597898662527e-16
2.199539862272141544e-01 2.046973701652632371e-16
2.200063882379851288e-01 4.510281037539698445e-17
2.200574666793349288e-01 -3.469446951953614189e-18
2.201079157701927302e-01 4.163336342344337027e-17
2.201584901304587116e-01 -1.387778780781445676e-17
2.203129361245862450e-01 2.390448949896040176e-15
2.177845559355443827e-01 4.483168638300236500e-03
2.198749967479478040e-01 4.134647821262851103e-03
2.222076716545929587e-01 2.311461839027601634e-03
2.268295699605406279e-01 2.761534046207325677e-03
2.205001563567472178e-01 -2.348815586472596806e-15
2.205378509165502598e-01 6.071532165918824830e-16
2.205755043701642104e-01 -1.675742877793595653e-15
2.205381226527456939e-01 -6.591949208711866959e-17
2.205806870695805888e-01 2.532696274926138358e-16
2.206889561184904314e-01 3.018418848199644344e-16
2.206644418721312728e-01 -4.267419750902945452e-16
2.207659981165097651e-01 3.747002708109903324e-16
2.208059899513175051e-01 -4.232725281383409310e-16
2.207879677673393326e-01 1.040834085586084257e-16
2.209191537774884695e-01 -4.579669976578770729e-15
2.208842484340113044e-01 3.781697177629439466e-16
2.209102442390818433e-01 6.304332056394912343e-14
2.209503769001113505e-01 1.020017403874362572e-15
2.210178737151853035e-01 3.434752482434078047e-16
2.210308882197470348e-01 4.074171555679129142e-14
2.180942615403606843e-01 6.387251838546603722e-15
2.180941331810339889e-01 -6.709910405078289841e-15
2.180937904071611200e-01 -8.153200337090993344e-16
2.180932327790471581e-01 -1.913053049307222864e-14
2.180924595758022555e-01 7.823602876655399996e-15
2.180914697878994224e-01 1.339206523454095077e-14
2.180902621052482893e-01 -1.783295733304157693e-15
2.180888349021539996e-01 -7.528699885739342790e-16
2.180871862182043597e-01 1.080732725533550820e-14
2.180853137349302029e-01 1.147693051706255574e-14
2.180832147474831006e-01 7.147060721024445229e-16
2.180808861310442603e-01 -9.707512571566212500e-15
2.180783243008362349e-01 -6.519090822720841061e-15
2.180755251649205417e-01 2.465042059363042881e-14
2.180724840684634958e-01 3.920475055707584033e-15
2.180691957287454463e-01 -1.016964290556643391e-13
2.180656541569309659e-01 3.719247132494274410e-15
2.180618525687091358e-01 -4.387809560135735865e-14
2.180577832758690826e-01 -2.873395965607983271e-14
2.180534375593855545e-01 3.882311139236094277e-15
2.180488055065029906e-01 -3.195707587444474029e-14
2.180438763505895272e-01 -1.445024655488680310e-14
2.180386360671152657e-01 -3.309852392163747936e-15
2.180330706585110190e-01 -8.354428260304302967e-15
2.180271597751005652e-01 1.040140196195693534e-14
2.180206993135524185e-01 -2.437980373137804690e-14
2.180143308327797125e-01 -2.822742040109460504e-14
2.180073225645808299e-01 -1.228184220991579423e-14
2.179999908912711171e-01 -1.901603874365775937e-14
2.179925512690023826e-01 -1.368349877850505436e-14
2.179868017071501796e-01 -1.979839903132329937e-13
2.179577200996874742e-01 -4.150499388622108654e-14
2.179578770383245601e-01 1.949829186997931174e-14
2.179472274889583117e-01 -6.787626016802050799e-14
2.179338440200258575e-01 -7.632783294297951215e-15
2.191647542874866905e-01 5.183353746218699598e-15
2.178932738625563581e-01 2.030320356283255023e-14
2.178705518696555377e-01 -4.177214130152151483e-14
2.178539753428622716e-01 3.309852392163747936e-14
2.180480138567838511e-01 3.119032809806299156e-15
2.179470173666420429e-01 8.623657343775903428e-14
2.179102263345709944e-01 1.328798182598234234e-14
2.178844081391073384e-01 -7.563394355258878932e-15
2.178617703414102713e-01 4.229255834431455696e-15
2.189651191735010050e-01 4.434929812949447991e-04
2.178475315594402273e-01 -6.543376951384516360e-15
2.177966371512417287e-01 9.598918881970064376e-14
2.177787136148495728e-01 -1.263225635206310926e-14
2.178330824988702064e-01 8.930356454328602922e-15
2.190103372948183913e-01 3.014360558629448905e-04
2.176397807267567985e-01 2.026157019940910686e-14
2.190293151726849519e-01 -2.100503063636321999e-04
2.196367136594674641e-01 1.849215225391276363e-15
2.189806935366729601e-01 3.017412708583577796e-13
2.185546016835924754e-01 1.452553355374419652e-13
2.188216256630851619e-01 6.124961648978910489e-14
2.187823277567137459e-01 1.669810123505754973e-13
2.194279399708939648e-01 -5.014530457536636732e-13
2.194786834876609749e-01 3.205768983605139510e-15
2.192127227566478820e-01 7.223180387150307524e-13
2.187715781536437032e-01 9.436201819923439871e-14
2.196171686183123195e-01 -2.994167414005488581e-13
2.196604548975750471e-01 2.826905376451804841e-14
2.197028419341212901e-01 5.726183416321362074e-13
2.186722835409937726e-01 1.915342884295512249e-13
2.185623677276274657e-01 -4.888450755302642392e-15
2.185389530252081769e-01 -6.060776880367768626e-14
2.191052559101757391e-01 1.352806755505753245e-13
2.190179852129889027e-01 -2.334243909274391626e-14
2.189558995228264027e-01 -8.464756673376427898e-14
2.189052383149253933e-01 -2.028793799624395433e-13
2.188613013494942472e-01 3.642919299551294898e-15
2.188217398332863162e-01 6.526029716624748289e-15
2.187850875806717776e-01 -1.078998002057574013e-15
2.187502241644605216e-01 2.775557561562891351e-17
2.187161086624503092e-01 -2.185751579730776939e-16
2.186819275033872190e-01 6.325148738106634028e-14
2.186427226590781925e-01 -3.052003094694555330e-13
2.185949523163917829e-01 -3.844147222764604521e-14
2.202118269124379302e-01 1.982095043651099786e-14
2.202845823493967681e-01 3.450573160534986528e-13
2.201974608127768296e-01 -3.144984273006912190e-13
2.203042335294352616e-01 5.916482581636017812e-13
2.201000970620266839e-01 -3.639102907904145923e-14
2.204062064954212252e-01 4.772571227107391678e-14
2.204525711919144981e-01 1.689967610296605471e-14
2.204949637185695255e-01 -7.702172233337023499e-16
2.192934486394264582e-01 -3.761470301899549895e-13
2.191081178282626996e-01 4.049191537625063120e-14
2.189703692880566877e-01 1.888905698521625709e-13
2.207272130190902903e-01 -3.028827189055505187e-15
2.187808350255071310e-01 -2.958050471235651457e-14
2.190698487853943444e-01 -1.044754560641791841e-13
2.210598686489388121e-01 -5.780098621954721239e-15
2.208288527699654724e-01 -8.914396998349616297e-14
2.185524878570297147e-01 3.009537064002643092e-13
2.209373738072704652e-01 -9.256137523117047294e-14
2.184923369701882168e-01 -2.460878723020698544e-14
2.184888944623825935e-01 -4.074934834008558937e-13
2.210573429210500040e-01 8.087280845003874674e-14
