-8.375136423167893751e-01 5.007581454220468853e-01
-8.349366671413899210e-01 5.025489446153987849e-01
-8.278929744309383443e-01 5.069473005812620281e-01
-8.161025563764178203e-01 5.128952898306670116e-01
-7.996163439396538619e-01 5.187562636014600992e-01
-8.153128044131294772e-01 1.420940661849455111e+00
-9.413266214278610544e-01 1.453967912140381014e+00
-9.015128024264605910e-01 1.291928569813043159e+00
-8.337036406689566359e-01 1.469860092199921642e+00
-6.459026999209790398e-01 1.436599198181121473e+00
-7.845897725422218416e-01 1.474321073361224643e+00
-7.780868758600800739e-01 1.353461552139425983e+00
-7.779199871434691049e-01 1.436173631052451771e+00
-7.736696167186526418e-01 1.331191335689230204e+00
-7.868282066140167563e-01 1.402597463566439551e+00
-8.009472210335200071e-01 1.437696246443333825e+00
-8.204336162300730484e-01 1.455778436807724674e+00
-8.289571206827549554e-01 1.451024699583506550e+00
-8.233257491374050829e-01 1.436522330318295237e+00
-8.076490846395031342e-01 1.429423244975941643e+00
-7.966822649119028599e-01 1.427071401371412307e+00
-7.708084348412284070e-01 1.438483359575897902e+00
-7.703875334796485008e-01 1.367588597181982335e+00
-7.699493806408725938e-01 1.302459487209690847e+00
-7.694937470961167314e-01 1.242362148692772505e+00
-7.690202760911367674e-01 1.186678423387867110e+00
-7.685284662324514127e-01 1.134883538806112036e+00
-7.680176530633052723e-01 1.086528683084271973e+00
-7.674869896530278623e-01 1.041227261495383694e+00
-7.669354269878000396e-01 9.986439413098521234e-01
-7.663616957661272266e-01 9.584858279355809030e-01
-7.657642925972070191e-01 9.204952836083372114e-01
-7.651414759227872509e-01 8.844440225339083028e-01
-7.644912806961637886e-01 8.501282093712146937e-01
-7.638115663443317827e-01 8.173643649036055336e-01
-7.631001192309109227e-01 7.859859588472040137e-01
-7.623548339123881190e-01 7.558406677503647364e-01
-7.615739771432123995e-01 7.267884360846383895e-01
-7.607564277182579104e-01 6.987007705483809783e-01
-7.599013851302270917e-01 6.714622074787496286e-01
-7.590058722576970007e-01 6.449755595556206922e-01
-7.200445038483985760e-01 6.228556737526856901e-01
-7.172705367584493175e-01 6.026087646878316439e-01
-7.146890552231714988e-01 5.831886233030465494e-01
-7.122966990720583924e-01 5.645095316391981477e-01
-7.100885038396511639e-01 5.464919984453326940e-01
-7.080584644260733418e-01 5.290618582739370357e-01
-7.062000088837363521e-01 5.121492758091441555e-01
-7.045063924933772093e-01 4.956876372381613383e-01
-7.029710297973966737e-01 4.796122795470540989e-01
-7.015877915555582822e-01 4.638589644136652534e-01
-7.003513101215530501e-01 4.483619300045633693e-01
-6.992573731645435053e-01 4.330512270856352597e-01
-6.983035727667582515e-01 4.178488102149282568e-01
-6.974905933187784957e-01 4.026623909144351199e-01
-9.438830776132969280e-01 3.718721112939449291e-01
-9.410938125659324971e-01 3.634219161210852089e-01
-9.382951038577966862e-01 3.550501179586347256e-01
-9.355044504624976387e-01 3.467575266155151770e-01
-9.327366465931873352e-01 3.385482002316833050e-01
-9.300049486283515909e-01 3.304284965143882147e-01
-9.273221825292181641e-01 3.224060752627178061e-01
-9.247016502208263988e-01 3.144887931850626206e-01
-9.221576824215953483e-01 3.066835025867320486e-01
-9.197057153104365446e-01 2.989948661424450815e-01
-9.173618644186956050e-01 2.914243868919299540e-01
-9.151421152041078200e-01 2.839698668230419276e-01
-9.130613804336974448e-01 2.766254174446698411e-01
-9.111327140867557794e-01 2.693819858774226805e-01
-9.093668959589527034e-01 2.622282157847009021e-01
-9.077724595506067029e-01 2.551514068023101878e-01
-9.063561075515209620e-01 2.481383787651276762e-01
-9.051233948928486539e-01 2.411761435752082239e-01
-9.040795598999540328e-01 2.342523850652848960e-01
-9.032304203401374521e-01 2.273558176389380847e-01
-9.025832907673190242e-01 2.204765377702366802e-01
-9.021478971105614253e-01 2.136065127063675462e-01
-9.019372461914030303e-01 2.067403813491817122e-01
-9.019683303698475818e-01 1.998767735453088612e-01
-9.022623808806298218e-01 1.930203555653779990e-01
-9.028441069347978853e-01 1.861846903737358616e-01
-9.037390382352037399e-01 1.793955827156958893e-01
-9.049680530180783666e-01 1.726936715068196904e-01
-9.065391256196955183e-01 1.661338329378916345e-01
-9.084387809730084529e-01 1.597787202165485976e-01
-9.106283349312219721e-01 1.536863944478121802e-01
-9.130490896559825265e-01 1.478969356918067302e-01
-7.874924188703834593e-01 1.390963789114754157e-01
-7.909657352053200974e-01 1.355548483116917335e-01
-7.944114030798722359e-01 1.320904795548378807e-01
-7.389894537047346779e-01 1.316756726978507430e-01
-7.426957473674283827e-01 1.293901833381081445e-01
-7.462662778008571918e-01 1.271482286936751471e-01
-7.497159752383404374e-01 1.249329432076966562e-01
-7.530602299576004688e-01 1.227345887031481286e-01
-7.563119560748052805e-01 1.205482667216430936e-01
-7.594808214188902840e-01 1.183711755031728874e-01
-7.625740452946517811e-01 1.162006242423276881e-01
-7.655977565362512838e-01 1.140332969687172238e-01
-7.685580087604008126e-01 1.118655140417577076e-01
-7.714610827109169566e-01 1.096938192762240138e-01
-7.743132845586492286e-01 1.075153241930908443e-01
-7.771206780386553659e-01 1.053276697396274830e-01
-7.798890158190978639e-01 1.031288093350439805e-01
-7.826238446093073398e-01 1.009168435888285753e-01
-7.853306415488882086e-01 9.868995532041502372e-02
-7.880149313350972573e-01 9.644635859196371008e-02
-7.906824681491688711e-01 9.418420197054500065e-02
-7.933396191550882159e-01 9.190148718331481170e-02
-7.358478329601851886e-01 8.908659339643798525e-02
-7.386958254682997049e-01 8.759995269245024474e-02
-7.414755861951972671e-01 8.613178746034910738e-02
-7.441927518920270490e-01 8.467122200992949210e-02
-7.468541046504819647e-01 8.321162738947029958e-02
-7.494656151070597794e-01 8.174886437746509138e-02
-7.520322765308410373e-01 8.027960617315010872e-02
-7.545588696682846708e-01 7.880050897127510723e-02
-9.553965341400341149e-01 8.262045089917768870e-02
-7.595142444830529360e-01 7.580091484267215129e-02
-7.619557173527256033e-01 7.427732996711777780e-02
-7.643811080832270122e-01 7.273829994435110358e-02
-7.521259641772621851e-01 7.216804992771952421e-02
-7.546396441768358221e-01 7.131044017581067429e-02
-7.571606269899173736e-01 7.041485496240462716e-02
-7.596952998967819726e-01 6.951023131977751568e-02
-7.622339827225199649e-01 6.862871841249074123e-02
-7.647486092331197138e-01 6.779551498961655653e-02
-7.671981737278300573e-01 6.701768291804888200e-02
-7.695413082165962759e-01 6.627881504259547363e-02
-7.717490777591855533e-01 6.554343009779439733e-02
-9.173575874546060493e-01 6.127567812147516335e-02
-7.757333598134821262e-01 6.390733139681192831e-02
-7.775345580091432840e-01 6.292571940406910258e-02
-7.792400550507662116e-01 6.179156283749609457e-02
-7.808798391057970578e-01 6.047906001140557208e-02
-7.824879125281576364e-01 5.896560920319937615e-02
-7.841037080858058728e-01 5.723027505579891816e-02
-7.857751609059503428e-01 5.525323331049647457e-02
-8.602637399111756622e-01 5.169595012718564142e-02
-8.615888894732053327e-01 5.091910508242314393e-02
-8.629003937647673483e-01 5.001066044657598297e-02
-8.642204236650908866e-01 4.897372824449375273e-02
-9.369830488088436438e-01 5.168213504524588053e-02
-7.402295034804009521e-01 4.930139881853512485e-02
-7.423348185473240823e-01 4.858512581193630275e-02
-7.444093967312619409e-01 4.782258827000118728e-02
-7.464627621419898107e-01 4.700945362914565884e-02
-7.485046204519351098e-01 4.614516080545350007e-02
-7.505415373434055626e-01 4.523020967009494520e-02
-7.525793062887986551e-01 4.426127532026535860e-02
-4.492944511010833475e-01 2.498594110742184959e-01
-4.499902697822449893e-01 2.499529007916962975e-01
-4.518434356492748161e-01 2.501901786744611389e-01
-4.548435343059409330e-01 2.505388761624989247e-01
-4.589712744202014694e-01 2.509492164922220159e-01
-1.109181592550907647e+00 1.244932684771970388e+00
-7.715345419812228434e-01 1.261072928593728770e+00
-7.383248832729538691e-01 1.140878505272610699e+00
-8.682131102771759590e-01 1.167832277070696589e+00
-8.199029089807917670e-01 1.324968269115326613e+00
-6.401922944651097236e-01 1.312520193263484902e+00
-6.347816628353086799e-01 1.210558993949331308e+00
-6.351377721221026507e-01 1.419867818266524973e+00
-6.332348102359356412e-01 1.319084649873115689e+00
-6.535518916097616815e-01 1.449102579147823366e+00
-7.846479834781434626e-01 1.313339277157106411e+00
-6.794141082770580597e-01 1.438518262523774460e+00
-8.209074291819421498e-01 1.369306316846415239e+00
-7.066507661217833469e-01 1.405594258605551428e+00
-7.324592627011857759e-01 1.433075292923723376e+00
-7.543281472599223658e-01 1.442622128574689411e+00
-7.917721951447014295e-01 1.422036709266286447e+00
-7.889955203023223396e-01 1.349059302088175816e+00
-7.860364625503342140e-01 1.282063517502560313e+00
-7.828949980219273019e-01 1.220330847605699098e+00
-7.795744780265759788e-01 1.163262425176299075e+00
-7.760823792250575170e-01 1.110355868131516210e+00
-7.724309547242549367e-01 1.061186845874746432e+00
-7.686376866754378590e-01 1.015394130080703006e+00
-7.647254302325235953e-01 9.726672726165253025e-01
-7.607221432385776749e-01 9.327363440813172257e-01
-7.566601283375833376e-01 8.953633942848626681e-01
-7.525747836449551142e-01 8.603354635449953491e-01
-7.485029568259582433e-01 8.274590677274812345e-01
-7.444810959013399287e-01 7.965560911804111521e-01
-7.405434477296770623e-01 7.674609636455445028e-01
-7.367205450520090126e-01 7.400189103551262360e-01
-7.330381498716440625e-01 7.140849959170778583e-01
-7.295167157112129042e-01 6.895236644789413116e-01
-7.261713337779888144e-01 6.662085126085709463e-01
-7.230120608892778300e-01 6.440220993533187777e-01
-7.580557745804752390e-01 6.191725343677489946e-01
-7.570033238567751566e-01 5.940283082492333611e-01
-7.557288191413176204e-01 5.695734313602968113e-01
-7.501625332942857272e-01 5.471908459229849475e-01
-7.500835689025406872e-01 5.266393149146026964e-01
-7.480938169763446943e-01 5.022180398374624932e-01
-7.495002346705917917e-01 4.864756963365723941e-01
-7.487830907450232498e-01 4.665972349818359177e-01
-7.474888830002071050e-01 4.466014718809021566e-01
-6.798702145576737133e-01 4.491684816148073800e-01
-6.783657490160582837e-01 4.361050093083393975e-01
-7.383120066206290133e-01 4.044551499211228585e-01
-6.758936283113452514e-01 4.108582435267236210e-01
-6.749137528156976540e-01 3.985939551725183883e-01
-6.968250923290272292e-01 3.873750868396439451e-01
-6.963267710415816936e-01 3.718267118161029394e-01
-6.729647542864340970e-01 3.627558401038597502e-01
-6.726527596082082505e-01 3.509848819416567789e-01
-6.725257886419586661e-01 3.392195114813150170e-01
-6.726068504298976514e-01 3.273994300478033637e-01
-6.362803216753279978e-01 3.209015085518513999e-01
-6.348044900116089906e-01 3.122166766766780732e-01
-6.335775135720729256e-01 3.035013745217336467e-01
-6.325843909343998872e-01 2.947230161972187457e-01
-6.318157605813073951e-01 2.858442847480795468e-01
-6.312688787040685590e-01 2.768207473623440773e-01
-6.309497992485608719e-01 2.675973841913454887e-01
-6.308778100405538769e-01 2.581033535505996568e-01
-6.310945411405455285e-01 2.482439045991675641e-01
-7.830261125607049788e-01 2.151887897933897342e-01
-6.007286287923867540e-01 2.368196063248915184e-01
-7.918269427997690624e-01 2.039107220220133243e-01
-7.961000502676210955e-01 1.983400167710662743e-01
-8.003427485869540892e-01 1.928485984034167267e-01
-8.045748592402938160e-01 1.874644373148597332e-01
-8.088008471648981956e-01 1.822115475804118034e-01
-7.508357492924887522e-01 1.792176974256078914e-01
-8.172019969604705780e-01 1.721469149902372653e-01
-7.585787010074027670e-01 1.706429470243036040e-01
-7.623126666526615081e-01 1.664219052370514706e-01
-7.659960986795457671e-01 1.622580996967635247e-01
-8.336439063666942761e-01 1.535711711758687148e-01
-7.732729476733891660e-01 1.541597225661686110e-01
-7.768742558287460298e-01 1.502487649508357226e-01
-7.804468788346994312e-01 1.464367217926905163e-01
-7.839867653851748663e-01 1.427212784793780997e-01
-7.219671600639118170e-01 1.396013560503690520e-01
-7.311414749938556223e-01 1.364775331692409388e-01
-7.351377620733063889e-01 1.340288414058801170e-01
-7.978356134102744246e-01 1.286991230789040763e-01
-8.012447589832988326e-01 1.253788166591269793e-01
-7.380683432522991971e-01 1.243381173497295489e-01
-7.411809442260768321e-01 1.214335447774892440e-01
-7.442767060427137871e-01 1.185907406270942932e-01
-7.473549724286691065e-01 1.158148056334391551e-01
-7.504129148934151061e-01 1.131073495341912150e-01
-7.534481285082027524e-01 1.104666312170969888e-01
-7.564603045780033952e-01 1.078892562112938602e-01
-7.594512139341571544e-01 1.053722427744472334e-01
-7.624234598058116097e-01 1.029141771988659748e-01
-7.113924362417719527e-01 1.023069806256562408e-01
-7.145885052739202603e-01 1.005856037065846476e-01
-7.177269373173432720e-01 9.886830227979137575e-02
-7.208238091623699884e-01 9.715740962829388927e-02
-7.238919763470526014e-01 9.546186182072213811e-02
-7.269374132173926917e-01 9.379592880842557712e-02
-7.299554940735075714e-01 9.217486623230963794e-02
-7.329312985046557705e-01 9.060676350699825576e-02
-7.959940531826759091e-01 8.959620897173503629e-02
-7.986557025492937445e-01 8.726708882679345969e-02
-8.013376317332747689e-01 8.491540940001085502e-02
-8.040558459674286285e-01 8.254835020601336559e-02
-8.068263010827438908e-01 8.018352231010017483e-02
-8.096569162625893989e-01 7.785257692512637107e-02
-8.125338510375141876e-01 7.559845491704408893e-02
-7.390559782776703335e-01 7.546393746766177912e-02
-7.570507884294236378e-01 7.730837748463659231e-02
-7.444533303719216288e-01 7.435632480525988797e-02
-7.470520256422655825e-01 7.369786138339717851e-02
-7.496033431370086042e-01 7.296741680850193923e-02
-7.667952103384961804e-01 7.118536293733246367e-02
-7.692017528609131904e-01 6.962023582093035401e-02
-7.716037686289459741e-01 6.804448065090507036e-02
-7.740038725062003966e-01 6.645952410216238171e-02
-7.764042896498388746e-01 6.486673104247664412e-02
-7.115540943997968881e-01 6.332157506252511503e-02
-7.138511366331032892e-01 6.210804552605475592e-02
-7.836223873142349472e-01 6.005215456819534836e-02
-7.185223713922511690e-01 5.968170008208972810e-02
-7.738109650602074119e-01 6.476737919579544922e-02
-7.908786965068171915e-01 5.517233643774699381e-02
-7.257834684415962467e-01 5.649502051317178974e-02
-7.281509374745644969e-01 5.564193094759928293e-02
-7.193283562031111966e-01 5.472610900455121552e-02
-7.218051242588973127e-01 5.415123131350840779e-02
-7.242545137402841560e-01 5.357184504931744584e-02
-8.588956895326428365e-01 5.233951830436867070e-02
-7.875637488249835894e-01 5.301678212302718407e-02
-7.895524896968761919e-01 5.050975717269889920e-02
-7.336679352866990467e-01 5.123243722755832508e-02
-7.359011668015288388e-01 5.061891937200480029e-02
-7.380866953188283119e-01 4.997742828778450885e-02
-8.669655181276666456e-01 4.649935027277773969e-02
-8.684497485821597307e-01 4.503592590966487563e-02
-7.989078069120537640e-01 4.292159057152011847e-02
-8.007167918658105732e-01 4.233528482996806730e-02
-8.025242180605832720e-01 4.176264441355104218e-02
-8.043063528872675949e-01 4.125193426528106500e-02
-8.059988349296447474e-01 4.080632569297426571e-02
-5.224382150169261108e-01 2.426398918818468697e-01
-5.238622008450188883e-01 2.424217445778527047e-01
-5.276222378512411826e-01 2.418100328102503749e-01
-5.336108443734550733e-01 2.407324382415523267e-01
-5.416574910647554697e-01 2.390956398185808407e-01
-1.195722064507361182e+00 1.152544755260251241e+00
-1.076980747391953708e+00 1.082690306535092795e+00
-1.051829174010164625e+00 9.650210583013292265e-01
-7.121074150635475775e-01 1.046371828489905065e+00
-1.025200297738408484e+00 1.284101971391723440e+00
-8.072522841595619614e-01 1.207546004917671389e+00
-7.956439501984552409e-01 1.109955647129920786e+00
-7.717512739584498904e-01 1.252804568825249154e+00
-7.655673255868696847e-01 1.167714322249383541e+00
-7.693598817781329702e-01 1.240800772960038323e+00
-6.525898080427120496e-01 1.356569325435473150e+00
-7.991237894826602739e-01 1.349025074734296892e+00
-6.788159663195374449e-01 1.355221678829490184e+00
-8.301431987481592278e-01 1.365302727724908571e+00
-8.230146193078523575e-01 1.351159148794669251e+00
-8.049786785099666275e-01 1.348115698600362844e+00
-7.540449492264201803e-01 1.369876903510122812e+00
-7.537588422404065680e-01 1.303409107070701012e+00
-7.534712097926107299e-01 1.242390723745415260e+00
-7.531835007956300121e-01 1.186130662940890979e+00
-7.528972400586163571e-01 1.134047440139348772e+00
-7.526140409186673486e-01 1.085648132097457363e+00
-7.523356199265084365e-01 1.040511986234997632e+00
-7.520638132143867560e-01 9.982775260152811914e-01
-7.518005937627049162e-01 9.586323130114666746e-01
-7.515480878000414533e-01 9.213047501235150927e-01
-7.513085877290044401e-01 8.860574693861694717e-01
-7.510845564726389423e-01 8.526819622733542436e-01
-7.508786155593707434e-01 8.209941931667906756e-01
-7.506935046808929091e-01 7.908309965657570606e-01
-7.505319946465226488e-01 7.620471006968576599e-01
-7.503967280288864616e-01 7.345126475560834756e-01
-7.502899540262780720e-01 7.081110928629766876e-01
-7.502131175128546881e-01 6.827373697566824218e-01
-7.501662619962481404e-01 6.582961877787987248e-01
-7.501472148453407485e-01 6.347003194063361997e-01
-7.501505414297122698e-01 6.118687088724072964e-01
-7.501662659106652642e-01 5.897242355662956070e-01
-7.501783208842903727e-01 5.681909799873086087e-01
-7.540064820352943009e-01 5.459080149313949581e-01
-7.515248671966183736e-01 5.232713819396992427e-01
-7.498894263813281613e-01 5.064398336668025635e-01
-7.442714026385960358e-01 4.835036904357135068e-01
-7.413574831256783959e-01 4.668690544278992771e-01
-7.396908635236385532e-01 4.511018386159031390e-01
-7.388269231712661922e-01 4.355514941219154057e-01
-7.384232150105576320e-01 4.200322985464921555e-01
-6.770424991953404303e-01 4.233486202385150499e-01
-7.384253366092945470e-01 3.887123689879048438e-01
-7.387667849700363387e-01 3.726358972282484139e-01
-6.740992987436769113e-01 3.865160899493489399e-01
-6.734490136001394234e-01 3.745842087622901495e-01
-6.960475784336654925e-01 3.557772534141716569e-01
-6.961315410387003411e-01 3.388296890870527989e-01
-6.400658420171317919e-01 3.382961567064493025e-01
-6.380254049473762512e-01 3.295854220543401603e-01
-6.729359804603465278e-01 3.154523575582175443e-01
-6.735830509257025867e-01 3.032902795037863974e-01
-6.746727934888163691e-01 2.908084562165325071e-01
-6.431545760662515931e-01 2.863253573150845721e-01
-6.438145669626327283e-01 2.778654589744964376e-01
-6.445258726069690303e-01 2.693504122409551282e-01
-6.453714042478706503e-01 2.607307802029590338e-01
-6.464305221018845637e-01 2.519799999960863346e-01
-6.477881251296417897e-01 2.430834246556519140e-01
-6.316836700630910073e-01 2.378880014788991026e-01
-7.874868253953243302e-01 2.095340528053948326e-01
-6.007409491168264060e-01 2.301251127095189641e-01
-6.009532515896888194e-01 2.232895647022528074e-01
-7.378216045716182725e-01 1.924717854673809736e-01
-7.424259660120918758e-01 1.879788195145148944e-01
-7.467413527365245329e-01 1.835695634064826720e-01
-8.130138089079823605e-01 1.771047947303914238e-01
-7.547657879787615931e-01 1.749099021744966453e-01
-8.213560878388054265e-01 1.673293891334564076e-01
-8.254745633663339577e-01 1.626370286887901528e-01
-8.295653906483733131e-01 1.580543402518814755e-01
-7.696469123604530171e-01 1.581660680399350483e-01
-8.377281984147058047e-01 1.491857832936327455e-01
-8.418339006421986515e-01 1.449045183174084706e-01
-8.459706915155094098e-01 1.407381325033145725e-01
-7.185358528435281666e-01 1.428066379382793016e-01
-7.270142522991027700e-01 1.390456716070260779e-01
-7.253055384551920781e-01 1.364544743151965278e-01
-7.285683747631040985e-01 1.333573057153094599e-01
-7.317729512373629674e-01 1.303050859637193692e-01
-7.349352472526851088e-01 1.272974525184882300e-01
-8.046445790489404892e-01 1.221292849743431663e-01
-8.080399017102246617e-01 1.189512783251538419e-01
-8.114348061391248867e-01 1.158461521431637387e-01
-8.148328460320726219e-01 1.128158058404749031e-01
-8.182370809156728209e-01 1.098628087136817033e-01
-8.216499156450244312e-01 1.069904812553086337e-01
-7.860101985488299192e-01 1.033389291912956143e-01
-8.285064575253413555e-01 1.015045068174185161e-01
-8.319498924430466236e-01 9.890039081623358541e-02
-7.653790762212172583e-01 1.005150314091489694e-01
-7.683190261243122432e-01 9.817527027476935508e-02
-7.712434492833181165e-01 9.589514167441337555e-02
-7.741521339592422057e-01 9.367453618328935860e-02
-7.770447244980809298e-01 9.151313951458805995e-02
-7.799207099934062359e-01 8.941051818730505474e-02
-8.787281666928264956e-01 8.597273519085546489e-02
-7.856200525841827709e-01 8.537903788311962394e-02
-7.187561362102133922e-01 8.402487519041157427e-02
-7.912443014939853914e-01 8.157288753796754222e-02
-7.240611399589155228e-01 8.070104292561142145e-02
-9.457158808470484956e-01 8.505394444726022130e-02
-7.995294723348493893e-01 7.627592715043518545e-02
-7.333222536453843921e-01 7.630444279823889175e-02
-7.362358371594784900e-01 7.591739078021908504e-02
-7.367192971204299390e-01 7.322651385959466630e-02
-7.417919272065514047e-01 7.494415019054545546e-02
-7.415492700823551608e-01 7.049544622861025900e-02
-7.439236681927664518e-01 6.917942964809964401e-02
-7.462706775871625897e-01 6.789799255357498176e-02
-7.485881724383596225e-01 6.665033985907764524e-02
-7.022306072854546111e-01 6.801041323558210117e-02
-7.046048362012499178e-01 6.686062222052080450e-02
-7.069444738838873699e-01 6.569785082552770383e-02
-7.092571287763299592e-01 6.451880449741054235e-02
-7.788067866480035129e-01 6.326734466304251292e-02
-7.812126121081393038e-01 6.166234182467222880e-02
-7.161676840314045167e-01 6.088767958319052376e-02
-7.860361414872001351e-01 5.843599777134156348e-02
-7.209234859321006494e-01 5.852408352467119990e-02
-7.699932977398212808e-01 5.539919002739956966e-02
-7.719942242036280655e-01 5.429289523889169189e-02
-8.523751845128888505e-01 5.388042157423278411e-02
-7.304194513668637034e-01 5.485784448673824976e-02
-7.325723008715867568e-01 5.409371486359804138e-02
-7.346122701471362593e-01 5.330382039076031475e-02
-7.266716412536488034e-01 5.299149195884056418e-02
-7.290502646279033439e-01 5.241077097261315210e-02
-7.313839528341318230e-01 5.182667209322722179e-02
-7.419272932914481311e-01 4.925344613271653849e-02
-7.436227592721259549e-01 4.788355047307035761e-02
-8.655678325000628615e-01 4.780649520389390617e-02
-7.951482212244310732e-01 4.402669155058402950e-02
-7.970679395236397458e-01 4.348344022529904151e-02
-8.700820478769341060e-01 4.339899878895248087e-02
-7.677663851698895980e-01 4.080272545581697941e-02
-7.688945686567922877e-01 4.012652213260103906e-02
-6.893182715803213290e-01 4.226337749729314197e-02
-7.711628649999693330e-01 3.935859749323045165e-02
-5.465971704676313436e-01 2.196574044287877836e-01
-5.464363893649353265e-01 2.197539698024801869e-01
-5.460060761475356017e-01 2.200089669552549587e-01
-5.453028485558701899e-01 2.204150543367078274e-01
-5.443216831826416247e-01 2.209601746325557947e-01
-1.261891598057102160e+00 5.578567317310033635e-01
-1.104793262024131195e+00 1.031449080591665401e+00
-1.039321416791627595e+00 9.367631061901788847e-01
-1.031869115699364903e+00 8.758681030006661983e-01
-8.397827491967462255e-01 1.069496393103012810e+00
-1.019654665611319899e+00 1.172596050375578347e+00
-1.014739233341685587e+00 1.081461190356379554e+00
-6.296647345921204675e-01 1.125135660129238158e+00
-6.248280836073990541e-01 1.052401818354022911e+00
-6.313232723078836539e-01 1.232553710101916611e+00
-7.649898132571565368e-01 1.162016615523695506e+00
-6.516037939381256194e-01 1.275462542290183743e+00
-7.971427004353959234e-01 1.270702929208981091e+00
-8.216824277581717961e-01 1.292610537839206541e+00
-7.062428329654519832e-01 1.330833926599007233e+00
-7.321638976256489295e-01 1.358960612130968970e+00
-7.936858160244608662e-01 1.350274742525251481e+00
-7.904249637450938559e-01 1.280006143066473978e+00
-7.868932967978281567e-01 1.215454110967327139e+00
-7.830915404159928261e-01 1.155950352485338728e+00
-7.790280898235897311e-01 1.100939293080713366e+00
-7.747181544243493256e-01 1.049954214981962286e+00
-7.701819586862022060e-01 1.002599295092685194e+00
-7.654431211609112884e-01 9.585367160452069601e-01
-7.605283082917583259e-01 9.174773687814006262e-01
-7.292150731401143560e-01 8.781947123571978153e-01
-7.289342648278384074e-01 8.459455700781315368e-01
-7.450700499271026844e-01 8.099962813068999345e-01
-7.283703114858043337e-01 7.865995862299384189e-01
-7.280789501936120178e-01 7.591864233119610672e-01
-7.277721258687177563e-01 7.330980831392075459e-01
-7.274386070732102860e-01 7.082155774711552665e-01
-7.270618572988216677e-01 6.844300470858275531e-01
-7.266177944936761390e-01 6.616388158675173825e-01
-7.260718392429768020e-01 6.397394244664976748e-01
-7.253765164335231885e-01 6.186202197466018626e-01
-7.244719987699698160e-01 5.981459588703617047e-01
-7.232943608994132356e-01 5.781410421312713765e-01
-7.217884930018386713e-01 5.583810504001103237e-01
-7.198977841561959856e-01 5.386005879566799770e-01
-7.174764457589284383e-01 5.185047310429250489e-01
-6.878730395730628944e-01 5.053985183053699703e-01
-6.855554858408507979e-01 4.906458319738717933e-01
-6.834557883186702654e-01 4.763914532642501420e-01
-6.815639108626633247e-01 4.625820559440789737e-01
-7.450637605338414904e-01 4.262145965304204864e-01
-7.399470050184951964e-01 4.053179989897079949e-01
-7.287235041381975309e-01 3.879812709068268806e-01
-7.211110069741553108e-01 3.799881888921767814e-01
-7.188773404004646927e-01 3.711540201679026652e-01
-7.180582505940944493e-01 3.610753932354475726e-01
-6.483339081647712110e-01 3.648515363926074784e-01
-6.451722731993865256e-01 3.559040980200030013e-01
-7.185136309643180841e-01 3.280550112622624415e-01
-7.193470137867159497e-01 3.166068307916554136e-01
-6.408591843084585626e-01 3.220791015245361155e-01
-6.411434172633050377e-01 3.126515946487478104e-01
-6.417478873657463945e-01 3.035566409319236936e-01
-6.424683431566204916e-01 2.948312554190022361e-01
-6.764334758254901825e-01 2.778999427851174264e-01
-6.792783309329890606e-01 2.645320409784202020e-01
-6.911322914570405818e-01 2.531791440315143138e-01
-6.925921627867555053e-01 2.452162015735035450e-01
-6.942981252979081308e-01 2.372454880889034445e-01
-7.783737053792647576e-01 2.208616444256144007e-01
-6.495461882806423670e-01 2.340415456022884033e-01
-6.518321024848802159e-01 2.248862046527730918e-01
-7.040218342895455672e-01 2.063863696255157087e-01
-7.328454604698314556e-01 1.970938333563148070e-01
-7.105167439593395029e-01 1.923917709292592981e-01
-6.020465907631498137e-01 2.090810675479175540e-01
-7.917014532629095269e-01 1.738611722070466659e-01
-7.213786266269485159e-01 1.739417356289527650e-01
-7.994801691062900506e-01 1.653553710789323894e-01
-6.636961438627618781e-01 1.718642707963693450e-01
-6.948958536731700830e-01 1.641071381745462521e-01
-6.993314089933172495e-01 1.601979910556328157e-01
-8.132045849336653198e-01 1.499121068813096258e-01
-8.163920913784773470e-01 1.462881857130107210e-01
-8.195198659901130611e-01 1.427562840667939703e-01
-7.149945396075860771e-01 1.460819736536964619e-01
-7.227791593592111097e-01 1.417440390763944347e-01
-9.156350067667051729e-01 1.424251631993189715e-01
-8.315598529873200473e-01 1.296358520207494536e-01
-8.344546844898406146e-01 1.266148391006030050e-01
-9.067345304404331729e-01 1.254781971516067962e-01
-7.688144827889585864e-01 1.207169918395483155e-01
-7.714258340811263048e-01 1.180611122477868147e-01
-7.739722740605532447e-01 1.154626195572445724e-01
-8.482207704712738661e-01 1.129292610929051310e-01
-7.789106650865500470e-01 1.104360069259846533e-01
-8.534053832291134123e-01 1.080593331272581281e-01
-8.559283500420785673e-01 1.057424388747651989e-01
-8.250728830683971005e-01 1.042028469852871453e-01
-8.608319646520115054e-01 1.013250543774049106e-01
-7.905552484538324043e-01 9.890102907504871865e-02
-7.927728965862274046e-01 9.676293117370882158e-02
-7.949559006443919218e-01 9.467387694255768871e-02
-7.021559710054360304e-01 9.542160074019334637e-02
-7.049758081934067722e-01 9.336081256234529668e-02
-8.013323164808805465e-01 8.866861139715265239e-02
-7.105667262167597586e-01 8.943609812549024873e-02
-7.827794133682249855e-01 8.736608282038349493e-02
-8.075338690810600628e-01 8.307034448913319657e-02
-7.884418589870519911e-01 8.344835332603639522e-02
-7.214247446958613752e-01 8.233615659148596500e-02
-7.940271760118147171e-01 7.975191003505166520e-02
-7.266639881490462027e-01 7.911726315055012115e-02
-8.172882667169589777e-01 7.464211158533262669e-02
-7.317633371440113166e-01 7.609130555891918668e-02
-7.342586647563255076e-01 7.464096582847501438e-02
-8.154080694067585844e-01 7.345831120520762703e-02
-7.391483705367666301e-01 7.184489674371641321e-02
-8.208350451005494985e-01 6.946302341843080264e-02
-8.232853079893235337e-01 6.745793024254198578e-02
-8.255728638311968792e-01 6.533001664096893535e-02
-8.203438645798751816e-01 6.360203888248694426e-02
-7.508748376477863973e-01 6.543404694351728779e-02
-7.531305657860830616e-01 6.424678858436938533e-02
-7.553551380836356355e-01 6.308720527138378387e-02
-7.575469467215018016e-01 6.195367487609626522e-02
-7.597035609497012620e-01 6.084286671443184247e-02
-7.618232897355510236e-01 5.974898785831794790e-02
-7.639068910881651187e-01 5.866448204443974745e-02
-7.659583811510604079e-01 5.758171445714777015e-02
-7.679844184541457786e-01 5.649466274248537978e-02
-7.233571272028831434e-01 5.745358224117524948e-02
-8.503947341655773151e-01 5.412891280518628001e-02
-7.739985979372649982e-01 5.317519992840447074e-02
-8.542061907341003124e-01 5.359933060958543827e-02
-8.558945278892863273e-01 5.326722154353324967e-02
-8.574502006125714892e-01 5.285686038300041467e-02
-7.365522380708785510e-01 5.245175098714049966e-02
-7.384079561718595031e-01 5.150918295883566422e-02
-7.401946945913443487e-01 5.045161791843577603e-02
-7.918571523492270448e-01 4.774088547066845933e-02
-7.910042749564362152e-01 4.524495821470342349e-02
-6.759427738998375901e-01 4.633107570355821103e-02
-7.470066268281071453e-01 4.445268396661594679e-02
-7.650651499027881774e-01 4.221856219240893715e-02
-7.664797091798912776e-01 4.153652456456891073e-02
-8.719646219190485548e-01 4.158619842306809922e-02
-8.742577715710340147e-01 3.964751357932461140e-02
-7.699495376748876074e-01 3.964614063351312723e-02
-7.354463249960149218e-01 3.919951222321760298e-02
-1.065578795798282075e+00 1.266145404446348266e-01
-1.065765664009644009e+00 1.310849923690384777e-01
-1.066413228815522585e+00 1.426551189817446552e-01
-1.067881998441666536e+00 1.607884502972465324e-01
-1.070596756349632139e+00 1.857263671157793894e-01
-7.792461321533740159e-01 5.227584126736135595e-01
-7.565327279009184114e-01 5.236772806627189025e-01
-7.331934588317099433e-01 5.212082933901642789e-01
-9.910158690802912673e-01 8.601321383565924128e-01
-6.907617503137050141e-01 9.695815591756189455e-01
-8.150609994000262981e-01 9.894864628050704658e-01
-7.932097829068084360e-01 9.229832098793341322e-01
-7.849491446847652876e-01 1.027057548206386173e+00
-7.750131391951551318e-01 9.552288671847983803e-01
-7.594992401318001463e-01 1.094876982119339592e+00
-6.294130794272827512e-01 1.157396832013316779e+00
-7.824446805903305657e-01 1.235320037130294812e+00
-7.801899855670617612e-01 1.166597703979544542e+00
-6.782014485137877191e-01 1.281004736300054070e+00
-8.318389450847856192e-01 1.288121276525352910e+00
-8.227169261979028203e-01 1.272752626047593871e+00
-8.018480210521176099e-01 1.273756134434203435e+00
-7.315650362232483106e-01 1.230159817822741086e+00
-7.312640204281799505e-01 1.173771125984003350e+00
-7.309635031474726041e-01 1.121824077464193659e+00
-7.306644731728761943e-01 1.073778515187262306e+00
-7.303678647513269784e-01 1.029177092431357909e+00
-7.300743628685376629e-01 9.876300303071071651e-01
-7.297844190270975639e-01 9.488030721141529344e-01
-7.294981115978544928e-01 9.124079480471355419e-01
-7.554684602248188385e-01 8.791731750725800820e-01
-7.503007889449347934e-01 8.434093950797435513e-01
-7.286537440167122348e-01 8.154697987375167934e-01
-7.398277126203907095e-01 7.787608002304173827e-01
-7.346286838881019854e-01 7.495393925544348024e-01
-7.295268144967722579e-01 7.221747686910172659e-01
-7.245704469444401719e-01 6.965139502678070471e-01
-7.197996296004033345e-01 6.724096538275438073e-01
-7.152451338403070791e-01 6.497217605082015179e-01
-7.109287405433406537e-01 6.283188091119296104e-01
-7.068644535933437112e-01 6.080787009729774484e-01
-7.030595474537231215e-01 5.888889383229991559e-01
-6.995160726595572864e-01 5.706466393533380366e-01
-6.962319389399006520e-01 5.532579266145631891e-01
-6.932019282949486438e-01 5.366374514093886772e-01
-6.904185987367464916e-01 5.207077812254755633e-01
-7.140568198106408415e-01 4.978322035798425915e-01
-7.085921876783916051e-01 4.768803669646579646e-01
-7.005240110351104166e-01 4.573958575160737006e-01
-6.913479406090520252e-01 4.408358720238714223e-01
-6.826314167810434430e-01 4.267795383306707269e-01
-6.748358693534423081e-01 4.143264023921282568e-01
-6.678205499293986547e-01 4.029568592259107351e-01
-6.615305311611986427e-01 3.926560015592823749e-01
-6.563080653111609264e-01 3.831476672751308321e-01
-6.519987524147248248e-01 3.739236715959193269e-01
-7.178411340667012475e-01 3.503755317237182698e-01
-7.180129786103019995e-01 3.393286348009891817e-01
-6.424343993716805645e-01 3.470604221645621212e-01
-6.970430603519348622e-01 3.202623982623369336e-01
-7.205606667746291549e-01 3.050076935311858417e-01
-7.222431245361751184e-01 2.932808883547839418e-01
-7.245236021032748219e-01 2.814802008670187483e-01
-6.878394800402183318e-01 2.764978624632787874e-01
-6.888023002133438766e-01 2.688813170631136895e-01
-6.898827303500580932e-01 2.610854305896344041e-01
-6.838423862557201360e-01 2.510030066132515891e-01
-7.681018750797091732e-01 2.322689879088470910e-01
-7.734378897474110115e-01 2.265511728097109323e-01
-6.962803968474906569e-01 2.293179676024408309e-01
-6.985601726191129623e-01 2.214907020785281677e-01
-7.011444894474996303e-01 2.138257573720090399e-01
-6.547943377879830162e-01 2.157114487596134556e-01
-7.071613150194189235e-01 1.992282351673522189e-01
-6.013800182328080668e-01 2.162857461601190856e-01
-7.140364542652972712e-01 1.858984626460535861e-01
-7.176703253185502396e-01 1.797515334942498821e-01
-7.956856872082728183e-01 1.695195945624325962e-01
-7.251317166638799883e-01 1.684545950449938267e-01
-6.901697622528973897e-01 1.682732365131522911e-01
-8.065833089703667858e-01 1.574297526275258985e-01
-6.680158317879250074e-01 1.618509815632260818e-01
-7.035225255665229493e-01 1.564761452745910830e-01
-7.075099577524754935e-01 1.528994931646439071e-01
-7.113257647104382908e-01 1.494410904790117733e-01
-7.184587958414976328e-01 1.445642916908596032e-01
-8.256301109591558385e-01 1.359881704015908355e-01
-8.286178767354774877e-01 1.327595877854397255e-01
-7.604471251587745506e-01 1.290866220865556357e-01
-7.633414013464588921e-01 1.262193134817051199e-01
-8.373017416401368207e-01 1.236931569996426727e-01
-8.401012016608745414e-01 1.208670146930321820e-01
-8.428537710286615470e-01 1.181330622154761478e-01
-8.455600676669061677e-01 1.154880598171190709e-01
-7.764646097156615578e-01 1.129206176888299940e-01
-8.508359522659110219e-01 1.104538626912525690e-01
-7.813154936582755727e-01 1.080103109685537355e-01
-7.836816718627129807e-01 1.056446063885569941e-01
-8.584039572754572633e-01 1.034993063696156845e-01
-7.047641829406029457e-01 1.057848778236025744e-01
-7.081223280506599993e-01 1.040366562019803265e-01
-8.354011335952727935e-01 9.639566620639872241e-02
-8.388568120907395897e-01 9.399544137600646110e-02
-7.971071054370294506e-01 9.263006627506875645e-02
-7.992307744787241486e-01 9.062861002876343441e-02
-8.744942682435459247e-01 8.951086150933340591e-02
-8.034163108554963628e-01 8.675225584651191646e-02
-7.133260395457708958e-01 8.757192422344250993e-02
-7.160563751137755117e-01 8.576931318022928963e-02
-8.095566932125526360e-01 8.131051508415687579e-02
-8.115447510330001668e-01 7.959976526309908706e-02
-8.134936171194155907e-01 7.792702637918846875e-02
-7.967898797754272566e-01 7.798586694382514395e-02
-7.292317443457313475e-01 7.758193116564182645e-02
-8.022396426758435783e-01 7.462187348470150638e-02
-8.049117687847072711e-01 7.301796581586761370e-02
-8.075389725977950572e-01 7.145193814836203750e-02
-8.181998677481358007e-01 7.143222586906317062e-02
-8.126675837425798576e-01 6.835912006810529462e-02
-8.151989868760439739e-01 6.679618097238448904e-02
-8.177454906678022217e-01 6.520834135908892826e-02
-8.277508260693455799e-01 6.301679643984892110e-02
-8.230314134092292511e-01 6.200213615784622156e-02
-9.027103539334664362e-01 6.508006016966305651e-02
-8.382960616383373642e-01 5.947220525649021816e-02
-8.399066515144850698e-01 5.845085219487611283e-02
-9.095508458079785141e-01 6.344886378693304074e-02
-8.430196337120369199e-01 5.642835586178152063e-02
-8.406602362618058599e-01 5.535037226963446244e-02
-8.433803149133335397e-01 5.491849067643461701e-02
-7.884540935612992518e-01 5.681102489332179317e-02
-8.482489430413917564e-01 5.436097575944809357e-02
-7.933146784009607044e-01 5.351469284862409026e-02
-7.957693620244999932e-01 5.183261783714399051e-02
-7.760199164362296953e-01 5.204966208887573664e-02
-7.780720327065392405e-01 5.092588200243097774e-02
-7.801646475780021905e-01 4.982120237555265341e-02
-7.822996229096617071e-01 4.875756178578760647e-02
-7.844678801983667737e-01 4.775644363073583420e-02
-7.866525864441554772e-01 4.683204364458304347e-02
-7.888372937826995113e-01 4.599189779853918303e-02
-7.946328177147843341e-01 4.477250578356617439e-02
-7.453042586469671438e-01 4.630155268566560345e-02
-7.635571902393514243e-01 4.278020442402974410e-02
-7.487843350753485838e-01 4.225967146329812074e-02
-7.932112049455838365e-01 3.851595185815148703e-02
-7.301058107890128213e-01 3.935684528505190016e-02
-7.320761172501906167e-01 3.935232003853128546e-02
-7.338385137794343205e-01 3.931471869497582539e-02
-8.281658980930836078e-01 3.736821433358983313e-02
