-8.375136423167848232e-01 5.007581454220533246e-01
-8.349366671413883667e-01 5.025489446153983408e-01
-8.278929744309322381e-01 5.069473005812606958e-01
-8.161025563764152668e-01 5.128952898306667896e-01
-7.996163439396524186e-01 5.187562636014568795e-01
-7.792460844591075908e-01 5.227584168406211873e-01
-7.715345419812206229e-01 1.261072928593732989e+00
-7.383248832729529809e-01 1.140878505272609811e+00
-7.121074150635472444e-01 1.046371828489905287e+00
-6.459026999209790398e-01 1.436599198181120807e+00
-6.401922944651085023e-01 1.312520193263484014e+00
-6.347816628353074586e-01 1.210558993949332196e+00
-6.351377721221009853e-01 1.419867818266525639e+00
-6.332348102359340869e-01 1.319084649873119020e+00
-6.313232723078826547e-01 1.232553710101918831e+00
-6.525898080427121606e-01 1.356569325435472040e+00
-6.516037940199348455e-01 1.275462542402136190e+00
-6.788159663195385551e-01 1.355221678829490628e+00
-6.782014484505065610e-01 1.281004736338783978e+00
-7.062428329654579784e-01 1.330833926599001238e+00
-7.058263049091559882e-01 1.263331996705727489e+00
-7.318653996027918440e-01 1.291632788166791057e+00
-7.315650362247382299e-01 1.230159817826497859e+00
-7.534712097926077323e-01 1.242390723745411929e+00
-7.531835007955565153e-01 1.186130662939889557e+00
-7.690202760911368784e-01 1.186678423387867998e+00
-7.685284662324517457e-01 1.134883538806112258e+00
-7.680176530633058274e-01 1.086528683084270419e+00
-7.674869896530269742e-01 1.041227261495385914e+00
-7.669354269878010388e-01 9.986439413098516793e-01
-7.663616957661258944e-01 9.584858279355809030e-01
-7.657642925972046877e-01 9.204952836083388767e-01
-7.651414759227870288e-01 8.844440225339085249e-01
-7.644912806961656759e-01 8.501282093712116961e-01
-7.638115663443321157e-01 8.173643649036049785e-01
-7.631001192309119219e-01 7.859859588472014602e-01
-7.623548339123877859e-01 7.558406677503630711e-01
-7.615739771432190608e-01 7.267884360846160741e-01
-7.607564277182587986e-01 6.987007705483715414e-01
-7.599013851302542921e-01 6.714622074787922612e-01
-7.590058722576900063e-01 6.449755595555997090e-01
-7.200445038470082437e-01 6.228556737502607410e-01
-7.172705367574121471e-01 6.026087646876098214e-01
-7.146890552432132449e-01 5.831886233143261933e-01
-7.122966990739552084e-01 5.645095316524758600e-01
-7.100885038486303147e-01 5.464919984652140128e-01
-7.080584644330194521e-01 5.290618582743190634e-01
-7.062000088837945277e-01 5.121492758091127362e-01
-7.045063924933814281e-01 4.956876372381642248e-01
-7.029710297973927879e-01 4.796122795470605382e-01
-7.015877915555581712e-01 4.638589644136599244e-01
-7.003513101215504966e-01 4.483619300045553757e-01
-6.992573731645457258e-01 4.330512270856359258e-01
-6.983035727667611381e-01 4.178488102149189309e-01
-6.974905933187847129e-01 4.026623909144435576e-01
-6.740992987436442707e-01 3.865160899493520485e-01
-6.734490136000044203e-01 3.745842087619259964e-01
-6.729647542926009418e-01 3.627558401036223845e-01
-6.424343608201367184e-01 3.470604157944219281e-01
-6.725257886415558772e-01 3.392195114893472585e-01
-6.380254049383874415e-01 3.295854220738287932e-01
-6.362803216771936166e-01 3.209015085546271795e-01
-6.348044900115938916e-01 3.122166766766019119e-01
-6.335775135874488484e-01 3.035013745335273239e-01
-6.325843909343642490e-01 2.947230161971545748e-01
-6.318157605813383704e-01 2.858442847480620053e-01
-6.312688787040616756e-01 2.768207473623374160e-01
-6.309497992485475493e-01 2.675973841912935303e-01
-6.018499455643069318e-01 2.562657766684346416e-01
-6.012821269883315001e-01 2.498724797809406262e-01
-6.009094257791534055e-01 2.433957322962332359e-01
-6.007286287925093227e-01 2.368196063245948668e-01
-6.007409491238169252e-01 2.301251126527981139e-01
-6.009532515896636173e-01 2.232895647020707308e-01
-5.766577137523354324e-01 2.152442283391255984e-01
-5.760662673271417233e-01 2.103533885789214963e-01
-5.757230712469695311e-01 2.052739859930114985e-01
-5.756183672690784459e-01 1.999963541516809329e-01
-5.757497954313326449e-01 1.945055861443720779e-01
-5.761237172349802371e-01 1.887786983763353188e-01
-5.767597839825964190e-01 1.827759099757515493e-01
-5.436895437595606895e-01 1.738609869638050309e-01
-5.437244538615841893e-01 1.704240304486051016e-01
-5.439720635893323664e-01 1.668079438405782877e-01
-5.444305400184294985e-01 1.630149828569855686e-01
-5.451056492975194789e-01 1.590461535771967583e-01
-5.460124580683977102e-01 1.549036019312002299e-01
-5.471770056455043107e-01 1.505957768947423503e-01
-5.486343781901533712e-01 1.461471039532575844e-01
-5.504150955004918355e-01 1.416085739339734140e-01
-5.087521806169944538e-01 1.349176595421626157e-01
-5.094723876829111431e-01 1.323882075841640305e-01
-4.881521946021492031e-01 1.248873508743704175e-01
-4.889854223715051074e-01 1.223790130537727450e-01
-5.126975793124808334e-01 1.239694546274781040e-01
-5.141426817238028413e-01 1.209312592313338541e-01
-5.157859693449469152e-01 1.178063021487261164e-01
-5.176348363393969976e-01 1.146203965173051564e-01
-5.196909275593430966e-01 1.114058980127561327e-01
-5.219455699141302141e-01 1.081990769022620480e-01
-4.733349062114567962e-01 1.036606829131057061e-01
-4.744011282209440461e-01 1.019753484222702955e-01
-4.755715350619791337e-01 1.001758220347823691e-01
-4.768459275889042059e-01 9.827233367031995570e-02
-4.782255097734896543e-01 9.627440146711108149e-02
-4.797132774742596806e-01 9.419166057657313296e-02
-4.813143413107565105e-01 9.203492064898499692e-02
-4.830361288788440621e-01 8.981744636955868444e-02
-4.848883938915476421e-01 8.755640058816771543e-02
-4.326106593606166562e-01 8.160974222047756577e-02
-4.332292509593950181e-01 8.221123658720630445e-02
-4.338609077646970458e-01 8.256460364530737728e-02
-4.345427550582424692e-01 8.263080835321412465e-02
-4.352854199567598448e-01 8.242905040007353357e-02
-4.360877201825463234e-01 8.197890719073686050e-02
-4.369458787425605228e-01 8.129512192065546650e-02
-4.378560228762730655e-01 8.038768519861694273e-02
-4.388148981036461560e-01 7.926221959621115865e-02
-4.398200846579526369e-01 7.792014722174345209e-02
-4.408700790643591549e-01 7.635858264482453528e-02
-4.419643689341436477e-01 7.456992283682506439e-02
-4.431035755922317354e-01 7.254106590360276385e-02
-4.442897540604531792e-01 7.025211036109602070e-02
-4.090936426825019789e-01 6.427866356576572571e-02
-4.101173349664936629e-01 6.456749461044819505e-02
-4.111837988969623825e-01 6.464847300430087707e-02
-4.122859935113967200e-01 6.453984715192162547e-02
-4.134193269663719028e-01 6.425644647372363849e-02
-4.145808077252951529e-01 6.380989768543199325e-02
-4.157684933424546925e-01 6.320899659232881440e-02
-4.169811597184917007e-01 6.246003634087826661e-02
-4.182180995341578389e-01 6.156703434978694212e-02
-4.194789834621106550e-01 6.053185182323361779e-02
-4.207637331423081384e-01 5.935421493973835894e-02
-4.220723518353819981e-01 5.803165300579804509e-02
-4.234046297755646449e-01 5.655938188084119744e-02
-4.247595646640774936e-01 5.493020085005717590e-02
-4.261341511310928754e-01 5.313458571043128131e-02
-4.275207081943837584e-01 5.116149683228354839e-02
-3.793209667949262731e-01 4.663942401949605632e-02
-3.789435102035719760e-01 4.747210492685405292e-02
-3.790603964097459810e-01 4.853693164113948022e-02
-5.242467253135992822e-01 5.142025341971034891e-02
-3.800791027295071234e-01 5.044662211175099387e-02
-3.807910018345629921e-01 5.123759157249629936e-02
-3.815791996371618588e-01 5.192679791568788339e-02
-3.824210740537929976e-01 5.252468364867102224e-02
-3.833017378139013109e-01 5.304130378701032988e-02
-3.842107628845424228e-01 5.348562284742475192e-02
-3.852126714150673203e-01 5.388435571158711745e-02
-4.492944511011000008e-01 2.498594110742238250e-01
-4.499902697822604214e-01 2.499529007916767576e-01
-4.518434356493553627e-01 2.501901786743807587e-01
-4.548435343021697275e-01 2.505388761556950339e-01
-4.589712742065135131e-01 2.509492165738291813e-01
-4.641958553027482060e-01 2.513582488042063190e-01
-7.565327008809384912e-01 5.236769883144440918e-01
-1.039321416791631369e+00 9.367631061901827705e-01
-8.682131102771708520e-01 1.167832277070701696e+00
-6.907617501381229097e-01 9.695815593413463773e-01
-8.072522841595630716e-01 1.207546004917670945e+00
-7.956439501984492457e-01 1.109955647129912792e+00
-6.296647345919549332e-01 1.125135660129722437e+00
-6.248280836681018302e-01 1.052401818056456495e+00
-7.693598817778342092e-01 1.240800772960127585e+00
-6.294130797087875706e-01 1.157396831958570793e+00
-6.275122714017407066e-01 1.091457893173783500e+00
-6.505983620672344259e-01 1.203751604227643268e+00
-6.495776347461568179e-01 1.139857031062372350e+00
-6.775727148484691487e-01 1.214425304000831041e+00
-6.769317820231514071e-01 1.154329145688938185e+00
-7.054024451363313242e-01 1.202045027006424682e+00
-7.049723996221767264e-01 1.146118775184699734e+00
-7.312640204183225023e-01 1.173771125940527016e+00
-7.309634886926534847e-01 1.121824081535324868e+00
-7.528972400586153579e-01 1.134047440139349217e+00
-7.526140409186272695e-01 1.085648132097500884e+00
-7.724309547242429463e-01 1.061186845874742657e+00
-7.686376866742019587e-01 1.015394130080038204e+00
-7.647254302325066089e-01 9.726672726165334071e-01
-7.607221432382804682e-01 9.327363440813980500e-01
-7.566601283375868903e-01 8.953633942848623350e-01
-7.525747836451449624e-01 8.603354635450269905e-01
-7.485029568246933662e-01 8.274590677316572274e-01
-7.444810959013403728e-01 7.965560911804863142e-01
-7.405434477287551331e-01 7.674609636455714812e-01
-7.367205450507114950e-01 7.400189103551513270e-01
-7.330381498389195727e-01 7.140849959270499925e-01
-7.295167157189539342e-01 6.895236644795205150e-01
-7.261713337415627301e-01 6.662085125986934031e-01
-7.230120608883572331e-01 6.440220993544220063e-01
-7.501505414317117815e-01 6.118687088733777424e-01
-7.232943607884566584e-01 5.781410421076104145e-01
-7.217884933195781727e-01 5.583810503795521019e-01
-6.932019254652979079e-01 5.366374593841344298e-01
-6.904186053080147989e-01 5.207077626299453366e-01
-6.878730512964095212e-01 5.053985212324336729e-01
-6.855554857935208801e-01 4.906458319258233391e-01
-6.834557883103573594e-01 4.763914532706952087e-01
-6.815639108629210074e-01 4.625820559432523016e-01
-6.798702145576740463e-01 4.491684816146910286e-01
-6.783657490160599490e-01 4.361050093083247425e-01
-6.770424991952497251e-01 4.233486202382741315e-01
-6.758936283115626331e-01 4.108582435268555155e-01
-6.749137528156367027e-01 3.985939551725088403e-01
-6.968250923296626098e-01 3.873750868389109758e-01
-6.963267710465115279e-01 3.718267118181362019e-01
-6.451722631394332108e-01 3.559041018845912063e-01
-6.726527597255110846e-01 3.509848818740257670e-01
-6.400658423465624969e-01 3.382961540787530197e-01
-6.726068504312072704e-01 3.273994300500562282e-01
-6.729359804544442492e-01 3.154523575437553351e-01
-6.417478873645514614e-01 3.035566409313141811e-01
-6.424683407785789502e-01 2.948312542065703035e-01
-6.062489125928535172e-01 2.812296908148841368e-01
-6.438145670407604548e-01 2.778654589849971490e-01
-6.036012463617443924e-01 2.688526246131057729e-01
-6.026197130568562432e-01 2.625889032662922506e-01
-6.308778100405250111e-01 2.581033535505758980e-01
-5.842356207599515017e-01 2.369200606006369725e-01
-5.819692579335864480e-01 2.329724224994773607e-01
-5.801308782135616848e-01 2.288208077734699142e-01
-5.786608614260135841e-01 2.244783143761983624e-01
-5.775143571587578739e-01 2.199519933899818369e-01
-6.013800200401775431e-01 2.162857588864228742e-01
-5.656053546734307602e-01 2.053202264414666356e-01
-5.658168677041504058e-01 2.005620105697083488e-01
-5.662432816451781203e-01 1.957693028319003048e-01
-5.668602051936403319e-01 1.909674799217968566e-01
-5.676300366665647523e-01 1.861611292192713041e-01
-5.438758113990010967e-01 1.771140923103728948e-01
-5.695265156344951896e-01 1.764358332545004071e-01
-5.706554813574639118e-01 1.714484045178032989e-01
-5.719347636764966492e-01 1.663407514213268712e-01
-5.280081108705148019e-01 1.578562261380900278e-01
-5.288755192962180107e-01 1.542261218817764235e-01
-5.299594538142149425e-01 1.505696824128635036e-01
-5.312431074884071958e-01 1.469318064428937198e-01
-5.078452579748405915e-01 1.394812000836109789e-01
-5.082086537614537436e-01 1.372869699217036388e-01
-4.868192371120603212e-01 1.295917553879557538e-01
-5.375895136787913753e-01 1.327369331226815330e-01
-5.103683775412161117e-01 1.297119394039079054e-01
-5.114419062651990311e-01 1.269013817653199538e-01
-4.899535008569241845e-01 1.197764494609647734e-01
-4.910738321813199470e-01 1.170944551949359980e-01
-4.923614324657281105e-01 1.143555897800807575e-01
-4.938244307651347142e-01 1.115905465481388248e-01
-4.715204941088490531e-01 1.066406420699377300e-01
-4.723740745242503425e-01 1.052202530452515106e-01
-4.452817593841327803e-01 9.791364170116967358e-02
-4.459108539628607870e-01 9.637813105509085432e-02
-4.465907665363952894e-01 9.471939336015844368e-02
-4.473297513956425164e-01 9.293647156490369987e-02
-4.481368315305077066e-01 9.102556029487418598e-02
-4.490236082095652725e-01 8.898006317933826459e-02
-4.500066534599646562e-01 8.679052258996478031e-02
-4.511113851875309666e-01 8.444498027745228619e-02
-4.322045678831160642e-01 8.102999701295932056e-02
-4.868828916055101819e-01 8.527427418495547862e-02
-4.343834407264222097e-01 8.137794084534699657e-02
-4.346546467316713125e-01 8.180922100112075768e-02
-4.350877165547921699e-01 8.194396862650821234e-02
-4.356492996865473089e-01 8.180689457741574522e-02
-4.363157166390598252e-01 8.141713100695846528e-02
-4.370697731943737896e-01 8.078891232827367652e-02
-4.378988325746948629e-01 7.993206598562108134e-02
-4.387936148469344100e-01 7.885227403677341762e-02
-4.397474419741411178e-01 7.755108909647900894e-02
-4.407557742598048334e-01 7.602567192764064785e-02
-4.418159530088313081e-01 7.426817821437259326e-02
-4.429271034648019634e-01 7.226465113975844012e-02
-4.440901727581840763e-01 6.999314613626395065e-02
-4.083125376147380137e-01 6.408781919929595894e-02
-4.093524458865309135e-01 6.436450284264449984e-02
-4.104278777124972799e-01 6.443792714822893508e-02
-4.115344821650448459e-01 6.432356285670826068e-02
-4.126690447900298042e-01 6.403347831124150957e-02
-4.138291973161711268e-01 6.357683932919377945e-02
-4.150132382547447873e-01 6.296021146731600737e-02
-4.162200244829638018e-01 6.218770296674347442e-02
-4.174489111445458533e-01 6.126096009183790159e-02
-4.186997266842238941e-01 6.017900347439097963e-02
-4.199727743352322240e-01 5.893786696064440278e-02
-4.212688511476403996e-01 5.752995969246255115e-02
-4.225892673970957913e-01 5.594300050676737079e-02
-4.239358211012914657e-01 5.415823342620762482e-02
-4.253105958060654501e-01 5.214733181419339836e-02
-4.267151692751047776e-01 4.986668442541386526e-02
-4.289004656559481932e-01 4.900155348382440046e-02
-3.793316423410432181e-01 4.675410564391402346e-02
-3.793624078697303559e-01 4.812272411962537078e-02
-3.794804380063532823e-01 4.954552535076972575e-02
-3.802919484663179195e-01 5.029364554755511030e-02
-3.809708614398656379e-01 5.114749763513670722e-02
-3.817307154375129130e-01 5.187835919992012101e-02
-3.825481244873481512e-01 5.250426964829846277e-02
-3.834076767023892884e-01 5.303975685200135182e-02
-3.842985344493460298e-01 5.349659295327624520e-02
-3.851404605325416952e-01 5.386536135379227375e-02
-5.224382150169192274e-01 2.426398918818555295e-01
-5.238622008451634393e-01 2.424217445774479174e-01
-5.276222378483759190e-01 2.418100328119754394e-01
-5.336108443717686445e-01 2.407324382483684300e-01
-5.416574926064842144e-01 2.390956383578461963e-01
-5.515395392347053338e-01 2.368121402402920683e-01
-4.704726729380067640e-01 2.516958157784510153e-01
-7.331934318452848487e-01 5.212083319152325256e-01
-9.910158689307522195e-01 8.601321386475431208e-01
-8.397827492008899108e-01 1.069496393096688536e+00
-6.729544602809478526e-01 9.056027031803910443e-01
-6.578056585770846176e-01 8.512350476489106699e-01
-7.717512739584656556e-01 1.252804568825232501e+00
-7.655673255869004379e-01 1.167714322249443493e+00
-6.202549397144163645e-01 9.896195274280701337e-01
-7.649898133322349247e-01 1.162016615494934513e+00
-7.605507966817227627e-01 1.092590316486261370e+00
-6.256272999557365155e-01 1.033090780866277925e+00
-6.237632940483449628e-01 9.810177007243893188e-01
-6.485453469104326407e-01 1.082532222281616274e+00
-6.475048560524840902e-01 1.030780470946363714e+00
-6.762805087859733444e-01 1.099781655465079222e+00
-6.756205854883112760e-01 1.050018108897089020e+00
-7.045371753881781718e-01 1.094847227176488635e+00
-7.040976169707993115e-01 1.047641813065296468e+00
-7.306644731752509614e-01 1.073778515187463256e+00
-7.303678648391926931e-01 1.029177092199343724e+00
-7.523356199265107680e-01 1.040511986234950115e+00
-7.520638132218807614e-01 9.982775260140370754e-01
-7.518005937627247892e-01 9.586323130114711155e-01
-7.515480878000300180e-01 9.213047501233195824e-01
-7.513085877289906733e-01 8.860574693861738016e-01
-7.510845564725696644e-01 8.526819622732861870e-01
-7.508786155562285902e-01 8.209941931679389793e-01
-7.506935046808895784e-01 7.908309965657697171e-01
-7.505319946466326719e-01 7.620471006968926320e-01
-7.503967280332186629e-01 7.345126475522630871e-01
-7.502899540245986376e-01 7.081110928671772164e-01
-7.502131175119708395e-01 6.827373697528263952e-01
-7.501662619942580656e-01 6.582961877719121224e-01
-7.253765164566760015e-01 6.186202195459310493e-01
-7.244719990793222486e-01 5.981459582736604608e-01
-6.995160709780146036e-01 5.706466425348990512e-01
-6.962319337470341818e-01 5.532579286065594237e-01
-7.198977862553823659e-01 5.386005883500544211e-01
-7.174764502851685988e-01 5.185047266543990618e-01
-6.916782503554812500e-01 4.880794076411203442e-01
-6.909157591092600637e-01 4.716166773686480962e-01
-6.901687791054693655e-01 4.550683724139548136e-01
-6.554787880829867630e-01 4.353606308286133153e-01
-6.530760987415547003e-01 4.239186660518570182e-01
-6.509011056061503320e-01 4.128203728313495358e-01
-6.489407383679154373e-01 4.020229645910908811e-01
-6.471842727514330873e-01 3.914860827592034909e-01
-6.563075477468472974e-01 3.831478227893616584e-01
-6.519988093220612235e-01 3.739240021351248888e-01
-6.483339069178640779e-01 3.648515375091179180e-01
-6.421277859942174926e-01 3.511892415053714522e-01
-6.414039176486120430e-01 3.414059639465014673e-01
-6.409607539210049332e-01 3.316947535622802867e-01
-6.408592104995196603e-01 3.220790744784418624e-01
-6.411434194746430393e-01 3.126515941951488742e-01
-6.037028484022970432e-01 2.922052217555666243e-01
-6.079392984502693942e-01 2.873440931422788225e-01
-6.431545643290174086e-01 2.863253532627332287e-01
-6.048066232824780286e-01 2.750648879452410878e-01
-6.032020822841384078e-01 2.623020121802006610e-01
-6.039031980602256322e-01 2.549294063624585327e-01
-6.050106071334864222e-01 2.477794135258808428e-01
-5.625346336572771833e-01 2.313900339010248608e-01
-5.676013527382943735e-01 2.278611255057296781e-01
-6.093165574183835309e-01 2.285579899256939829e-01
-5.662495432808430929e-01 2.191367191793374136e-01
-5.658327760487057434e-01 2.146242411042846854e-01
-5.656134408049076079e-01 2.100147901368101255e-01
-6.020465907633623104e-01 2.090810675476042491e-01
-5.198816193542927788e-01 1.843295730116563114e-01
-5.198671512140579098e-01 1.804077738851992407e-01
-5.449784203996301812e-01 1.830321303176236647e-01
-5.442981740597008233e-01 1.801752650265577849e-01
-5.685219327928167088e-01 1.813288773573298318e-01
-5.777172679326822990e-01 1.764052497653947338e-01
-5.268842367148387495e-01 1.648867039960566494e-01
-5.273506662055625904e-01 1.614190528121026702e-01
-5.733998917661303762e-01 1.610951119527772590e-01
-5.340025893242843491e-01 1.502952468226093075e-01
-5.342126489991643190e-01 1.474123038340531266e-01
-5.347506094705437585e-01 1.442218003380943969e-01
-5.326856427394971449e-01 1.433415689171022578e-01
-4.862822727518472110e-01 1.317862021648872339e-01
-5.525184143210462029e-01 1.370510248609315695e-01
-4.874361089182088769e-01 1.272928041578391678e-01
-4.799171394679652702e-01 1.203009503439140815e-01
-5.413044445108979863e-01 1.255303546874795284e-01
-5.414933648098764207e-01 1.220736548063010574e-01
-5.431425202082004189e-01 1.192449451064896415e-01
-4.701441783614005998e-01 1.089980149496279083e-01
-4.707764055553477212e-01 1.079061097865019470e-01
-4.954583389468819044e-01 1.088347412930659175e-01
-4.446941126928079524e-01 9.932341119484333625e-02
-5.243774011971761295e-01 1.050348598625867602e-01
-4.351563381290406429e-01 9.297938293578500435e-02
-5.031845101105849594e-01 9.832987113803626222e-02
-5.052728158547747928e-01 9.581829848968959062e-02
-4.374977392563908496e-01 8.755789129039692753e-02
-4.384488906283149356e-01 8.573118829333781221e-02
-4.394909155905749598e-01 8.391162578438171593e-02
-4.322059196815902227e-01 8.172071723837359691e-02
-4.338309235038919631e-01 8.083233146061319374e-02
-4.343226125443739871e-01 8.061913814521659560e-02
-4.890324364291244175e-01 8.299991684654073332e-02
-4.368019258035699126e-01 7.872290958722261145e-02
-4.379884494354277513e-01 7.760473229606601464e-02
-4.392635363719577524e-01 7.639493314354406373e-02
-4.406264500073801549e-01 7.510477143733940153e-02
-4.420830210206774247e-01 7.374576832674839544e-02
-4.436430736463726210e-01 7.233113873468766108e-02
-4.453193492062960113e-01 7.087656157940602775e-02
-4.471262339458625390e-01 6.940081720647528485e-02
-4.490774628627188236e-01 6.792624085767617892e-02
-4.511824301566508266e-01 6.647864568558192744e-02
-4.072197947965808806e-01 6.299089978103200593e-02
-4.081231829669654809e-01 6.376071691374396444e-02
-4.455270040812735477e-01 6.767423030668950901e-02
-4.468226661305826908e-01 6.476610448301967082e-02
-4.043540648076580091e-01 5.989882346324360007e-02
-4.054534349615585009e-01 5.942948689915628080e-02
-4.065759989340667069e-01 5.890479869966447346e-02
-4.077318885252332881e-01 5.832084119014546708e-02
-4.089294467301771707e-01 5.767060861021877649e-02
-4.101744123545211229e-01 5.694525072240463892e-02
-4.114700567345211946e-01 5.613564777255342086e-02
-4.128181763449394470e-01 5.523353166840050399e-02
-4.142204059462649135e-01 5.423184897050248310e-02
-4.156794646732394072e-01 5.312452648043297643e-02
-4.172002968363033859e-01 5.190590969874020466e-02
-4.187913435015362951e-01 5.057002391998444146e-02
-3.792073862161862707e-01 4.710184840010112062e-02
-3.797113306005948652e-01 4.674119862669146030e-02
-3.800689163985905838e-01 4.525332765508305322e-02
-4.302259005664818559e-01 4.665959417236753559e-02
-3.923369182104039510e-01 4.561284462431136610e-02
-3.797324153483271347e-01 4.929437445752293812e-02
-5.266314046091641332e-01 5.145445358030009686e-02
-5.291310135557899530e-01 5.145940115419933569e-02
-5.317896779867874457e-01 5.153091868028636391e-02
-5.366943681688794987e-01 5.273611131203925773e-02
-5.386237027183361503e-01 5.339748779914166299e-02
-5.404615946464692566e-01 5.398667441665483402e-02
-5.422213837077775045e-01 5.450325894526453219e-02
-5.465971704690565369e-01 2.196574044286205840e-01
-5.464363893705462827e-01 2.197539698021877541e-01
-5.460060761368930038e-01 2.200089669644009760e-01
-5.453028484556636801e-01 2.204150544218284047e-01
-5.443216877146578314e-01 2.209601591938661347e-01
-5.430566294610212896e-01 2.216273354940587748e-01
-5.630019645037374065e-01 2.338241762659412082e-01
-4.777423687874678970e-01 2.518918927469269153e-01
-7.105655217348105790e-01 5.157799707449949311e-01
-9.553783811962874850e-01 7.966469483047523559e-01
-8.150610228015118253e-01 9.894864443466713233e-01
-7.932097863807414662e-01 9.229832234251028611e-01
-7.849491493887792437e-01 1.027057545974884301e+00
-7.750132436459402641e-01 9.552288804573070280e-01
-7.594992403588700647e-01 1.094876982301550061e+00
-6.159274872228792663e-01 9.347886765137676246e-01
-6.118281288364725290e-01 8.864144663887728592e-01
-6.079401321038446770e-01 8.433573437953991725e-01
-7.778385924034465493e-01 1.105658471397930942e+00
-6.219242859616346264e-01 9.342320707170611582e-01
-6.201134057796188204e-01 8.919304793821130062e-01
-6.464591587192137778e-01 9.837955655597544480e-01
-6.454109113303346801e-01 9.409185155259399691e-01
-6.749535263020346454e-01 1.004406822327870152e+00
-6.742806643407559530e-01 9.624214730488008795e-01
-7.036543805995960632e-01 1.004007968281578123e+00
-7.032079054007307484e-01 9.635270685394372592e-01
-7.300743642939635514e-01 9.876300292180084650e-01
-7.297844150180385903e-01 9.488030718691008447e-01
-7.294981118117780383e-01 9.124079475353028545e-01
-7.292150733209882274e-01 8.781947137422629890e-01
-7.289342647873116032e-01 8.459455700704773262e-01
-7.286537450554049222e-01 8.154697992853776611e-01
-7.283703061472228679e-01 7.865995769137783533e-01
-7.280789501805813302e-01 7.591864233136601525e-01
-7.277721258861608034e-01 7.330980832473413811e-01
-7.274386078663086508e-01 7.082155773556195744e-01
-7.270618680536795608e-01 6.844300503607042563e-01
-7.266177946456373604e-01 6.616388160194981438e-01
-7.260718437815014692e-01 6.397394216770494468e-01
-7.068644580223562013e-01 6.080786812514197281e-01
-7.030595470944477343e-01 5.888889398523495800e-01
-6.946954440969483890e-01 5.558204734944169889e-01
-6.939656317444341527e-01 5.383972891296164853e-01
-6.932136028549791273e-01 5.213600312720825247e-01
-6.924477636140409231e-01 5.046203876541125455e-01
-6.642060619883725092e-01 4.722309222543925600e-01
-6.610275102639238121e-01 4.594639574050161102e-01
-6.581239443709752113e-01 4.471923192059197305e-01
-6.575408000519258334e-01 4.278118126521897047e-01
-6.826316815803730176e-01 4.267795158163107949e-01
-6.748361085764487122e-01 4.143265037195154044e-01
-6.678211355260847970e-01 4.029553097243441240e-01
-6.615305236971124048e-01 3.926560159301260011e-01
-6.456242108906068422e-01 3.811710699363746180e-01
-6.442575670907765284e-01 3.710404560717772693e-01
-6.430878083308478876e-01 3.610579078142288623e-01
-6.091672290355335528e-01 3.303428651815769612e-01
-6.077060944818040156e-01 3.225486708257907509e-01
-6.064295487077573377e-01 3.148604983840626037e-01
-6.053348854151565650e-01 3.072551689916449558e-01
-6.044236101737869848e-01 2.997104605566538460e-01
-6.098795174702662525e-01 2.933905523469682031e-01
-6.031874069556656393e-01 2.847201878541425479e-01
-6.029028197691970181e-01 2.772404298094981456e-01
-6.028890149815063770e-01 2.697613508950871264e-01
-5.637823706802681523e-01 2.476754452288993935e-01
-5.632149360431158991e-01 2.422591348533609246e-01
-5.627962214557791221e-01 2.368339349882022660e-01
-5.684747087962698231e-01 2.320918379250662689e-01
-5.624439486230814467e-01 2.259192892869874569e-01
-5.668468323697347655e-01 2.235480248845345130e-01
-5.628671878109534621e-01 2.148861754831818960e-01
-5.634491929775291563e-01 2.093434229467421304e-01
-5.203116109151590951e-01 1.920577157744796093e-01
-5.655496033277079837e-01 1.984307096399671178e-01
-5.670761614790169602e-01 1.932530618310535075e-01
-5.459462427734634860e-01 1.856663746312650076e-01
-5.264620397389202511e-01 1.776460275349074358e-01
-5.264016131470961035e-01 1.746135886838910967e-01
-5.264335434017906046e-01 1.714850240968026629e-01
-5.265862351286314524e-01 1.682438798809124947e-01
-5.794659851280888896e-01 1.695186064880542798e-01
-5.234143626573375396e-01 1.561714130988833826e-01
-5.248182473165474704e-01 1.522079064402697135e-01
-5.264782249327960573e-01 1.484199064603295426e-01
-5.076867127189708118e-01 1.432715803957578249e-01
-5.076681707286477829e-01 1.414830100369732779e-01
-4.858031605729261626e-01 1.338873210482398601e-01
-5.342403232457457740e-01 1.397974917899420522e-01
-5.358769370144808031e-01 1.362735268504291497e-01
-5.369692433227619688e-01 1.305619925414127636e-01
-5.393908230895871903e-01 1.291612239793831218e-01
-5.399214574578674597e-01 1.249275986551841022e-01
-5.433597253314038644e-01 1.218384055862147264e-01
-4.696260618984828827e-01 1.098939977684334490e-01
-4.850528253780215238e-01 1.094573197067840731e-01
-4.330970667220901404e-01 9.984969223178175035e-02
-4.335063014356990152e-01 9.818223737699693920e-02
-4.339845931747089991e-01 9.647935095381909854e-02
-4.991470682912192980e-01 1.034653297162619889e-01
-5.011365997500525360e-01 1.008725218890449415e-01
-4.358553756644483745e-01 9.118977851120790845e-02
-4.366345213106812007e-01 8.938035961345747182e-02
-5.073905132225218217e-01 9.331572032239954240e-02
-5.095287992215049577e-01 9.079775132179168651e-02
-4.313638413021858575e-01 8.232734754764869933e-02
-4.406244467475500248e-01 8.211337631627091405e-02
-4.523789963016775495e-01 8.193152012996818279e-02
-4.347916725665254556e-01 8.054424025450335201e-02
-4.357205484226462366e-01 7.973128427229059234e-02
-4.913488565550421794e-01 8.076851605737367379e-02
-4.938392911943347285e-01 7.861971767933839672e-02
-4.084256548411772658e-01 6.994053931225163723e-02
-4.093500095507652259e-01 6.910537965624485857e-02
-4.103060570827882780e-01 6.819177976261014962e-02
-4.113003067556531001e-01 6.720204772645899105e-02
-5.082661225193392251e-01 7.013633674548769292e-02
-4.134343937974614414e-01 6.500730293752932099e-02
-4.145915030729168671e-01 6.381356592258335958e-02
-4.054788535426380736e-01 6.181294220883160051e-02
-4.063655229795822832e-01 6.284070423498522295e-02
-4.073141126202995954e-01 6.358822774146277723e-02
-4.453080767921246408e-01 6.742055484325137904e-02
-4.465858714356275017e-01 6.449703364189995902e-02
-4.481895993255701205e-01 6.146754957624378513e-02
-4.662463584722575938e-01 5.954548427221206808e-02
-4.688803919643724782e-01 5.869104174025352449e-02
-4.714780388554024593e-01 5.787385975354775169e-02
-4.740244214503924747e-01 5.707024875844468603e-02
-4.765095312996793231e-01 5.625755186425696053e-02
-4.789287214610261634e-01 5.541399224112830701e-02
-4.812834875897160081e-01 5.451877769107715821e-02
-4.835819725670884583e-01 5.355267270340346997e-02
-4.858390046758746528e-01 5.249882154950458180e-02
-3.770273250022464495e-01 4.695868138875058939e-02
-3.782305701918066143e-01 4.716223277043729567e-02
-3.815491756479168495e-01 4.654218428430922927e-02
-3.819734888418733210e-01 4.556892364378373195e-02
-4.281477985686397703e-01 4.724584594714942298e-02
-3.904201680105479078e-01 4.454342832091340298e-02
-3.914020029477651152e-01 4.463765785902706895e-02
-3.939182672040983935e-01 4.632412264962093573e-02
-3.953199020908875205e-01 4.675611335132434654e-02
-3.966164149425694396e-01 4.695340286789062567e-02
-3.978498408931003816e-01 4.694513793149601710e-02
-3.990468652861809962e-01 4.675138902099473803e-02
-4.002260770894069952e-01 4.638693366478530145e-02
-4.014014248677966190e-01 4.586236416706412911e-02
-4.025841992755431753e-01 4.518585094890781306e-02
-3.290650240052036546e-01 1.116684011416821942e-01
-3.293964379894251948e-01 1.118098673441623170e-01
-3.302819606561767651e-01 1.121876269308692553e-01
-3.586818868976879848e-01 1.107209269448536926e-01
-3.627803512315823098e-01 1.120003501704087689e-01
-3.680238641784854270e-01 1.135550155556597218e-01
-5.415017180420171883e-01 2.223948405816058571e-01
-5.396522151942862999e-01 2.232355359884894419e-01
-4.859320429479281889e-01 2.518846507205212415e-01
-6.894252950429323734e-01 5.081244340663030323e-01
-6.700930421070387943e-01 4.989669983234665818e-01
-6.526084783861502148e-01 4.888956875151495574e-01
-6.447110759386438517e-01 8.042920148462915364e-01
-6.332415228799118667e-01 7.632228684503760130e-01
-7.656282910182173884e-01 8.917963037566104534e-01
-7.534967007296342612e-01 1.031852871007030270e+00
-7.475019221487695376e-01 9.767947263080442033e-01
-7.560261258945647489e-01 1.030793640979883463e+00
-6.042479428961355925e-01 8.047332869103923647e-01
-7.753287913309842017e-01 1.051292964631524773e+00
-7.725892276951182858e-01 1.002504652958000397e+00
-6.183330422848527519e-01 8.534640306662621967e-01
-6.165849901113957809e-01 8.183031743023686522e-01
-6.443624097113587190e-01 9.016055083230313238e-01
-6.433158218911171344e-01 8.654038289682991492e-01
-6.736031567126565811e-01 9.236200274654845499e-01
-6.729219576633083122e-01 8.876284992305477628e-01
-7.027583826732768379e-01 9.258423483260581621e-01
-7.023057133228796101e-01 8.906477986933089008e-01
-7.018494820308198712e-01 8.576794082892805759e-01
-7.013889197538281106e-01 8.267077664565194439e-01
-7.009228135976419694e-01 7.975328371985010989e-01
-7.004495450416401425e-01 7.699786862841878632e-01
-6.999669854728520768e-01 7.438897891927399586e-01
-6.994725351090235188e-01 7.191276634595371586e-01
-6.989631093195688427e-01 6.955679826723661918e-01
-7.245704360452615012e-01 6.965139525593908587e-01
-7.197995693224107372e-01 6.724096884039411082e-01
-7.152451296967012873e-01 6.497217647280113528e-01
-7.109287595456295072e-01 6.283188060352491444e-01
-6.960667882490644276e-01 5.921562064655317981e-01
-6.953969853848647187e-01 5.737129386340187320e-01
-6.618452870043503022e-01 5.260707335021057585e-01
-6.611675675959491905e-01 5.108940377101615082e-01
-6.605013554350669391e-01 4.961680985816387945e-01
-6.598506836213183790e-01 4.818470194581416788e-01
-6.592203460504453272e-01 4.678881484118839751e-01
-6.586170716840531458e-01 4.542520005522610038e-01
-6.580506547006901297e-01 4.409029573472456054e-01
-6.913480879038688132e-01 4.408362837378396737e-01
-6.571313757245135223e-01 4.149539701747422260e-01
-6.569257405374426817e-01 4.022889194688767933e-01
-6.190712202897262761e-01 3.732388455415691642e-01
-6.170131884692280355e-01 3.630940744486212957e-01
-6.147304780823737991e-01 3.546136711492215987e-01
-6.126697792047450797e-01 3.463483826764253148e-01
-6.108189309455172022e-01 3.382674391980260431e-01
-6.162970577988986509e-01 3.251163630565316875e-01
-6.159749264961407178e-01 3.169670665974122503e-01
-6.157382657289089956e-01 3.103501890312072575e-01
-6.142498917435188499e-01 3.049839127892970403e-01
-6.120381665382103042e-01 2.993164561738121954e-01
-5.674951918214858892e-01 2.694702279204270745e-01
-5.663485140584945121e-01 2.639794335489393795e-01
-5.653492490463198905e-01 2.585244119715526256e-01
-5.644941958788847192e-01 2.530934484923268446e-01
-5.711331033162053705e-01 2.452243546939973928e-01
-5.702986624764150303e-01 2.405869061048038215e-01
-5.694019271548947936e-01 2.362899452344557893e-01
-6.064171718974198377e-01 2.410078817458387590e-01
-6.079053122918121055e-01 2.346452223228974177e-01
-5.625449631502262848e-01 2.204171294599912567e-01
-5.212595476528021354e-01 1.996565758762307574e-01
-5.207206708762361913e-01 1.958713449966922315e-01
-5.643337074377708928e-01 2.038316181525556825e-01
-5.200313615624982955e-01 1.882117315567661819e-01
-5.472416135051558772e-01 1.880516516509351810e-01
-5.265827714488502398e-01 1.806231419929458237e-01
-5.199963170039676452e-01 1.764437905723243993e-01
-5.202819157638567393e-01 1.724369127241414112e-01
-5.207413687895355858e-01 1.683900625719596533e-01
-5.213981792871125176e-01 1.643132345310074349e-01
-5.222799127448061185e-01 1.602273338379389678e-01
-4.758688998303283180e-01 1.445073328036958760e-01
-5.341269128379311226e-01 1.528440387773166709e-01
-5.079135671182430922e-01 1.448209566036937623e-01
-5.283317682119819114e-01 1.448906607176845274e-01
-4.853585042647874381e-01 1.359236138157478013e-01
-5.356233404366809170e-01 1.407467119250320753e-01
-4.775900603061633554e-01 1.286809384562241920e-01
-4.782335423772257066e-01 1.259087355936658881e-01
-4.790052491606059393e-01 1.231107772791475430e-01
-5.384238525401602304e-01 1.277700738981402129e-01
-4.809795967180447440e-01 1.175001637271027022e-01
-4.821967342337563633e-01 1.147368880206240949e-01
-4.835619263820182812e-01 1.120450129017349639e-01
-5.045130238811322831e-01 1.112871857640047590e-01
-4.435803320082117307e-01 1.017199085774738165e-01
-4.441345898415016702e-01 1.005992808849096587e-01
-4.972430998539716929e-01 1.061200364939902663e-01
-4.914951731290612691e-01 1.002996327742666782e-01
-4.930836710347445973e-01 9.820460763979599328e-02
-4.946588210580337153e-01 9.612882615066364878e-02
-4.962390252561501014e-01 9.405479371336999961e-02
-4.978456460716965681e-01 9.197601809214317470e-02
-4.994994113841252914e-01 8.989569749563108836e-02
-5.012175715717681612e-01 8.782473166413273802e-02
-4.326643265914101866e-01 7.926874271738881816e-02
-4.418458915474970383e-01 8.035279259915917294e-02
-4.431456261959599852e-01 7.864628471213941374e-02
-4.445080101982848420e-01 7.700665648789195572e-02
-4.066490362082095245e-01 7.136561158179333120e-02
-4.075271975665128998e-01 7.069487958115194814e-02
-4.965008249308441313e-01 7.659334128987871360e-02
-4.993151398136526642e-01 7.472271199563929045e-02
-5.022466508668874674e-01 7.302707382701245642e-02
-4.530585533519159158e-01 6.857170619201236050e-02
-4.123402562862019671e-01 6.613908025538939306e-02
-3.963990115813630366e-01 6.115169621655325294e-02
-3.976157958503673817e-01 6.130190601584151189e-02
-4.063970204865952063e-01 6.194624141356097624e-02
-4.534415532151108708e-01 6.508597323616305275e-02
-4.558423781759169402e-01 6.377465843225960107e-02
-4.021811683894196965e-01 6.067033321455905792e-02
-4.032670373647354034e-01 6.031331838055176142e-02
-4.479306531270436098e-01 6.114569963966087762e-02
-4.496504926090855170e-01 5.768800012866015514e-02
-3.632692660269650209e-01 4.927488745756658517e-02
-3.639547471469323781e-01 4.852600041662902264e-02
-4.076735386576490483e-01 5.290658543295712057e-02
-4.090600739309809830e-01 5.248679867139260935e-02
-4.105049437069701046e-01 5.193023231161331132e-02
-4.120021589652589911e-01 5.124880309799140221e-02
-4.135470675424178788e-01 5.044770957035948911e-02
-4.151383810260355078e-01 4.952442382893895712e-02
-3.796311980191565683e-01 4.637357781391782119e-02
-3.806621670921400691e-01 4.668819714415461952e-02
-4.204664393066578909e-01 4.910963052577144161e-02
-4.222481620189620366e-01 4.751460470662660640e-02
-4.241758377988269491e-01 4.576905386405893950e-02
-3.894223927645434902e-01 4.324509021910905027e-02
-4.313689563672348237e-01 4.422974714735650181e-02
-3.930528517935752975e-01 4.553327880944824102e-02
-3.945131759485800971e-01 4.608367982844763233e-02
-3.958579150582371975e-01 4.636049925487295553e-02
-3.971310550911659187e-01 4.640466515038421669e-02
-3.983612741792468825e-01 4.624175196598545590e-02
-3.995688017560437566e-01 4.588846835844773153e-02
-4.007691405722981770e-01 4.535557954270452719e-02
-4.019763025801898482e-01 4.464943517016206620e-02
