-2.715104592503188585e-01 1.234212046577709554e-02
-2.715012790651125663e-01 1.233032344038603734e-02
-2.714767422404232855e-01 1.229877385982841576e-02
-2.714367943574547692e-01 1.224714515521452274e-02
-3.566510536951401633e-01 1.119655942142983029e-02
-2.713101834837758353e-01 1.208154452941356816e-02
-2.712231270003233607e-01 1.196596089917817407e-02
-3.555506177734369389e-01 1.143928652414799574e-02
-2.709998485616421648e-01 1.166325221762559705e-02
-2.708625444725421549e-01 1.147275488337901050e-02
-3.538407302414525724e-01 1.177927992458988049e-02
-2.705321124450800752e-01 1.100159280057450006e-02
-3.523545654490812251e-01 1.206939320530714399e-02
-3.515134910625319908e-01 1.224308531524342936e-02
-2.698685785740368992e-01 1.001070724637587173e-02
-3.496754750426143699e-01 1.266039959627063283e-02
-3.487015454584901364e-01 1.289770360363134971e-02
-3.477042236811516696e-01 1.314184749090807625e-02
-3.466883989294959889e-01 1.338041303420600681e-02
-3.456553168361932160e-01 1.360079029520849803e-02
-3.446034386797169891e-01 1.379184467919519763e-02
-3.435294526544293570e-01 1.394351690214989947e-02
-3.424292288286049368e-01 1.404740846947960531e-02
-3.412972172008903460e-01 1.409455781937546393e-02
-3.401273698953361513e-01 1.407673149587734818e-02
-3.389111666334270745e-01 1.398483969295510887e-02
-3.376370557637303205e-01 1.380861486070755761e-02
-3.362883281225826915e-01 1.353543482584068647e-02
-3.348358875466651008e-01 1.315627865741803015e-02
-2.778034590473325571e-01 9.567446333505535971e-03
-3.313624908988393458e-01 1.206440637260403070e-02
-3.291481823570590048e-01 1.153466008723197378e-02
-3.267117401839437218e-01 1.139644041173493161e-02
-3.244729535022750633e-01 1.154484125123322880e-02
-3.224642427100465336e-01 1.169279532456118931e-02
-3.205433642845765818e-01 1.169624463864393782e-02
-3.186362915485725367e-01 1.149398590104833140e-02
-2.912164125067266407e-01 6.150569488270363205e-03
-3.144496879925414157e-01 9.918022637167123179e-03
-2.887013453099994686e-01 8.193924201849389632e-03
-3.053685887271179733e-01 1.121468001206743503e-02
-3.032799686247283355e-01 1.297666832727933928e-02
-3.014176026148147614e-01 1.444927697869163863e-02
-2.997285964884479070e-01 1.567738330658108303e-02
-2.982539770663785172e-01 1.671601004233180809e-02
-2.969273697291264225e-01 1.762217332877158427e-02
-2.957111905342730829e-01 1.840704878539012324e-02
-2.945835393742173292e-01 1.908770194237202622e-02
-2.935217461847099418e-01 1.966640362907817741e-02
-2.925358663706837392e-01 2.013455451654366790e-02
-2.916456240244831855e-01 2.051018247305042008e-02
-2.908595216679742412e-01 2.081628053214962248e-02
-2.901835583584112532e-01 2.107304450404978713e-02
-2.896270910030027679e-01 2.129993688299408605e-02
-2.892006917053121517e-01 2.152335007419931001e-02
-2.889058573151180864e-01 2.177193388532022711e-02
-2.887385267116756582e-01 2.205893118695695376e-02
-2.887154244546800141e-01 2.236962455586277709e-02
-2.889157985835839049e-01 2.267082247086399382e-02
-2.895351247058886024e-01 2.293780419008994986e-02
-2.910294106905904066e-01 2.319975540170693407e-02
-2.948738961507395562e-01 2.392431198041455875e-02
-3.003029690667883833e-01 3.282544332433212642e-02
-2.966746894081736530e-01 4.161894757003364864e-02
-2.916091184900442279e-01 4.742583363174790456e-02
-2.861331939281852588e-01 5.167222206197530365e-02
-2.804952928080609031e-01 5.488897853152613360e-02
-2.747980280894228855e-01 5.735401321949479270e-02
-2.690924357257188926e-01 5.924067440371633131e-02
-2.634055931170261045e-01 6.066975805307411873e-02
-2.577519159521647896e-01 6.173293581681194020e-02
-2.521392777263017360e-01 6.250515886445823233e-02
-2.465734729615352006e-01 6.305179100924607205e-02
-2.410623634879039967e-01 6.343241528533322127e-02
-2.356199718490476769e-01 6.370162851130822812e-02
-2.302696293418806661e-01 6.390656130780680844e-02
-2.250440957569143641e-01 6.408166136484150233e-02
-2.199807874550325781e-01 6.424350350896451678e-02
-2.151132386175865774e-01 6.438982438280027587e-02
-2.104634245335607889e-01 6.450458039993511861e-02
-2.060390697638543878e-01 6.456618224360666236e-02
-2.018359326189352043e-01 6.455443249460507404e-02
-1.978422175506998892e-01 6.445403123359683129e-02
-1.940426107307727244e-01 6.425518935802038145e-02
-1.904209901781440117e-01 6.395276522108228612e-02
-1.869619001814064596e-01 6.354499383379502708e-02
-1.836511945262722101e-01 6.303232326096191995e-02
-1.804762108030317780e-01 6.241651371669115766e-02
-1.774257133988765833e-01 6.169999412926885363e-02
-1.744897390418359562e-01 6.088542112138761730e-02
-1.716594128043319178e-01 5.997538189468859526e-02
-1.689267653868172514e-01 5.897219334424946835e-02
-1.662845630528639318e-01 5.787776212969986123e-02
-1.637261517876061612e-01 5.669348044551580923e-02
-1.612453122967105745e-01 5.542013924496258515e-02
-1.588361196181716228e-01 5.405784505883315383e-02
-1.564927987679096411e-01 5.260592881951542399e-02
-1.542095648235498329e-01 5.106283560833330126e-02
-1.519804309639543327e-01 4.942598312321122567e-02
-1.497989594317725992e-01 4.769157382842265092e-02
-3.571984862469114175e-01 1.106515073956054751e-02
-3.571594330271494755e-01 1.107480538739691323e-02
-3.570552589006827371e-01 1.110030454120314314e-02
-3.568858428506457292e-01 1.114116633899098208e-02
-3.388829965200630401e-01 8.088223663018812015e-03
-3.563505676228062580e-01 1.126548613782685226e-02
-3.384319901877793635e-01 7.990523867159204929e-03
-2.711198330628211695e-01 1.182702913080047047e-02
-3.550496103459415687e-01 1.154221948637307316e-02
-3.544799436604257892e-01 1.165531082743170854e-02
-2.707070439729024613e-01 1.125318859091567480e-02
-3.531317774144125954e-01 1.191618010170669706e-02
-2.703359875029698323e-01 1.071419136126383620e-02
-2.701160991472701944e-01 1.038607381579026434e-02
-3.506167199536032175e-01 1.244026457072322511e-02
-2.864968309207815977e-01 8.785587541209893825e-03
-2.859394050067936566e-01 9.125294434416175715e-03
-2.853679821437137831e-01 9.440793587163709422e-03
-2.847844201135485975e-01 9.727417393633752685e-03
-2.841900055800886671e-01 9.980523336353241959e-03
-2.835850041065632876e-01 1.019560805362496048e-02
-2.829718026040451417e-01 1.036718742781245206e-02
-2.823492749139926983e-01 1.049219401411249919e-02
-3.203755832740662890e-01 7.540240563473521451e-03
-2.810796936879850771e-01 1.058183473303880850e-02
-3.186023898219882411e-01 7.632526409476481088e-03
-2.797806097554936255e-01 1.041796166234210119e-02
-3.168564162674433193e-01 7.102473284821164690e-03
-2.784653410440956489e-01 9.947442395535854853e-03
-3.332268117786892359e-01 1.266124034788435049e-02
-2.771406554665388766e-01 9.068351568319032996e-03
-2.764789827284713231e-01 8.421065091200774511e-03
-2.758165806100279505e-01 7.581776712815901931e-03
-2.751617720322150906e-01 6.444166191451827785e-03
-2.998758573206293798e-01 4.112456793043395287e-03
-2.566735163458447877e-01 7.264373343187024989e-03
-3.169649217415161369e-01 6.073574260486491738e-03
-3.166345740109176021e-01 1.100359363359809661e-02
-2.899083549781029667e-01 7.325832673692911357e-03
-3.075820029780694242e-01 8.329369457829527423e-03
-2.875962373090370505e-01 8.849620736772312313e-03
-2.866354860014133643e-01 9.375194800341379864e-03
-2.858377828091170914e-01 9.791211903597052402e-03
-2.852391575064272544e-01 1.017676128405969882e-02
-2.847642580937599921e-01 1.066866078127215456e-02
-2.842218936717838540e-01 1.133052306184767488e-02
-2.834281746472321339e-01 1.198257040987549260e-02
-2.824585290575877261e-01 1.246238821107842343e-02
-2.813991514440901676e-01 1.274018480883992721e-02
-2.802977215825649959e-01 1.281888572126593795e-02
-2.791828806025690168e-01 1.270444004646503755e-02
-2.780700380087367529e-01 1.239977730110575216e-02
-3.379173006963046011e-01 9.496549962258238331e-03
-2.758840323066803490e-01 1.118169647392686095e-02
-2.748199533676423112e-01 1.021296290244555482e-02
-2.737759892624572200e-01 8.915510742097010333e-03
-3.217818791259063893e-01 8.521137173262083309e-03
-3.193775464796149155e-01 8.745268137792527874e-03
-3.171870149094961899e-01 8.270787606940332992e-03
-3.152942566231673460e-01 7.026391523261787952e-03
-3.282654603887391054e-01 9.407365380120658038e-03
-3.188426885776194375e-01 1.483502642504519464e-02
-3.060030771144374717e-01 6.425382018655556582e-03
-3.429721929085365328e-01 8.810891948511645477e-03
-3.401413713117546478e-01 8.992702442856992384e-03
-3.370218246119538463e-01 8.050553598312859549e-03
-2.873767344988401584e-01 1.195213783280324460e-02
-2.856521405447645656e-01 1.245418160895322979e-02
-2.840443424207002021e-01 1.271574562736743630e-02
-2.825121575175556510e-01 1.274050814191884928e-02
-2.810249886125522623e-01 1.251080026338885487e-02
-2.795747806756694320e-01 1.198696792093845165e-02
-2.781765668188374008e-01 1.111390552222613071e-02
-2.768537912375003129e-01 9.811758904479883636e-03
-3.178857394306314754e-01 7.604946978120974421e-03
-2.842892899307501442e-01 6.175230348442084516e-03
-2.826522081286830801e-01 8.254852552460112403e-03
-2.809498546076611980e-01 9.118871674649420278e-03
-2.793199652129165766e-01 9.182882050545404518e-03
-3.192374758613086283e-01 8.516826410647437839e-03
-3.168286833204476127e-01 8.003607355263897549e-03
-2.855650061442810972e-01 1.172105669523920701e-02
-2.835143403802620199e-01 1.170967781213660963e-02
-2.816492136969869220e-01 1.113275207440805881e-02
-2.799385898781711624e-01 9.888671054413766814e-03
-2.898729024945632671e-01 9.029539465495950434e-03
-2.878128905838940876e-01 1.047711500192199940e-02
-2.862467435379063563e-01 1.139801893963249269e-02
-2.849884722269087622e-01 1.181984784590706106e-02
-2.909006219037773011e-01 1.346283213760496311e-02
-2.890418555990594274e-01 1.460492387278811144e-02
-2.873923685088052293e-01 1.539791570810250532e-02
-2.858988358760674031e-01 1.592139294118244397e-02
-2.835350356012257822e-01 1.429213943147444876e-02
-2.832656605735677791e-01 1.637930020951344767e-02
-2.820935021652038466e-01 1.638874828096198444e-02
-2.810038225301516590e-01 1.628688769675845638e-02
-2.793909809334736982e-01 1.526699697315248017e-02
-2.790415788876222103e-01 1.581950124503178623e-02
-2.776189506219478020e-01 1.484459443533137080e-02
-3.392543337499012157e-01 8.145328083801472996e-03
-3.392279771062323146e-01 8.141939814543419640e-03
-3.391571534798317744e-01 8.132300376490875227e-03
-3.390421379240319277e-01 8.115199249723648034e-03
-2.713813267785254446e-01 1.217496763150516248e-02
-3.386796340693714047e-01 8.047999289071128270e-03
-2.904433894198729660e-01 5.215532755156460087e-03
-2.901292910272720849e-01 5.618731910989327449e-03
-2.897793281076697647e-01 6.030277894789992654e-03
-2.893953672854453485e-01 6.443895809375488337e-03
-2.889793283682299263e-01 6.855770634357050142e-03
-2.885330795272652016e-01 7.262427623518419306e-03
-2.880589425077672572e-01 7.661266685496659345e-03
-2.875595970432900939e-01 8.050093761915066981e-03
-2.870378200719810868e-01 8.425855002706483798e-03
-2.695873740355793635e-01 9.579058129258077869e-03
-2.692624348605094919e-01 9.078091373413699205e-03
-2.688755862896828330e-01 8.488008176718631059e-03
-2.683889852458694047e-01 7.775824917319817953e-03
-2.677053810710402493e-01 6.885569943761771228e-03
-3.230626698199666746e-01 6.290404211209577046e-03
-3.221556129152873260e-01 6.875733322471100362e-03
-3.212635493854998359e-01 7.282658559756904904e-03
-2.817183804779980205e-01 1.056536355613241218e-02
-3.194884769891419563e-01 7.657211968539856528e-03
-2.804335129497382839e-01 1.053691936516731875e-02
-3.177212086560515236e-01 7.455293554022635050e-03
-2.791253734362603156e-01 1.022642445718929816e-02
-3.160360753951529378e-01 6.542508846256789301e-03
-2.590552911608080544e-01 7.650438542550652699e-03
-2.586149606268036694e-01 7.671796569335531668e-03
-2.581929811665314434e-01 7.657840329081955222e-03
-3.025560262860204075e-01 4.058376475759739588e-03
-3.013229258232491548e-01 4.321363010820589157e-03
-3.198492620525654750e-01 5.023128805018928222e-03
-3.183655375740572779e-01 5.894463119130388673e-03
-2.927543807887534877e-01 4.253788188347484844e-03
-3.156506292383668422e-01 5.705190214741251431e-03
-3.071235058289188413e-01 5.314193962188018538e-03
-3.123940223301713837e-01 7.261025052811065361e-03
-3.129496322410630360e-01 4.745006505388393858e-03
-3.135768681947110337e-01 3.240657793992574032e-03
-2.545035295715781243e-01 6.214250036211843575e-03
-2.538002454170692479e-01 4.718701111499246093e-03
-2.535067427687103803e-01 4.496708804760829459e-03
-3.396515596394939496e-01 3.777752929006228388e-03
-3.569406391162263659e-01 7.016703140728330901e-03
-3.535602389287246239e-01 7.307495696723786960e-03
-3.492053338487133840e-01 7.618627210790818172e-03
-3.456924585771432024e-01 9.049777864763020041e-03
-3.429790801312418980e-01 9.821084764497223230e-03
-3.404475559711885868e-01 9.963550300961965256e-03
-2.769684222893309955e-01 1.189823114182930741e-02
-3.351916493293752852e-01 8.238339817001172349e-03
-3.309322074111004097e-01 4.967496351751088390e-03
-3.245861837791966242e-01 7.407334941603671563e-03
-2.727455291286508543e-01 7.108794005569574193e-03
-2.717052706579336507e-01 4.127976871320326868e-03
-2.867014512999106479e-01 1.375273045702563035e-03
-3.049569726547567416e-01 2.933030501227507081e-03
-3.036806321247838558e-01 4.727173754104363468e-03
-3.011726792769930938e-01 5.761898307232393712e-03
-2.970750628465989585e-01 6.319736592444002987e-03
-2.936782692881909074e-01 8.596564378999027589e-03
-2.913281646817150738e-01 1.012609144015130802e-02
-2.892576733662751143e-01 1.119208698760215670e-02
-3.330431538295314797e-01 4.362940364485257128e-03
-3.240076856138295880e-01 7.211252704806325742e-03
-3.210853992694013836e-01 8.560070856771406778e-03
-3.185466317268962899e-01 8.585061484531752996e-03
-3.163153089664356155e-01 7.647134975521552303e-03
-3.146422435389580885e-01 5.707960978679260666e-03
-3.245127059460116703e-01 6.350063896871316338e-03
-3.209118933070910229e-01 7.808382344652142759e-03
-2.756072390581598697e-01 7.888179105930592794e-03
-3.154284342722698531e-01 5.958349683679531328e-03
-3.026986656676360909e-01 5.054447257930028137e-03
-2.978289087359927700e-01 5.685156611246633407e-03
-2.934796288198734948e-01 8.565846678433353123e-03
-2.905133895078060302e-01 1.018968549363696852e-02
-2.878735248860649354e-01 1.120054698481048883e-02
-3.149741189607178082e-01 6.481048999637972763e-03
-3.220657870139772005e-01 7.035304895996241648e-03
-3.188610705752989438e-01 7.788273082025620742e-03
-2.925883568645136767e-01 7.107563706025499251e-03
-2.783753069284842230e-01 7.639616564497853091e-03
-2.999985485040758681e-01 6.639940939913713258e-03
-2.957043346143781726e-01 9.549373145254336226e-03
-2.930569350854674293e-01 1.185754781364328769e-02
-2.840689973650432076e-01 1.178915004086472651e-02
-2.838002425060401901e-01 1.137920727863045434e-02
-2.846951922694318515e-01 1.176120622472792698e-02
-2.844618974588029592e-01 1.328533002091530912e-02
-2.845297762628063443e-01 1.623413263099310333e-02
-2.824687662864086013e-01 1.488787651951567481e-02
-2.813979807556855617e-01 1.520141326951424121e-02
-2.803667678263681573e-01 1.531107488943528327e-02
-2.799887730628731752e-01 1.609235770148692568e-02
-2.784752611469932804e-01 1.510341236659695774e-02
-2.781565178662203652e-01 1.547930285381077242e-02
