4.426155444923843829e-01 1.179611963664228824e-16
4.426157734468592619e-01 6.245004513516505540e-17
4.426163845312189316e-01 -1.040834085586084257e-16
4.426173776507045243e-01 1.873501354054951662e-16
4.426187526513842840e-01 1.387778780781445676e-16
4.426205093202740803e-01 2.012279232133096230e-16
4.418994832116417415e-01 1.457167719820517959e-16
4.426251665165493732e-01 0.000000000000000000e+00
4.426280663244568370e-01 1.179611963664228824e-16
4.426313463621874833e-01 2.151057110211240797e-16
4.426350061249521572e-01 -1.318389841742373392e-16
4.426390450506185181e-01 2.012279232133096230e-16
4.426434625201582373e-01 -1.387778780781445676e-17
4.419412330517215604e-01 -2.012279232133096230e-16
4.426534303333191089e-01 -1.110223024625156540e-16
4.419585672757497807e-01 -6.245004513516505540e-17
4.426649034946451011e-01 -2.359223927328457648e-16
4.426712024448894445e-01 9.714451465470119729e-17
4.426778750621411240e-01 2.081668171172168513e-16
4.426849203468207206e-01 -1.804112415015879378e-16
4.426923372490906283e-01 -1.249000902703301108e-16
4.420243422086184149e-01 -7.632783294297951215e-17
4.427082814808716571e-01 1.734723475976807094e-16
4.427168066057011742e-01 1.387778780781445676e-16
4.420646522776061627e-01 -6.730727086790011526e-16
4.427349555369561873e-01 1.110223024625156540e-16
4.427445774313961691e-01 -9.534040223968531791e-15
4.427545623437799671e-01 -2.983724378680108202e-16
4.427649092609067805e-01 1.179611963664228824e-16
4.421421546533984004e-01 -1.098426904988514252e-14
4.427866776314950958e-01 2.081668171172168513e-16
4.427981007075516007e-01 -1.110223024625156540e-16
4.428098793879063355e-01 -7.632783294297951215e-17
4.558884770063794667e-01 2.706168622523819067e-16
4.428345025323511819e-01 1.387778780781445676e-16
4.422509719361602532e-01 -1.040834085586084257e-16
4.428606245275724662e-01 -6.938893903907228378e-18
4.521334193149130209e-01 5.898059818321144121e-16
4.487864558743606125e-01 -9.714451465470119729e-17
4.527947100392218927e-01 -2.914335439641035919e-16
4.431074161351405971e-01 5.537237335317968245e-15
4.429315341855349919e-01 -8.326672684688674053e-17
4.488760703181353118e-01 4.371503159461553878e-16
4.429623538865706256e-01 -7.632783294297951215e-17
4.429783239707913434e-01 7.216449660063517513e-16
4.429945356724834249e-01 -1.457167719820517959e-16
4.430111750125883541e-01 8.326672684688674053e-17
4.430283198790082588e-01 3.191891195797325054e-16
4.434827069707051872e-01 -1.560696016866813807e-13
4.430620206448040443e-01 1.044997421928428594e-14
4.499608134456089537e-01 1.734723475976807094e-16
4.441801797907573013e-01 0.000000000000000000e+00
4.431168660831091288e-01 3.747002708109903324e-16
4.571996529987522040e-01 -1.007804950603485850e-13
4.431547980451067681e-01 2.844946500601963635e-16
4.499093339453050788e-01 2.636779683484746784e-16
4.460357144046824818e-01 1.325328735646280620e-15
4.538391589861007769e-01 2.012279232133096230e-16
4.427983874645603501e-01 2.428612866367529932e-16
4.432548984494144029e-01 1.032993135474669089e-13
4.551265540994761105e-01 1.443289932012703503e-15
4.507518487193001300e-01 1.269817584415022793e-15
4.471964208308554789e-01 4.773959005888173124e-15
4.508028717561421983e-01 9.159339953157541458e-16
4.444368887370951926e-01 1.804112415015879378e-16
4.511507955010609083e-01 5.412337245047638135e-16
4.434085281510258825e-01 4.371503159461553878e-16
4.434368206606099094e-01 -2.636779683484746784e-16
4.513304451537372697e-01 4.121702978920893656e-15
4.537986068509530235e-01 1.568190022283033613e-15
4.515805910278398727e-01 7.424616477180734364e-16
4.476095832358348292e-01 1.311450947838466163e-15
4.526163478875431245e-01 8.257283745649601769e-16
4.435722804858424073e-01 4.857225732735059864e-16
4.447733480987676180e-01 1.817990202823693835e-15
4.494384779643497696e-01 4.163336342344337027e-17
4.470091879721784234e-01 7.771561172376095783e-16
4.454219762437927610e-01 1.602884491802569755e-15
4.502521351436348240e-01 7.327471962526033167e-15
4.455454706095949291e-01 3.726186026398181639e-15
4.437513145511158275e-01 4.024558464266192459e-16
4.437778077252637066e-01 -2.442976376748617895e-13
4.531415896020725698e-01 2.914335439641035919e-15
4.506884873500525690e-01 7.355227538141662080e-15
4.489261660200211668e-01 6.175615574477433256e-15
4.472323156689563817e-01 1.103978020111640035e-14
4.525546321971369856e-01 4.371503159461553878e-16
4.551522186329482467e-01 2.199629367538591396e-15
4.476890597682258166e-01 7.077671781985372945e-16
4.538743828169137240e-01 2.775557561562891351e-17
4.511842577102280760e-01 3.476385845857521417e-15
4.452628782300457333e-01 7.535638779643250018e-15
4.529414137900206194e-01 3.060052211623087715e-15
4.475898784256487350e-01 1.734723475976807094e-15
4.441433700560164510e-01 1.307981500886512549e-14
4.498528414206126591e-01 8.118505867571457202e-16
4.502884308876570207e-01 2.706168622523819067e-16
4.493632461778387932e-01 3.330669073875469621e-15
4.531277323859754791e-01 1.755540157688528780e-14
4.488183644831822972e-01 3.469446951953614189e-16
4.418878161744869693e-01 2.359223927328457648e-16
4.418881928580587481e-01 3.122502256758252770e-16
4.418891980352016025e-01 -6.245004513516505540e-17
4.418908310068763168e-01 6.314393452555577824e-16
4.418930906398098046e-01 -2.081668171172168513e-17
4.418959753706472315e-01 2.220446049250313081e-16
4.426226473855073840e-01 1.249000902703301108e-16
4.419036117578443168e-01 9.714451465470119729e-17
4.419083581957317097e-01 1.387778780781445676e-16
4.419137193132051666e-01 3.747002708109903324e-16
4.419196915108756785e-01 -2.081668171172168513e-17
4.419262708145551555e-01 3.816391647148975608e-16
4.419334528888433922e-01 1.804112415015879378e-16
4.426482578581478755e-01 2.775557561562891351e-17
4.419496062900331590e-01 3.677613769070831040e-16
4.426589791591710732e-01 -6.245004513516505540e-17
4.419681103828965729e-01 -9.714451465470119729e-17
4.419782297050314224e-01 3.747002708109903324e-16
4.419889190731490780e-01 3.330669073875469621e-16
4.420001720738950257e-01 9.020562075079396891e-17
4.420119820679493383e-01 -1.595945597898662527e-16
4.427001246718510474e-01 -4.857225732735059864e-17
4.420372454574432730e-01 2.983724378680108202e-16
4.420506846062664530e-01 1.873501354054951662e-16
4.427256977446389352e-01 -4.926614671774132148e-16
4.420791408763200536e-01 -2.012279232133096230e-16
4.420941362971524957e-01 -2.255140518769849223e-14
4.421096523504723930e-01 -6.938893903907228378e-18
4.421256582465321605e-01 4.371503159461553878e-16
4.427758706778675002e-01 7.528699885739342790e-15
4.421591337971483848e-01 -7.632783294297951215e-17
4.421765887686279761e-01 3.330669073875469621e-16
4.421945224636341654e-01 -4.163336342344337027e-17
4.428220131895105882e-01 4.649058915617843013e-16
4.422316995632043501e-01 7.632783294297951215e-17
4.428473530023714355e-01 5.065392549852276716e-16
4.422706778885376333e-01 -2.081668171172168513e-17
4.489477278955301132e-01 4.857225732735059864e-16
4.428878303451928011e-01 -1.295213936103323249e-13
4.429020660893472350e-01 -3.484018629151819368e-14
4.429166317976175327e-01 2.763345108292014629e-13
4.510843551846446808e-01 5.551115123125782702e-16
4.429467745242114951e-01 2.289834988289385365e-14
4.538633109360145079e-01 4.902328543110456849e-14
4.453802808289879511e-01 -1.616762279610384212e-15
4.424662507661524247e-01 -2.081668171172168513e-17
4.530812604054896831e-01 -2.067790383364354057e-15
4.453849250789802539e-01 -1.908195823574487804e-15
4.430289995812142223e-01 2.737116089335245306e-13
4.425632031796187249e-01 1.994931997373328159e-14
4.509675657683813177e-01 -2.221139938640703804e-14
4.441801798039138327e-01 7.077671781985372945e-16
4.426386077778690087e-01 2.664535259100375697e-15
4.431356799592606199e-01 2.480654570646834145e-14
4.559908155058122747e-01 1.491862189340054101e-15
4.499093339379393042e-01 6.245004513516505540e-16
4.440478913702958219e-01 -2.664535259100375697e-15
4.563377132638974376e-01 6.175615574477433256e-16
4.432342647042125106e-01 9.367506770274758310e-16
4.428260848301628916e-01 -1.989519660128280520e-13
4.478668443506130803e-01 1.228184220991579423e-15
4.521864644918026643e-01 1.519617764955683015e-15
4.471964196051409490e-01 4.947431353485853833e-15
4.508028717561377019e-01 -1.387084891391054953e-14
4.433626427932157998e-01 1.300348717592214598e-14
4.544917553553347034e-01 -4.614364446098306871e-15
4.483509154250228668e-01 1.137978600240785454e-15
4.430566617358223658e-01 9.020562075079396891e-17
4.478869961780938547e-01 -1.154007445158811151e-13
4.499453625184619554e-01 -2.095545958979982970e-15
4.515806028650714010e-01 7.216449660063517513e-16
4.476095781761085801e-01 6.591949208711866959e-16
4.555111445610471876e-01 4.093947403305264743e-15
4.501788257129924475e-01 6.522560269672794675e-16
4.449944004214738125e-01 4.940492459581946605e-15
4.525646667383064758e-01 1.471045507628332416e-15
4.436478410638712289e-01 6.591949208711866959e-16
4.508613129857893531e-01 5.828670879282071837e-16
4.502521351198093269e-01 6.661338147750939243e-15
4.529065678739317979e-01 -4.447830992404533390e-15
4.477142816717171181e-01 1.984523656517467316e-15
4.434932537977157030e-01 -4.260411468059999152e-13
4.531415896021467327e-01 1.602884491802569755e-15
4.482007439136850846e-01 2.060157600070056105e-14
4.489258598252744425e-01 6.862566070964248865e-15
4.472323156331653449e-01 7.639722188201858444e-15
4.520658697655688951e-01 2.435551760271437161e-15
4.474454610973969126e-01 2.726985304235540752e-15
4.502961665562447702e-01 -3.538835890992686473e-16
4.545772760538082657e-01 2.151057110211240797e-16
4.498672199203324618e-01 3.816391647148975608e-16
4.504250551169866057e-01 3.393119119010634677e-15
4.512483734023726156e-01 9.062195438502840261e-15
4.484451302454808830e-01 8.520961713998076448e-15
4.440452404674289366e-01 8.286427100046012129e-14
4.546074782152530469e-01 3.871902798380233435e-15
4.530133342997127444e-01 7.563394355258878932e-16
4.490564392133669092e-01 8.527900607901983676e-15
4.451829366801952625e-01 1.785377401475329862e-14
4.516298000779635502e-01 1.228184220991579423e-15
4.610179903865324613e-01 3.531896997088779244e-15
4.610182111154063622e-01 3.030908857226677355e-13
4.610188002931040474e-01 -5.853650897336137859e-14
4.610197579598558915e-01 -4.739264536368636982e-15
4.610210841792915515e-01 -1.984801212273623605e-13
4.610227790433250594e-01 2.046973701652632371e-15
4.610248426642706288e-01 -1.748601263784621551e-15
4.610272751824966431e-01 -5.053596430215634427e-14
4.610300767630277630e-01 9.852327287340756357e-13
4.610332475953009546e-01 -3.298819550856535443e-13
4.610367878944000575e-01 6.480233016858960582e-14
4.610406979018148999e-01 -3.179123631014135754e-13
4.610449778830609247e-01 1.068589661201713170e-15
4.610496281296930787e-01 -1.707523011873490759e-13
4.610546489598267295e-01 -4.024558464266192459e-16
4.610600407155218683e-01 -2.989344882742273057e-13
4.610658037665864573e-01 1.453073772417212695e-13
4.610719385075717214e-01 3.126665593100597107e-14
4.610784453591044718e-01 -1.595945597898662527e-16
4.610853247675087974e-01 -6.528111384795920458e-14
4.610925772073229956e-01 1.136521432520964936e-13
4.611002031745953245e-01 1.784891678902056356e-13
4.611082031914683910e-01 2.144118216307333569e-15
4.611165778176462560e-01 -7.674416657721394586e-15
4.595808953399985186e-01 9.853229343548264296e-15
4.611344532071143254e-01 4.120107033322994994e-13
4.396761217622232598e-01 -4.649058915617843013e-16
4.611538342146158653e-01 7.917277944358147579e-15
4.611640910235018653e-01 5.689893001203927270e-16
4.426088932917133234e-01 -2.983724378680108202e-15
4.611857406634438661e-01 -3.115563362854345542e-15
4.611971350174990381e-01 3.060052211623087715e-15
4.612089102007118635e-01 2.873118409851826982e-13
4.422128617996748945e-01 -1.966482532367308522e-14
4.612336038123388549e-01 -9.375139553569056261e-14
4.612465261124028548e-01 1.387778780781445676e-16
4.598501753315828444e-01 4.427014310692811705e-15
4.489477278955741335e-01 -4.136274656119098836e-14
4.423113634815303286e-01 -2.633240847593754097e-13
4.423323300848679973e-01 3.232136780439986978e-14
4.423537102099487917e-01 3.989170105356265594e-13
4.510843551846505095e-01 -5.412337245047638135e-16
4.423973986384784896e-01 -1.471281430021065262e-12
4.538633109360006856e-01 -7.059630657835214151e-14
4.453802808289492599e-01 1.068589661201713170e-15
4.611222507512167668e-01 -1.378064329315975556e-14
4.530812604039525238e-01 -2.376571162088225719e-14
4.453849250806494742e-01 2.532696274926138358e-15
4.425382672505183690e-01 6.266029362045344442e-13
4.563623156372606515e-01 -3.540362447651546063e-13
4.509675657586309505e-01 -3.851780006058902472e-14
4.430983492938734281e-01 -1.042776975879178281e-13
4.402825658226287575e-01 1.045691311318819317e-14
4.426645964896013807e-01 -3.236994006172722038e-14
4.559908154932125757e-01 -1.873501354054951662e-15
4.431742262409416044e-01 1.038127916963560438e-13
4.440478912663199385e-01 3.039235529911366029e-15
4.432139198443930672e-01 5.238171008059566702e-14
4.616473292414799978e-01 -1.511984981661385063e-14
4.548554279307007731e-01 -7.355227538141662080e-16
4.478668443506043650e-01 -1.572353358625377950e-14
4.507518487193133971e-01 1.915134717478395032e-15
4.441299709841823873e-01 -1.697947338286098784e-14
4.433404524465536234e-01 -1.908195823574487804e-15
4.429674857478652639e-01 -1.025630969042623519e-12
4.544917553553309841e-01 2.002564780667626110e-14
4.483509154250346906e-01 1.630640067418198669e-14
4.423972399263477184e-01 3.144706717250755901e-14
4.557279925741983817e-01 -1.165040286466023645e-14
4.499453625185645955e-01 -4.089090177572529683e-14
4.443317745128723684e-01 -3.191891195797325054e-16
4.435236774699643503e-01 8.745851265423709719e-13
4.540146701577388866e-01 -6.217248937900876626e-15
4.501788257129619164e-01 6.453171330633722391e-16
4.449944004198982395e-01 -3.635980405647387670e-15
4.525646667383186328e-01 4.725386748560822525e-15
4.470091879721328487e-01 -1.583455588871629516e-14
4.508613129857744206e-01 2.252364961208286331e-14
4.520931815876255699e-01 2.670086374223501480e-14
4.529065678739088718e-01 -1.831867990631508292e-14
4.477142816717240015e-01 -8.604228440844963188e-15
4.426529976477689421e-01 6.959710585618950063e-15
4.549240191602438310e-01 1.242062008799393880e-14
4.482007439137163929e-01 -1.130345816946487503e-14
4.514484130731184486e-01 9.957312752106872722e-15
4.460359205077132905e-01 3.171768403475994091e-14
4.520658697652854552e-01 1.644517855226013126e-15
4.474454610970799995e-01 2.900457651833221462e-14
4.502961665562125737e-01 8.623657343775903428e-14
4.455514572034883769e-01 1.373207103583240496e-14
4.547789017402346645e-01 6.307454558651670595e-15
4.504250551171670169e-01 -3.243239010686238544e-14
4.512483726714620613e-01 2.552819067247469320e-14
4.484451302454769417e-01 -1.627864509856635777e-14
4.440452121583415290e-01 2.007907728973634676e-13
4.546074782152138005e-01 -1.054711873393898713e-14
4.470415771479563927e-01 2.663841369709984974e-14
4.490564392057190268e-01 -2.982336599899326757e-14
4.531277323859771444e-01 -3.131522818833332167e-14
4.488183644831170716e-01 1.193906085106277715e-13
