-2.715104592494553271e-01 1.234212046516469652e-02
-2.715012754681689344e-01 1.233033557310664330e-02
-2.714767406912040326e-01 1.229877417333574696e-02
-2.714367937012379106e-01 1.224714520815040064e-02
-2.713813283756191241e-01 1.217496552750430006e-02
-2.713101834838249626e-01 1.208154452942311607e-02
-2.712231270003190864e-01 1.196596089919732542e-02
-2.711198330628251663e-01 1.182702913082572804e-02
-2.709998485616195163e-01 1.166325221795461164e-02
-2.708625444725543674e-01 1.147275488339705163e-02
-2.707070438299505888e-01 1.125318843735123586e-02
-2.705321124463668792e-01 1.100159279467116669e-02
-2.703359875121905675e-01 1.071419134011136753e-02
-2.701160971297225100e-01 1.038607604877322954e-02
-2.698685761309672637e-01 1.001070440471679701e-02
-2.695873710303162696e-01 9.579054722907431874e-03
-2.692624283487133341e-01 9.078125448287566179e-03
-2.853679821108009995e-01 9.440793873525421542e-03
-2.847844201184132062e-01 9.727417426590445615e-03
-2.841900055793069590e-01 9.980523338188440619e-03
-2.835850006819699565e-01 1.019561059610019083e-02
-2.829718213637119617e-01 1.036720974330207490e-02
-2.823492758165674354e-01 1.049219273153140231e-02
-2.817183966681711671e-01 1.056536010494840694e-02
-2.810797364396220299e-01 1.058180376458112137e-02
-2.804335133248582190e-01 1.053691958175084764e-02
-2.797806100436763810e-01 1.041796170040060199e-02
-2.791253394670660803e-01 1.022643909668208284e-02
-2.784653409404813651e-01 9.947442424960095675e-03
-2.778034593034686139e-01 9.567446930991541088e-03
-2.771406555767181867e-01 9.068351533535412567e-03
-2.581929127102136623e-01 7.657830837554058245e-03
-3.267117401839418345e-01 1.139644041173448752e-02
-2.574201372979741387e-01 7.503640032755165556e-03
-2.570384050467337533e-01 7.419582405485181109e-03
-3.205433642845697539e-01 1.169624463865215347e-02
-3.186362915485686509e-01 1.149398590102884699e-02
-2.559902474919026893e-01 6.884316406623514073e-03
-2.556380671321707432e-01 6.524907166711502171e-03
-2.553785865245971620e-01 6.148205454029331829e-03
-3.053685887271110344e-01 1.121468001206232801e-02
-3.032799686247269477e-01 1.297666832725880015e-02
-3.014176026148129850e-01 1.444927697869491379e-02
-2.997285964884450760e-01 1.567738330658263735e-02
-2.982539770663759082e-01 1.671601004233286281e-02
-2.969273697291240355e-01 1.762217332877497045e-02
-2.957111905342723612e-01 1.840704878540150302e-02
-2.945835393742145536e-01 1.908770194238151863e-02
-2.935217461847078879e-01 1.966640362908567141e-02
-2.925358663706376094e-01 2.013455451655243866e-02
-2.916456240245152154e-01 2.051018247304886577e-02
-2.908595216679589757e-01 2.081628053214179541e-02
-2.901835583583767808e-01 2.107304450402552876e-02
-2.896270910030014911e-01 2.129993688298220667e-02
-2.892006917053112636e-01 2.152335007420064228e-02
-2.889058573151170872e-01 2.177193388532561169e-02
-2.887385267116763798e-01 2.205893118695817501e-02
-2.887154244546786819e-01 2.236962455586805065e-02
-2.889157985835819065e-01 2.267082247087232050e-02
-2.895351247058866595e-01 2.293780419011282046e-02
-2.910294106905914058e-01 2.319975540171786976e-02
-2.948738961507378353e-01 2.392431198041677920e-02
-3.003029690667862739e-01 3.282544332433606771e-02
-2.966746894081730423e-01 4.161894757003337109e-02
-2.916091184900438948e-01 4.742583363174635025e-02
-2.861331939281848702e-01 5.167222206197530365e-02
-2.804952928080376995e-01 5.488897853150914719e-02
-2.747980280894225524e-01 5.735401321949634701e-02
-2.690924357257185040e-01 5.924067440371566517e-02
-2.634055931170256049e-01 6.066975805307250891e-02
-2.577519159521640679e-01 6.173293581680955322e-02
-2.521392777263015694e-01 6.250515886445839886e-02
-2.465734729615350063e-01 6.305179100924446223e-02
-2.410623634879041355e-01 6.343241528533188900e-02
-2.356199718490450401e-01 6.370162851130611870e-02
-2.302696293418839135e-01 6.390656130780503208e-02
-2.250440957569130596e-01 6.408166136484144682e-02
-2.199807874550315789e-01 6.424350350896224082e-02
-2.151132386175874101e-01 6.438982438279849951e-02
-2.104634245335600673e-01 6.450458039993428594e-02
-2.060390697638544710e-01 6.456618224360766156e-02
-2.018359326189353153e-01 6.455443249460673938e-02
-1.978422175506999170e-01 6.445403123359871866e-02
-1.940426107307714199e-01 6.425518935801943776e-02
-1.904209901781439840e-01 6.395276522108361839e-02
-1.869619001814121217e-01 6.354499383379791366e-02
-1.836511945262681023e-01 6.303232326096064320e-02
-1.804762108030330825e-01 6.241651371669343362e-02
-1.774257133988766111e-01 6.169999412926696625e-02
-1.744897390418360672e-01 6.088542112138750628e-02
-1.716594128043310574e-01 5.997538189468659686e-02
-1.689267653868166963e-01 5.897219334424791404e-02
-1.662845630528627661e-01 5.787776212969858447e-02
-1.637261517876050232e-01 5.669348044551336674e-02
-1.612453122967129615e-01 5.542013924496258515e-02
-1.588361196181699297e-01 5.405784505883065583e-02
-1.564927987679069488e-01 5.260592881951337008e-02
-1.542095648235474736e-01 5.106283560833158042e-02
-1.519804309639599671e-01 4.942598312320894971e-02
-1.497989594317740147e-01 4.769157382842492687e-02
-2.356030340906967724e-01 3.532819658487951209e-03
-2.356005854079172290e-01 3.536973986792923963e-03
-2.355940639588731123e-01 3.547958568269282686e-03
-2.911445814205407268e-01 4.155101418531870205e-03
-2.355680899208196233e-01 3.589899965113718672e-03
-2.907192045046231854e-01 4.828810400455962881e-03
-2.904433302580066711e-01 5.215537925270075092e-03
-2.901292859842601324e-01 5.618769364160280944e-03
-2.897793309824382435e-01 6.030204406073824686e-03
-2.893953957800874388e-01 6.443941655282448000e-03
-2.889793217622727006e-01 6.855737854660426400e-03
-2.885330815276960226e-01 7.262413505799647506e-03
-2.880589443436076258e-01 7.661358331915502085e-03
-2.875595459851649771e-01 8.050096242314952466e-03
-2.870378253105719257e-01 8.425912464365803434e-03
-2.864968225484757491e-01 8.785592928814034419e-03
-2.859393984700168700e-01 9.125312844989186267e-03
-2.688755498075738881e-01 8.488018570874333868e-03
-2.683889975133141870e-01 7.775799932939198023e-03
-2.677054257413289950e-01 6.885557913064555002e-03
-2.664490847061825596e-01 5.803799547198285058e-03
-2.644629293159814210e-01 5.706519871111759290e-03
-2.632445852430943534e-01 6.201770559282393513e-03
-2.623865591184875168e-01 6.606932591286363010e-03
-2.616856050184042659e-01 6.920413413932402502e-03
-2.610724881987253609e-01 7.164972762860655209e-03
-2.605162728943429817e-01 7.353112990512444824e-03
-2.600006367655498529e-01 7.493291753911557329e-03
-2.595157392327506196e-01 7.591151625448822049e-03
-2.590553706525378641e-01 7.650329882807838100e-03
-2.586149891369983189e-01 7.671764755820820181e-03
-2.764789829870185067e-01 8.421065143058514835e-03
-2.758165805937449200e-01 7.581776707538900872e-03
-2.751617690639323599e-01 6.444164534790242094e-03
-2.745144826751865774e-01 4.817917358008905193e-03
-2.566735163301355205e-01 7.264373331221263275e-03
-2.563317922541474281e-01 7.073533254599917441e-03
-2.912164117753306969e-01 6.150569059249599846e-03
-2.899083549758000311e-01 7.325832675867061106e-03
-2.887013453496931614e-01 8.193924207861746911e-03
-2.875962373094150815e-01 8.849620736950392086e-03
-2.866354860014133088e-01 9.375194800319563981e-03
-2.858377828087043104e-01 9.791211902679730628e-03
-2.852391575064216478e-01 1.017676128406819203e-02
-2.847642580937557177e-01 1.066866078127803874e-02
-2.842218936717837430e-01 1.133052306183418567e-02
-2.834281746670343494e-01 1.198257043652223297e-02
-2.824585290592115938e-01 1.246238821035683397e-02
-2.813991514796195803e-01 1.274018473115001715e-02
-2.802977219740683812e-01 1.281888907242806352e-02
-2.791828817244461081e-01 1.270443989179964595e-02
-2.780700423568354118e-01 1.239977826501448277e-02
-2.769684259232172985e-01 1.189823056224637021e-02
-2.758840327635384559e-01 1.118169925490447580e-02
-2.748199532390483979e-01 1.021296298054341634e-02
-2.737759936097006741e-01 8.915522250485308220e-03
-1.998574871693726829e-01 9.522005777825748307e-03
-1.938645968717735979e-01 1.489298005355538246e-02
-1.884735512437396010e-01 1.749556155129239343e-02
-1.831003415885242014e-01 1.836974746325520380e-02
-1.772089791226147404e-01 1.771110701237854634e-02
-3.188426885776134423e-01 1.483502642506068225e-02
-2.556980923927126836e-01 5.277568082563355301e-03
-2.936781420745439020e-01 8.596556195168525427e-03
-2.913281725794443222e-01 1.012609333655928312e-02
-2.892576729617899467e-01 1.119208687692901938e-02
-2.873767344988373273e-01 1.195213783280640873e-02
-2.856521405846988437e-01 1.245418162265676809e-02
-2.840443423855849026e-01 1.271574638857547734e-02
-2.825121569143522748e-01 1.274050824178701857e-02
-2.810249880370390696e-01 1.251080144379113079e-02
-2.795747806756691545e-01 1.198696792094355867e-02
-2.781765668188361240e-01 1.111390552221996897e-02
-2.768537915435569929e-01 9.811758544496007595e-03
-2.756072243263534283e-01 7.888151621724348583e-03
-2.842892900586946325e-01 6.175230412244436806e-03
-2.826522081286810262e-01 8.254852552493474604e-03
-2.809498545714855244e-01 9.118871595090949356e-03
-2.793199126447507008e-01 9.182920020682105999e-03
-2.905133923360668780e-01 1.018969117256607326e-02
-2.878735248588902285e-01 1.120055060082969511e-02
-2.855650061444740540e-01 1.172105669499567959e-02
-2.835143403802591333e-01 1.170967781212961523e-02
-2.816492136579125116e-01 1.113275207295755242e-02
-2.799385899952948065e-01 9.888670797442156157e-03
-2.898729031114513077e-01 9.029537754893124379e-03
-2.878128905933374226e-01 1.047711497744946429e-02
-2.862467395412826576e-01 1.139801866063550051e-02
-2.930569232948319058e-01 1.185749965906940373e-02
-2.909006197870711019e-01 1.346283445289420122e-02
-2.890418541895329874e-01 1.460492262796841967e-02
-2.873923685731640254e-01 1.539791561088671434e-02
-2.858988329059429789e-01 1.592139197434588871e-02
-2.845297779108047487e-01 1.623412938425838892e-02
-2.832656703535314513e-01 1.637928836066993021e-02
-2.820934998278931682e-01 1.638874739350865140e-02
-2.810038064054811158e-01 1.628688657636084836e-02
-2.799888061083839474e-01 1.609237418165698763e-02
-2.790415913102289869e-01 1.581952683886889144e-02
-2.776189580777334576e-01 1.484461383496193942e-02
-2.186847025440183390e-01 2.761989125144692636e-03
-2.913763018643829028e-01 3.735315199455357948e-03
-2.186903213688558001e-01 2.753287739607979123e-03
-2.355832838405730600e-01 3.565698134670780561e-03
-2.909541150615735927e-01 4.470098098540431497e-03
-2.355481399143537491e-01 3.620308593171361888e-03
-2.355230265732202732e-01 3.656414885892023126e-03
-2.354921808676797013e-01 3.697771257788584620e-03
-2.354550546224860874e-01 3.743587511316703864e-03
-2.354106470550554886e-01 3.792985240650414980e-03
-2.353581124927157375e-01 3.844676610440023179e-03
-2.352962932174010036e-01 3.897113272232577419e-03
-2.352238998320611563e-01 3.948179442200050460e-03
-2.351398609079725366e-01 3.995003979406053229e-03
-2.350431741189611679e-01 4.034043658125208154e-03
-2.349333254635780910e-01 4.060446926688110469e-03
-2.348106619095978453e-01 4.068440844454068728e-03
-2.346769626622777494e-01 4.050644516923274097e-03
-2.345360551264225324e-01 3.997858633724149513e-03
-2.550505574743724413e-01 3.609981732685452194e-03
-2.547296449739387403e-01 3.918777554885066738e-03
-2.543990014017500356e-01 4.170148803228579393e-03
-2.540597738210775836e-01 4.369563603849380140e-03
-2.537127401854361031e-01 4.519825921401487978e-03
-2.533585226391681933e-01 4.622061333377613934e-03
-2.529985198401334401e-01 4.676349759329956335e-03
-2.526347653480405797e-01 4.680857623030332260e-03
-2.522633164027481278e-01 4.635324766113391171e-03
-2.518919475560474908e-01 4.531034641858444623e-03
-2.515191845021236827e-01 4.364355135649644613e-03
-2.511468064996978389e-01 4.124228662275852830e-03
-2.507771204604437032e-01 3.795420806601834673e-03
-2.577859167224536563e-01 7.605922815868471076e-03
-2.353912237431438070e-01 3.409777568836425132e-03
-2.354501075106058550e-01 3.637168772395116267e-03
-2.353376908767157161e-01 3.356624991225187760e-03
-2.353946930141040395e-01 3.310643275231617277e-03
-2.354506489995129570e-01 3.255480141406197347e-03
-2.355930905290501143e-01 3.251628078787704990e-03
-3.075819513210070744e-01 8.329370460311458224e-03
-2.551987061185633232e-01 5.665341401537293820e-03
-2.556557116192981205e-01 5.021814497360277407e-03
-2.545035786885963547e-01 6.214229408619986739e-03
-2.538003292469235839e-01 4.718827000603720290e-03
-2.535067296123496572e-01 4.496682290716036423e-03
-2.528319984349953198e-01 4.454972358212294647e-03
-2.521838617378457381e-01 4.247265649033382662e-03
-2.414873325481091682e-01 5.420334280705485508e-03
-2.362889344474708997e-01 6.661645518418080059e-03
-2.504645192535721598e-01 2.238481323979524262e-03
-2.330703833759182886e-01 2.218976777476344697e-03
-1.991744772674623465e-01 5.781256633601183914e-03
-2.419347530586116179e-01 6.585703972946554963e-03
-2.364487682433780991e-01 7.909663839489600168e-03
-2.260347840812393927e-01 4.856796132350404971e-03
-2.536735786104193924e-01 1.871133430355942373e-03
-2.727455516688774284e-01 7.108812867845093475e-03
-2.717052573044603792e-01 4.127986259806870617e-03
-2.395460643643441689e-01 3.525234628345697008e-03
-2.397103146932651752e-01 2.550335286841953764e-03
-2.578727299973657683e-01 4.024257370374706433e-03
-2.567213898204968592e-01 4.889086959359190132e-03
-2.403096121935725804e-01 2.953652697290753970e-03
-2.547695058551684433e-01 5.383631017324808088e-03
-2.539195396977387276e-01 5.275719783119414696e-03
-2.531445452051522826e-01 5.009740706585608105e-03
-2.523707091514633682e-01 4.536025784926733806e-03
-2.516677675756400778e-01 3.868818440981636186e-03
-2.510419385713043572e-01 2.880760124532422140e-03
-2.337117946621135034e-01 2.442524062633122384e-03
-2.428170980686255864e-01 1.763320560518588653e-03
-2.335011440402007810e-01 1.804122551236575500e-03
-2.209350607725150684e-01 1.870836310975676486e-03
-2.208153230929283950e-01 1.610423272378924686e-03
-2.540356646960911791e-01 8.542089552378007156e-04
-2.744572132340384329e-01 4.583143976391146346e-03
-2.495347987809904411e-01 2.335942167562887750e-03
-2.493830644337826641e-01 2.867270944782618347e-03
-2.934795229955907692e-01 8.565788749203051555e-03
-2.778112761995462088e-01 8.531024065354275709e-03
-2.764734104835547823e-01 7.071322190303763744e-03
-2.544633306540906581e-01 4.209808464536779482e-03
-2.533031581609671568e-01 3.432151488260259953e-03
-2.355656752342848437e-01 2.653110420494542154e-03
-2.925883488567202484e-01 7.107597283658506626e-03
-2.783752892738607931e-01 7.639616822411987584e-03
-2.529614769498595983e-01 3.617382870902130509e-03
-2.957043833981758407e-01 9.549417430845474897e-03
-2.849884781457411309e-01 1.181985086129128115e-02
-2.840690583011381554e-01 1.178903916934859186e-02
-2.838002926397538150e-01 1.137904328940919640e-02
-2.846951374691206738e-01 1.176118752734867101e-02
-2.844618108086128805e-01 1.328534093064159816e-02
-2.835350271709050629e-01 1.429214157395003459e-02
-2.824687987703450309e-01 1.488783215346112243e-02
-2.813979895384961516e-01 1.520140398049446562e-02
-2.803667738757341099e-01 1.531106565013595766e-02
-2.793909941005801034e-01 1.526699008307808025e-02
-2.784752657997074388e-01 1.510343369349859133e-02
-2.781565130517895668e-01 1.547930162365196427e-02
