1.997531032644451754e-01 1.630640067418198669e-15
1.997535336681740270e-01 1.276756478318930021e-15
1.997536671757865478e-01 1.089406342913434855e-15
1.997543339722870903e-01 1.686151218649456496e-15
1.997552573907033502e-01 1.644517855226013126e-15
1.997567106722778485e-01 1.360023205165816762e-15
1.997581459763979883e-01 1.422473250300981817e-15
1.997595681829045511e-01 1.838806884535415520e-15
1.997617865777190083e-01 1.394717674685352904e-15
1.997637269797345738e-01 1.151856388048599911e-15
1.997664548434681664e-01 1.353084311261909534e-15
1.997689151807305885e-01 1.935951399190116717e-15
1.997718958010925860e-01 1.033895191682177028e-15
1.997753875016226865e-01 1.589006703994755298e-15
1.997786312538208930e-01 1.235123114895486651e-15
1.997823866203404242e-01 1.332267629550187849e-15
1.997866424316414591e-01 2.477185123694880531e-15
1.997906741367573014e-01 1.498801083243961330e-15
1.997954399365184930e-01 1.630640067418198669e-15
1.998002280284119359e-01 1.630640067418198669e-15
1.998050525737440075e-01 1.297573160030651707e-15
1.998105849271243073e-01 1.373900992973631219e-15
1.998161546250146192e-01 1.693090112553363724e-15
1.998217772463841690e-01 2.151057110211240797e-15
1.998278756927364119e-01 1.644517855226013126e-15
1.998342365343943328e-01 1.422473250300981817e-15
1.998408608102238415e-01 1.623701173514291440e-15
1.998477487622463966e-01 3.171074514085603369e-15
1.998549010684844696e-01 1.457167719820517959e-15
1.998623183736975562e-01 1.734723475976807094e-15
1.978002971482846761e-01 1.873501354054951662e-16
1.950465454504209939e-01 4.163336342344337027e-17
1.998861673626431135e-01 1.373900992973631219e-15
1.998946518627923163e-01 1.561251128379126385e-15
1.999034051844095494e-01 1.998401444325281773e-15
1.999125702888059908e-01 1.276756478318930021e-15
1.999217227620699588e-01 1.512678871051775786e-15
1.999314178906133610e-01 1.526556658859590243e-15
1.982548241791229071e-01 8.326672684688674053e-17
1.999513561989348931e-01 1.387778780781445676e-15
1.999616130409559989e-01 1.186550857568136053e-15
2.017989201151388079e-01 -1.318389841742373392e-16
2.024230510321602949e-01 2.678753874352866882e-03
1.999944267311007107e-01 1.838806884535415520e-15
2.000059226110166288e-01 1.061650767297805942e-15
2.000177929144500710e-01 1.249000902703301108e-15
2.000297777919115838e-01 8.049116928532384918e-16
2.006261290774183637e-01 2.648379058854941070e-03
2.092540438647808032e-01 3.903139587910879615e-03
2.000677273900146325e-01 1.235123114895486651e-15
2.000809334017026875e-01 1.658395643033827582e-15
2.006361854055996596e-01 4.787836793695987581e-16
2.001082443611285067e-01 1.998401444325281773e-15
2.001223926494077321e-01 1.817990202823693835e-15
2.001373785411964257e-01 1.339206523454095077e-15
2.043188378674538619e-01 4.967546573176016833e-03
2.001661257201408362e-01 1.443289932012703503e-15
2.001810582411344686e-01 3.767819389821625009e-15
1.865358435412226012e-01 1.204208229740152264e-02
2.008358828635443960e-01 1.422396373257833399e-02
2.097996282153182235e-01 1.617864884408053150e-02
2.189660329068227329e-01 1.779542953177278355e-02
2.002625979190731653e-01 2.046973701652632371e-15
2.002799210727838064e-01 1.540434446667404700e-15
1.975879873308125090e-01 1.665334536937734811e-16
2.003154935641197898e-01 2.463307335887066074e-15
2.003338704543908555e-01 2.053912595556539600e-15
2.003522570552492277e-01 1.873501354054951662e-15
2.003720016373502499e-01 1.526556658859590243e-16
2.003910877247188638e-01 -8.888723090905159552e-15
2.019639013096226898e-01 -6.557254739192330817e-15
2.004324907949176782e-01 -3.971822870596497523e-14
2.004579276457814641e-01 -2.555594624809032211e-14
2.004855203888450677e-01 9.298117831235686026e-16
2.005269177412555837e-01 1.457167719820517959e-16
1.993432734162866593e-01 9.922618282587336580e-16
2.040665330030395630e-01 2.982191146890036948e-03
2.034848879745663752e-01 5.877228292965233636e-03
2.065157894531786942e-01 6.741926853374352602e-03
2.097945997009567076e-01 6.389393154026347388e-03
2.143164475256052470e-01 6.127775656589722064e-03
2.006236408304526986e-01 1.061650767297805942e-15
2.006485157895070148e-01 2.796374243274613036e-15
2.006722148699004449e-01 -3.143318938469974455e-15
2.006966483732756656e-01 1.984523656517467316e-15
2.007208625532512780e-01 2.567390744445674500e-15
2.007453433299570267e-01 1.720845688168992638e-15
1.983306048479522021e-01 1.804112415015879378e-16
2.007949764559679995e-01 1.880440247958858890e-15
2.008200712294180013e-01 1.297573160030651707e-15
2.016762875438360414e-01 1.693090112553363724e-15
2.040454180292358977e-01 1.242888054461578629e-03
2.008961772199457929e-01 1.611211164487258429e-14
1.966984950436643231e-01 6.036837696399288689e-16
2.001817925111313012e-01 -3.053113317719180486e-16
2.019953481208131008e-01 3.608224830031758756e-16
2.010002292799875634e-01 2.130240428499519112e-15
1.947387637939867189e-01 6.175615574477433256e-16
2.018469584939084349e-01 1.595945597898662527e-15
2.004362150474962856e-01 1.387778780781445676e-16
1.997533801547412280e-01 1.672273430841642039e-15
1.997532569502730171e-01 1.727784582072899866e-15
1.997539434339694331e-01 1.484923295436146873e-15
1.997546094846130160e-01 1.831867990631508292e-15
1.997555318729543339e-01 2.081668171172168513e-15
1.997564375016651073e-01 2.074729277268261285e-15
1.997578743956078540e-01 1.741662369880714323e-15
1.997598378997858248e-01 1.908195823574487804e-15
1.997615189940267488e-01 1.623701173514291440e-15
1.997639921664612350e-01 1.512678871051775786e-15
1.997661923112953597e-01 1.512678871051775786e-15
1.997691748076214913e-01 2.053912595556539600e-15
1.997721522794905225e-01 1.193489751472043281e-15
1.997751344067696944e-01 1.811051308919786607e-15
1.997788807388620191e-01 1.582067810090848070e-15
1.997826322786973863e-01 1.797173521111972150e-15
1.997864008068538366e-01 2.359223927328457648e-15
1.997909115316401640e-01 1.589006703994755298e-15
1.997952069567101585e-01 1.866562460151044434e-15
1.997999996373247822e-01 1.700029006457270953e-15
1.998052762144699457e-01 1.623701173514291440e-15
1.998103661841346135e-01 1.554312234475219157e-15
1.998159409174738443e-01 1.845745778439322748e-15
1.998219857935097932e-01 2.151057110211240797e-15
1.998280789463550422e-01 1.880440247958858890e-15
1.998344346276472172e-01 1.880440247958858890e-15
1.998410534246893577e-01 1.804112415015879378e-15
1.998479364226009303e-01 3.302913498259840708e-15
1.998550824253791103e-01 2.081668171172168513e-15
1.998624942317528963e-01 1.908195823574487804e-15
1.998700010590544751e-01 8.132383655379271659e-15
1.998781154924193226e-01 1.824929096727601063e-15
1.998863265013652302e-01 1.526556658859590243e-15
1.998948057157009517e-01 1.693090112553363724e-15
1.999035527520013067e-01 2.380040609040179334e-15
1.999124283261148050e-01 1.498801083243961330e-15
1.999218583065539567e-01 1.817990202823693835e-15
1.999312959525462174e-01 2.151057110211240797e-15
1.999411122800073271e-01 1.408387295676050144e-13
1.999512273476045376e-01 1.998401444325281773e-15
1.999617377324518774e-01 1.713906794265085409e-15
1.999723987368178524e-01 5.783637457845713925e-13
1.999832110879691538e-01 -4.903022432500847572e-14
1.999945257802464016e-01 1.963706974805745631e-15
2.000060198416866719e-01 1.089406342913434855e-15
2.000177021219087248e-01 6.800116025829083810e-16
2.000298480982102278e-01 6.591949208711866959e-16
2.000416405235646011e-01 2.101444018798304114e-13
2.000548131017092779e-01 1.555006123865609879e-14
2.000675866031920436e-01 1.339206523454095077e-15
2.000807878318765221e-01 2.040034807748725143e-15
2.000944358332388540e-01 -9.825473767932635383e-15
2.001080522447427901e-01 2.157996004115148025e-15
2.001221203101816448e-01 1.693090112553363724e-15
2.001364800245210573e-01 8.257283745649601769e-16
2.001509819064181961e-01 2.057382042508493214e-14
2.001660491019679466e-01 1.436351038108796274e-15
2.001814534939358181e-01 4.295175326518574366e-15
2.001974046618105185e-01 -1.975156149747192558e-13
2.002129878227548176e-01 -6.934730567564884041e-14
2.002292246197812098e-01 2.668004706052329311e-14
2.002457861399696559e-01 -4.335420911161236290e-14
2.002626813673468731e-01 2.220446049250313081e-15
2.002797948282787621e-01 1.908195823574487804e-15
2.002973426946846602e-01 1.958849749073010571e-14
2.003152551197617814e-01 2.789435349370705808e-15
2.003335507535748683e-01 2.220446049250313081e-15
2.003526872662052816e-01 1.915134717478395032e-15
2.003714147726096961e-01 4.510281037539698445e-16
2.003919087000628763e-01 -2.713107516427726296e-15
2.004125758248380684e-01 -1.150815553963013826e-13
2.004343322773793623e-01 3.110220414548336976e-13
2.004548084806049568e-01 2.678413046908190154e-15
2.004792721356681851e-01 1.117161918529063769e-15
2.005088274248745528e-01 1.665334536937734811e-16
2.008303701349543058e-01 -4.843347944927245408e-14
2.005340988862422957e-01 2.204659727884375475e-03
2.064772805032563940e-01 3.278196256391724406e-03
2.005490732687421340e-01 -5.892508703198018338e-14
2.005754222078700022e-01 -4.746064652394466066e-13
2.006002469923395259e-01 -1.963013085415354908e-14
2.006244846934693848e-01 1.360023205165816762e-15
2.006480269188355703e-01 3.066991105526994943e-15
2.006725378638342383e-01 -1.146305272925474128e-14
2.006964963575068872e-01 2.282896094385478136e-15
2.007209058204206531e-01 2.636779683484746784e-15
2.007453812163481899e-01 1.984523656517467316e-15
2.007699794358958900e-01 1.060956877907415219e-14
2.007948219808569357e-01 1.949829186997931174e-15
2.008198714727489065e-01 1.970645868709652859e-15
2.008451216878144041e-01 -2.852579283896261586e-14
2.008708411007244232e-01 9.152401059253634230e-15
2.008964903847788586e-01 -2.135791543622644895e-14
2.009222882057353499e-01 9.178074966698090975e-14
2.009482047739921950e-01 1.331712518037875270e-13
2.009737908357473180e-01 -4.893307981035377452e-14
2.009997657144865779e-01 2.504940699310509444e-15
2.010257148699363394e-01 -9.221789998292706514e-15
2.010521097685300518e-01 -2.900457651833221462e-15
2.010771080587082094e-01 -1.492556078730444824e-14
2.054846632008213436e-01 -7.917277944358147579e-14
2.054845336077216755e-01 1.800365412307769475e-13
2.054841872880013576e-01 -1.790234627208064921e-14
2.054836231060564733e-01 3.499978085130805994e-14
2.054828391961257272e-01 1.053671039308312629e-13
2.054818329305355129e-01 2.820660371938288336e-14
2.054806008742547929e-01 -5.871692021486296653e-14
2.054791387259901347e-01 1.559863349598344939e-14
2.054774412434882680e-01 -1.514760539222947955e-14
2.054755021413030014e-01 -2.683825384153237792e-13
2.054733139729389146e-01 -1.467576060676378802e-14
2.054708679758282253e-01 1.102173907696624156e-13
2.054681538818991238e-01 3.545080895506202978e-14
2.054651596778963862e-01 -1.046870923282483545e-13
2.054618713026633015e-01 1.187175358019487703e-13
2.054582722571725306e-01 3.223116218364907581e-14
2.054543430932567472e-01 -5.090372567906342738e-14
2.054500607099305487e-01 2.990663272584015431e-14
2.054453972746717871e-01 7.462780393652224120e-14
2.054403218198261050e-01 -2.582656311034270402e-14
2.054347833842476712e-01 -2.859865122495364176e-13
2.054287240110364288e-01 6.219330606072048795e-14
2.054219460181791190e-01 2.304337276548551472e-13
2.054154931127479544e-01 4.370115380680772432e-14
2.054072750912797063e-01 -1.023695017643433403e-13
2.053984434588862484e-01 -5.189598750732216104e-14
2.053886140471901933e-01 -9.656164756677299010e-14
2.053775387405167852e-01 1.846231501012596254e-13
2.053646746511028354e-01 -1.129513149678018635e-13
2.053495416236723048e-01 4.947431353485853833e-14
1.998701716651867522e-01 -2.330080572932047289e-14
1.998779508240023095e-01 -4.109351747771938790e-13
2.052629988029235353e-01 -1.989380882250202376e-14
2.051305290751170574e-01 3.673450432728486703e-14
2.056156860745133041e-01 -5.708211681110242353e-13
2.053563249682121561e-01 8.269079865286244058e-14
2.052906145691071327e-01 2.508410146262463059e-14
2.052375519790277103e-01 -1.145611383535083405e-13
1.999412501186025315e-01 -1.652428194276467366e-13
2.050933942751558547e-01 -8.056055822436292146e-14
2.049522047574055816e-01 -1.949135297607540451e-14
1.999722737217984880e-01 -5.262526525662281074e-13
1.999832674070945726e-01 1.085034839753973301e-13
2.051228125967154148e-01 -2.073272109548440767e-13
2.049639497376230246e-01 7.556455461354971703e-14
2.047118461335359352e-01 -1.755123824054294346e-13
2.041771850084604656e-01 6.450742717767354861e-13
2.000421874670475497e-01 -1.645905634006794571e-14
2.000546622803267560e-01 3.561734240875580326e-14
2.052269396287538794e-01 1.322553178084717729e-14
2.051269102650918330e-01 1.684763439868675050e-14
2.000942753209184743e-01 9.833106551226933334e-14
2.047916251562703349e-01 -5.969599814470427646e-13
2.034606097153325022e-01 8.708311849403571614e-15
2.031141634734711654e-01 4.047456814149086313e-14
2.001511286512659415e-01 -6.601039159725985428e-13
2.030812189897753528e-01 -2.008740396242103543e-13
1.988312479578588365e-01 -1.385558334732195362e-13
2.001970673535011791e-01 -2.983030489289717480e-14
2.002130623645847207e-01 3.447589436156306419e-13
2.002292273306520987e-01 -1.658395643033827582e-15
2.002457431954116629e-01 2.990038772132663780e-13
2.050101455473921364e-01 -4.468161951542981569e-13
2.055656185851783002e-01 -7.535638779643250018e-14
2.002975190047815435e-01 1.806263472126090619e-13
2.055457317125687633e-01 -3.812922200197021994e-14
2.055184689385224917e-01 -4.855144064563887696e-14
2.054701600641472004e-01 -1.690453332869878977e-13
2.036095695678757644e-01 -4.241468287702332418e-13
2.034498376274472553e-01 1.356553758213863148e-14
2.004113827276419180e-01 6.146055886446788463e-13
2.024702612350814945e-01 8.680556273787942700e-15
2.014999861276051685e-01 -5.724587470723463412e-15
2.048421829054997978e-01 1.612632931681443060e-04
2.046413047553135023e-01 7.626885234479630071e-13
2.005600534893622888e-01 -1.224714774039625809e-14
2.001240415212486579e-01 3.148106775263670443e-13
2.005013926596172502e-01 -3.435654538641585987e-13
2.005433862745374662e-01 -1.039723862561459100e-13
2.005727853702833907e-01 3.665401315799954318e-13
2.005988052040674208e-01 6.377537387081133602e-14
1.947907858554853155e-01 -2.185057690340386216e-14
2.051423298662534700e-01 -8.846534615969403603e-13
2.035835300533303527e-01 -4.248892904179513152e-13
2.054094842511690611e-01 -6.895872761703003562e-14
2.053860219952086397e-01 -1.449951270160454442e-13
2.048596364831595240e-01 -4.102308770459472953e-12
2.007700809370163986e-01 7.666089985036705912e-14
2.052995275644407258e-01 -6.086797732507420733e-14
2.052178844467632823e-01 4.487937799169117170e-13
2.008453636870181913e-01 4.032191247560490410e-14
2.008705648896451368e-01 -2.976507929020044685e-13
2.068325480275366723e-01 1.131081077386922318e-03
2.009219387954113978e-01 1.521976988883011472e-13
2.009478175083415641e-01 -1.354125145347495618e-13
2.009742017087912391e-01 -1.034589081072567751e-14
2.055368082065479329e-01 -1.692396223162973001e-14
2.010262251648413101e-01 3.154421168716226020e-14
2.010515462867985270e-01 1.863786902589481542e-14
2.010777807947710938e-01 6.925016116099413921e-14
