-4.045213489136198493e-01 4.531224149351892327e-02
-4.045058512126273875e-01 4.530562415672673149e-02
-4.044645600907649241e-01 4.528782384465923627e-02
-4.043976812212266569e-01 4.525846608844014130e-02
-4.043055525613900025e-01 4.521694480299104368e-02
-4.041886495934818302e-01 4.516242585155622047e-02
-4.040475925938367130e-01 4.509385180115965674e-02
-4.038831559651477887e-01 4.500994768791355405e-02
-4.036962797090173360e-01 4.490922755207971129e-02
-4.034880831855177652e-01 4.479000143835487613e-02
-4.032598814138163013e-01 4.465038248552694045e-02
-4.030132043241078654e-01 4.448829365326240071e-02
-4.027498195944024251e-01 4.430147355828178979e-02
-4.024717599983980709e-01 4.408748086482389139e-02
-4.021813559554530126e-01 4.384369695462048133e-02
-4.018812761788727039e-01 4.356731734825486368e-02
-4.015745912447464816e-01 4.325537054791223079e-02
-4.012647960608792252e-01 4.290468449980910925e-02
-4.009558643910067777e-01 4.251186322161509823e-02
-4.006527112533941892e-01 4.207291555380565651e-02
-4.003610523085799344e-01 4.158448033352785123e-02
-4.000871267256653208e-01 4.104226444199188251e-02
-3.998385870166699663e-01 4.044142850147525170e-02
-3.996252809509707182e-01 3.977510689895968898e-02
-3.994626935744420293e-01 3.903878812916095065e-02
-3.993661638033391137e-01 3.822672038548646789e-02
-3.993590969359323561e-01 3.733429158185136432e-02
-3.994706051766818145e-01 3.635446660253704998e-02
-3.997490752025689709e-01 3.528300628641545256e-02
-4.002699025842079150e-01 3.412526812073413129e-02
-4.011584269376855527e-01 3.292305140076778880e-02
-4.026103278891416393e-01 3.184091780566705721e-02
-4.047301812124104448e-01 3.140377740485644775e-02
-4.067917802338316124e-01 3.221784958466855642e-02
-4.079155236724814060e-01 3.368716520028181005e-02
-4.082349466796423298e-01 3.509044385917192699e-02
-4.080914975417032631e-01 3.620647209951805001e-02
-4.076963504366147850e-01 3.703548500101860874e-02
-4.071537546505931693e-01 3.760185897366880026e-02
-4.065332800995105078e-01 3.792381930229349329e-02
-4.058877348030506260e-01 3.801819550394397451e-02
-4.052604028751150556e-01 3.790051355398960098e-02
-4.046889942272910989e-01 3.758561194117970850e-02
-4.042070888713845123e-01 3.708663281567009529e-02
-4.038472881962131833e-01 3.640976871316176089e-02
-4.036544881527260875e-01 3.554678276787004432e-02
-4.037178421267072492e-01 3.447784782610507914e-02
-4.042235013046008296e-01 3.321310961745277401e-02
-4.055005515325080245e-01 3.195123616349165863e-02
-4.077165342300572703e-01 3.145034001054808348e-02
-4.099144476217986277e-01 3.239649101151742538e-02
-4.112472822789015048e-01 3.411606448975734729e-02
-4.118676215382771622e-01 3.603786967803140895e-02
-4.119641806218936608e-01 3.814472761784803989e-02
-4.113463255131381002e-01 4.055589027804595847e-02
-4.095623553511511528e-01 4.303367492199217104e-02
-4.064067866864902179e-01 4.495501347013880489e-02
-4.019187917960383438e-01 4.571857792940275944e-02
-3.958473075544124420e-01 4.460316110543377510e-02
-3.837626716007238592e-01 3.847509717229691262e-02
-3.693747669493194219e-01 4.826400022259458300e-02
-3.617586433507651855e-01 5.382077968673193435e-02
-3.549915474516959768e-01 5.775581322320583189e-02
-3.486123723815764408e-01 6.065467734285612256e-02
-3.424738947890686447e-01 6.277062447222242492e-02
-3.365111120950649015e-01 6.425220124618213902e-02
-3.306876601571925867e-01 6.520175328485011690e-02
-3.249782291271512413e-01 6.569751128225204129e-02
-3.193619043981863470e-01 6.580430384168323155e-02
-3.138198672705390102e-01 6.557994257644284009e-02
-3.083355379284890563e-01 6.507963551425172133e-02
-3.028967393498279148e-01 6.435895668023611238e-02
-2.974997114120461750e-01 6.347469640734776375e-02
-2.921538775350628336e-01 6.248211607070358609e-02
-2.868843308517493584e-01 6.142781942177544252e-02
-2.817281926293191963e-01 6.034074796356275749e-02
-2.767245083441249309e-01 5.922726266415334617e-02
-2.719032213784339236e-01 5.807432312729504664e-02
-2.672795353620912029e-01 5.685812858042810225e-02
-2.628546786063740148e-01 5.555233780827906198e-02
-2.586198435950683994e-01 5.413259970524442188e-02
-2.545601422524824131e-01 5.257761797953669491e-02
-2.506572256599034487e-01 5.086820268326375238e-02
-2.468904328106038826e-01 4.898541221023683390e-02
-2.432366537286567154e-01 4.690822486114537559e-02
-2.396688975410689870e-01 4.461066153871756645e-02
-2.361530134034568462e-01 4.205786621486817811e-02
-2.326408065190561925e-01 3.920016013583410563e-02
-2.290545239926648768e-01 3.596346168767156071e-02
-2.252470895899887637e-01 3.223533397351152630e-02
-3.908536823939815497e-01 2.964475146102624192e-02
-3.903461366377694031e-01 2.844382638218417858e-02
-3.898732824970427280e-01 2.722476886279073804e-02
-3.894313119430037329e-01 2.598773870356274607e-02
-3.890166686551229103e-01 2.473186848808311966e-02
-3.886264095627144366e-01 2.345517357194276675e-02
-3.882584304830146715e-01 2.215471824181514116e-02
-3.879114185048697649e-01 2.082667549616262770e-02
-3.875847620072052635e-01 1.946606022588637241e-02
-3.872786231103195753e-01 1.806610604883085447e-02
-3.049309254404913849e-01 9.006525694196354515e-03
-3.049238439056213834e-01 9.011377877935766723e-03
-3.049049195425900249e-01 9.024175526015254523e-03
-3.048740697783603459e-01 9.044493643111106707e-03
-3.048311945209836171e-01 9.071654784598037757e-03
-3.047761601165059897e-01 9.104710369321089569e-03
-3.047088061328896424e-01 9.142464620081502957e-03
-3.046289917971736205e-01 9.183450227723377601e-03
-3.045365891459896890e-01 9.225952909543866376e-03
-3.044315253158266232e-01 9.267999934276682783e-03
-3.043138098854108464e-01 9.307364711667154289e-03
-3.041835720023030043e-01 9.341565452264111169e-03
-3.040411034450635208e-01 9.367865679769049603e-03
-3.038869079899625958e-01 9.383272575813617067e-03
-3.037217585751230131e-01 9.384536167948154262e-03
-3.035467640880778473e-01 9.368147183607622441e-03
-3.033634512822360185e-01 9.330325772811398632e-03
-3.031738556289658160e-01 9.267070702902835411e-03
-3.029805497767317224e-01 9.174000593483611077e-03
-3.027872691680023043e-01 9.046787947028234189e-03
-3.025980125709297752e-01 8.881245395992054537e-03
-3.024174076923878407e-01 8.670119938450571162e-03
-3.022528066857822493e-01 8.410889854286396350e-03
-3.021105132217814515e-01 8.095828882230649004e-03
-3.019968803195681173e-01 7.715718868011478548e-03
-3.019258840066661453e-01 7.251523058313891212e-03
-3.019069022731094010e-01 6.653731011676322638e-03
-3.020514229263295825e-01 5.847132723671544241e-03
-3.027047117441174495e-01 4.678551000974140450e-03
-3.046047984336134329e-01 4.634022821206729148e-03
-3.052516718185347977e-01 5.381824118018463388e-03
-3.055110426949110836e-01 5.865980975666984509e-03
-3.056216340665199871e-01 6.122820393535954864e-03
-3.057230748270578502e-01 6.259584812594976011e-03
-3.058510252593518719e-01 6.253112923840564719e-03
-3.273998071594097503e-01 6.968321929141541027e-03
-3.066095154089187869e-01 5.681890701159819645e-03
-3.080087920894226117e-01 6.024529032258918448e-03
-3.086064241000327502e-01 7.258587322108267514e-03
-3.083528292946743354e-01 8.220590694444529500e-03
-3.081672592740501426e-01 8.903138778255714758e-03
-3.077743389649860162e-01 9.517067514944854700e-03
-3.072192494294758713e-01 9.929280712407340115e-03
-3.066375591799152533e-01 1.016535191921091874e-02
-3.059860537768310240e-01 1.024211716597350774e-02
-3.053034897587060814e-01 1.012884936815477976e-02
-3.046037961392666915e-01 9.774158204357230595e-03
-3.040925008471679347e-01 9.151036984757721093e-03
-3.037336158856638879e-01 8.481780218585255327e-03
-3.034663911554706384e-01 7.689898141227724526e-03
-3.487957614804819695e-01 8.849834638550935217e-03
-3.487241570452945250e-01 9.779524212090995317e-03
-2.516197347677140428e-01 1.036338388373075903e-02
-2.487214725443212537e-01 8.855517495049258780e-03
-3.708905374740897876e-01 1.420380811280541611e-02
-3.690702866963124773e-01 1.560708941628363711e-02
-3.678398774124292947e-01 1.690121824093770986e-02
-3.682083733474347809e-01 1.888705337773793902e-02
-3.716142678759489226e-01 2.241385201871748389e-02
-3.816392550514109416e-01 3.167106734313451799e-02
-3.933979171550524012e-01 2.357836085586162422e-02
-3.100471781638778346e-01 5.496071706025618120e-03
-3.097673543194506274e-01 5.496521238987306379e-03
-4.120735065621596860e-01 2.905298475169248995e-02
-4.124824908572168325e-01 3.136788503332066380e-02
-4.124052307810517348e-01 3.322893122533665533e-02
-4.119826941587927394e-01 3.459118917437736807e-02
-4.115056153663212424e-01 3.548911669394516633e-02
-4.111962348225373098e-01 3.612521998705719994e-02
-4.110924711795339581e-01 3.679856545164367221e-02
-4.109849270533598165e-01 3.774185706666483009e-02
-4.105561866448225183e-01 3.890495821973966040e-02
-4.096984408938340039e-01 4.001770460710657451e-02
-4.085219755989250578e-01 4.089216903484976795e-02
-4.071616697990573797e-01 4.147606346332255445e-02
-4.057136702400967465e-01 4.177521682865309449e-02
-4.042442063097337890e-01 4.181283765874060920e-02
-4.028006742454481315e-01 4.161911874253498844e-02
-4.014156309711180981e-01 4.122784270680113217e-02
-4.001087489526018448e-01 4.067293598366678031e-02
-3.988894111751155602e-01 3.998541654315945770e-02
-3.977597760092517198e-01 3.919170024259449603e-02
-3.967175345440883127e-01 3.831323807159370265e-02
-3.957579492942747690e-01 3.736696846380166415e-02
-3.948751595094996958e-01 3.636608045013178803e-02
-3.940629338090679834e-01 3.532077657703680540e-02
-3.933150738940745517e-01 3.423891104036363986e-02
-3.926256179159786086e-01 3.312647923412836981e-02
-3.919889473872618657e-01 3.198797164280092753e-02
-3.913998701915162859e-01 3.082664057106332400e-02
-2.208853576391743290e-01 2.786803994719971866e-02
-2.151725968674473854e-01 2.294124114946838322e-02
-3.069965197176164340e-01 7.329073290378851357e-03
-3.068710463843363212e-01 7.136901073329149359e-03
-3.066990047116067153e-01 6.934496522467969992e-03
-3.065402306864671300e-01 6.641387844166124488e-03
-3.064281160562205564e-01 6.323395707282797318e-03
-3.063335216591785426e-01 6.005183701123129048e-03
-3.062285623238059085e-01 5.656582908011187349e-03
-3.061458036312851849e-01 5.272027392683453773e-03
-3.202900971620382120e-01 6.687215075869668013e-03
-3.202846075496086908e-01 6.680437644588810286e-03
-3.202699706457317053e-01 6.662384082678218800e-03
-3.202461451960436079e-01 6.632757697256685958e-03
-3.202138435221063006e-01 6.590820124232232846e-03
-3.201733340862317201e-01 6.535483193610303054e-03
-3.201248854519742060e-01 6.466031592902155012e-03
-3.200691169613097964e-01 6.380734081660899282e-03
-3.200067535899256965e-01 6.277936986481769122e-03
-3.199382666482531445e-01 6.155207166197718127e-03
-3.198646199988765537e-01 6.010084363778145367e-03
-3.197864934987576513e-01 5.838817005205998445e-03
-3.197048492503187789e-01 5.636106216900582666e-03
-3.196205619235890638e-01 5.396002724432691355e-03
-3.195350856904369263e-01 5.108999390174895350e-03
-3.194503311627830966e-01 4.761457364775067980e-03
-3.193685921823667950e-01 4.331263668031215541e-03
-3.192936387948990262e-01 3.779209754380452591e-03
-2.691349210472268050e-01 4.298076434614217511e-03
-2.690546174261052581e-01 4.284894423475515968e-03
-2.689764753411598153e-01 4.266077588118699637e-03
-2.689017807640450841e-01 4.243698087361358340e-03
-2.688291593672286206e-01 4.213248572934980007e-03
-2.687615430343753831e-01 4.178960190360403448e-03
-3.250166968787811528e-01 3.439754795461269499e-03
-3.248584629458372008e-01 3.855153230743368908e-03
-3.246887068232838791e-01 4.057443152948592147e-03
-3.245170274149250522e-01 4.065515695032828614e-03
-3.243251733575505669e-01 3.895995674137509024e-03
-3.242427681341902290e-01 3.303903494593085632e-03
-2.684037139059258781e-01 3.827313151157418769e-03
-2.683610695339139207e-01 3.773582492490934470e-03
-3.284769749046545506e-01 3.772851017315614897e-03
-3.286891105429056714e-01 5.369515566088833847e-03
-3.281059583785531086e-01 6.362887464217925615e-03
-3.059796447395852770e-01 6.121086029392708294e-03
-3.266758165202438002e-01 7.117457012625671986e-03
-3.260964452628953292e-01 6.882492013655872043e-03
-3.259178482176052771e-01 6.539605335455445090e-03
-3.258579364202421336e-01 6.221221308930380278e-03
-3.258793197316425250e-01 5.983422085362788412e-03
-3.259489719010119080e-01 5.748254391196805368e-03
-3.259402843983575937e-01 5.575313686699667759e-03
-3.258786073479095768e-01 5.320383135143103015e-03
-3.257608538109513230e-01 4.944055251937751194e-03
-2.708979656526186441e-01 4.927589863624792788e-03
-3.255046818041992807e-01 3.707020936893845597e-03
-2.500356210812445523e-01 8.693618847415429673e-03
-2.478555394132283263e-01 7.369058621037982704e-03
-3.489654224276914074e-01 7.460235218224531284e-03
-3.033319456495607858e-01 6.772789697622794147e-03
-3.033062458552562846e-01 5.694217927726619166e-03
-3.488132538300968144e-01 1.035541589631044923e-02
-3.491189576093424174e-01 1.059980440252422662e-02
-3.497707406941479302e-01 1.043036711796602178e-02
-3.510265174297620416e-01 9.544437089131607710e-03
-3.076086024214600978e-01 4.444262094668971486e-03
-3.076715206754883636e-01 3.418225579182920804e-03
-3.100655358154179586e-01 3.676558051605827160e-03
-3.103303793734876748e-01 4.691912758745087064e-03
-3.102263356259035154e-01 5.231595875787309335e-03
-2.552638122334630610e-01 4.088789507962486969e-03
-2.561508339030560411e-01 4.147488291711132202e-03
-3.095270976404214669e-01 5.203524033763395895e-03
-3.093826349356881278e-01 4.447760775149856016e-03
-3.111151462296398718e-01 3.241694848975962273e-03
-3.110795440076330465e-01 4.764403829971008975e-03
-3.103288747514266199e-01 4.123801389888825941e-03
-3.118810150503224521e-01 3.126391596698752107e-03
-3.119899118011061345e-01 3.684001153645477533e-03
-3.118548717787164581e-01 3.197968877388157605e-03
-2.608862976958545299e-01 5.022818183198163311e-03
-2.612034157140973867e-01 4.996779269374584942e-03
-3.159018974742007768e-01 3.318159691824251745e-03
-2.995154301707536604e-01 3.692549867626460092e-03
-2.993064728074014691e-01 5.381628743265143289e-03
-2.992769835689998992e-01 5.600483435330427806e-03
-2.995341005383542754e-01 4.736259088602479128e-03
-3.024260731860656803e-01 3.299320192095500648e-03
-3.040647768203996182e-01 4.536499869999932599e-03
-3.045477214352999562e-01 4.788277247471162124e-03
-3.067430199376996458e-01 4.135297403634330404e-03
-3.075502874872597658e-01 6.057994174548886335e-03
-3.074612107132376204e-01 6.862079509538099309e-03
-3.073127865944572656e-01 7.139028860040974589e-03
-3.072836032601469203e-01 7.071216815869252326e-03
-3.076569625777996753e-01 7.001462074974984517e-03
-3.078586860089631561e-01 7.370590865421744464e-03
-3.077402164179834920e-01 7.604187555225572215e-03
-3.075550823822635338e-01 7.679053067705166047e-03
-3.073457133653923479e-01 7.642497984001683786e-03
-3.071534725797990806e-01 7.512346550422321911e-03
-2.867259982964275311e-01 2.038263797533468313e-03
-2.836346006314537371e-01 2.872153801377119731e-03
-3.406338395347263126e-01 4.598596068662141878e-03
-3.406192024992677481e-01 4.604963922193339165e-03
-3.407038128977322167e-01 4.560316835979738581e-03
-3.408018131460619493e-01 4.591254094319152657e-03
-3.408719093922872867e-01 4.552679143717874855e-03
-3.410334646394899694e-01 4.525948866136275672e-03
