-4.042702670582896118e-01 4.389345107826592152e-02
-4.042539276603680509e-01 4.389178254069209251e-02
-4.042103999105909895e-01 4.388717953819343265e-02
-4.041399165595140341e-01 4.387923585876213339e-02
-4.040428588539453636e-01 4.386729603303468616e-02
-4.039197608067304213e-01 4.385046197817576985e-02
-4.037713152367763403e-01 4.382760187708534261e-02
-4.035983817286183939e-01 4.379736099899328439e-02
-4.034019967397914908e-01 4.375817410924887074e-02
-4.031833861947122233e-01 4.370827907664476264e-02
-4.029439810549516610e-01 4.364573127252918683e-02
-4.026854365601059138e-01 4.356841838678815471e-02
-4.024096560713893433e-01 4.347407543845860367e-02
-4.021188199694202270e-01 4.336030053942563356e-02
-4.018154154693913127e-01 4.322455535476860122e-02
-4.015023339810275260e-01 4.306421378835473268e-02
-4.011828301657656137e-01 4.287656512566179190e-02
-4.008605780328340362e-01 4.265880773333396991e-02
-4.005401089782710256e-01 4.240749181567027293e-02
-4.002270931059574988e-01 4.212055943093317989e-02
-3.999271225274673713e-01 4.179493580618115489e-02
-3.996472538907297478e-01 4.142789003291835748e-02
-3.993958972449429545e-01 4.101518312739782512e-02
-3.991880064036554265e-01 4.055496983628409380e-02
-3.990354835444508419e-01 4.004774493481721986e-02
-3.989594956486199329e-01 3.949284235802641430e-02
-3.989838566857956126e-01 3.889823396152852775e-02
-3.991413153704557182e-01 3.827513181355635119e-02
-3.994765008403829976e-01 3.765378757433696100e-02
-4.000409871933855999e-01 3.710008129458414183e-02
-4.008664181739915455e-01 3.674633753838824068e-02
-4.018700203530156667e-01 3.679731648307815739e-02
-4.027610936401405661e-01 3.736024387623665399e-02
-4.032662901317661253e-01 3.825240557381959228e-02
-4.033467534804682231e-01 3.922210082822236155e-02
-4.030795921027222617e-01 4.009838599636694756e-02
-4.025810242389384341e-01 4.080610074501933582e-02
-4.019344461436842875e-01 4.133433152367510521e-02
-4.011957204948014555e-01 4.168069141012242795e-02
-4.004142527636607718e-01 4.184946674702799685e-02
-3.996320367021504727e-01 4.185442173928360932e-02
-3.988826896574351744e-01 4.171733911168185038e-02
-3.981876882524810757e-01 4.146742766865152419e-02
-3.975500582272224470e-01 4.113360552387645974e-02
-3.969572905920027983e-01 4.072826324074763082e-02
-3.964014519943033221e-01 4.023645342300774530e-02
-3.959040374111060245e-01 3.962611231944507262e-02
-3.955277598955594942e-01 3.887138594248473744e-02
-3.953827768924464969e-01 3.797749266079514241e-02
-3.956372182843819196e-01 3.702593803730985789e-02
-3.964991087818345861e-01 3.629634914054202799e-02
-3.979292492631050226e-01 3.645306091121558456e-02
-3.990681795380827679e-01 3.808276784416864125e-02
-3.987730911278190571e-01 4.087040481589843122e-02
-3.962625630511208419e-01 4.385136357569185961e-02
-3.913248953995187573e-01 4.576518275575208738e-02
-3.835900048440989418e-01 4.539487063949010359e-02
-3.658921911241834746e-01 4.597837960829292969e-02
-3.553594846936087293e-01 5.544864856738240810e-02
-3.472432541072733025e-01 6.162788161886256777e-02
-3.397164671364445443e-01 6.624198575715950499e-02
-3.324853588741745747e-01 6.980016323358140262e-02
-3.254593178229664430e-01 7.255969690309627129e-02
-3.186046403552896811e-01 7.468380704465160669e-02
-3.119089376038404748e-01 7.628923109796392765e-02
-3.053696583374544415e-01 7.746500672400502552e-02
-2.989895627531813371e-01 7.828101933436276694e-02
-2.927743218443620843e-01 7.879230099715844871e-02
-2.867307011130648675e-01 7.904157295066821520e-02
-2.808649626360345541e-01 7.906122530003961701e-02
-2.751815771735399152e-01 7.887523745068480974e-02
-2.696824178261973404e-01 7.850110736211979301e-02
-2.643664878502117732e-01 7.795164284505212704e-02
-2.592300836910046979e-01 7.723644704246013237e-02
-2.542672141048226697e-01 7.636301572141485083e-02
-2.494701016149788175e-01 7.533746148822001443e-02
-2.448296451386027528e-01 7.416493892952308320e-02
-2.403357812072846045e-01 7.284986012423511070e-02
-2.359777241735995790e-01 7.139597823657134468e-02
-2.317440891026517624e-01 6.980639496016727286e-02
-2.276229087255960681e-01 6.808352552410223968e-02
-2.236015528236425520e-01 6.622903646650707410e-02
-2.196665471948637260e-01 6.424375646336089041e-02
-2.158032685485813951e-01 6.212754816458332385e-02
-2.119954547461539995e-01 5.987911954367797218e-02
-2.082244025081565197e-01 5.749575182975458221e-02
-2.044675995369213128e-01 5.497294536772717732e-02
-2.006963024588190037e-01 5.230408588685719895e-02
-1.968711252333030515e-01 4.948056089207603092e-02
-1.929338752940967239e-01 4.649378155578709482e-02
-1.887926642180692838e-01 4.334390095460632919e-02
-1.842985682313625917e-01 4.007099053801560506e-02
-1.792406431696743629e-01 3.685213660488745324e-02
-1.735347805750691863e-01 3.416640393122594155e-02
-3.874215438914487275e-01 2.858565443644733861e-02
-3.869223025435539753e-01 2.759506068980738247e-02
-3.864469017464565725e-01 2.658971298244761083e-02
-3.859919059568278632e-01 2.557032512467288798e-02
-3.855539856095289708e-01 2.453731356485505666e-02
-3.851298859790230900e-01 2.349075628305008490e-02
-3.537373911247856939e-01 7.906721654127868426e-03
-3.537293787062885109e-01 7.906895684186177053e-03
-3.537080820679908144e-01 7.907265378347627660e-03
-3.536737472382900371e-01 7.907573835968628728e-03
-3.536267765481500014e-01 7.907409376276708368e-03
-3.535677333769295938e-01 7.906213549708329680e-03
-3.534973512743054269e-01 7.903291637745446518e-03
-3.534165503323029034e-01 7.897825412534975609e-03
-3.533264652272246065e-01 7.888888464351206942e-03
-3.532284918169052435e-01 7.875465680745652453e-03
-3.531243633198694054e-01 7.856481271955206847e-03
-3.530162742635684636e-01 7.830845936766916981e-03
-3.529070828737064236e-01 7.797547944456473257e-03
-3.528006436344789942e-01 7.755846839907654111e-03
-3.527023476017258075e-01 7.705707968150177223e-03
-3.526200702346426463e-01 7.648930695796696266e-03
-3.525651508416142166e-01 7.591736011290983743e-03
-3.525518806407049732e-01 7.551889320376814485e-03
-3.525878860365177503e-01 7.572867884315159781e-03
-3.526250265356414837e-01 7.721560466849852755e-03
-3.525379253372146193e-01 7.991171615920833471e-03
-3.522674660601108898e-01 8.252865297319667004e-03
-3.518778223362692970e-01 8.422386170754303514e-03
-3.514282921039306173e-01 8.469081988626392388e-03
-3.509690430037396003e-01 8.402265037443956697e-03
-3.505362700927520669e-01 8.235990493812961333e-03
-3.501505680301538193e-01 7.991242665447373383e-03
-3.498146186585620043e-01 7.708366668693233947e-03
-3.495165250086719189e-01 7.388251942563650587e-03
-3.492709479101306358e-01 7.016592611370164878e-03
-3.490438047323430326e-01 6.650598428415754881e-03
-3.488325470090524183e-01 6.239587669612967069e-03
-3.486410264586435326e-01 5.699719587787588360e-03
-3.485322342106796922e-01 5.193825313511035713e-03
-2.859165865451245847e-01 3.750425830756687340e-03
-3.137872211210609996e-01 4.367507676478421530e-03
-3.127601487458941953e-01 5.333779539917371526e-03
-2.361623859113402557e-01 8.484634285367109729e-03
-2.359139567336682175e-01 9.247861995134831758e-03
-2.356435828363737939e-01 9.752349894010192699e-03
-2.353783238326568883e-01 1.017186214426163415e-02
-2.351086220537469407e-01 1.050621516328498206e-02
-2.347557036368164707e-01 1.083579210364571388e-02
-3.101624570643898848e-01 5.065690915700915564e-03
-3.529995023621745331e-01 7.631801490656398013e-03
-3.516959017153882261e-01 7.909550997877101697e-03
-3.505174219458587759e-01 7.779258420411550023e-03
-3.494056982249708621e-01 7.409923516340177763e-03
-2.760383456119708256e-01 8.895723821319145852e-03
-2.696549307044651123e-01 9.022151125890442991e-03
-2.570618718645090173e-01 1.046106560451581791e-02
-2.502234792926648077e-01 1.471298884690147579e-02
-2.448929464100809694e-01 1.696546216659439166e-02
-2.407158107114962253e-01 1.705523840641859357e-02
-3.494002958987438845e-01 1.457033160448983899e-02
-3.551551156176028790e-01 1.871575258393470831e-02
-3.610556482545538848e-01 2.522067684269335697e-02
-3.758598226228460071e-01 3.005457615257944859e-02
-3.820335241878258237e-01 2.541820837805253142e-02
-3.846351424882407666e-01 2.201601566288102774e-02
-2.345653833983480374e-01 1.586566442343606553e-02
-2.350157950253381478e-01 1.447685758137523537e-02
-2.354798784306281756e-01 1.416121016889948514e-02
-2.353944314023626583e-01 1.399867109376567997e-02
-2.350511432199476891e-01 1.358396721018623188e-02
-4.069782179548093737e-01 2.619477223607091787e-02
-4.061771606536096479e-01 2.830300642529465227e-02
-4.051413213494617360e-01 2.912139516901407488e-02
-4.044767056745933176e-01 2.889998994837755797e-02
-4.049400990225050512e-01 2.790263171289703026e-02
-4.074878867874658361e-01 2.799093829059595695e-02
-4.087654642792492021e-01 3.049622408372582028e-02
-4.086333032930506426e-01 3.254986328166681320e-02
-4.081991678738996487e-01 3.421691348353450568e-02
-4.074666862067988782e-01 3.578865041155188109e-02
-4.063463997154242446e-01 3.713394826096966250e-02
-4.049754446309872247e-01 3.811798525886112010e-02
-4.035067247698410076e-01 3.874274473825417564e-02
-4.020336587760421354e-01 3.906144327723787280e-02
-4.006054205393292933e-01 3.913141315878415627e-02
-3.992460334428582502e-01 3.900168207315107827e-02
-3.979658226495741968e-01 3.871161334876888072e-02
-3.967676612136624703e-01 3.829223974967188582e-02
-3.956503795254022737e-01 3.776795794570703135e-02
-3.946106586200832100e-01 3.715801513828514979e-02
-3.936440829161366728e-01 3.647769545329820895e-02
-3.927457118478583364e-01 3.573921544760599867e-02
-3.919103974285085279e-01 3.495236786960281838e-02
-3.911329891468864894e-01 3.412498872497443658e-02
-3.904084848482360370e-01 3.326332710216006738e-02
-3.897321332314366282e-01 3.237237185615288171e-02
-3.890994608272502209e-01 3.145615139021096240e-02
-3.885062066504443301e-01 3.051795909883925351e-02
-3.879482371849325428e-01 2.956044814229857876e-02
-3.102791795524730278e-01 5.523024843977042408e-03
-3.101270722584913431e-01 5.422626282066467240e-03
-3.101042290943911706e-01 5.300092480159057651e-03
-3.100536552665068002e-01 5.292251787040347377e-03
-3.099425707450276235e-01 5.221248793927268927e-03
-3.098526267512597410e-01 5.110139633212218424e-03
-3.358586874961865809e-01 3.821121662645976524e-03
-3.358562412088353377e-01 3.821992321365985656e-03
-3.051295831642694689e-01 5.085998235353217378e-03
-3.051205325271314495e-01 5.061221676229521460e-03
-3.051083773280335310e-01 5.026703343229244059e-03
-3.050934740700566583e-01 4.982225660954353597e-03
-3.050762694551446552e-01 4.927486344909470795e-03
-3.050573011677672475e-01 4.862075135019072736e-03
-3.050372089247842533e-01 4.785438817569986902e-03
-3.050167663480648494e-01 4.696829358501020124e-03
-2.834204405079306932e-01 4.032941027466319106e-03
-2.833614631900385761e-01 3.879569203002586342e-03
-2.832943925771822524e-01 3.709357483060227167e-03
-3.049592556195371840e-01 4.195595944234908892e-03
-3.049681961947923736e-01 4.022105422864519220e-03
-3.050087724964374303e-01 3.826172782891434920e-03
-3.051206986266801202e-01 3.631523992349394714e-03
-3.351833537975072996e-01 3.906548369719597957e-03
-3.350940496117212897e-01 3.894829691388657089e-03
-3.051079299870245731e-01 3.472235855976224528e-03
-3.049302175383341029e-01 3.210482161770222831e-03
-3.047827855374702910e-01 2.810785462706522075e-03
-3.046608138395122123e-01 2.265659254381158227e-03
-3.345595063209416686e-01 3.664345504714450197e-03
-3.344477739340835365e-01 3.550315792264946424e-03
-2.703845759399824411e-01 3.481783067990351643e-03
-3.343460477391397845e-01 3.125787667530410818e-03
-2.694191183072839890e-01 3.101115344840310595e-03
-3.350183454583235410e-01 3.625198712571220394e-03
-3.344391059206210937e-01 3.982867120162270069e-03
-3.338219535750441835e-01 3.925188281674207857e-03
-3.332633991403326501e-01 3.652456712015028639e-03
-3.327319892999863193e-01 3.234313801779131747e-03
-3.319433263416393665e-01 2.447949697200246799e-03
-2.699348866790568513e-01 1.722325380268341366e-03
-2.852206761303202609e-01 3.516779866153396661e-03
-3.289283611578361910e-01 3.441213637411566495e-03
-3.117117318455722708e-01 5.696181328860405735e-03
-3.112373392422403962e-01 5.473471186506373432e-03
-3.109073452038446095e-01 5.378487610790960716e-03
-3.107000930340839684e-01 5.293308763633874925e-03
-3.105065877315122402e-01 5.241777912362299841e-03
-3.103374785650774292e-01 5.155404529772589228e-03
-3.279676879285599034e-01 4.413344387575623973e-03
-3.099898009843662372e-01 4.945074877735766705e-03
-2.565815823056063483e-01 7.033422035891023771e-03
-2.514932576611280113e-01 7.488695507291143194e-03
-2.801553637651355011e-01 7.285081010536043067e-03
-3.482111394708595209e-01 6.800006886956311281e-03
-3.463440994030621556e-01 5.458738689239128750e-03
-3.429592446077912582e-01 8.457399789243369437e-03
-3.431650264212096624e-01 1.052425067495038613e-02
-3.440635838263448876e-01 1.205509705644236540e-02
-3.458504798282439618e-01 1.330629257137816435e-02
-2.390301148376672291e-01 1.409798007794582642e-02
-2.418303439559329748e-01 1.482811017962604172e-02
-2.410635378146961938e-01 1.724316350265692188e-02
-2.392135668527362036e-01 1.837685654252946277e-02
-2.372052842035308196e-01 1.844434683126461305e-02
-2.354607668241775476e-01 1.755429146802911511e-02
-3.871906939236958167e-01 1.702668261558604179e-02
-3.103092204852154201e-01 2.967859877447132089e-03
-3.099034015529962272e-01 2.492869170328648742e-03
-3.345909910002231591e-01 2.938943802138216377e-03
-2.707027066468116194e-01 3.204607633451983517e-03
-2.346986107765375029e-01 1.285150696552156413e-02
-2.344872735477205872e-01 1.183694590847006456e-02
-2.345391460180973053e-01 1.054874513480813514e-02
-3.114046229640910490e-01 1.917673190625801549e-03
-3.349477896908785723e-01 3.210979043846651226e-03
-3.342422388316262927e-01 2.931465345931638655e-03
-2.388077432841268499e-01 8.789092883335347661e-03
-2.388126083155572010e-01 8.944448597186238636e-03
-2.386672151441797673e-01 8.765650729452678647e-03
-2.385249850428783902e-01 8.298428868146856541e-03
-2.730802088151579321e-01 1.754632013161450121e-03
-2.705641318949398300e-01 1.717394466639876605e-03
-3.526368938041434253e-01 5.121145268930649141e-03
-3.130827231826502910e-01 1.555783516560160784e-03
-3.086687597729106947e-01 6.813157613537179635e-04
-3.074142152559115049e-01 3.548161981234865259e-03
-3.062569421199972108e-01 3.746360268997550591e-03
-3.051685771673590675e-01 2.503070849632915706e-03
-3.349440224208127814e-01 2.520213080906774650e-03
-3.342002832881734165e-01 2.376210185811078457e-03
-2.435343174456283122e-01 6.266322298714877004e-03
-2.426977610852731615e-01 6.223576453858514768e-03
-3.108104500760816569e-01 2.876150425086876350e-03
-3.111990003480340494e-01 4.185455161029139060e-03
-3.110624056231118262e-01 4.779891201878050389e-03
-3.108828580570663913e-01 5.111377718056975272e-03
-3.107220276768568046e-01 5.304548262870356634e-03
-3.105813633736147494e-01 5.417215512079576190e-03
-3.104541161403189253e-01 5.488549732239333956e-03
-2.499975580192740077e-01 3.758219992753164540e-03
-3.258656068246735815e-01 1.810268635152156858e-03
-3.261184983320128961e-01 1.777911391020625675e-03
-3.260230747022516695e-01 2.220599001660161775e-03
-3.258132204329999837e-01 2.327845528873773162e-03
-2.890460226425800028e-01 1.988358410669965881e-03
-3.051374185023791874e-01 5.106857429924505087e-03
-3.051352662318495002e-01 5.101181352555106407e-03
-3.358496220618417683e-01 3.824179044379483194e-03
-2.837196735434726058e-01 4.703820805524505655e-03
-2.836913930542234730e-01 4.652398748675234952e-03
-2.836567080217364811e-01 4.586119162476753885e-03
-2.836166485517666036e-01 4.504791526262985624e-03
-2.835723303907013437e-01 4.408429461794316495e-03
-2.835247223779071013e-01 4.297336053433076231e-03
-3.206416007959450587e-01 2.533880403458976804e-03
-3.049969714995978687e-01 4.595221955272343894e-03
-3.049791258290564522e-01 4.479229631004666423e-03
-3.049653471514123804e-01 4.346902876310843045e-03
-3.197021376350586697e-01 2.516960647956756336e-03
-2.831223822346974339e-01 3.291895670210043257e-03
-3.194765283573688386e-01 2.243267057855935498e-03
-3.194091283415991800e-01 2.172929473258256028e-03
-3.052757802886886807e-01 3.566622473412606187e-03
-3.052585280971140125e-01 3.579642069741428845e-03
-2.740709224179459502e-01 2.772728141875180352e-03
-3.018999892202872681e-01 2.197801819700251347e-03
-3.013376877990764924e-01 2.161804575951165042e-03
-2.719867592028777370e-01 3.287510563933504493e-03
-2.714247365491484487e-01 3.435401959128336902e-03
-2.708947231063151828e-01 3.504015759139222919e-03
-3.343566632195869581e-01 3.382861447971508007e-03
-2.698923709137855953e-01 3.345228354714180341e-03
-2.750130073504933881e-01 1.856571159936759585e-03
-2.883533118861777989e-01 1.995485490220882951e-03
-2.876949549168896225e-01 2.664946517816679794e-03
-2.871336982319616649e-01 2.806486406464914207e-03
-2.875778856589240040e-01 3.029029311438113936e-03
-2.871781267668080950e-01 3.208307717182223850e-03
-2.866206449933447198e-01 3.671221098510091263e-03
-3.153026839257144776e-01 2.235589735356091623e-03
-3.292678996541981151e-01 3.157602434949724479e-03
-2.846866625689924990e-01 2.976835165846847264e-03
-3.287110073073493122e-01 4.195261330542709999e-03
-3.284123256195208840e-01 4.445879436068278512e-03
-3.281880624140987024e-01 4.636600784624189675e-03
-3.280477438039374749e-01 4.652323059923912929e-03
-3.279666778285830198e-01 4.731804422551944000e-03
-3.279122512770336062e-01 4.651561697446793264e-03
-2.821262389241250834e-01 4.451125217879547957e-03
-3.279551337824279655e-01 4.275411118573657632e-03
-3.098616349056723673e-01 4.873385366608473657e-03
-2.824000761359099498e-01 5.825017791695807912e-03
-3.091796546326699979e-01 4.184709846752898699e-03
-3.090492650733174251e-01 3.751103310909942312e-03
-3.349137391864019930e-01 4.115696936081769675e-03
-3.349018135427396792e-01 4.305929200586866568e-03
-3.347486900927654774e-01 4.341298211848421129e-03
-3.344684922251276449e-01 4.277723646024744752e-03
-3.340510707520563671e-01 4.161419348056638601e-03
-3.336642666638559573e-01 4.038633321295226342e-03
-2.697097755324631141e-01 2.976742951195043840e-03
-3.125395813446104620e-01 3.069026274448327651e-03
-3.122120416330450010e-01 3.498277756534384775e-03
-3.117321255434387650e-01 3.573833963195494068e-03
-3.112163298231854780e-01 3.543520397956967383e-03
-3.528428265575064282e-01 6.137110275052926056e-03
-2.748487271057571402e-01 1.928104343908831897e-03
-2.726390232483313913e-01 2.299418754262094744e-03
-2.713468217786464409e-01 3.083779621215754219e-03
-2.895439452444226180e-01 2.340032295184035771e-03
-2.703257204465579489e-01 3.064566503834742495e-03
-2.888020897886602878e-01 2.195212972199211965e-03
-3.120365069495253940e-01 2.049557985877303867e-03
-2.881209846440252464e-01 1.218285012827446945e-03
-2.865762538483601629e-01 1.777698308935871108e-03
-3.187850711598783637e-01 1.860259326622593079e-03
-3.177238097034621456e-01 1.899788550426440015e-03
-3.147376350906088138e-01 1.261547618445713059e-03
-3.132709769242259523e-01 2.282335978165683787e-03
-3.122369487694934276e-01 2.515301457865770640e-03
-3.108061972729245781e-01 1.397288906863802804e-03
-3.184179984173564071e-01 1.327933338726272616e-03
-3.039996080785852817e-01 1.926629762661113965e-03
-3.022400852159758400e-01 1.269671036105535222e-03
-3.012436695334883008e-01 7.761040875112201753e-04
-3.343726105207522337e-01 2.464288255631330582e-03
-2.758953215608316856e-01 1.165052997196491802e-03
-3.148096482086809589e-01 7.677352630755529539e-04
-3.021611850750556827e-01 1.385889523448091687e-03
-3.104235051895461450e-01 2.803822449552628715e-03
-3.096485162649458833e-01 3.559161052325565677e-03
-3.099358983219079877e-01 2.779723480020812598e-03
-2.765915550863550232e-01 1.476572829996969372e-03
-3.012955021952904988e-01 7.418111920383108071e-04
-2.503560249401420856e-01 3.158266186989999724e-03
-3.150343748528933729e-01 5.519517065621926122e-10
-2.502428108395250428e-01 4.119134605771068713e-03
-2.502502524653246185e-01 3.981472636971739032e-03
-3.260685626740453258e-01 1.784969483740572738e-03
-3.260010524645440277e-01 1.253214290580562107e-03
-2.902298583435706791e-01 1.051119040071935018e-03
-2.899054285293082289e-01 1.418421421461701915e-03
-2.896268967952127515e-01 1.644990118056410822e-03
-2.893951309957189522e-01 1.785498123067552623e-03
-3.255922919905861468e-01 1.880144859505994415e-03
-2.837589076615377182e-01 4.771609517567054759e-03
-2.837539008490946313e-01 4.763179030072284270e-03
-2.837407152493168216e-01 4.740663925657251365e-03
-3.211528877230361845e-01 2.151424511664390415e-03
-3.211084615980360768e-01 2.179018350231320955e-03
-3.210533403905600491e-01 2.218140144951030734e-03
-3.209864432707676962e-01 2.272172273219463801e-03
-3.209034363587038308e-01 2.344486786273414225e-03
-3.207932839041895412e-01 2.435158015754002037e-03
-2.834742715341376229e-01 4.172040414247957241e-03
-3.356387995730265028e-01 3.881626869262244650e-03
-3.201976112190810797e-01 2.656286573609167867e-03
-3.199364631930954328e-01 2.627162166590035763e-03
-2.832157693540258148e-01 3.516725801159248377e-03
-3.195525040500019065e-01 2.362022881760905690e-03
-2.830122562560640209e-01 3.018831871880900408e-03
-2.828849319779869753e-01 2.671634661012056711e-03
-2.827427438131134840e-01 2.199614587810871935e-03
-3.029391606698995099e-01 1.690087465376077791e-03
-3.024177540756196048e-01 2.035626901876697037e-03
-2.733628599339730791e-01 2.852549859351904971e-03
-2.726216600428082448e-01 3.057597805700806859e-03
-3.007454261940519791e-01 1.782860961245580356e-03
-3.045067282876005588e-01 1.388214653378627705e-03
-3.022612896159331819e-01 1.515013065561787720e-03
-3.016243907560232640e-01 2.031868485692034376e-03
-3.010185447332509590e-01 1.940294205808101857e-03
-3.009139559628931093e-01 1.571308315547303991e-03
-3.008911358252912005e-01 1.522071246650935628e-03
-3.007758883652050796e-01 1.469652994686043712e-03
-3.006305036631304883e-01 1.371145276091778609e-03
-3.004742880896498769e-01 1.211014210509064881e-03
-3.003089862371616237e-01 9.531152337234338745e-04
-3.125725151104200572e-01 1.737490037730660131e-03
-3.128726780881916913e-01 1.994716985911970664e-03
-2.799103903339368316e-01 2.649053985408378331e-03
-2.674420048037348119e-01 2.863981524875491846e-03
-2.844178102318245527e-01 2.277147932412793008e-03
-2.843696675637463200e-01 1.510924240052335943e-03
-3.029892421619198029e-01 2.179451159911083291e-03
-3.015119902923429351e-01 2.866648285462236601e-03
-3.000108884699365652e-01 2.538079846570062692e-03
-2.735118744784252320e-01 2.095176071661930539e-03
-2.888274005261062261e-01 2.377430817473158431e-03
-2.871771461050187657e-01 3.813679788039536778e-03
-2.848670151401420658e-01 4.467468230700322174e-03
-3.093301451695414928e-01 4.618385390100065990e-03
-3.366136287610773659e-01 2.790640572068348035e-03
-3.348341769145435354e-01 3.558233518518083560e-03
-3.086642918027899807e-01 3.279097121494767286e-03
-3.084166550713911548e-01 2.046671502943242515e-03
-2.714207144363042223e-01 3.993202159848885380e-03
-2.704345231726967835e-01 4.818849603765551493e-03
-2.686149502877447914e-01 4.605688564986276656e-03
-3.015445252313733171e-01 1.816741825895140661e-03
-3.333547161525236002e-01 3.696827774882727180e-03
-2.695059967662125078e-01 2.958807631678606054e-03
-3.325781077604268998e-01 2.472554223195588818e-03
-2.865088394491002166e-01 1.500431385782596827e-03
-2.841510123786701869e-01 1.824168710072460176e-03
-3.108199517615257146e-01 3.416780388902029841e-03
-2.850851541024803648e-01 1.471612189506477097e-03
-2.903442076700364916e-01 3.048379553101110417e-04
-2.901823087673800483e-01 1.784817143541450601e-03
-3.104678600202146477e-01 1.205865061765731827e-03
-2.893632200480844574e-01 2.440384446409094021e-03
-3.026627981767234243e-01 1.417095926378175719e-03
-3.023171940294903659e-01 1.613010288459948427e-03
-3.012460028835958203e-01 1.531168538044858085e-03
-2.977870208027952326e-01 9.305691999066945108e-04
-2.978979104277184597e-01 1.867406216702449662e-03
-3.025702243805588054e-01 1.179906224348714616e-03
-3.015923475116282226e-01 1.872518638206199793e-03
-3.008763509188461804e-01 2.302690191656464602e-03
-3.005318866914813980e-01 1.976082849542593056e-03
-3.015856691822361713e-01 9.215316005397045096e-04
-3.051560005468068049e-01 6.794589043147003515e-04
-2.690201568297770907e-01 1.755502537759690007e-03
-3.048937274436879230e-01 9.695050155420492644e-04
-2.879847330243038850e-01 7.684057053377602031e-04
-3.195621473658067924e-01 1.594877499516700325e-03
-3.182881492254542311e-01 1.552820622469475165e-03
-2.702337778079011432e-01 1.435684966636985305e-03
-3.132612319818927071e-01 1.413033202414648581e-03
-3.231386774540970230e-01 1.296426868057753978e-03
-3.186029459495117178e-01 1.707514769217433059e-03
-3.146371263746249869e-01 9.993499252851645309e-04
-3.029725737569774480e-01 8.337354488349713044e-04
-2.913229118391931216e-01 5.275956010047933020e-04
-2.888933677320547067e-01 2.220048545668040774e-04
-3.147373820336483718e-01 -4.419763799390352688e-08
-3.271929783084965848e-01 1.163567626244421671e-03
-3.260102738807342804e-01 1.698844731930770902e-03
-2.781639816133686383e-01 1.986779587923648283e-03
-2.909695524040050718e-01 6.719105195336361191e-04
-2.687748184784471417e-01 1.288040774320486914e-03
-3.160504022100874000e-01 3.653228989791146297e-04
-2.751985219105382297e-01 8.679337462917380286e-04
-2.747048344291609934e-01 7.435883536185405873e-04
-2.810315919791485650e-01 1.359817697690723914e-03
