1.486909746602098625e-01 5.516420653606246560e-15
1.486907958226643123e-01 2.202404925100154287e-14
1.486903186141263211e-01 7.244205235679146426e-15
1.486895434157922136e-01 4.787836793695987581e-15
1.486884708461014282e-01 2.203792703880935733e-14
1.486871017590744859e-01 5.405398351143730906e-15
1.486854372420593762e-01 5.329070518200751394e-15
1.486834786128579666e-01 4.489464355827976760e-15
1.486812274162411796e-01 7.410738689372919907e-15
1.486786854198894614e-01 -1.387778780781445676e-17
1.486758546097470823e-01 1.269817584415022793e-14
1.486727371848115542e-01 4.482525461924069532e-15
1.486693355513628578e-01 1.471045507628332416e-15
1.486656523166059729e-01 7.792377854087817468e-15
1.486616902816775276e-01 7.840950111415168067e-16
1.486574524338344083e-01 4.420075416788904477e-15
1.486529419369782001e-01 1.505046087757477835e-14
1.486481621244490625e-01 3.295974604355933479e-15
1.499115823853414964e-01 6.106226635438360972e-15
1.486378083969257802e-01 1.522393322517245906e-14
1.486322434143323989e-01 -3.271688475692258180e-14
1.486264221077365499e-01 4.753142324176451439e-15
1.486203502136733967e-01 2.384203945382523671e-14
1.486140267866734033e-01 1.466882171285988079e-14
1.486074851575727995e-01 2.373101715136272105e-15
1.486006837183860563e-01 1.073446886934448230e-14
1.485936521925079468e-01 4.815592369311616494e-15
1.485863894726808243e-01 1.398881011027697241e-14
1.485788710098331078e-01 5.197231534026514055e-15
1.485712566290338099e-01 4.364564265557646650e-15
1.485633244432566225e-01 9.693634783758398044e-15
1.485551975564546878e-01 6.675215935558753699e-15
1.485468685665595756e-01 5.974387651264123633e-15
1.485383401519457247e-01 1.296879270640260984e-14
1.485296143996865104e-01 7.563394355258878932e-15
1.513630707192312463e-01 2.595146320061303413e-15
1.485116076783679628e-01 1.953298633949884788e-14
1.485023467380758855e-01 6.480926906249351305e-15
1.484928888796263058e-01 2.171873791922962482e-15
1.488576299167423123e-01 1.438026583525153779e-03
1.484734622228070511e-01 6.578071420904052502e-15
1.484634930407855991e-01 7.438494264988548821e-15
1.484533426006449941e-01 8.368306048112117423e-15
1.445701155090746981e-01 3.149390654360859076e-03
1.575076974024826881e-01 7.649215493807051680e-03
1.655541487120169575e-01 7.494408960905467321e-03
1.484119244293306550e-01 9.339751194659129396e-15
1.484010089535238996e-01 1.112998582186719432e-14
1.483900173367746489e-01 1.398187121637306518e-14
1.450627919059290227e-01 4.051811504609793835e-03
1.520359701440497924e-01 2.113605047854447139e-03
1.483563543332340751e-01 2.400857290751901019e-15
1.333814833968059166e-01 8.472587996370718744e-03
1.451307641583548802e-01 1.276675193316170048e-02
1.537546368752431836e-01 1.618357932261212107e-02
1.612022311976837319e-01 1.783340751208303127e-02
1.685161593128151614e-01 1.762886710675817814e-02
1.482892900817957549e-01 1.323940956865499174e-14
1.482757243041534223e-01 6.675215935558753699e-15
1.482632052955609459e-01 8.562595077421519818e-15
1.482507680018838592e-01 8.812395257962180040e-15
1.482383244328315253e-01 1.088018564132653410e-14
1.482257703903463453e-01 1.138672489631176177e-14
1.503953829116012608e-01 5.419276138951545363e-15
1.428804854224819398e-01 1.670740964472713919e-03
1.463493351131417153e-01 4.725729268011583106e-03
1.456523151827533447e-01 8.341431719509587173e-03
1.508738666203217060e-01 8.926633862611187131e-03
1.571337300591390540e-01 9.516153063455420891e-03
1.620144343718357416e-01 1.074497913657607856e-02
1.662155513681669861e-01 1.100892500861431339e-02
1.705148065852825079e-01 1.064456957235232482e-02
1.489318831963213352e-01 5.733608032798542808e-14
1.505171770913770746e-01 5.093148125467905629e-15
1.485825266972964631e-01 1.701416785238052398e-14
1.512119855540919044e-01 2.498001805406602216e-15
1.483573976531208927e-01 1.277450367709320744e-14
1.509349075503489679e-01 4.850286838831152636e-15
1.481895396736738479e-01 1.727784582072899866e-15
1.481187380274014975e-01 4.836409051023338179e-15
1.480565861308027753e-01 2.380040609040179334e-15
1.497369939687409335e-01 5.259681579161679110e-15
1.465941474621906548e-01 1.115256409983944597e-03
1.543698063858353065e-01 4.756370542464069540e-04
1.479553372919196752e-01 2.716576963379679910e-14
1.479405464620104915e-01 1.047772979489991485e-14
1.479258345252257578e-01 2.672861931785064371e-14
1.479110130615105545e-01 9.603429163007604075e-15
1.478959759235870530e-01 3.259198466665225169e-14
1.478803688286188800e-01 3.975986206938841860e-15
1.478638996297487462e-01 1.369043767240896159e-14
1.460925605150607542e-01 2.062945345679106923e-03
1.472963106920296694e-01 2.701560666959541834e-03
1.485283907275627979e-01 2.705186443117943429e-03
1.497783927993328879e-01 2.035110959436578493e-03
1.454091278458834180e-01 5.665969695257053185e-04
1.484439703356872364e-01 7.518112203201698929e-04
1.485403523569739370e-01 6.092348847630546516e-15
1.493994296097085339e-01 1.792316295379237090e-14
1.482576062465129907e-01 2.491062911502694988e-14
1.479000222196994452e-01 2.462613446496675351e-14
1.478999394925972766e-01 2.080974281781777790e-14
1.478997187214038112e-01 3.626959843572308273e-14
1.478993600199474123e-01 8.860967515289530638e-15
1.478988635729760193e-01 2.552819067247469320e-14
1.478982296356801673e-01 1.661171200595390474e-14
1.478974585331408464e-01 6.453171330633722391e-15
1.478965506595255608e-01 1.919298053820739369e-14
1.478955064771475536e-01 1.879052469178077445e-14
1.478943265153131459e-01 1.388472670171836398e-14
1.478930113689336523e-01 1.879052469178077445e-14
1.478915616968699553e-01 1.928318615895818766e-14
1.478899782199691315e-01 2.137873211793817063e-14
1.478882617186287052e-01 3.247402347028582881e-14
1.478864130296924095e-01 1.214306433183764966e-14
1.478844330421953679e-01 2.050443148604585986e-14
1.478823226906012256e-01 1.774275171229078296e-14
1.478800829387886540e-01 3.124583924929424938e-14
1.486431164599379684e-01 1.654926196081873968e-14
1.478752193092519318e-01 2.109423746787797427e-14
1.478725969765472270e-01 2.296773882193292593e-14
1.478698450046757873e-01 2.468858451010191857e-14
1.478669862061990359e-01 2.939315457695101941e-14
1.478639880300133269e-01 2.149669331430459351e-14
1.478608664440755338e-01 2.032402024454427192e-14
1.478576021871338686e-01 1.997707554934891050e-14
1.478544377325321513e-01 1.827010764898773232e-14
1.478508596282274157e-01 2.426531198196357764e-14
1.478472531507422638e-01 2.783190344857189302e-14
1.478435269664953033e-01 1.162264728904460753e-14
1.478396450263662620e-01 1.103978020111640035e-14
1.478352181818963496e-01 1.275368699538148576e-14
1.478322842981025509e-01 6.522560269672794675e-15
1.478279205433176147e-01 2.067096493973963334e-14
1.478236285267155725e-01 1.801336857454316487e-14
1.485207732828987270e-01 1.148386941096646297e-14
1.478148081777529987e-01 3.738676035425214650e-14
1.478102522754970727e-01 1.369737656631286882e-14
1.478055855886245828e-01 3.795574965437253923e-15
1.484832605372894687e-01 4.912736883966317691e-15
1.477961526024927918e-01 1.503658308976696389e-14
1.477911762055043321e-01 1.416922135177856035e-14
1.477861410953583698e-01 1.547373340571311928e-14
1.484429372221297561e-01 9.797718192317006469e-15
1.484323710720405753e-01 1.649375080958748185e-14
1.484231254323040705e-01 1.092875789865388469e-14
1.477650926567017908e-01 1.614680611439212043e-14
1.477595681841280262e-01 1.639660629493278066e-14
1.477538733822630068e-01 1.915134717478395032e-14
1.483789240379363161e-01 9.374445664178665538e-15
1.530651314598584778e-01 3.483324739761428646e-15
1.482925835440186413e-01 3.268219028740304566e-15
1.483448715922389971e-01 1.963013085415354908e-14
1.483332327100393144e-01 1.222633105868453640e-14
1.502681271838869348e-01 4.760081218080358667e-15
1.490245126051974178e-01 1.031119634120614137e-14
1.484293551434292813e-01 4.940492459581946605e-15
1.480510801366183016e-01 2.665923037881157143e-14
1.477762506169805201e-01 6.537201335810038927e-13
1.476892048725665096e-01 9.603429163007604075e-15
1.476828322933934345e-01 1.248307013312910385e-14
1.476764355462068523e-01 1.326022625036671343e-14
1.476701429934805521e-01 1.449534936526220008e-14
1.482131018265704925e-01 6.848688283156434409e-15
1.482002805499708920e-01 3.753941602013810552e-15
1.386007167912721716e-01 4.959443670744752286e-03
1.496885319566811090e-01 4.362875348855106694e-03
1.551657772814089564e-01 1.972963486313789039e-03
1.488717468509915265e-01 2.183669911559604770e-14
1.503509702546595439e-01 5.412337245047638135e-15
1.496205564561323142e-01 7.355227538141662080e-15
1.492050921661343121e-01 1.053324094613117268e-14
1.481643328198735399e-01 9.486161856031571915e-14
1.487343744597831585e-01 2.400163401361510296e-14
1.480874729796389233e-01 4.248684737362395936e-14
1.484600548900028572e-01 1.072059108153666784e-14
1.480581499288866065e-01 3.008704396734174225e-14
1.488950231110522382e-01 1.426636586643326154e-14
1.480280888090758640e-01 9.527101330064624563e-15
1.480114399660019675e-01 1.055405762784289436e-14
1.479904308028537618e-01 1.627170620466245055e-14
1.480122238718976635e-01 1.290634266126744478e-14
1.490807061169067693e-01 9.832412661836542611e-15
1.479708070509748452e-01 1.740968480490323600e-14
1.477583177842378137e-01 -6.669456653618510700e-13
1.476783858040192354e-01 1.679906214135939990e-14
1.475813880440869919e-01 2.602085213965210642e-14
1.474568951932541394e-01 9.950373858202965494e-14
1.516312499989142248e-01 6.115941086903831092e-14
1.474813109022267699e-01 8.090750291955828288e-15
1.474730187527529823e-01 1.899869150889799130e-14
1.461134365918368427e-01 1.895340607248080511e-03
1.472660946621716649e-01 2.368139595887434889e-03
1.484426041398997920e-01 2.196611486143182357e-03
1.496248992109216747e-01 1.085211548830046502e-03
1.495029185338183075e-01 1.501576640805524221e-14
1.556412473771351390e-01 9.192752101030363110e-04
1.479863170564033326e-01 3.270300696911476734e-14
1.483764696975470032e-01 2.467470672229410411e-14
1.478203040508833110e-01 -2.627065232019276664e-14
1.478141500916305140e-01 3.726186026398181639e-14
1.478139202789747475e-01 7.110978472724127641e-14
1.478133064963510213e-01 -2.287059430727822473e-14
1.478123077221870085e-01 -1.147762440645294646e-13
1.478109222837261372e-01 4.573424972065254224e-14
1.478091478385809288e-01 6.645378691771952617e-14
1.478069813495460905e-01 9.810208201344039480e-14
1.478044190512211309e-01 -2.855354841457824477e-14
1.478014564072716308e-01 -3.055194985890352655e-14
1.477980880587922985e-01 -9.342526752220692288e-14
1.477943077622825563e-01 4.637262795981200725e-14
1.477901083138761229e-01 6.714767630811024901e-14
1.477854814602412858e-01 -9.936496070395151037e-15
1.477804177911770933e-01 -1.312144837228856886e-14
1.477749066112781784e-01 8.531370054853937290e-14
1.477689357821253269e-01 6.530193052967092626e-14
1.477624915210067613e-01 3.225891775926470473e-14
1.477555581217140923e-01 6.396272400621683119e-14
1.478777160385084943e-01 -2.220168493494156792e-13
1.477401463209546684e-01 8.575085086448552829e-14
1.477316435883553880e-01 1.197583698875348546e-13
1.477225363961678917e-01 -7.237266341775239198e-15
1.477128034375628507e-01 -4.984901380566952867e-14
1.477021932188532505e-01 1.325467513524358765e-13
1.476919344491592623e-01 1.228878110381970146e-13
1.476800339652874217e-01 -4.739264536368636982e-15
1.476675095182396480e-01 6.648848138723906231e-14
1.476541428537608280e-01 1.151786999109560838e-13
1.476394246151435108e-01 1.501576640805524221e-14
1.476254388012589180e-01 2.491062911502694988e-15
1.476090088535264577e-01 -1.521491266309737966e-13
1.475915543332207425e-01 -2.446307045822493365e-13
1.475727242925433946e-01 1.327132848061296500e-13
1.475520847409795278e-01 -1.197653087814387618e-14
1.475279267637167047e-01 -7.039507865513883189e-14
1.478192646182339420e-01 -2.836758605795353105e-13
1.474890696365752651e-01 6.426803533798874923e-14
1.474597368378184614e-01 1.055266984906211292e-13
1.474288192358828020e-01 -6.203371150093062170e-15
1.478006220718412200e-01 6.012482178796574317e-13
1.473917767768949949e-01 -2.899347428808596305e-13
1.473125077668398508e-01 -2.339933802275595554e-13
1.472585560721121900e-01 -3.468753062563223466e-14
1.477810198535339514e-01 5.496991750675306321e-14
1.477758075215541700e-01 1.209796152146225268e-13
1.477705005047284526e-01 -1.927139003932154537e-13
1.470793485194305250e-01 -5.587891260816491013e-14
1.469883253165937542e-01 3.518921265488472727e-13
1.468976162857397738e-01 5.696831895107834498e-14
1.477476226487723088e-01 -5.533351554731780197e-13
1.483677017892240380e-01 -3.323036290581171670e-14
1.477371917268701096e-01 5.023620408550755201e-13
1.478575058681634025e-01 8.019834796257896414e-13
1.477283304050046042e-01 -3.211320098728265293e-14
1.483213778784917836e-01 1.757205492225466514e-13
1.483090589382514424e-01 9.733810979462020896e-13
1.482928164877734545e-01 -6.989200884710555783e-13
1.477018199990679514e-01 3.130828929442941444e-14
1.476955345069485281e-01 -1.242062008799393880e-14
1.475355622314380721e-01 -1.083418077474362917e-12
1.472939889905351130e-01 7.597672491144180640e-13
1.470304939273606448e-01 -9.467843176125256832e-13
1.467180237580400781e-01 -5.375699885235007969e-13
1.476616018724147827e-01 -9.767880948530205387e-14
1.476562279226438512e-01 4.198238978680990385e-13
1.482207989210717891e-01 3.755329380794591998e-14
1.487050624254454279e-01 -1.988686992859811653e-14
1.502512187791554821e-01 1.908584401633106609e-12
1.487124172768740094e-01 1.057487430955461605e-14
1.484485695614139178e-01 1.875180566379697211e-12
1.482084541948427148e-01 8.592918043781594406e-13
1.485902659780163060e-01 -1.630501289540120524e-13
1.479429415600493347e-01 6.534772722943671397e-13
1.481096238998980685e-01 9.638123632527140217e-15
1.477896361482506360e-01 1.341357580564306318e-13
1.480774072906359262e-01 -7.739364704661966243e-13
1.476824529251477836e-01 5.311445727684827034e-13
1.482660991561787767e-01 -3.256284131225584133e-13
1.476007030309815504e-01 -2.833636103538594853e-13
1.475716709144322958e-01 6.240841177174161203e-14
1.475535043189826478e-01 -2.912600716165059112e-13
1.479536872118868696e-01 5.003636394107502383e-13
1.479884804094764306e-01 -4.413830412275387971e-13
1.478316394236142972e-01 2.368244489403537045e-14
1.552144051737871788e-01 -2.756822548022341834e-14
1.474875545277456179e-01 1.344618860699142715e-13
1.475079840385098429e-01 -2.309125113342247460e-13
1.474977439224176567e-01 -1.697253448895708061e-13
1.517516703240476550e-01 -2.575717417130363174e-14
1.470285092815023786e-01 1.769771829085442505e-12
1.466110098397870876e-01 2.054578729371314694e-12
1.489553130973960415e-01 3.171074514085603369e-15
1.478247443041504627e-01 3.474928678137700899e-13
1.525384413836329001e-01 -3.604755383079805142e-14
1.477604990068545621e-01 -9.580530813124710221e-14
1.484902076352170586e-01 4.928696339945304317e-14
1.553672285689327859e-01 6.543101958481345459e-04
1.479208423302653952e-01 -6.400435736964027456e-13
1.478790297512889984e-01 -3.391315006595618797e-13
1.477999338397929241e-01 -3.945732629517806345e-13
