3.775710999476997176e-01 3.987417258641885731e-03
3.775710313857472133e-01 3.985505234091468729e-03
3.775708487405943781e-01 3.980400289790290980e-03
3.775705529892683376e-01 3.972098518705100001e-03
3.775701457145098083e-01 3.960593474196687225e-03
3.775696290972301306e-01 3.945876030130288092e-03
3.775690059061888593e-01 3.927934183288912806e-03
3.775682794848599921e-01 3.906752793798963508e-03
3.775674537355901417e-01 3.882313258054902183e-03
3.775665331011250347e-01 3.854593106738669894e-03
3.775655225435255447e-01 3.823565518457021362e-03
3.775644275205356504e-01 3.789198736812104951e-03
3.775632539594047099e-01 3.751455375434614714e-03
3.775620082280520817e-01 3.710291591203729311e-03
3.775606971033377834e-01 3.665656100333536394e-03
3.775593277358831323e-01 3.617489004778096096e-03
3.775579076101941989e-01 3.565720386514842355e-03
3.775564444970441746e-01 3.510268613732860088e-03
3.775549463884018131e-01 3.451038281948676234e-03
3.775534213565643893e-01 3.387917666163385577e-03
3.775518728640682165e-01 3.320776872693172177e-03
3.775503248211495855e-01 3.249458924600656662e-03
3.775487670856810807e-01 3.173782311398726241e-03
3.775472082339004776e-01 3.093526408157465379e-03
3.775455658424660133e-01 3.008393400614178814e-03
3.775442543820791697e-01 2.918318588498496069e-03
3.775427442362602748e-01 2.822539487062104835e-03
3.775412794516254111e-01 2.720795441431042572e-03
3.775398182280048087e-01 2.612457357633476973e-03
3.775381760594218039e-01 2.496627017295111051e-03
3.775352131392235577e-01 2.382016115456131455e-03
3.775368899542087542e-01 2.241409544509631591e-03
3.775356074103249360e-01 2.097004018565502836e-03
3.775345225113079795e-01 1.939515511805427195e-03
3.775335283449607338e-01 1.765353710905102902e-03
3.775325503324014065e-01 1.569026680589197253e-03
3.775313899041712329e-01 1.340690413885403665e-03
3.775288731673659970e-01 1.057737142402356834e-03
3.775310129730580777e-01 7.759210928144355535e-04
3.833691013635928124e-01 1.644517855226013126e-15
3.833861720085425806e-01 -1.249000902703301108e-16
3.787976367021469448e-01 1.852684672343229977e-15
3.834217326145342164e-01 4.649058915617843013e-16
3.792664805564578967e-01 4.718447854656915297e-16
3.794603474952439881e-01 -8.326672684688674053e-17
3.834755399087158567e-01 2.706168622523819067e-16
3.798499169239004658e-01 3.747002708109903324e-16
3.799568966762352229e-01 1.387778780781445676e-16
3.612346057789788678e-01 9.226606770480018371e-03
3.682086218367233155e-01 8.606337369763177036e-03
3.749204605771527254e-01 1.674987403886336879e-03
3.804977931510831746e-01 3.191891195797325054e-16
3.806208868828397929e-01 -1.110223024625156540e-16
3.807393409078644875e-01 1.734723475976807094e-15
3.808541777755797275e-01 1.679212324745549267e-15
3.809661088784916938e-01 4.996003610813204432e-16
3.810761314770803598e-01 -3.469446951953614189e-17
3.695534125917123713e-01 4.527833056434706072e-03
3.739676138784947534e-01 3.461901976292071359e-03
3.810601419151163349e-01 1.804112415015879378e-15
3.814293144334336416e-01 -1.249000902703301108e-16
3.815392135452143063e-01 7.077671781985372945e-16
3.775951905234695705e-01 2.220446049250313081e-16
3.817292353699781593e-01 -1.595945597898662527e-16
3.594610429767258752e-01 1.973391070357164226e-02
3.641469736386163669e-01 1.994021110025854734e-02
3.685629285983485492e-01 1.933686337445226014e-02
3.727787688046334535e-01 1.789219316240805990e-02
3.768320732145802321e-01 1.542904092968024055e-02
3.807502789484729644e-01 1.137945237146810451e-02
3.798360745853329168e-01 8.965050923848139064e-15
3.823947450349159949e-01 7.265021917390868111e-15
3.824714999390745329e-01 2.345346139520643192e-15
3.825471505959569529e-01 7.799316747991724696e-15
3.786481946361855977e-01 -1.630640067418198669e-15
3.826966686762936498e-01 2.997602166487922659e-15
3.803429336658231685e-01 1.531413884592325303e-14
3.705557981902588005e-01 2.735511075077058651e-03
3.788335089071379058e-01 7.424616477180734364e-16
3.814645153843596037e-01 9.374445664178665538e-15
3.788380676796189728e-01 -6.945832797811135606e-15
3.797082851608110099e-01 5.148659276699163456e-15
3.831575053138708276e-01 7.632783294297951215e-16
3.832239856872128869e-01 6.522560269672794675e-15
3.702331925824883796e-01 2.462805938449288967e-03
3.605806747600006079e-01 1.349328012547378747e-02
3.632469666781959483e-01 1.414182094137052953e-02
3.656747392048748657e-01 1.445222912191344161e-02
3.679136632025365450e-01 1.447334629877691098e-02
3.699958742432863379e-01 1.423630764332240589e-02
3.719421408569362208e-01 1.376077365156813670e-02
3.737658161165027804e-01 1.305619857674296391e-02
3.754753481725655595e-01 1.212050353448539119e-02
3.770760305001314427e-01 1.093549175625992825e-02
3.785713551119517795e-01 9.453439235181410050e-03
3.799638559815227135e-01 7.555089774319449780e-03
3.812559946615384221e-01 4.846362583585048234e-03
3.791759869245189263e-01 4.468647674116255075e-15
3.818991368595240354e-01 1.283695372222837250e-15
3.841609044915256788e-01 5.933448177231070986e-14
3.830280471038992052e-01 1.373900992973631219e-15
3.830283246343526016e-01 1.394717674685352904e-15
3.830290653269897150e-01 2.560451850541767271e-15
3.830302689522732118e-01 2.498001805406602216e-15
3.830319351374989467e-01 1.713906794265085409e-15
3.830340633673271489e-01 1.838806884535415520e-15
3.830366529845232182e-01 7.771561172376095783e-16
3.830397031908980288e-01 1.006139616066548115e-15
3.830432130484603959e-01 1.110223024625156540e-15
3.830471814807742126e-01 9.714451465470119729e-16
3.830516072745274170e-01 1.249000902703301108e-15
3.830564890813173973e-01 1.887379141862766119e-15
3.830618254196645478e-01 1.394717674685352904e-15
3.830676146772670210e-01 2.720046410331633524e-15
3.830738551135300374e-01 2.053912595556539600e-15
3.830805448624070020e-01 1.706967900361178181e-15
3.830876819356512364e-01 2.664535259100375697e-15
3.830952642266243768e-01 1.984523656517467316e-15
3.831032895150131012e-01 2.123301534595611884e-15
3.831117554733460828e-01 2.199629367538591396e-15
3.831206596785142748e-01 1.734723475976807094e-15
3.831299996492129045e-01 1.741662369880714323e-15
3.831397737755377064e-01 1.977584762613560088e-15
3.831499755612430835e-01 1.602884491802569755e-15
3.831606070584643309e-01 2.949029909160572061e-15
3.831716641068803053e-01 2.060851489460446828e-15
3.831831470117786353e-01 2.595146320061303413e-15
3.831952120536307183e-01 -7.959813363989098889e-13
3.832073236123385018e-01 1.935951399190116717e-15
3.832200563745686850e-01 2.026157019940910686e-15
3.832331950949851573e-01 -1.703151508714029205e-13
3.832467445952129070e-01 2.470246229790973302e-15
3.832607149128787194e-01 2.664535259100375697e-15
3.832751836569642245e-01 3.511080315377057559e-15
3.832889913470596266e-01 3.379241331202820220e-15
3.833046470263424821e-01 4.565792188770956272e-15
3.833202156529884608e-01 4.239664175287316539e-15
3.833361331474885447e-01 3.025357742103551573e-15
3.833524255554947024e-01 8.134465323550443827e-14
3.779892791584468226e-01 5.070249775585011776e-13
3.784833841596260129e-01 -3.885780586188047891e-16
3.784884699552343301e-01 2.331468351712828735e-15
3.790494974897032909e-01 3.955169525227120175e-16
3.777733054386311906e-01 2.657596365196468469e-15
3.834556891487315711e-01 1.221245327087672194e-15
3.796372973955698393e-01 -2.186514858060206734e-13
3.800192780320552077e-01 1.047772979489991485e-15
3.835145111182007294e-01 1.505739977147868558e-15
3.801023295676019265e-01 2.834746326563220009e-13
3.802410516443855415e-01 2.567390744445674500e-15
3.803775946795233120e-01 2.456368441983158846e-15
3.835960169438138445e-01 2.157996004115148025e-15
3.830928130352487804e-01 2.838007606698056406e-15
3.835410005788461585e-01 -4.551914400963141816e-15
3.836602857133366018e-01 4.163336342344337027e-17
3.807067038708641382e-01 4.718447854656915297e-16
3.837052071916000062e-01 2.220446049250313081e-15
3.811866068785239592e-01 2.428612866367529932e-16
3.813086193779970379e-01 8.680556273787942700e-15
3.829243621426781097e-01 1.824929096727601063e-15
3.837910777004297502e-01 2.109423746787797427e-15
3.838171144755006536e-01 3.032296636007458801e-15
3.816369251583978106e-01 2.685351940812097382e-15
3.797271167821054116e-01 2.026157019940910686e-14
3.818190656976395148e-01 2.003258670058016833e-14
3.819065073625677598e-01 -2.688821387764050996e-14
3.819919477720005174e-01 2.588207426157396185e-15
3.820756104086948102e-01 9.714451465470119729e-17
3.821576605329580767e-01 1.831867990631508292e-15
3.822382675913591488e-01 6.925016116099413921e-15
3.798360733255577437e-01 9.069134332406747490e-15
3.830215663151042560e-01 1.095651347426951361e-14
3.794072038327711005e-01 1.443289932012703503e-15
3.832628127357886605e-01 1.004057947895375946e-14
3.826219959184312125e-01 3.344546861683284078e-15
3.841776721009823037e-01 3.191891195797325054e-15
3.813696726550276361e-01 2.593064651890131245e-14
3.828466083703714329e-01 -8.743006318923107756e-16
3.829518532997803204e-01 3.344546861683284078e-15
3.820813112246358445e-01 2.491756800893085710e-14
3.791362984840161987e-01 1.851990782952839254e-14
3.830899139824036626e-01 6.869504964868156094e-15
3.843737928315318908e-01 7.285838599102589797e-16
3.839585093982083586e-01 1.080385780838355458e-14
3.801107278640473153e-01 2.359223927328457648e-15
3.719442835144727844e-01 2.376841548759965617e-03
3.810983998574218323e-01 9.645062526431047445e-16
3.784784000134457926e-01 2.213507155346405852e-15
3.803254485142906760e-01 -7.147060721024445229e-16
3.815858390611711060e-01 -4.334033132380454845e-14
3.781348980742737509e-01 2.589248260242982269e-13
3.786163158650889260e-01 1.679212324745549267e-15
3.806889376977074524e-01 3.753941602013810552e-15
3.793212580169792458e-01 1.340455524356798378e-13
3.802143730163986546e-01 -1.524474990688418075e-14
3.780505749026726314e-01 2.317590563905014278e-14
3.796697435710646440e-01 7.032568971609975961e-14
3.779347934069255954e-01 1.150468609267818465e-14
3.768455903719959421e-01 5.752343046339092325e-15
3.830415656548246672e-01 2.101097074103108753e-14
3.748137069037646985e-01 4.560934963038221213e-14
3.748137504656441910e-01 -2.216213323968929672e-13
3.748138667399412149e-01 -4.882205750789125887e-14
3.748140557246554261e-01 -3.264055692397960229e-14
3.748143174193449001e-01 4.905104100672019740e-14
3.748146518235083713e-01 -1.758454493128169815e-13
3.748150589339138139e-01 3.835681772201837703e-13
3.748155387473177114e-01 9.600653605446041183e-14
3.748160912618673235e-01 -3.819167204710538499e-13
3.748167164734252932e-01 2.744401927934347896e-13
3.748174143784450130e-01 6.883382752675970551e-15
3.748181849725736869e-01 7.789602296526254577e-14
3.748190282511046356e-01 -3.036043638715568704e-13
3.748199442086190269e-01 -2.004507670960720134e-13
3.748209328401431173e-01 1.041319808159357763e-13
3.748219941390811827e-01 1.181693631835400993e-14
3.748231281003662207e-01 4.239664175287316539e-14
3.748243347159810890e-01 1.854905118392480290e-13
3.748256139799375219e-01 -1.374872438120178231e-13
3.748269658844136654e-01 2.653571806732202276e-13
3.748283904228895125e-01 -2.726985304235540752e-14
3.748298875863245172e-01 1.232555724151040977e-13
3.748314573861856736e-01 1.833255769412289737e-13
3.748330997574987333e-01 -3.282860094877548818e-13
3.748348147488212989e-01 6.807054919732991038e-14
3.748366023329299801e-01 1.796826576416776788e-13
3.748384625052272323e-01 2.778610674880610532e-13
3.805411451201586859e-01 1.620092948684259682e-13
3.748424005142251825e-01 1.700861673725739820e-13
3.748444783670505376e-01 6.848688283156434409e-14
3.793622133089500359e-01 -5.336009412104658622e-15
3.748488516273426607e-01 -2.981642710508936034e-14
3.748511468965863846e-01 -9.067052664235575321e-14
3.748535134034416960e-01 2.329664239297812856e-13
3.748559574648880344e-01 -4.969635813978356964e-14
3.748584697369533592e-01 -3.115563362854345542e-14
3.748610551705113814e-01 -1.524474990688418075e-13
3.748637132438865094e-01 2.734618087529838704e-13
3.800853860189851163e-01 -3.850600394095238244e-13
3.770796530576324690e-01 2.331260184895711518e-12
3.765834868301765059e-01 -1.648542413690279318e-12
3.834036682115118388e-01 -1.110951608485066799e-12
3.760169846510929004e-01 -4.648642581983608579e-13
3.834419988429587089e-01 -5.286396320691721940e-13
3.756077039985086796e-01 -1.787382741813559051e-12
3.792564436893322566e-01 2.475797344914099085e-14
3.812691015884778212e-01 -3.511080315377057559e-15
3.751128646076757334e-01 3.101616186107492013e-13
3.802228729420668030e-01 3.161360062620133249e-14
3.835545852774629449e-01 -1.035525831749595227e-12
3.829454869743446621e-01 -1.401656568589260132e-15
3.768712066205315292e-01 1.365574320288942545e-14
3.836215139695954290e-01 -1.001768112907086561e-12
3.835410005705057190e-01 6.099981630924844467e-14
3.779547311852135549e-01 -1.650762859739529631e-14
3.836825301847259229e-01 7.421840919619171473e-14
3.749280886220418552e-01 8.895661984809066780e-15
3.834027213196450901e-01 -9.207912210484892057e-15
3.783939002955068465e-01 1.097039126207732807e-14
3.835056322843613530e-01 -1.019649642497455488e-12
3.749448043705013167e-01 -1.119243586700235937e-13
3.749491958512808920e-01 5.014044734963363226e-14
3.838418581870299273e-01 3.416641969344880181e-13
3.797271167859174734e-01 -5.326988850029579226e-14
3.838911994114623805e-01 -1.016201012227213596e-13
3.839160902044245760e-01 4.047040480514851879e-13
3.801392440054678357e-01 1.112998582186719432e-14
3.766103836266251337e-01 -7.683437219796473983e-13
3.839932520153608864e-01 -6.412509412356826033e-13
3.828934060180468335e-01 -6.064593272014917602e-15
3.823833125238371711e-01 4.790786252673040480e-05
3.762384118396893129e-01 -5.262457136723242002e-14
3.794072038328061836e-01 2.247507735475551272e-14
3.832628127357711745e-01 -2.037259250187162252e-14
3.841505277756975256e-01 -9.573591919220802993e-14
3.750183993229785906e-01 -6.154798892765711571e-14
3.827596275904074918e-01 -3.007941118404744429e-13
3.770224779971568796e-01 3.498590306350024548e-14
3.842604140078968999e-01 -2.730315973309416222e-13
3.820813077739027563e-01 9.887923813067800438e-15
3.791362975067777419e-01 -3.733818809692479590e-14
3.762665941113150225e-01 -1.276062588928539299e-14
3.750592569765460738e-01 1.125904924847986877e-13
3.839585093610256017e-01 2.373101715136272105e-15
3.801107278624372698e-01 -4.669875597329564698e-15
3.833524886325342385e-01 1.627170620466245055e-14
3.834151497219949745e-01 -5.723060914064603821e-13
3.774408171370730591e-01 6.661338147750939243e-16
3.817424158075145568e-01 1.097073820677252343e-12
3.815858389840149356e-01 -4.114070195626595705e-14
3.781348980970815066e-01 8.690964614643803543e-14
3.837159020480087612e-01 -1.298815222039451100e-12
3.830455331085992898e-01 6.737665980693918755e-15
3.824267604517696539e-01 1.864480791979872265e-13
3.802143197165218647e-01 3.846922780326167413e-14
3.780505261765731428e-01 -4.378442053365461106e-15
3.810001153960096976e-01 1.087810397315536193e-13
3.779347943913802799e-01 1.893624146376282624e-14
3.841072189546241300e-01 9.836575998178886948e-14
3.830415656548372683e-01 6.036837696399288689e-16
