1.786510719486248955e-01 1.808842423905221430e-03
1.786511170990525421e-01 1.808727918235789045e-03
1.786512376069349650e-01 1.808422273455435880e-03
1.786514334546859539e-01 1.807925464033514895e-03
1.786517046134893372e-01 1.807237448501114452e-03
1.786520510429633890e-01 1.806358169435716421e-03
1.786524726907187111e-01 1.805287553490117491e-03
1.786529694917787237e-01 1.804025511401283199e-03
1.786535413679010698e-01 1.802571938004114693e-03
1.786541882267922987e-01 1.800926712241815442e-03
1.786549099612160796e-01 1.799089697185625447e-03
1.786557064480281953e-01 1.797060740027570103e-03
1.786565775471267714e-01 1.794839672089043603e-03
1.786575231003447173e-01 1.792426308812399005e-03
1.786585429302959271e-01 1.789820449761475585e-03
1.786596368391961398e-01 1.787021878629953264e-03
1.786608046076749723e-01 1.784030363353381055e-03
1.786620459951601403e-01 1.780845654173947301e-03
1.786633607316254757e-01 1.777467494128805170e-03
1.786647485295373150e-01 1.773895607083450510e-03
1.786662090887871923e-01 1.770129974543142859e-03
1.786677420618247580e-01 1.766169323293417803e-03
1.786693470718390131e-01 1.762014447583809540e-03
1.786710238092771852e-01 1.757664729111672874e-03
1.786727744980751986e-01 1.753123720933932872e-03
1.786745901227703159e-01 1.748376290323726268e-03
1.786764795729417488e-01 1.743439356099510396e-03
1.786784395707898820e-01 1.738305430932236828e-03
1.786804717650278262e-01 1.732974278813102786e-03
1.786826015775108967e-01 1.727440732267895851e-03
1.786846928748812013e-01 1.721715332135609344e-03
1.786869392280708568e-01 1.715792914365348032e-03
1.786892413713826733e-01 1.709669392780353847e-03
1.786916092211554563e-01 1.703346418637639859e-03
1.786940467631500939e-01 1.696824152854839451e-03
1.786965675420422450e-01 1.690103735905661153e-03
1.786993392835815320e-01 1.683174694462198639e-03
1.787014791647570100e-01 1.675970018016476049e-03
1.787042461305262675e-01 1.668678421922975552e-03
1.787069966421487854e-01 1.661149475700694766e-03
1.787097897934057655e-01 1.653411173653980548e-03
1.787126318345928500e-01 1.645465668047949026e-03
1.787155218448430727e-01 1.637312637318102948e-03
1.787184545609889208e-01 1.628950834303519168e-03
1.575076974024827992e-01 7.649215493807093313e-03
1.655541487120171795e-01 7.494408960906223660e-03
1.790460613663442946e-01 1.677158576690769565e-03
1.787311563556409078e-01 1.593549258869342289e-03
1.787342070302384012e-01 1.584092001582791676e-03
1.787373924788158153e-01 1.574461741998191278e-03
1.787406432005650136e-01 1.564629616213696062e-03
1.787439279624545574e-01 1.554585246402152843e-03
1.757982405658682634e-01 4.924620789013053890e-03
1.811668041568807175e-01 3.654945947876041268e-03
1.537546368752436554e-01 1.618357932261207943e-02
1.612022311976841205e-01 1.783340751208361413e-02
1.685161593128153001e-01 1.762886710675781732e-02
1.765853201482416590e-01 1.583938988852563040e-02
1.865358435412225735e-01 1.204208229740139080e-02
1.787726671904767972e-01 1.464091668998357409e-03
1.787757144037480372e-01 1.452156838632000235e-03
1.787795260209782411e-01 1.439764754495378996e-03
1.702159783474530286e-01 9.700573677662305272e-15
1.787871421654817772e-01 1.414742100895358123e-03
1.673012260162729803e-01 2.779720897905235688e-14
1.723444557505657837e-01 1.867950238931825879e-14
1.725375330322106715e-01 1.598027266069834695e-14
1.508738666203221224e-01 8.926633862611367543e-03
1.571337300591390540e-01 9.516153063455115579e-03
1.620144343718356583e-01 1.074497913657598142e-02
1.662155513681668750e-01 1.100892500861418849e-02
1.705148065852828132e-01 1.064456957235233175e-02
1.748101014036670953e-01 1.028722622728260594e-02
1.785140568374065650e-01 9.664084304388580182e-03
1.816411763366806709e-01 8.188067146813117481e-03
1.836644716837183555e-01 5.420587165561811804e-03
1.673577822711918017e-01 3.471528620124786357e-14
1.692826726793211500e-01 1.094263568646169915e-14
1.673681009978716383e-01 2.763067552535858340e-14
1.677957615414392423e-01 3.107236690169656868e-14
1.673786717376863076e-01 1.927624726505428043e-14
1.673840512584661988e-01 2.120525977034048992e-14
1.673894933772427374e-01 1.680600103526330713e-14
1.673949978836600794e-01 4.836409051023338179e-15
1.694881244948306664e-01 4.524158825347512902e-15
1.674062035427510975e-01 1.477984401532239644e-14
1.730534254229460778e-01 1.038216197901224713e-03
1.674175464215930664e-01 6.318556788897922161e-14
1.674233645909175006e-01 3.810840532025849825e-14
1.674292440479820121e-01 5.875855357828640990e-14
1.717365886617987780e-01 2.751965322289606775e-14
1.674412598412415298e-01 7.706335569679367836e-14
1.674473186667012892e-01 1.518229986174901569e-14
1.674534382532132937e-01 5.692668558765490161e-14
1.674595552373921992e-01 1.661171200595390474e-14
1.691913165985707845e-01 2.976785484776200974e-15
1.674721033137296922e-01 1.886685252472375396e-14
1.674785207923080721e-01 9.069134332406747490e-14
1.612955732060259995e-01 1.537792366985327175e-03
1.623750619716252397e-01 2.308607292618912454e-03
1.671611996729771843e-01 1.896746648633040877e-13
1.671612409051992654e-01 -3.787317681691604321e-13
1.671613509597006386e-01 1.981470543199748136e-13
1.671615298334047928e-01 9.596490269103696846e-15
1.671607287206941517e-01 -4.263950303950991838e-14
1.671620940166321512e-01 -1.878844302360960228e-13
1.671614405462778785e-01 1.481453848484193259e-13
1.671629333913015880e-01 2.860420234007676754e-13
1.671634562466088880e-01 7.098488463697094630e-15
1.671630310390469498e-01 -5.169475958410885141e-14
1.671647082197604828e-01 -2.513614316690393480e-13
1.671654373021608520e-01 -4.962211197501176230e-13
1.671662350881361614e-01 1.310063169057684718e-14
1.671671015550859341e-01 3.447242491461111058e-14
1.671680366791852557e-01 1.464731114175776838e-13
1.671680892102642979e-01 4.028027911218146073e-14
1.671691748711797432e-01 -4.521452656724989083e-13
1.671712537150560618e-01 -1.625435896990268247e-13
1.671715535245561768e-01 2.292471767972870111e-13
1.671728463626517280e-01 -2.536443277634248261e-13
1.718472265608757266e-01 4.836409051023338179e-15
1.671765024642372366e-01 1.360717094556207485e-14
1.671771379508888711e-01 -2.916070163117012726e-13
1.671787059000403863e-01 3.967798312132231331e-13
1.671811572540459756e-01 -3.080452559700574966e-13
1.671820473679523911e-01 -3.704050954844717580e-13
1.671846018509940690e-01 2.386840725066008417e-13
1.671864263531174510e-01 -6.184081025040200075e-13
1.671883190225056937e-01 2.863681514142513151e-14
1.679635450399020735e-01 1.271205363195804239e-14
1.671915963157164509e-01 -8.860967515289530638e-15
1.671937103419187387e-01 -1.027559981547909729e-12
1.671958922104209710e-01 -2.132738430304925714e-13
1.671981418453362955e-01 -1.440098040816906177e-13
1.672004591629973336e-01 -4.745509540882153487e-14
1.672034699986620354e-01 2.486205685769959928e-13
1.707074116689436538e-01 1.159489171342897862e-14
1.702233167972376782e-01 2.029626466892864300e-14
1.672109791015825575e-01 -1.777605840302953766e-13
1.672130577197994683e-01 2.687711164739425840e-13
1.678923576863341205e-01 9.221789998292706514e-15
1.704169709881515893e-01 1.153938056219772079e-14
1.672214232871202244e-01 -5.015710069500300960e-13
1.672248411985478578e-01 -8.480022239965023800e-14
1.787214146399138115e-01 1.620377756525875901e-03
1.787243308031831179e-01 1.611588405269280544e-03
1.787273646986422271e-01 1.607657497267607483e-03
1.672371381855170536e-01 -3.006067617050689478e-13
1.672399572505656740e-01 5.035555306065475634e-14
1.672436873121790624e-01 1.112304692796328709e-14
1.672470620483089698e-01 -1.418309913958637480e-14
1.714023570057463253e-01 1.159489171342897862e-14
1.787472465691944956e-01 1.544334151153230195e-03
1.787505852589717503e-01 1.533876985301364793e-03
1.787539285571992376e-01 1.523221692538663519e-03
1.787572488227845147e-01 1.512391034449681038e-03
1.787604789870167465e-01 1.501465270308997846e-03
1.787633508772904500e-01 1.490944504943317317e-03
1.787808744281044471e-01 1.477353357020434743e-03
1.672804048935619681e-01 1.228878110381970146e-14
1.672844385960832736e-01 8.956030361773059667e-14
1.672882711311866055e-01 -9.394568456499996500e-14
1.672924456147602545e-01 -2.352285033424550420e-14
1.672966849095314512e-01 9.448691828950472882e-14
1.673009888673930579e-01 8.999745393367675206e-15
1.673055848356720943e-01 1.501160307171289787e-13
1.726374470096516678e-01 2.123301534595611884e-14
1.723227928217617444e-01 2.679800825688971599e-14
1.717667835494833539e-01 1.321859288694327006e-14
1.706009246929412193e-01 2.894981646428769484e-03
1.739411494351576493e-01 4.501814561844404150e-03
1.770430112037019166e-01 4.923535584465184300e-03
1.795235829122736049e-01 4.263277085647984577e-03
1.673426148227130095e-01 -6.554479181630767926e-14
1.692263464527744565e-01 1.817296313433303112e-14
1.673525583765574365e-01 -1.704192342799615290e-14
1.673576326580163698e-01 3.586714258929646348e-14
1.673629100611935538e-01 -1.957461970292229125e-14
1.673679654363795510e-01 2.773475893391719183e-14
1.673732249499312041e-01 6.106226635438360972e-15
1.673785479732500803e-01 2.049055369823804540e-14
1.673839329526189690e-01 2.260691633892975005e-14
1.673893802326172908e-01 1.781214065132985525e-14
1.673948896880888548e-01 -5.523359547510153789e-15
1.674005650213420127e-01 1.284666817369384262e-13
1.674060945641704934e-01 1.663252868766562642e-14
1.674118823483434493e-01 3.085032229677153737e-14
1.674176355166250296e-01 6.675909824949144422e-14
1.674234495074530815e-01 3.871208908989842712e-14
1.674293251188620213e-01 6.174921685087042533e-14
1.689252761798940017e-01 2.867150961094466766e-14
1.674411861979807625e-01 8.239242621499442976e-14
1.674472485818278844e-01 1.695171780724535893e-14
1.674533716354966173e-01 5.834915883795588343e-14
1.674596184309217750e-01 1.746519595613449383e-14
1.714000837708879454e-01 1.044997421928428594e-14
1.674721598729157213e-01 1.885991363081984673e-14
1.674784678113069580e-01 9.638817521917530939e-14
1.674848928608064225e-01 4.041489365391726096e-13
1.632424638106859116e-01 2.102829865034058776e-03
1.671601425036773614e-01 -4.761885330495374546e-13
1.671601843352668038e-01 -2.488009798184975807e-13
1.671602959903239760e-01 7.559786130428847173e-13
1.671604774574736163e-01 3.183148189478401946e-13
1.671617775212004553e-01 3.322342401190780947e-14
1.671610497601329071e-01 1.139366379021566900e-13
1.671624793103585471e-01 2.075284388780573863e-13
1.671619010483962608e-01 -2.408212518290042681e-13
1.671624312264024248e-01 1.209310429572951762e-13
1.671640478619441650e-01 2.969915979811332818e-13
1.671637004364011359e-01 6.109279748756080153e-13
1.671644393658631433e-01 -5.460076835106519866e-13
1.671652477713780893e-01 3.124028813417112360e-13
1.671661255902682497e-01 -2.735173199042151282e-13
1.671670727598745243e-01 -5.217631882104001306e-13
1.671690404327758617e-01 -5.651035195342046791e-14
1.671701127880586002e-01 -5.108760636751696893e-13
1.671703296675099981e-01 5.811393033461342839e-13
1.671724631811661310e-01 2.340211358031751843e-13
1.671737411520494987e-01 -4.797204300466262339e-13
1.671750875928804392e-01 1.423583473325606974e-13
1.671756386571148223e-01 1.779548730596047790e-13
1.671779857228803123e-01 2.115668751301313932e-14
1.671795373366074811e-01 -1.664710036486383160e-13
1.671803423092288743e-01 8.198511314283507545e-13
1.671828454331288627e-01 1.771777169423671694e-13
1.671838207490637940e-01 -1.331504351220758053e-13
1.671856624343236175e-01 -1.289399143011848992e-12
1.671875723512324941e-01 2.182490299595940542e-13
1.671902797471906954e-01 2.084374339794692332e-13
1.671923084768437151e-01 4.064804048908854384e-13
1.671944051707404955e-01 -4.884495585777415272e-13
1.671965704854032064e-01 -7.890979536462339183e-13
1.671988019694632954e-01 -9.098277686803157849e-14
1.672011021467265934e-01 1.418379302897676553e-13
1.672028440891161205e-01 1.947053629436368283e-14
1.672059054810645651e-01 -1.009192729384267295e-13
1.672084085332196934e-01 -6.021849685566849075e-13
1.672104033540400547e-01 -2.804007026568910987e-14
1.672136172007415156e-01 6.080344561176787010e-13
1.672163132669957641e-01 -2.916694663568364376e-13
1.672190944041762051e-01 3.277308979754423035e-13
1.672219342942339315e-01 -1.844011054963345941e-13
1.672243456668228712e-01 2.111505414958969595e-14
1.672278151096897869e-01 3.809244586427951162e-13
1.672308559633775005e-01 2.140509991477301810e-13
1.672339636808697072e-01 -4.839462164341057360e-13
1.672367019188003567e-01 2.646910468584451337e-13
1.672403794087898576e-01 5.064698660461885993e-14
1.672432788847497964e-01 -3.611902443800829587e-13
1.672466667348100899e-01 1.219233047855539098e-13
1.724418268592647630e-01 -3.745101451180232743e-12
1.672540071109893112e-01 -7.237543897531395487e-13
1.676196995122954947e-01 8.777700788442643898e-15
1.672612204388091162e-01 -3.328587405704297453e-13
1.672649257938296774e-01 -1.795785742331190704e-13
1.686217782313636782e-01 1.324634846255889897e-14
1.714763958446663961e-01 3.503634882218165103e-12
1.688275705085252876e-01 -1.255245907216817614e-13
1.672801134485402408e-01 -1.517536096784510846e-14
1.672841613220302504e-01 -3.017724958809253621e-14
1.672885376549913261e-01 7.839562332634386621e-14
1.672927019621862632e-01 -7.661232759303970852e-14
1.672969314164663712e-01 1.311659114655583380e-13
1.727280198261411381e-01 1.158018125835269529e-12
1.673053574182315484e-01 2.710540125683280621e-13
1.673100091969825509e-01 -2.146616218112740171e-13
1.725411945414614956e-01 2.171388069349688976e-13
1.723890999954778569e-01 4.432496036876898415e-13
1.721176861894101184e-01 1.596674181758572786e-12
1.788107270231646950e-01 1.319775163002051555e-03
1.702395978769358220e-01 1.781651215448931680e-12
1.684365339938589667e-01 -1.602627752728125188e-12
1.673427791730688341e-01 9.707512571566212500e-15
1.673477166918047043e-01 2.858130399019387369e-14
1.673527177685076306e-01 -8.378020499577587543e-14
1.730995558760896613e-01 -5.924427615155991589e-14
1.673627679219212017e-01 1.166428065246805090e-14
1.730860304723589316e-01 -3.479924681748514104e-13
1.673733549366876183e-01 6.115247197513440369e-14
1.730698492915625497e-01 1.947539352009641789e-13
1.730602806296780427e-01 4.141131881851833896e-14
1.730489234030521406e-01 -5.603156827405086915e-14
1.723504111731715416e-01 -1.462718834943643742e-14
1.674004611750053162e-01 1.166011731612570657e-13
1.667566285929647507e-01 6.712339017944657371e-13
1.674117896976635711e-01 7.871758800348516161e-13
1.730507834011507096e-01 2.702491008754748236e-13
1.730363613421015412e-01 1.893971091071477986e-13
1.730245895618844898e-01 2.813721478034381107e-14
1.674352619226334993e-01 4.394540287222525876e-13
1.730105990418704942e-01 1.538283389557193459e-13
1.729976752007454932e-01 -5.705158567792523172e-14
1.729854139424229220e-01 2.500985529785282324e-13
1.725610222093726387e-01 9.388323451986479995e-15
1.674658590283713555e-01 6.172840016915870365e-14
1.729453191224601949e-01 9.806391809696890505e-13
1.729271211631091543e-01 4.513750484491652060e-13
1.674849416211563746e-01 1.059985432760868207e-13
1.674914222001646913e-01 3.746794541292786107e-13
