2.434848593956035478e-01 4.247546044267788701e-04
2.434848400223990350e-01 4.246853228650690482e-04
2.434847883190507933e-01 4.245003685152959338e-04
2.415165465084673779e-01 1.297573160030651707e-15
2.415162038800881539e-01 1.824929096727601063e-15
2.415157637132984425e-01 -1.471045507628332416e-15
2.434842587699039551e-01 4.226014086893270516e-04
2.434840459440852367e-01 4.218358169403024771e-04
2.415138376779137896e-01 -7.077671781985372945e-16
2.434835242725529036e-01 4.199533436295005417e-04
2.434832156166489292e-01 4.188355784029498818e-04
2.415109372917905173e-01 -1.477984401532239644e-15
2.415097324942892809e-01 5.551115123125782702e-16
2.415083976904119356e-01 1.956768080901838402e-15
2.415069241193043836e-01 6.938893903907228378e-18
2.415053010085308483e-01 5.342948306008565851e-16
2.415035149051778796e-01 2.428612866367529932e-16
2.415015486136426748e-01 3.427813588530170819e-15
2.434796156777148113e-01 4.055712952263715310e-04
2.414969708931135051e-01 -3.747002708109903324e-16
2.414943093921652628e-01 -6.938893903907228378e-18
2.414912652638179225e-01 1.845745778439322748e-15
2.414876656400278820e-01 0.000000000000000000e+00
2.414817529816183084e-01 1.054711873393898713e-15
2.434756339513853285e-01 3.903645169684444305e-04
2.414756500031210729e-01 -1.110223024625156540e-16
2.414683112536530063e-01 6.938893903907228378e-17
2.414565081464947194e-01 5.412337245047638135e-16
2.414114061148859292e-01 -2.914335439641035919e-16
2.415005299013005258e-01 -6.730727086790011526e-16
2.434705978621846956e-01 3.702453607508232603e-04
2.414503287137985399e-01 1.595945597898662527e-16
2.434685506688204770e-01 3.624936855930044333e-04
2.414052573580910688e-01 -2.706168622523819067e-16
2.413453373929947410e-01 7.077671781985372945e-16
2.408336753938652430e-01 1.561251128379126385e-15
2.434645284918349750e-01 3.445660762053451287e-04
2.434634434625226884e-01 3.396243357948053321e-04
2.434623602330511227e-01 3.344173085503068799e-04
2.434614111530507274e-01 3.286671115695569134e-04
2.473520586072757432e-01 6.047267427461137934e-03
2.413950605721593146e-01 1.353084311261909534e-15
2.413483839083775118e-01 2.491062911502694988e-15
2.412625355960037465e-01 4.232725281383409310e-16
2.280436683970430145e-01 3.940530082512327947e-03
2.416076294751016706e-01 2.659857396238078653e-03
2.415545138083942389e-01 3.982925100842749089e-15
2.413523361311680770e-01 3.538835890992686473e-16
2.405681192723576056e-01 2.400857290751901019e-15
2.258341497668485687e-01 9.181063026998833448e-03
2.358315303288326947e-01 1.247767663115751866e-02
2.433930504212257762e-01 1.521488874289231644e-02
2.499008052604306807e-01 1.546300084904684083e-02
2.561995753469125670e-01 1.329639347358980289e-02
2.414308062059757898e-01 3.191891195797325054e-16
2.413991095851983903e-01 4.857225732735059864e-17
2.413559315925478677e-01 1.047772979489991485e-15
2.412887247856579931e-01 2.269018306577663679e-15
2.411586232811828157e-01 2.185751579730776939e-15
2.310338791880421350e-01 2.909682712329615673e-03
2.415377285617221759e-01 2.546564396357316185e-03
2.397478321304313265e-01 1.970645868709652859e-15
2.271731947863137313e-01 1.984630785841706019e-02
2.344742839984521321e-01 2.175699156456183808e-02
2.408186139021377958e-01 2.337047271921693231e-02
2.464043098559307310e-01 2.433252492663124170e-02
2.515399460751832073e-01 2.457921012920298229e-02
2.564100661585033691e-01 2.414952143911251042e-02
2.396577903744217808e-01 1.186550857568136053e-15
2.414415010277767004e-01 2.771394225220547014e-14
2.414077490882736154e-01 3.491651412446117320e-14
2.413197692597758848e-01 2.738087534481792318e-14
2.408270248679436343e-01 1.170786077070752607e-03
2.383450639687751393e-01 -2.428612866367529932e-16
2.396461341369690579e-01 2.567390744445674500e-16
2.414394031566526322e-01 1.644517855226013126e-15
2.413563963941781632e-01 2.851191505115480140e-14
2.415110401225072922e-01 1.655620085472264691e-14
2.414159914641933191e-01 -1.616762279610384212e-15
2.414627126233943599e-01 1.176836406102665933e-14
2.394622813895198321e-01 2.838007606698056406e-15
2.401712024305489301e-01 4.052314039881821373e-15
2.414145678194971889e-01 1.582067810090848070e-15
2.396344287472416401e-01 4.420075416788904477e-15
2.277495888569589788e-01 5.985927384621184122e-03
2.300693351368545692e-01 5.763766166785193323e-03
2.321260240704557665e-01 4.880912754382203678e-03
2.344188323410009989e-01 3.436263668044010899e-03
2.366865000178380585e-01 2.367387245328055057e-03
2.401160386051151008e-01 3.881617249845703554e-14
2.418172786620129966e-01 8.442945782656460785e-04
2.423979635745758532e-01 1.071881216929262970e-03
2.427186932271828967e-01 1.035420076373874676e-03
2.429239177215986867e-01 9.306019969013493154e-04
2.430442774421882890e-01 8.297826256762480535e-04
2.431301744269499798e-01 7.605814441465769127e-04
2.431862621208200903e-01 6.549740890060690157e-04
2.432260332225885946e-01 5.747014385959203775e-04
2.401391001946067139e-01 1.003995154923428834e-03
2.431242333951813273e-01 1.392863320504394986e-03
2.415170007514527151e-01 1.526556658859590243e-15
2.415169441757376301e-01 3.462508058049706960e-15
2.415167929546620795e-01 2.775557561562891351e-15
2.434847043048604942e-01 4.241996596743360937e-04
2.434845880111478622e-01 4.237830629557903794e-04
2.416151027376311211e-01 3.170241846817134501e-13
2.415152242207919964e-01 3.212707877509046739e-15
2.415145831405740573e-01 2.720046410331633524e-15
2.434838010818378695e-01 4.209532655524150790e-04
2.415129844294017780e-01 6.800116025829083810e-16
2.415120192837560686e-01 1.915134717478395032e-15
2.416124143473344921e-01 3.545774784896593701e-15
2.434825032203014883e-01 4.162442985693459718e-04
2.434820997335888637e-01 4.147694985900049480e-04
2.434816649072087946e-01 4.131742753359715636e-04
2.416094990959406497e-01 3.122502256758252770e-16
2.434807018505807108e-01 4.096191021303458024e-04
2.434801739378773811e-01 4.076571657847111174e-04
2.414993792387940819e-01 -7.556455461354971703e-15
2.416056451962761142e-01 1.297573160030651707e-15
2.434784072383900932e-01 4.010197741498300328e-04
2.434777582817276020e-01 3.985479607740427532e-04
2.416020693689584220e-01 1.110223024625156540e-16
2.434763704179916666e-01 3.932290096600593587e-04
2.414819809070114232e-01 4.440892098500626162e-16
2.415981133451029772e-01 -2.921274333544943147e-14
2.434740116400321286e-01 3.842769194603440353e-04
2.434732283787945650e-01 3.809665937245521050e-04
2.415918183836555655e-01 5.828670879282071837e-16
2.415952130209932380e-01 1.124100812432970997e-15
2.414669396078456542e-01 1.609823385706476984e-14
2.434696923493744614e-01 3.663367523739358145e-04
2.414323315978771645e-01 6.952771691715042834e-15
2.415845913777557030e-01 -1.110223024625156540e-16
2.434666369223336679e-01 3.538415358965221746e-04
2.415787759590850292e-01 1.464106613724425188e-15
2.415710064058039230e-01 1.110223024625156540e-15
2.415235373205002756e-01 2.535471832487701249e-14
2.414831696014522189e-01 2.976785484776200974e-15
2.414546361671441876e-01 3.164135620181696140e-15
2.434599470362772966e-01 3.279504511944433820e-04
2.434584477250701928e-01 3.190692172575157470e-04
2.434572569573894008e-01 3.128523681652436994e-04
2.434559977799816421e-01 3.065775485565983005e-04
2.434546864387892307e-01 3.000802432910690265e-04
2.415600639765177748e-01 2.102484852883890198e-15
2.434519224595266262e-01 2.861892589599290826e-04
2.415496113970955205e-01 2.289834988289385365e-16
2.415437762542025912e-01 2.310651670001107050e-15
2.434465320444251235e-01 2.594426915256131672e-04
2.415203404938881526e-01 2.164934898019055254e-15
2.415006332373933473e-01 1.804112415015879378e-16
2.414793341854636344e-01 -6.963873921961294400e-14
2.414565875624618829e-01 -3.166217288352868309e-14
2.415104158255992894e-01 1.311450947838466163e-15
2.414538919000793482e-01 1.734723475976807094e-15
2.416452592968384439e-01 3.448630270241892504e-15
2.415644003362895365e-01 4.649058915617843013e-16
2.415437391294940894e-01 2.525757381022231129e-15
2.407398016916622863e-01 4.732325642464729754e-15
2.409489167588829139e-01 2.220446049250313081e-15
2.415196011050819991e-01 4.517219931443605674e-15
2.415130528480418926e-01 3.511080315377057559e-15
2.411835119934762073e-01 -2.844946500601963635e-16
2.414995987249148601e-01 1.609823385706476984e-15
2.402450328623541853e-01 2.789435349370705808e-15
2.414835400573379920e-01 -9.076073226310654718e-15
2.414732419843076683e-01 2.310651670001107050e-15
2.414582213692146317e-01 4.735101200026292645e-14
2.415444852053139080e-01 2.908784324517910136e-14
2.415288805278073547e-01 3.611694276983712371e-14
2.415137999674153990e-01 2.853967062677043032e-14
2.408481294742119139e-01 2.262079412673756451e-15
2.414818248231302977e-01 -5.857120344288091474e-14
2.414659222163720864e-01 2.317590563905014278e-15
2.415626443393789902e-01 1.935951399190116717e-15
2.415349353973406943e-01 3.070460552478948557e-14
2.416786193506797187e-01 1.693784001943754447e-14
2.414840786501032399e-01 -2.271793864139226571e-14
2.415111999042719448e-01 5.718342466209946906e-14
2.394622813895858904e-01 -6.365741267444491314e-14
2.414292827733810765e-01 -8.078954172319186000e-14
2.414785159300909534e-01 -7.632783294297951215e-17
2.396344287472403911e-01 9.332812300755222168e-15
2.413787122786934247e-01 -4.371503159461553878e-15
2.413520661823412572e-01 -3.447242491461111058e-14
2.349313984765157015e-01 1.993863206830225054e-03
2.362545162607131433e-01 1.810940883444203675e-03
2.373163544272157421e-01 7.050102251341880399e-04
2.390444004731788197e-01 3.707451012857632122e-14
2.411298709196828538e-01 7.390872371951795472e-04
2.415550084276787413e-01 7.156113648126224969e-04
2.418383717787042919e-01 5.185969185507663393e-04
2.411578688961813766e-01 1.151856388048599911e-15
2.394403939588923835e-01 7.786826738964691685e-14
2.412787448441874039e-01 4.288236432614667137e-15
2.411471678117910189e-01 6.238065619612598312e-15
2.411541902691971828e-01 4.433953204596718933e-15
2.432555809978411976e-01 4.983796234059242880e-04
2.413621038143457798e-01 -1.711131236703522518e-14
2.416158197850461209e-01 1.322830733840874018e-13
2.416157867441528495e-01 -1.221245327087672194e-15
2.416156985450585992e-01 -8.698597397938101494e-14
2.416155551683843994e-01 2.522287934070277515e-14
2.416153565813674853e-01 5.162537064506977913e-14
2.434844394803776513e-01 4.232503930168135531e-04
2.416147935743531150e-01 -1.093153345621544759e-13
2.416144290116792881e-01 -1.463412724334034465e-14
2.416140089487683329e-01 3.821110095003632523e-13
2.416135332598926266e-01 1.009747840896579874e-13
2.416130017900318117e-01 -1.145195049900848971e-13
2.434828752250626227e-01 4.175994320656656322e-04
2.416117706948321120e-01 1.238592561847440265e-14
2.416110705362975730e-01 6.342842917561597460e-14
2.416103134977626021e-01 1.146999162315864851e-14
2.434811988929287407e-01 4.114577881923625613e-04
2.416086266849916397e-01 -6.094430515801718684e-14
2.416076953404839578e-01 2.035177582015990083e-14
2.416067034939581304e-01 -6.630113125183356715e-14
2.434790264777290658e-01 4.033590654584084945e-04
2.416045434984741835e-01 -1.466465837651753645e-13
2.416033508640580418e-01 1.652844527910701800e-13
2.434770784547387323e-01 3.959600991352493771e-04
2.416004723759054840e-01 1.014466288751236789e-13
2.415997272444686539e-01 1.761507606445888996e-13
2.434748740067216588e-01 3.873591464073553037e-04
2.415964876581015164e-01 -6.723788192886104298e-15
2.415946532056531537e-01 3.707034679223397688e-13
2.434723792348353066e-01 3.775417450505649808e-04
2.434715007053652458e-01 3.739708150226964123e-04
2.415912152635352195e-01 -2.042116475919897312e-14
2.415889807430913472e-01 -3.334832410217813958e-14
2.415868391223623124e-01 2.247507735475551272e-14
2.434676463676455904e-01 3.582158425011680580e-04
2.415820684565217757e-01 -3.368139100956568655e-14
2.434655953000168238e-01 3.492975402592801704e-04
2.416745491406740720e-01 -5.709599459891023798e-13
2.415841092739498264e-01 -1.303263053031855634e-13
2.415777218371091273e-01 1.984662434395545461e-13
2.415742593768068214e-01 2.255140518769849223e-14
2.414274071953232681e-01 -7.172734628468901974e-14
2.415681674400255718e-01 5.581646256302974507e-14
2.415648786700728134e-01 1.401864735406377349e-13
2.415607475550754224e-01 1.644517855226013126e-14
2.410074989552295210e-01 2.140995714050575316e-13
2.434533301401524408e-01 2.933043250377340150e-04
2.417430086627851415e-01 -2.255418074526005512e-13
2.434504457059326055e-01 2.786350928707451158e-04
2.434488392267520063e-01 2.703711537574773893e-04
2.415350708578651862e-01 -1.586369924311270552e-13
2.434472996458319771e-01 2.581594279501692180e-04
2.434469980199948647e-01 2.446549743279416433e-04
2.415358001266198207e-01 3.022582184541988681e-14
2.415261429680631289e-01 2.573635748959191005e-14
2.434426829669230907e-01 2.215499498709541659e-04
2.434405694637819528e-01 2.105597040711823520e-04
2.434386814015938316e-01 1.989389234514638005e-04
2.434368709059425151e-01 1.865233482793229869e-04
2.420218660432674751e-01 9.138523271445819773e-15
2.415335319542043502e-01 1.174546571114376547e-13
2.415271078758856604e-01 1.514552372405830738e-13
2.423264709872004208e-01 1.318493925150932000e-12
2.418756920759412010e-01 1.237468461035007294e-12
2.415064871827075077e-01 -7.372574772901430151e-14
2.416754428452371484e-01 -9.754003160722390930e-14
2.414920838955160465e-01 -1.211322708805084858e-13
2.416035084138761502e-01 -4.656691698912140964e-14
2.415803879849721669e-01 -4.322930902134203279e-14
2.415609701868214609e-01 -9.987843885284064527e-14
2.431779785003215788e-01 2.268879528699585535e-13
2.431728681078603738e-01 9.011541513004317494e-14
2.431674568345217335e-01 9.352935093076553130e-14
2.414986632736093597e-01 -6.023653797981864955e-14
2.417014900568198177e-01 1.129103754937688109e-12
2.416147598382080985e-01 -5.825201432330118223e-14
2.374616213253825103e-01 9.450773497121645050e-15
2.430438360806045084e-01 3.444813878594743528e-13
2.430082996530063266e-01 4.232031391993018588e-14
2.415333619490498407e-01 4.143907439413396787e-14
2.417076497446694061e-01 5.016820292524926117e-15
2.414457918353492827e-01 9.506284648352902877e-16
2.414861459274658118e-01 -1.952119021986220559e-13
2.417506410445391662e-01 -2.302324997316418376e-14
2.413968500497229164e-01 -4.062722380737682215e-14
2.414696694254422626e-01 5.113964807179627314e-14
2.414526623252304660e-01 -2.930988785010413267e-14
2.413181492776970138e-01 3.428507477920561541e-14
2.407269054825892651e-01 -2.865763182313685320e-15
2.388095301587812580e-01 2.539635168830045586e-15
2.408421976438967216e-01 -1.006028593764085599e-12
2.414544469666824733e-01 1.344896416455299004e-13
2.414047776943708534e-01 2.811639809863208939e-14
2.413827958655610506e-01 1.950939410022556331e-13
2.411578688961888706e-01 9.180156634869263144e-15
2.413281191149292959e-01 -1.165664786917375295e-13
2.415779434965280581e-01 -1.349545475370916847e-13
2.415232805531174198e-01 -3.823330541052882836e-15
2.414788597803577685e-01 -2.404743071338089067e-13
2.414303495074071326e-01 2.842656665613674249e-13
2.432423286909418114e-01 4.252792300443106188e-04
