-8.375136423167910404e-01 5.007581454220446648e-01
-8.349366671413874785e-01 5.025489446153961204e-01
-8.278929744309390104e-01 5.069473005812583644e-01
-8.161025563764128243e-01 5.128952898306708974e-01
-7.996163439396524186e-01 5.187562636014545481e-01
-8.153128044131298102e-01 1.420940661849454889e+00
-7.715345419812220662e-01 1.261072928593730991e+00
-9.015128024264609241e-01 1.291928569813042715e+00
-8.682131102771739606e-01 1.167832277070700364e+00
-6.459026999209792619e-01 1.436599198181121695e+00
-6.401922944651095015e-01 1.312520193263484014e+00
-7.780868758600804069e-01 1.353461552139424873e+00
-6.351377721221016515e-01 1.419867818266525417e+00
-6.332348102359349751e-01 1.319084649873117021e+00
-6.535518916097613484e-01 1.449102579147823588e+00
-6.525898080427117165e-01 1.356569325435472706e+00
-6.794141082770585038e-01 1.438518262523774682e+00
-6.788159663195378890e-01 1.355221678829491738e+00
-7.066507661217832359e-01 1.405594258605550761e+00
-7.324592627011859980e-01 1.433075292923722710e+00
-7.321638976256487075e-01 1.358960612130968526e+00
-7.540449492264208464e-01 1.369876903510122368e+00
-7.703875334796489449e-01 1.367588597181982113e+00
-7.699493806408729268e-01 1.302459487209689737e+00
-7.694937470961162873e-01 1.242362148692772283e+00
-7.690202760911369895e-01 1.186678423387867998e+00
-7.685284662324509686e-01 1.134883538806112480e+00
-7.680176530633049392e-01 1.086528683084273528e+00
-7.674869896530224223e-01 1.041227261495386580e+00
-7.669354269878005947e-01 9.986439413098509021e-01
-7.663616957661265605e-01 9.584858279355821242e-01
-7.657642925972067971e-01 9.204952836083373224e-01
-7.651414759227863627e-01 8.844440225339088579e-01
-7.644912806961636775e-01 8.501282093712148047e-01
-7.638115663443310055e-01 8.173643649036077541e-01
-7.631001192309115888e-01 7.859859588472016823e-01
-7.623548339123853435e-01 7.558406677504044824e-01
-7.615739771432117333e-01 7.267884360846165182e-01
-7.607564277182512491e-01 6.987007705483749831e-01
-7.599013851302665046e-01 6.714622074788951789e-01
-7.590058722576815686e-01 6.449755595555788368e-01
-7.200445038464970970e-01 6.228556737527686238e-01
-7.172705367586018621e-01 6.026087646892333005e-01
-7.146890552367648475e-01 5.831886232905691969e-01
-7.122966990621539818e-01 5.645095316381313344e-01
-7.100885038764883639e-01 5.464919984224536620e-01
-7.080584644335665701e-01 5.290618582744951448e-01
-7.062000088837916412e-01 5.121492758091131803e-01
-7.045063924933840926e-01 4.956876372381617823e-01
-7.029710297973984501e-01 4.796122795470545430e-01
-7.015877915555563948e-01 4.638589644136643653e-01
-7.003513101215500525e-01 4.483619300045580403e-01
-6.992573731645539414e-01 4.330512270856030632e-01
-6.983035727667630255e-01 4.178488102149147121e-01
-6.974905933187810492e-01 4.026623909144395608e-01
-6.968250923283292320e-01 3.873750868396181879e-01
-6.963267710472584859e-01 3.718267118146920680e-01
-6.729647542926001647e-01 3.627558401036281577e-01
-6.726527597254884361e-01 3.509848818740120002e-01
-6.725257886416083908e-01 3.392195114893099550e-01
-6.726068504312293639e-01 3.273994300500411292e-01
-6.362803216772210391e-01 3.209015085546889079e-01
-6.348044900116169842e-01 3.122166766764526979e-01
-6.335775135876933195e-01 3.035013745332004742e-01
-6.325843909343920046e-01 2.947230161971670093e-01
-6.318157605813431443e-01 2.858442847480602289e-01
-6.312688787040606764e-01 2.768207473624204606e-01
-6.309497992485516571e-01 2.675973841912802076e-01
-6.308778100405925127e-01 2.581033535504972942e-01
-6.310945411406536643e-01 2.482439045992188564e-01
-6.009094257791581795e-01 2.433957322962783110e-01
-6.007286287925142076e-01 2.368196063246101879e-01
-6.007409491238182575e-01 2.301251126528545132e-01
-6.009532515897261229e-01 2.232895647020922691e-01
-6.013800200400972740e-01 2.162857588863278391e-01
-5.760662673271443879e-01 2.103533885789146129e-01
-5.757230712470094991e-01 2.052739859928907062e-01
-5.756183672691015385e-01 1.999963541515865639e-01
-5.757497954307747579e-01 1.945055861441025158e-01
-5.761237173724813587e-01 1.887786982878563169e-01
-5.767597839124133374e-01 1.827759101910297890e-01
-5.695265156345771240e-01 1.764358332538873420e-01
-5.437244538615739753e-01 1.704240304485769020e-01
-5.439720635975352492e-01 1.668079438405121184e-01
-5.444305400184564769e-01 1.630149828567517556e-01
-5.451056492975547840e-01 1.590461535771408030e-01
-5.460124580684355688e-01 1.549036019311906820e-01
-5.471770056455393938e-01 1.505957768947443487e-01
-5.486343781901791283e-01 1.461471039534962824e-01
-5.504150955005161494e-01 1.416085739344312699e-01
-5.525184143211997467e-01 1.370510248608913795e-01
-5.549023335141234359e-01 1.325286946202450800e-01
-5.103683775412132251e-01 1.297119394039223383e-01
-5.114419062652293402e-01 1.269013817650683773e-01
-5.126975793125227998e-01 1.239694546272467335e-01
-4.910738322495145636e-01 1.170944551543171563e-01
-5.157859693450224103e-01 1.178063021484814232e-01
-5.176348354130678731e-01 1.146203952151261252e-01
-6.878434198735612348e-01 1.064062598117399006e-01
-5.502006546337013804e-01 1.084760028908664520e-01
-5.520136526179720837e-01 1.059086114236453824e-01
-5.538361723764227973e-01 1.033746689857466539e-01
-5.556693627160411708e-01 1.008668895241271457e-01
-5.575158034848514133e-01 9.837933864311332322e-02
-5.593789515237986842e-01 9.590706785304980997e-02
-5.612630432578461503e-01 9.344575327856241564e-02
-4.813143413107878188e-01 9.203492064866591882e-02
-5.651163126134909342e-01 8.854095484045787501e-02
-5.671004122591045693e-01 8.609162905023204360e-02
-5.691359470223245065e-01 8.364268173644773263e-02
-4.890324364435637561e-01 8.299991692283570366e-02
-6.727382642392045753e-01 8.067863119813489803e-02
-6.517925468177101500e-01 7.778918974136028730e-02
-7.468541046503575087e-01 8.321162739023657551e-02
-6.815213539438799151e-01 7.710094170399295344e-02
-7.520322765307262403e-01 8.027960617324003678e-02
-6.870317328538521062e-01 7.480550550191122916e-02
-5.773199612971953165e-01 7.383686420972734865e-02
-5.798113506103094172e-01 7.290510814079054214e-02
-5.822858337924797789e-01 7.177018103228527401e-02
-5.847568769202422523e-01 7.047443891679194827e-02
-5.872306661964701302e-01 6.903741969737908768e-02
-5.897144389426524080e-01 6.746554574129581816e-02
-5.922210527590593410e-01 6.575912532267058630e-02
-7.069444738837785680e-01 6.569785082637480400e-02
-7.092571287763144161e-01 6.451880449739455514e-02
-6.000896045126966616e-01 5.987281079750750301e-02
-6.416001670918357602e-01 5.865477824811904384e-02
-7.161676840313331294e-01 6.088767958366525512e-02
-6.464759403645782276e-01 5.670523590403853120e-02
-6.488652474570699713e-01 5.577128013762266967e-02
-7.757333598134426023e-01 6.390733139698379084e-02
-5.616668536157485292e-01 5.504035449090194376e-02
-7.168269788503619511e-01 5.529070436936311950e-02
-5.658504277011958683e-01 5.312025361286010217e-02
-7.218051242588651162e-01 5.415123131361787578e-02
-5.701484277691335478e-01 5.093686721676582430e-02
-7.266716412543428039e-01 5.299149195899888198e-02
-6.670843626936784343e-01 4.928335108045422963e-02
-5.173939932561935073e-01 5.080642575291860474e-02
-5.196575975481394494e-01 5.111241345181105622e-02
-5.219334271158299066e-01 5.131343206568828030e-02
-5.242467253131922744e-01 5.142025341902112245e-02
-5.266314046424269701e-01 5.145445368448386958e-02
-5.325083974563539213e-01 5.121949219385935059e-02
-5.346597254364851004e-01 5.200699979961731501e-02
-5.366943681744412720e-01 5.273611130948374637e-02
-5.386237027184153092e-01 5.339748780006425832e-02
-5.404615946464792486e-01 5.398667441680604639e-02
-5.422213837057799912e-01 5.450325894321195186e-02
-4.492944511010998898e-01 2.498594110742127228e-01
-4.499902697822594222e-01 2.499529007916854173e-01
-4.518434356493503112e-01 2.501901786743694345e-01
-4.548435343021783317e-01 2.505388761557088007e-01
-4.589712742065065187e-01 2.509492165738396174e-01
-1.109181592550903428e+00 1.244932684771967502e+00
-1.076980747391952598e+00 1.082690306535093905e+00
-7.383248832729519817e-01 1.140878505272610255e+00
-7.121074150635486877e-01 1.046371828489905731e+00
-8.199029089807906567e-01 1.324968269115326613e+00
-8.072522841595626275e-01 1.207546004917672944e+00
-6.347816628353089019e-01 1.210558993949332640e+00
-7.779199871434678837e-01 1.436173631052450883e+00
-7.736696167186528639e-01 1.331191335689229094e+00
-7.868282066140162012e-01 1.402597463566439551e+00
-7.846479834781432405e-01 1.313339277157107077e+00
-6.516037940199341794e-01 1.275462542402136856e+00
-6.505983620672343148e-01 1.203751604227645711e+00
-6.782014484505063390e-01 1.281004736338783534e+00
-7.062428329654584225e-01 1.330833926599001460e+00
-7.058263049091573205e-01 1.263331996705727045e+00
-7.936858160238671189e-01 1.350274742525396476e+00
-7.537588422404062349e-01 1.303409107070701678e+00
-7.860364625503218905e-01 1.282063517502563643e+00
-7.828949980219359617e-01 1.220330847605698654e+00
-7.795744780265762008e-01 1.163262425176299519e+00
-7.760823792250666209e-01 1.110355868131494450e+00
-7.724309547241677842e-01 1.061186845874752205e+00
-7.686376866800429530e-01 1.015394130076782142e+00
-7.647254302325111608e-01 9.726672726165186411e-01
-7.607221432374710046e-01 9.327363440812891371e-01
-7.566601283375572473e-01 8.953633942848916449e-01
-7.525747836455074502e-01 8.603354635449994570e-01
-7.485029568225778362e-01 8.274590677332839261e-01
-7.444810959013739016e-01 7.965560911805918964e-01
-7.405434477288550532e-01 7.674609636472323748e-01
-7.367205450519722643e-01 7.400189103593423079e-01
-7.330381498504672244e-01 7.140849959237343114e-01
-7.295167157271436054e-01 6.895236644795186276e-01
-7.261713337178160588e-01 6.662085126130979917e-01
-7.230120608879255784e-01 6.440220993535438199e-01
-7.580557745806139058e-01 6.191725343678683435e-01
-7.570033238563227407e-01 5.940283082488169164e-01
-7.557288191355151508e-01 5.695734313829876605e-01
-7.501625333924866190e-01 5.471908458870423653e-01
-7.500835663792895236e-01 5.266393113537006787e-01
-7.498894278801194746e-01 5.064398349752663453e-01
-7.495002346853988362e-01 4.864756963392717903e-01
-7.413574830421483242e-01 4.668690544167612977e-01
-6.815639108629264475e-01 4.625820559432480827e-01
-6.798702145576730471e-01 4.491684816146819248e-01
-6.783657490160668324e-01 4.361050093083271850e-01
-6.770424991956903726e-01 4.233486202382708008e-01
-6.758936283115625221e-01 4.108582435268648414e-01
-6.749137528156390342e-01 3.985939551725150576e-01
-6.740992987439865525e-01 3.865160899496096203e-01
-6.734490136000010896e-01 3.745842087619344341e-01
-6.960475776931781544e-01 3.557772524279154691e-01
-6.424343608201434908e-01 3.470604157943744106e-01
-6.400658423465622748e-01 3.382961540787443599e-01
-6.380254049383885517e-01 3.295854220738350104e-01
-6.729359804512005105e-01 3.154523575466825491e-01
-6.735830509219415951e-01 3.032902795045127053e-01
-6.424683406855101753e-01 2.948312534617678615e-01
-6.431545761337253975e-01 2.863253573196291590e-01
-6.438145670132969789e-01 2.778654589594216073e-01
-6.445258726061379173e-01 2.693504122400693923e-01
-6.026197130568621274e-01 2.625889032662638289e-01
-6.464305221016583003e-01 2.519800000030658627e-01
-6.477881251407033858e-01 2.430834246449080638e-01
-6.316836699130331523e-01 2.378880012490025564e-01
-5.801308782547648368e-01 2.288208077439741750e-01
-5.786608614260148054e-01 2.244783143762796307e-01
-5.775143571489391725e-01 2.199519933883793410e-01
-5.766577137523063445e-01 2.152442283390965105e-01
-6.020465907633408831e-01 2.090810675475589520e-01
-6.029945635931850401e-01 2.016367634720910296e-01
-5.662432816452163120e-01 1.957693028316997985e-01
-5.668602051968015809e-01 1.909674799093561415e-01
-5.676300361551791518e-01 1.861611291383920008e-01
-5.685219329455690751e-01 1.813288772701733276e-01
-5.777172679261493027e-01 1.764052497733152869e-01
-5.706554813574480356e-01 1.714484045177000482e-01
-5.719347637552134600e-01 1.663407513360337653e-01
-5.733998917693360342e-01 1.610951118364196688e-01
-5.750953247443549854e-01 1.557009759796950110e-01
-5.770766757121654766e-01 1.501560322168846717e-01
-5.312431074884491622e-01 1.469318064422455716e-01
-5.326856427395444404e-01 1.433415689177268693e-01
-5.342403232457246798e-01 1.397974917910254078e-01
-5.922252065918777175e-01 1.334933882006104078e-01
-5.094723876829118092e-01 1.323882075841453787e-01
-5.974934712033639350e-01 1.259814654521347332e-01
-6.002649747792551116e-01 1.224718635903876418e-01
-5.414933648057984605e-01 1.220736548025875834e-01
-5.141426817238546887e-01 1.209312592307920653e-01
-5.448554330205350738e-01 1.164658155747018142e-01
-5.466130879723613001e-01 1.137463652953607518e-01
-5.483985952030091537e-01 1.110855195946396368e-01
-5.219455699142392380e-01 1.081990769033578381e-01
-6.200456212853128202e-01 1.018588888652691704e-01
-6.228828378424093870e-01 9.933789106996804286e-02
-6.257285921659095917e-01 9.692714805569702108e-02
-6.285713339708340897e-01 9.463651825659069594e-02
-6.313918900949313517e-01 9.246987073079449004e-02
-6.341682802392363261e-01 9.042110948386561375e-02
-7.269374132173516134e-01 9.379592880785914133e-02
-5.835559575288213896e-01 8.644705921076023536e-02
-5.858655112728349268e-01 8.383824398923533927e-02
-5.499037142512697152e-01 8.227539159014751746e-02
-5.712352338448511979e-01 8.119583305108180049e-02
-6.494250531947840521e-01 7.952725417472183977e-02
-6.019813329257170942e-01 7.645810262567254156e-02
-6.786674389350217940e-01 7.827055625633305702e-02
-6.564947695982085163e-01 7.432783792416652879e-02
-6.843082410204094357e-01 7.594725536516278019e-02
-5.747697596643859264e-01 7.447422849597762351e-02
-6.896951213025812599e-01 7.367174694992617567e-02
-6.923018605208187681e-01 7.254230079199297521e-02
-6.948554869488047236e-01 7.141403697160253472e-02
-6.973593746007252792e-01 7.028430492007209374e-02
-6.998166889552838166e-01 6.915063554546452274e-02
-7.022306072854039849e-01 6.801041323568424168e-02
-7.571606269899091579e-01 7.041485496237376296e-02
-5.947700866110757767e-01 6.391898015459607230e-02
-5.973853530616157759e-01 6.195185270284264689e-02
-6.391117765904623660e-01 5.967163326801494527e-02
-6.028988631608143134e-01 5.770294689379040776e-02
-6.440546776989339861e-01 5.766627207115004872e-02
-5.554706521682633014e-01 5.740026179496249270e-02
-5.575325843129242953e-01 5.668734939445396748e-02
-7.233571273296957038e-01 5.745358208738493566e-02
-6.535571066829234388e-01 5.398581828927362380e-02
-6.558651569269927650e-01 5.313716233518328558e-02
-6.581499714687845115e-01 5.231989476447562737e-02
-6.604116535338298011e-01 5.153234452707233793e-02
-6.626515216032964339e-01 5.076890910151798941e-02
-6.648736702890741812e-01 5.002177929337969786e-02
-5.151256366839012113e-01 5.039085967584178150e-02
-6.692905104546887918e-01 4.854754005038386389e-02
-6.714987507807624878e-01 4.781038254091041217e-02
-6.737148652834570317e-01 4.707079523093637974e-02
-5.278487929531261447e-01 4.951489998386726654e-02
-5.302360574223567991e-01 5.038594881583069451e-02
-5.291310134038382795e-01 5.145940115452596331e-02
-5.317896943750828331e-01 5.153089700047264188e-02
-5.345607806748310376e-01 5.185943612141108439e-02
-5.371532198351519627e-01 5.252047206676091484e-02
-5.394093364631048493e-01 5.326549194067586868e-02
-5.414234049748205546e-01 5.393803045231604365e-02
-5.224382150169242234e-01 2.426398918818510886e-01
-5.238622008451530032e-01 2.424217445774634605e-01
-5.276222378483735875e-01 2.418100328119641151e-01
-5.336108443717670902e-01 2.407324382483735370e-01
-5.416574926064847695e-01 2.390956383578455302e-01
-7.792460844591128089e-01 5.227584168406153031e-01
-1.104793262024134526e+00 1.031449080591662293e+00
-1.051829174010099344e+00 9.650210583013700827e-01
-1.031869115695870143e+00 8.758681029732326984e-01
-8.397827492008912431e-01 1.069496393096687203e+00
-1.019654665610808975e+00 1.172596050374644205e+00
-7.956439501987337959e-01 1.109955647129732270e+00
-7.717512739584490022e-01 1.252804568825248044e+00
-7.655673255868832294e-01 1.167714322249379766e+00
-6.313232723078836539e-01 1.232553710101917721e+00
-6.294130797087857943e-01 1.157396831958571681e+00
-7.991237894827604160e-01 1.349025074733822827e+00
-7.971427004354539880e-01 1.270702929208967324e+00
-6.495776347411592599e-01 1.139857031061430437e+00
-6.775727148480448214e-01 1.214425304001060857e+00
-8.049786785099642961e-01 1.348115698600375723e+00
-7.318653996030474174e-01 1.291632788166434453e+00
-7.904249637450954102e-01 1.280006143066474644e+00
-7.534712097925858609e-01 1.242390723745717684e+00
-7.531835007955568484e-01 1.186130662939890890e+00
-7.528972400586186886e-01 1.134047440139349661e+00
-7.526140409185018143e-01 1.085648132097401408e+00
-7.523356199262105637e-01 1.040511986235311603e+00
-7.520638132285120125e-01 9.982775260151720564e-01
-7.518005937627286750e-01 9.586323130114099422e-01
-7.515480878008676813e-01 9.213047501232477510e-01
-7.513085877290128778e-01 8.860574693861998918e-01
-7.510845564728551027e-01 8.526819622731066639e-01
-7.508786155499010961e-01 8.209941931651283387e-01
-7.506935046809131151e-01 7.908309965657894791e-01
-7.505319946461133096e-01 7.620471006965667815e-01
-7.503967280138732487e-01 7.345126475579042413e-01
-7.502899540240057785e-01 7.081110928622476042e-01
-7.502131175080246628e-01 6.827373697532140850e-01
-7.501662619882846217e-01 6.582961877698715325e-01
-7.501472148446429733e-01 6.347003194062473819e-01
-7.501505414290218221e-01 6.118687088732640555e-01
-7.501662659111840714e-01 5.897242355658289803e-01
-7.501783210170744898e-01 5.681909799867036481e-01
-7.540064816603084807e-01 5.459080151896334998e-01
-7.515248640521805523e-01 5.232713799609931549e-01
-7.480938159014116628e-01 5.022180408651342187e-01
-6.855554857980302730e-01 4.906458319251478795e-01
-6.834557883103548059e-01 4.763914532706716720e-01
-7.396908635244200392e-01 4.511018386152871873e-01
-7.388269271259593207e-01 4.355514972796912243e-01
-7.384232149962616232e-01 4.200322985824935795e-01
-7.383120068720843143e-01 4.044551495832053867e-01
-6.615305236847521808e-01 3.926560159304326447e-01
-6.563075477458690798e-01 3.831478227881146559e-01
-6.519988094490262176e-01 3.739240018311600355e-01
-6.483339069170549473e-01 3.648515375111052172e-01
-6.451722631394312124e-01 3.559041018846023086e-01
-6.414039176418241395e-01 3.414059639471336283e-01
-6.409607539152915034e-01 3.316947535735850217e-01
-6.408592104965717962e-01 3.220790744777364267e-01
-6.411434194285799970e-01 3.126515941819534294e-01
-6.417478874909745556e-01 3.035566408925636228e-01
-6.079392913476189264e-01 2.873440916334888406e-01
-6.062489125059057349e-01 2.812296907818379044e-01
-6.048066232786123431e-01 2.750648879390080737e-01
-6.036012463617507207e-01 2.688526246131408559e-01
-6.453714042478544410e-01 2.607307802029628085e-01
-6.018499455643366858e-01 2.562657766684566241e-01
-6.012821269883454889e-01 2.498724797808862252e-01
-6.495461877292769692e-01 2.340415414342233991e-01
-6.093165686341998066e-01 2.285579782256947912e-01
-6.106310122626689152e-01 2.225838178070935758e-01
-6.119035007405451143e-01 2.166179695676635486e-01
-6.132032676843538477e-01 2.106103224888800085e-01
-6.145934914276131034e-01 2.045429078374327858e-01
-6.161296290743331072e-01 1.984156246898975962e-01
-6.042909980205328768e-01 1.939085604449699574e-01
-6.060440858048684598e-01 1.858512645658905171e-01
-5.442981682798017085e-01 1.801752730390506763e-01
-5.438758114027234525e-01 1.771140921697456072e-01
-5.436895437600216541e-01 1.738609869633991334e-01
-5.794659850940472312e-01 1.695186064654368163e-01
-5.820111970649231026e-01 1.633817273521769309e-01
-5.842264191904570358e-01 1.573277800784727010e-01
-5.810163484245985943e-01 1.539246152372450993e-01
-5.831799506931698573e-01 1.497045885263841303e-01
-5.852963052703190616e-01 1.455859510353769704e-01
-5.874779559124937434e-01 1.414931426176655460e-01
-5.897817458519568623e-01 1.374497143316848469e-01
-5.358769370151996725e-01 1.362735268486501283e-01
-5.375895136787961492e-01 1.327369331226775362e-01
-5.575161114752356095e-01 1.280510683012372475e-01
-5.413044445210826172e-01 1.255303546008019744e-01
-5.433597253217015144e-01 1.218384056175216834e-01
-6.059196889669267172e-01 1.159567409333923660e-01
-6.087548905008700606e-01 1.129206789747376760e-01
-6.115814072401631885e-01 1.100055876122369991e-01
-5.196909275593444288e-01 1.114058980127461407e-01
-6.172196567841123915e-01 1.044799174765278504e-01
-5.243774011970970816e-01 1.050348598634189834e-01
-5.269539316146349961e-01 1.019415797998830531e-01
-6.429381863118833751e-01 9.417288655914957118e-02
-5.323845630317517452e-01 9.604313178305812215e-02
-5.766835405115439128e-01 9.258285840610769313e-02
-5.789472526244016093e-01 9.083140634954411929e-02
-5.631733023241749514e-01 9.099150717928927712e-02
-7.299553937884393218e-01 9.217494989747043732e-02
-6.420892227142293018e-01 8.479680110023002371e-02
-6.445873828879752354e-01 8.302293933787341373e-02
-6.696517262082736233e-01 8.193509645772589778e-02
-5.734121723254568259e-01 7.875642062470844529e-02
-5.601530114318590270e-01 7.749540362474638400e-02
-6.541449131493580760e-01 7.605485276409273965e-02
-6.075390779083135184e-01 7.424018353981898244e-02
-5.719342188230704949e-01 7.457918958653819708e-02
-6.128417888798042279e-01 7.172473327344563998e-02
-6.154807596993394636e-01 7.039817554449112613e-02
-6.181377266093983636e-01 6.906100332677755915e-02
-6.208142978357974462e-01 6.774215516439707763e-02
-5.277531537073509860e-01 6.677513497984244317e-02
-6.261738248365262827e-01 6.523238974975065219e-02
-6.288254061816701546e-01 6.404826293893939315e-02
-7.046048362011705368e-01 6.686062222064137472e-02
-6.340343361695868207e-01 6.179517806086276543e-02
-6.365896318778679897e-01 6.071805206964286938e-02
-5.371542694764424031e-01 5.973810623997533042e-02
-5.513377585996726005e-01 5.856619140155294723e-02
-7.038490472965714950e-01 5.772650766910203401e-02
-5.416406096480966825e-01 5.606063989167897610e-02
-5.759639385075098206e-01 5.362487379164426748e-02
-7.117470539279968644e-01 5.636000511551109149e-02
-5.807633532517229025e-01 5.174453025177316867e-02
-5.637490144309672546e-01 5.411357815250483760e-02
-5.855337804492438680e-01 5.003811351686815456e-02
-5.679801479907785611e-01 5.206115551527834562e-02
-5.901995933479448064e-01 4.856075729930253715e-02
-5.723658301610861088e-01 4.974803118986370620e-02
-5.746423286363581129e-01 4.849535996114662240e-02
-5.240764907584306576e-01 4.843130185407451549e-02
-5.989768810598797844e-01 4.619729417440510133e-02
-5.253594373122290051e-01 4.860044911221961250e-02
-5.290367365315242765e-01 4.622876784602603095e-02
-6.050929087506565773e-01 4.482887711516592155e-02
-6.070501902818083995e-01 4.442004198366733547e-02
-6.089751962563636489e-01 4.401199442019709807e-02
-6.108769735313976934e-01 4.359163919149255939e-02
-6.127634948942735083e-01 4.314890864767639833e-02
-5.398568655317228515e-01 4.397148215613944089e-02
-5.414222953423066809e-01 4.302245609767041401e-02
-5.465971704690544275e-01 2.196574044286094818e-01
-5.464363893705420638e-01 2.197539698021910848e-01
-5.460060761368943361e-01 2.200089669643985335e-01
-5.453028484556754485e-01 2.204150544218257401e-01
-5.443216877146692667e-01 2.209601591938568088e-01
-4.641958549466710382e-01 2.513582493537154239e-01
-1.122987091964348760e+00 5.716994835985066414e-01
-1.039321416791269215e+00 9.367631061904339029e-01
-9.910158689302328572e-01 8.601321386495152099e-01
-6.907617501381236869e-01 9.695815593413456002e-01
-8.150610227810730635e-01 9.894864443510384966e-01
-7.932098165767353937e-01 9.229832730856054601e-01
-6.296647345919589300e-01 1.125135660129718218e+00
-6.248280836681019412e-01 1.052401818056460492e+00
-7.693598817782267840e-01 1.240800772960169773e+00
-7.649898132601027356e-01 1.162016615518599805e+00
-7.824446804271241174e-01 1.235320037516370650e+00
-7.801899860694281319e-01 1.166597703976785638e+00
-8.216824277420922140e-01 1.292610537804963045e+00
-8.228211006687151663e-01 1.224390328537457329e+00
-8.227169262199746091e-01 1.272752626065612125e+00
-8.018480117649486871e-01 1.273756126992237947e+00
-7.315650362247361205e-01 1.230159817826500968e+00
-7.868932967150352731e-01 1.215454111081702093e+00
-7.830915401927631692e-01 1.155950352343952270e+00
-7.790280898265786735e-01 1.100939293078436299e+00
-7.747181543088241806e-01 1.049954214696608767e+00
-7.701819586889731006e-01 1.002599293966990990e+00
-7.654431300571467034e-01 9.585367057960388903e-01
-7.294981118069673309e-01 9.124079475155761898e-01
-7.292150715199134936e-01 8.781947134396381749e-01
-7.289342647789434082e-01 8.459455700852362980e-01
-7.450700502011012860e-01 8.099962808626672839e-01
-7.283703074993592708e-01 7.865995777200998074e-01
-7.280789501903670580e-01 7.591864232871271545e-01
-7.277721256698514996e-01 7.330980834983515937e-01
-7.274386068868934352e-01 7.082155771226907870e-01
-7.270618677533351448e-01 6.844300543792400937e-01
-7.266177944953888801e-01 6.616388160103824356e-01
-7.260718425601353498e-01 6.397394198513686181e-01
-7.253765166150444310e-01 6.186202195385833713e-01
-7.244719986923632282e-01 5.981459580960626354e-01
-7.232943607363914174e-01 5.781410421472396033e-01
-7.217884934961509291e-01 5.583810504096430316e-01
-7.198977883848806103e-01 5.386005884003230992e-01
-6.904186071866176277e-01 5.207077635804402416e-01
-6.878730507629974289e-01 5.053985219305485721e-01
-7.085922187831454888e-01 4.768803978941345001e-01
-7.005251925824329540e-01 4.573963698437704117e-01
-6.554787871609395467e-01 4.353606343280473912e-01
-6.530761008072059060e-01 4.239186672215820018e-01
-6.509011055517275324e-01 4.128203705631992015e-01
-6.489407273534755216e-01 4.020229630471741089e-01
-6.471842727529316663e-01 3.914860827556361222e-01
-6.456242108892508158e-01 3.811710699331500862e-01
-6.442575694067157466e-01 3.710404671605678217e-01
-6.430878083279372159e-01 3.610579082221512248e-01
-6.421277859942107202e-01 3.511892415053934347e-01
-6.961315485963550653e-01 3.388296806932826755e-01
-6.970427238555400029e-01 3.202630582425296524e-01
-6.053348855247424609e-01 3.072551687576068336e-01
-6.044236101003337414e-01 2.997104530815659640e-01
-6.098794733038652716e-01 2.933905597178472213e-01
-6.031874132469678962e-01 2.847201918342274762e-01
-6.029028212122486963e-01 2.772404282289313571e-01
-6.028890267791177093e-01 2.697613438265753505e-01
-6.032020822840068464e-01 2.623020121801991067e-01
-6.039031980575229053e-01 2.549294063685205725e-01
-6.050106070308253203e-01 2.477794132727622056e-01
-6.064171776372103695e-01 2.410079229555746050e-01
-6.079052685528676392e-01 2.346452196727948358e-01
-6.328169525770972470e-01 2.268518432122617057e-01
-5.662495432808974938e-01 2.191367191792927827e-01
-5.658327765215562799e-01 2.146242410777181586e-01
-5.656134408110391476e-01 2.100147901316102850e-01
-5.656053546736921067e-01 2.053202264413642730e-01
-5.658168677041569561e-01 2.005620105918166640e-01
-6.178620937110190781e-01 1.922406767654527560e-01
-6.198381270890348516e-01 1.860423115286511386e-01
-6.221008703339955259e-01 1.798593207735244004e-01
-5.740455919951268360e-01 1.755787016472838413e-01
-6.276042167158795149e-01 1.677815439293808275e-01
-5.766817489990783141e-01 1.681265061385703863e-01
-5.773615594693917163e-01 1.635129149766707535e-01
-5.789042664833050633e-01 1.585473112629141035e-01
-5.288755192962968366e-01 1.542261218809575229e-01
-5.299594538143237443e-01 1.505696824124260758e-01
-5.794145094150539022e-01 1.444707447993522909e-01
-5.356235653378954575e-01 1.407465865232226943e-01
-5.368521048619383507e-01 1.370115564201856984e-01
-5.384694263921231405e-01 1.330504612411571586e-01
-5.948029692291697534e-01 1.296608724956993530e-01
-5.393908228403964111e-01 1.291612236382959633e-01
-5.399214583302873738e-01 1.249275992900003018e-01
-6.030834521546456495e-01 1.191341152576834705e-01
-5.431425217432291896e-01 1.192449433620634824e-01
-5.480314823198948471e-01 1.142929003665451582e-01
-5.507261445386657517e-01 1.104744038129630290e-01
-6.144007614582983612e-01 1.071950816531948014e-01
-4.972430998169659055e-01 1.061200365668344414e-01
-5.736390222384422088e-01 9.940370668279707722e-02
-5.011365996124022004e-01 1.008725218635881937e-01
-5.801159099427982691e-01 9.538866963660685983e-02
-5.744515212739056409e-01 9.376588322496814953e-02
-5.351644067809983030e-01 9.327291417059080381e-02
-5.877649666675662798e-01 8.827041999061724376e-02
-5.812381213274956382e-01 8.876767705591159796e-02
-6.395227916884174135e-01 8.660716848081295716e-02
-5.467234278418867666e-01 8.408956302518499903e-02
-6.664801541039168109e-01 8.324518370298172876e-02
-6.470281673395978927e-01 8.126994957675481857e-02
-5.566289182385546486e-01 7.900519316686471782e-02
-5.756815724322787986e-01 7.633452259968009912e-02
-6.048114647279601019e-01 7.539287143081074838e-02
-5.678229455286479821e-01 7.480560190684126809e-02
-6.102040344464901844e-01 7.301259001462678810e-02
-6.612199730350606375e-01 7.092671909273629005e-02
-6.636004670507700265e-01 6.927038411851516031e-02
-5.454476998091007944e-01 6.831457378105953993e-02
-5.260980951781457637e-01 6.793770190266856801e-02
-5.504225272310023787e-01 6.520929698396837892e-02
-5.530084979447310589e-01 6.372129180697827522e-02
-5.309736113522782741e-01 6.444526165522646011e-02
-6.314462276211469938e-01 6.290431651038530525e-02
-6.803892318809394713e-01 5.881882162839069395e-02
-5.356372767512002087e-01 6.092607625049817344e-02
-5.492551983561451134e-01 5.899239013978307966e-02
-5.386563509533006666e-01 5.853503372378354719e-02
-6.058207283615788530e-01 5.546304695148851494e-02
-5.735562289419902093e-01 5.459967084036043694e-02
-5.431430147399809449e-01 5.478126352648349240e-02
-6.512246819356179994e-01 5.486449335743515121e-02
-5.462374031406905805e-01 5.214647864627885987e-02
-5.831558566010711653e-01 5.086442547853220475e-02
-5.156381415929900403e-01 5.209388525133951120e-02
-5.878855684930818226e-01 4.927037766301656241e-02
-5.189966856608794199e-01 5.069653763916193157e-02
-5.924672005425440924e-01 4.790442338428912983e-02
-5.946847505295590475e-01 4.729473068829670446e-02
-5.769867836265299976e-01 4.717954956762082652e-02
-5.794066547785223786e-01 4.580119940732907402e-02
-6.010577038505219294e-01 4.570708231514508668e-02
-6.030963692193070935e-01 4.525351036444824615e-02
-5.305972508573808533e-01 4.549678290008229986e-02
-5.355594530645259033e-01 4.516946822206246992e-02
-5.366026537662342832e-01 4.554138067613511254e-02
-6.773868383605163856e-01 4.316939604512315398e-02
-5.385167975319760103e-01 4.483653680938681774e-02
-5.376533871654413099e-01 4.148214853763199095e-02
-6.165134840044886877e-01 4.216253787994173052e-02
-4.340697109035653867e-01 9.148118278286454519e-02
-4.340283863932231645e-01 9.150852394074893148e-02
-4.339188542506103863e-01 9.158065418912930689e-02
-4.337412876903296022e-01 9.169780544171390879e-02
-4.334948515140210623e-01 9.185899228163618702e-02
-5.515393631592507839e-01 2.368119029042377033e-01
-7.565327037967466417e-01 5.236769884537150199e-01
-7.331933611217462676e-01 5.212083583953296406e-01
-7.105655182010172100e-01 5.157799723536357073e-01
-9.553783804501102539e-01 7.966469454952331830e-01
-6.729544603945336601e-01 9.056027031751634482e-01
-6.578056501986561111e-01 8.512350646046564773e-01
-7.849491460841313550e-01 1.027057547830846351e+00
-7.750132216323528667e-01 9.552288777909483386e-01
-7.594992408967600195e-01 1.094876981336336597e+00
-7.534967178644329522e-01 1.031852860549823392e+00
-6.275122690393676317e-01 1.091457894565995401e+00
-6.256273005218416783e-01 1.033090780762429217e+00
-7.949481032831526850e-01 1.201012627843028646e+00
-6.485453612944002133e-01 1.082532209236391374e+00
-6.769317819523815727e-01 1.154329145415946112e+00
-7.054024429846316169e-01 1.202045027524616838e+00
-7.049723996271278770e-01 1.146118775185299254e+00
-7.312640196447188767e-01 1.173771125414633687e+00
-7.309634886924234465e-01 1.121824081535885309e+00
-7.306644731766386291e-01 1.073778515193709371e+00
-7.303678647752274156e-01 1.029177092195562082e+00
-7.300743649453020900e-01 9.876300281809866632e-01
-7.297844154683896800e-01 9.488030729984456846e-01
-7.605283092084109686e-01 9.174773680761160177e-01
-7.554684564529453583e-01 8.791731694565898536e-01
-7.503007881972538762e-01 8.434093947884145903e-01
-7.286537432563858774e-01 8.154697994703503650e-01
-7.398277132941314393e-01 7.787607348271583518e-01
-7.346286847233678419e-01 7.495393939106982373e-01
-7.295268119627642545e-01 7.221747670547257192e-01
-7.245704258618954618e-01 6.965139516919766072e-01
-7.197996216271598247e-01 6.724096528778984450e-01
-7.152451312720702337e-01 6.497217660766084757e-01
-7.109287451990268236e-01 6.283187572769756146e-01
-7.068644555531340412e-01 6.080786629426218060e-01
-7.030595554134344560e-01 5.888889476549090674e-01
-6.995160763121015535e-01 5.706466406792428669e-01
-6.962319159682960334e-01 5.532579079847981252e-01
-6.932019192938772001e-01 5.366374564902194333e-01
-7.174763846565052061e-01 5.185046985342434134e-01
-7.140567843226115485e-01 4.978322038731863852e-01
-6.909157285538688464e-01 4.716167436954317171e-01
-6.901688217704065043e-01 4.550683140360827217e-01
-6.913480669911422627e-01 4.408362599305986063e-01
-6.826314460013654939e-01 4.267794731200060809e-01
-6.748361786484294855e-01 4.143265029055465121e-01
-6.678210955316142838e-01 4.029552918196541711e-01
-6.576867650998794446e-01 3.765722390367178818e-01
-6.582640114465208026e-01 3.629937834164673749e-01
-7.180582850382739579e-01 3.610754459313261222e-01
-7.178410990770224265e-01 3.503755191241788580e-01
-6.091672287502001293e-01 3.303428717888845512e-01
-6.077060731938465077e-01 3.225486751423018994e-01
-6.064295478236488846e-01 3.148604900804825579e-01
-6.142498785925176730e-01 3.049839121447357471e-01
-6.120381158611682970e-01 2.993164237834171626e-01
-6.037028601003733286e-01 2.922052285331371291e-01
-6.746727988674829923e-01 2.908084584448613619e-01
-6.764334838692043217e-01 2.778999364154641771e-01
-6.792783343791086725e-01 2.645320389408087891e-01
-5.637823584174695979e-01 2.476754143241739481e-01
-5.904030692082317122e-01 2.441020749014994884e-01
-5.870097063155742534e-01 2.406420336572629992e-01
-5.842350524520741883e-01 2.369199764870426606e-01
-5.819691642297346590e-01 2.329724251316831474e-01
-6.518320552305375548e-01 2.248862821851218552e-01
-6.348704394625568348e-01 2.148953076684780861e-01
-5.634491407819025577e-01 2.093434205384827607e-01
-5.643336719123728251e-01 2.038315956323097922e-01
-5.655496444689326330e-01 1.984308050179823812e-01
-5.670762268185792765e-01 1.932531589288422058e-01
-5.688142609210967704e-01 1.883961121386235060e-01
-5.706185057550269280e-01 1.838763702611327933e-01
-5.723763492292133215e-01 1.796298877499480362e-01
-6.246842445784174247e-01 1.737479166542914566e-01
-5.756099980888643719e-01 1.717162043802624716e-01
-6.308462489571148302e-01 1.620432481424565196e-01
-5.273506652661037464e-01 1.614190576036960145e-01
-5.280081108936891532e-01 1.578562261247000720e-01
-5.865533658241653958e-01 1.507169057626471798e-01
-5.342125661832616279e-01 1.474123671898404098e-01
-5.347502899933379572e-01 1.442221569716017893e-01
-5.821979818643913118e-01 1.386789421001666245e-01
-5.339059554250332740e-01 1.359722015924518246e-01
-5.354916250762827845e-01 1.332846663102558171e-01
-5.369692689400328289e-01 1.305619148583530009e-01
-5.384238142581625475e-01 1.277700779635926320e-01
-5.603380249462877050e-01 1.235978725525539446e-01
-5.633829671475957257e-01 1.191518985358610561e-01
-5.455897436676047096e-01 1.180886785049701793e-01
-6.817734263788066684e-01 1.110109013075035733e-01
-6.848545510905874600e-01 1.086890860158409300e-01
-4.954583989349169437e-01 1.088347337496637923e-01
-5.570667068056828208e-01 1.029419514350089493e-01
-6.354493538970916733e-01 9.790153491111230899e-02
-6.391921086419167786e-01 9.597036129920644143e-02
-5.296362449128947381e-01 9.893921279902917476e-02
-5.829104962856970218e-01 9.323836377850525103e-02
-5.854493862170637719e-01 9.088704219912635551e-02
-5.379577960111059376e-01 9.066205925823900280e-02
-6.368820725286791218e-01 8.847418933998563162e-02
-5.436868566118935320e-01 8.606903154997103123e-02
-6.632275265227696170e-01 8.462643802538916127e-02
-5.879491247986625702e-01 8.087240739441314830e-02
-5.532121838416867998e-01 8.059049933471995608e-02
-5.990055879313115339e-01 7.741203111503902612e-02
-5.692950897032955648e-01 7.646645394140705321e-02
-7.292317433400040683e-01 7.758192693385868033e-02
-5.728879327417519818e-01 7.378433494067415666e-02
-6.588514900365103344e-01 7.261540434203594963e-02
-5.407227053145676754e-01 7.143372986322793494e-02
-5.430579618509573381e-01 6.988250452643329780e-02
-5.244035990833584293e-01 6.910172347751331046e-02
-5.142066216611900220e-01 6.769431516875612509e-02
-6.234987121629518292e-01 6.646302380921342845e-02
-5.293764397607763073e-01 6.561129074453742049e-02
-5.227009736233643178e-01 6.410972834017569788e-02
-5.325482738220738144e-01 6.327656709908424659e-02
-5.341024346771191533e-01 6.210426358916776302e-02
-6.828003166331305662e-01 5.750031900729912770e-02
-5.661605220277738937e-01 5.759471818321193481e-02
-5.686705805175911177e-01 5.657951612422373877e-02
-5.534071818306719459e-01 5.803031918068857209e-02
-6.088594334104169281e-01 5.316889903113430904e-02
-6.120216687343443818e-01 5.083447282872044504e-02
-5.595965829151093862e-01 5.589916282785223345e-02
-5.122204965982278813e-01 5.329822740042811091e-02
-5.139440386073796940e-01 5.272250163937153289e-02
-7.193282613881663012e-01 5.472598582766008413e-02
-5.173179879301439410e-01 5.141582509708930715e-02
-6.344543188424391911e-01 4.609679200071914451e-02
-5.206828294698475634e-01 4.994898846723105912e-02
-5.223782527649624141e-01 4.918886729310711914e-02
-5.968534331753072575e-01 4.672640665040650454e-02
-5.257636474010469740e-01 4.768600659750976689e-02
-5.274222651718951660e-01 4.695428546706326145e-02
-6.759427643233387739e-01 4.633108298702626193e-02
-5.342954585346412211e-01 4.449694738216369849e-02
-5.321010635186287363e-01 4.474524627020470824e-02
-6.747011990395256342e-01 4.335390778613801288e-02
-5.374876117374225437e-01 4.544829689458818045e-02
-6.799808110081675405e-01 4.307705154420915505e-02
-6.146405186100774021e-01 4.267532474499202699e-02
-6.078569447223746147e-01 3.972503395340964971e-02
