2.103056604750814518e-01 1.711131236703522518e-14
2.103056521088535746e-01 -5.287437154777308024e-15
2.103056297780319106e-01 -3.011479954295737116e-15
2.103055934834581198e-01 -2.395306175628775236e-14
2.103055432260878821e-01 -8.507083926190261991e-15
2.103054790075409852e-01 3.062827769184650606e-14
2.103054008299104216e-01 -1.196265309033606172e-14
2.103053086953985684e-01 -3.594347042223944300e-14
2.103052026070199032e-01 3.229361222878424087e-14
2.103050825678970115e-01 -1.249000902703301108e-15
2.103049485817400366e-01 -1.332267629550187849e-15
2.103048006527603597e-01 -1.147970607462411863e-13
2.103046387851752741e-01 -3.903821710338206685e-14
2.103044629840667978e-01 2.430000645148311378e-14
2.103042732549469940e-01 1.668110094499297702e-14
2.103040696033302848e-01 3.202993426043576619e-14
2.103038520354008067e-01 -1.701555563116130543e-13
2.103036205573887707e-01 1.043609643147647148e-14
2.103033751765574499e-01 -7.314981953499000156e-14
2.103031159001805261e-01 1.643130076445231680e-14
2.103028427357886698e-01 -7.382983113757290994e-15
2.103025556914449312e-01 5.724587470723463412e-14
2.091283370643593764e-01 1.837419105754634074e-14
2.103019399967877567e-01 -1.162958618294851476e-14
2.103016113640681362e-01 -3.073929999430902171e-14
1.901161974544402222e-01 -1.837419105754634074e-14
2.103009125851789951e-01 2.953193245502916398e-14
2.103005424461003303e-01 -1.523781101298027352e-14
2.103001584970515814e-01 1.024180740216706909e-14
2.102997607455708018e-01 -1.676436767183986376e-14
2.102993492026453415e-01 3.390343561449071785e-14
2.102989238796587335e-01 -1.557087792036782048e-14
2.102984847886341935e-01 9.277301149523964341e-14
2.102980319422721178e-01 -2.087219286295294296e-14
1.930726478405135060e-01 -4.758277105665342788e-13
2.382336452702613627e-01 1.856944445060197679e-02
2.102965909700696689e-01 -2.546574062733952815e-14
2.102960832399947133e-01 -1.221245327087672194e-14
2.102955618265311133e-01 1.471045507628332416e-14
2.102950267862607747e-01 -1.776356839400250465e-15
2.068288400324819754e-01 3.504835310863541054e-13
2.356214921856138456e-01 2.066835657028938400e-02
2.430362094596594247e-01 3.169018403901104064e-02
2.097275129784909875e-01 7.065181772958339934e-14
2.080327596784711519e-01 1.719457909388211192e-14
2.054810161578833061e-01 2.665784260003078998e-13
2.009345974467756091e-01 9.361955655151632527e-14
1.828651883921586785e-01 1.055854918306299572e-02
1.951550639860091529e-01 2.396728133092831947e-02
2.030119301176193658e-01 2.924525383578203963e-02
2.102548541367237345e-01 3.202598153719787843e-02
2.172212894953545470e-01 3.321855309602228523e-02
2.240840030582350595e-01 3.317788988448383547e-02
1.879160246435881698e-01 2.475907045185786470e-02
1.956330308257385187e-01 3.320390032192424568e-02
2.034502603355383688e-01 3.871429939028453449e-02
2.114027931473626554e-01 4.261286833821297665e-02
2.195438767715170991e-01 4.555371861412939316e-02
2.278397960778821285e-01 4.803877424722985401e-02
2.360478412209727206e-01 5.044005541387607677e-02
2.438143526265331984e-01 5.281319692615557559e-02
1.955235452535879215e-01 -6.183387135649809352e-13
2.068137117476825937e-01 -1.336430965892532186e-13
2.102781137777520737e-01 -3.523570324404090570e-14
2.102772430022697425e-01 -3.122502256758252770e-14
2.102763576500191745e-01 -3.415323579503137807e-14
2.102754588038152905e-01 -1.852684672343229977e-14
2.102745466141189012e-01 1.658395643033827582e-14
2.102736211332613403e-01 -8.698597397938101494e-14
2.102726823904217668e-01 6.858402734621904528e-14
2.102717304044323943e-01 -5.662137425588298356e-15
2.102707651925721233e-01 -1.588729148238599009e-13
1.607361846913730186e-01 1.865245677040970607e-02
1.636677875856709652e-01 1.867043344406661698e-02
1.664972884715655299e-01 1.822861325515143238e-02
1.692356176655552824e-01 1.733626758866464723e-02
1.718916192246591479e-01 1.595793361416916745e-02
1.707162490251696030e-01 1.813920285843828584e-02
1.735577862509774805e-01 1.640088525356436788e-02
1.763647083822623696e-01 1.392638751352620607e-02
2.122804677877179469e-01 8.996182179584491512e-03
2.141738377141346461e-01 9.634362988778691350e-03
2.173956224782725710e-01 9.558121603273433964e-03
2.143383515488834212e-01 1.203190334307487064e-02
2.196670281209565645e-01 1.875225993572060545e-02
2.238881937760876795e-01 2.519277737561621822e-02
2.272539572999600910e-01 2.984482972354253472e-02
2.304244312589474597e-01 3.343938520225527011e-02
2.334885247780408568e-01 3.633923279641657067e-02
2.364707128819733550e-01 3.872985660878796449e-02
2.043684366864645663e-01 1.937517304522996808e-02
2.078825374300796447e-01 2.286421360892872123e-02
2.115406746358301782e-01 2.556204166316583537e-02
2.153456293961733825e-01 2.783048281365596566e-02
2.018411935707039584e-01 2.516437415690858659e-02
2.052469895310682912e-01 2.803191315594989741e-02
2.086559667396452600e-01 3.043567792911426595e-02
2.120588819535802472e-01 3.252138807899244977e-02
2.154386487911328085e-01 3.438725967768367642e-02
2.187691772031495063e-01 3.609999146009632010e-02
