-2.267780461342669418e-01 5.793852019417733423e-03
-2.267754795281533842e-01 5.788614131903957460e-03
-2.267687508526037843e-01 5.774450969516564669e-03
-2.267582065577390393e-01 5.750865232375612646e-03
-2.267444526679939232e-01 5.717051315875965045e-03
-1.769514033147503995e-01 5.575939800542495384e-03
-1.769627089175099810e-01 5.586544285324956949e-03
-1.769757747376409229e-01 5.600420329730015911e-03
-1.769903007400712991e-01 5.618187912640404402e-03
-1.770058336712428404e-01 5.640487598702836891e-03
-1.770217506845202238e-01 5.667930859506564722e-03
-1.770372608217457289e-01 5.701046408272292254e-03
-1.770514346970967767e-01 5.740229125563212076e-03
-1.770631989510308146e-01 5.785717278144864029e-03
-1.770714568459888227e-01 5.837553341497381254e-03
-2.270460489245330060e-01 4.393328822437481129e-03
-2.493435444697290893e-01 3.702013142851068306e-03
-2.273753824039112803e-01 3.958677392552123475e-03
-2.025595225080826789e-01 3.545587139870798321e-03
-2.491549850284461576e-01 3.841666710283464514e-03
-1.769809234849211155e-01 6.261157825020013945e-03
-1.769315963330042041e-01 6.342619456243203668e-03
-1.768697656500907156e-01 6.423320588891168192e-03
-1.767951689592502373e-01 6.501292516573664582e-03
-1.767074570491683483e-01 6.574411164676774444e-03
-1.766062691929564110e-01 6.640252683983660642e-03
-1.764940657628845666e-01 6.696625151908941476e-03
-1.763699297631646790e-01 6.741684161927552488e-03
-1.762347661207446237e-01 6.771876004970478480e-03
-1.760948927182019175e-01 6.788589789006926889e-03
-1.759457745220405211e-01 6.787743049588013111e-03
-2.316692393439297448e-01 3.454822998587070426e-03
-2.078942929038209708e-01 3.128928175378575816e-03
-1.754768469471441050e-01 6.662383929129434001e-03
-1.753271393535069667e-01 6.576241323548170925e-03
-2.362857825119958344e-01 6.653416945070544930e-03
-2.362610999622653529e-01 7.658992128880381944e-03
-2.361623859113396728e-01 8.484634285391645658e-03
-2.359139567336511756e-01 9.247861995087147680e-03
-2.356435828363581397e-01 9.752349893970835293e-03
-2.353783238326528637e-01 1.017186214425758184e-02
-2.351086220537385307e-01 1.050621516325550564e-02
-2.347557036368116135e-01 1.083579210363960765e-02
-2.342315523455647530e-01 1.076287299928951890e-02
-2.339795568263426384e-01 1.054546182952448286e-02
-2.337548216957476832e-01 1.022968447134808834e-02
-2.335720009345537973e-01 9.720672549306141885e-03
-2.334448775486686334e-01 8.941638911108718002e-03
-2.334499424016082958e-01 7.620038386499439209e-03
-2.696549307044596722e-01 9.022151125934352311e-03
-2.570618718645067413e-01 1.046106560454473922e-02
-2.502234792926602558e-01 1.471298884687699537e-02
-2.448929464100784992e-01 1.696546216658362249e-02
-2.407158107114959755e-01 1.705523840642253486e-02
-2.390301148376546281e-01 1.409798007785284524e-02
-2.418303439559205126e-01 1.482811017968216349e-02
-2.410635378146878394e-01 1.724316350268106923e-02
-3.658921911241834746e-01 4.597837960828937698e-02
-3.553594846936075635e-01 5.544864856738279668e-02
-3.472432541072728029e-01 6.162788161886600946e-02
-3.397164671364432120e-01 6.624198575715978254e-02
-3.324853588741734645e-01 6.980016323358062547e-02
-3.254593178229649442e-01 7.255969690309810316e-02
-3.186046403552896256e-01 7.468380704465255038e-02
-3.119089376038403083e-01 7.628923109796503788e-02
-3.053696583374537754e-01 7.746500672400463694e-02
-2.989895627531796718e-01 7.828101933436515392e-02
-2.927743218443615292e-01 7.879230099715806013e-02
-2.867307011130630912e-01 7.904157295066788214e-02
-2.808649626360353313e-01 7.906122530003906190e-02
-2.751815771735411920e-01 7.887523745068530934e-02
-2.696824178261942873e-01 7.850110736211501905e-02
-2.643664878502113846e-01 7.795164284505046171e-02
-2.592300836910039208e-01 7.723644704245935522e-02
-2.542672141048222256e-01 7.636301572140985483e-02
-2.494701016149787898e-01 7.533746148821901523e-02
-2.448296451385952865e-01 7.416493892953357481e-02
-2.403357812072836885e-01 7.284986012423344537e-02
-2.359777241735995790e-01 7.139597823657017894e-02
-2.317440891026511240e-01 6.980639496016227685e-02
-2.276229087255955685e-01 6.808352552410140701e-02
-2.236015528236406646e-01 6.622903646651090437e-02
-2.196665471948618387e-01 6.424375646335894752e-02
-2.158032685485808122e-01 6.212754816457183304e-02
-2.119954547461518901e-01 5.987911954367414191e-02
-2.082244025081554373e-01 5.749575182974414611e-02
-2.044675995369210353e-01 5.497294536772351359e-02
-2.006963024588163669e-01 5.230408588685270255e-02
-1.968711252333251172e-01 4.948056089200769669e-02
-1.929338752940958635e-01 4.649378155578304250e-02
-1.887926642180624559e-01 4.334390095458640069e-02
-1.842985682313580120e-01 4.007099053799956234e-02
-1.792406431696634550e-01 3.685213660484581988e-02
-1.735347805750519778e-01 3.416640393117381658e-02
-1.676934635238946925e-01 3.250309131970202658e-02
-1.623921671809612222e-01 3.161265201549073867e-02
-1.577311964149367141e-01 3.100232984557432792e-02
-1.535667914766150610e-01 3.043172119628845262e-02
-1.497721035384065869e-01 2.981858728930891766e-02
-1.462646319834536857e-01 2.913547364017432528e-02
-2.020402287522116425e-01 4.028638940098361321e-03
-2.020410149401531130e-01 4.029148370857993378e-03
-2.020431287593856540e-01 4.030440246132360738e-03
-2.020466133535910036e-01 4.032327324994366968e-03
-2.020515428982095352e-01 4.034499212725584094e-03
-2.267284200997839172e-01 5.671904698347940421e-03
-2.267114623138112017e-01 5.614047998568516551e-03
-2.266954899693384151e-01 5.541892489459576687e-03
-2.266831407475995708e-01 5.453769059502899808e-03
-2.266779583694731037e-01 5.348184438899394877e-03
-2.266844894293835178e-01 5.224273623799846611e-03
-2.267080736318606571e-01 5.082466696685605800e-03
-2.021712217910267007e-01 3.975184232066331091e-03
-2.022047326259299171e-01 3.939725090491286164e-03
-2.022465947514502371e-01 3.892066912804303946e-03
-2.493980881896502855e-01 3.642977699228722166e-03
-2.271958064186724024e-01 4.190988254335059615e-03
-2.492849258587236938e-01 3.755680059258581505e-03
-2.492220799923655361e-01 3.802841149535995946e-03
-2.026848877672674798e-01 3.418023241315515381e-03
-2.028552805808065962e-01 3.280192538906656630e-03
-2.030510814971426270e-01 3.134015169427517566e-03
-2.298731893148876770e-01 4.034379532697029980e-03
-2.300014934871834060e-01 4.312709922265178797e-03
-2.300887635843917312e-01 4.486648035695040004e-03
-2.301842401954520556e-01 4.592546074004832946e-03
-2.302898004792164055e-01 4.627871475876288443e-03
-2.304177919742681213e-01 4.604264103361621618e-03
-2.305857912517193797e-01 4.501539136546994779e-03
-2.308131813281013578e-01 4.311330763195064808e-03
-2.311772718998958143e-01 3.949453082114084967e-03
-2.474683542633473732e-01 2.343253724381044734e-03
-2.339309032689107504e-01 2.571079783095897575e-03
-2.355967153688315330e-01 4.250253645529888935e-03
-2.360724769181678229e-01 5.311281113280830191e-03
-1.751848420539589002e-01 6.465871762573571768e-03
-1.750634474137349184e-01 6.336728781155043233e-03
-2.072072760942044178e-01 2.891739688423433652e-03
-2.507728693863348624e-01 3.029860213342339126e-03
-2.112934936863095914e-01 3.491188905854147873e-03
-2.620016997713059403e-01 3.907585325446827351e-03
-2.556075331421486796e-01 5.824577900343019810e-03
-2.328375740536180460e-01 2.042689482254778088e-03
-1.998162987036123939e-01 2.475702986943939532e-03
-1.995351688621490316e-01 2.700058223856105499e-03
-2.565815823317442734e-01 7.033422037872549826e-03
-2.514932576233754880e-01 7.488695809681589211e-03
-2.801553637651310602e-01 7.285081010538763113e-03
-2.760383456119631096e-01 8.895723821393253239e-03
-2.170602480489213504e-01 7.527177183555944229e-03
-2.122081281003564690e-01 6.332197619437540670e-03
-2.394820391086039113e-01 3.584041660894543568e-03
-2.704345246760713750e-01 4.818831231659714831e-03
-2.686149215233012422e-01 4.605693433018143157e-03
-2.259971357815642456e-01 6.609563495556802781e-03
-2.205021705668726295e-01 1.310614861367137562e-02
-2.151471759697605179e-01 1.420776686761721086e-02
-2.392135668527331782e-01 1.837685654255544199e-02
-2.372052842035275444e-01 1.844434683125711905e-02
-2.354607668241648077e-01 1.755429146797815587e-02
-2.345653833983440684e-01 1.586566442342707273e-02
-2.350157950253402017e-01 1.447685758134970024e-02
-2.354798784306074699e-01 1.416121016894739126e-02
-1.584535851018467612e-01 1.532553154441457233e-02
-2.350511432199476058e-01 1.358396721017984810e-02
-2.346986107765309804e-01 1.285150696581044416e-02
-2.344872735477071257e-01 1.183694590851397388e-02
-2.345391460180835663e-01 1.054874513480547060e-02
-2.351049725492124209e-01 8.989666491931225245e-03
-2.368946955673133514e-01 7.764942448817035991e-03
-2.383979718006015158e-01 8.254133192801216268e-03
-2.388077432841271552e-01 8.789092883379201471e-03
-2.388126083155512891e-01 8.944448597214105234e-03
-2.386672151441754097e-01 8.765650729445684242e-03
-2.385249850428718676e-01 8.298428868152851745e-03
-2.383908737296397684e-01 7.545925679819598386e-03
-2.385024156686346708e-01 6.435326563529575328e-03
-2.386756210627838659e-01 5.107875658722560441e-03
-2.006817149822062163e-01 3.135499975024769181e-03
-2.450335133280993061e-01 3.452145826028207853e-03
-2.445632615831118961e-01 5.701756171130722972e-03
-2.439594873887322157e-01 6.247768059130243135e-03
-2.437118354693927624e-01 5.974208160787697341e-03
-2.439881188664365097e-01 6.094504084741048100e-03
-2.437769967642303970e-01 6.129040565149901365e-03
-2.435343174456276183e-01 6.266322298778770339e-03
-2.426977610852691369e-01 6.223576453857126989e-03
-2.415750328385701251e-01 5.505920986713153109e-03
-2.406251398590256996e-01 3.589236519189409336e-03
-2.323439739679581395e-01 3.464034015120465160e-03
-2.422979604627063521e-01 3.972448661161476213e-03
-2.502428108395142736e-01 4.119134605678420602e-03
-2.502502525364072583e-01 3.981472648954320626e-03
-2.334557401106720775e-01 4.874121914362039565e-03
-2.325925992423138744e-01 4.970966410275223790e-03
-2.324374814201684847e-01 4.018207265512774296e-03
-2.501141373114980082e-01 3.256514890952688646e-03
-2.504659755391022702e-01 3.115392512627934707e-03
-2.372900072599209709e-01 4.345199604254279535e-03
-2.374463551956693952e-01 4.773842349271195662e-03
-2.498069475425003239e-01 2.856730557074249610e-03
-2.498046751578639757e-01 2.863331021357495842e-03
-2.497986198826578907e-01 2.880750036185708574e-03
-2.497888089068621420e-01 2.908461725868061176e-03
-2.497752850639343158e-01 2.945660208636458055e-03
-2.020580288386267520e-01 4.036513823884591012e-03
-2.020662296645021616e-01 4.037785759291423471e-03
-2.020763641131930188e-01 4.037573054977927622e-03
-2.496853242274596485e-01 3.166924673846716054e-03
-2.021037417631978694e-01 4.028835439444378164e-03
-2.021219458527313551e-01 4.017894836837843098e-03
-2.021440989329572613e-01 4.000597333270961009e-03
-2.267539644392363163e-01 4.925113251427304384e-03
-2.268256630314792466e-01 4.756215558822163292e-03
-2.269235510648920928e-01 4.579208567458969981e-03
-2.022994725752654821e-01 3.830195426151872251e-03
-2.023679684847184967e-01 3.752800312203763422e-03
-2.024489584545292042e-01 3.656791234039113991e-03
-2.276188807266200098e-01 3.670475686960883444e-03
-2.280127439474686490e-01 3.285898823305211103e-03
-2.289970207611074782e-01 2.979355818692575042e-03
-2.296572663222704869e-01 3.616198647820256795e-03
-2.489203114233199399e-01 3.893342528027199378e-03
-2.035163812307819453e-01 2.792737321132332529e-03
-2.487254584124719281e-01 3.848476121536714700e-03
-2.486141627134565713e-01 3.789527326277242203e-03
-2.484960433097314902e-01 3.695615117106754166e-03
-2.483539863393638414e-01 3.565423282247126568e-03
-2.481937330903378203e-01 3.377692025151812771e-03
-2.479989968018414814e-01 3.121328917433330297e-03
-2.412357187973389883e-01 2.621460032065925372e-03
-2.408798641133736151e-01 2.482813318669230274e-03
-2.402773288771561377e-01 1.995407206307253656e-03
-2.078344066751805497e-01 3.370859732249542606e-03
-2.077791364519102346e-01 3.455323611616489821e-03
-2.511722744555923148e-01 2.938820247892937054e-03
-2.074561349038610836e-01 3.223929553651416757e-03
-2.511194121629330422e-01 2.985189133206944678e-03
-2.599663598772120610e-01 2.683543150429734681e-03
-2.505855529703402418e-01 2.782401934720124537e-03
-2.330838241418173862e-01 1.909833552034834181e-03
-2.329562484549830281e-01 1.978080099613532816e-03
-2.507714224981521522e-01 2.220939309788338978e-03
-2.326763506479211097e-01 2.014605770984889688e-03
-2.325749706557897478e-01 2.022191779414372892e-03
-1.992060665343084180e-01 2.757995120857392735e-03
-1.986616856580108448e-01 2.638302702721195825e-03
-2.502483504861305330e-01 2.575670045937672459e-03
-2.520626768308285581e-01 3.213777077157586870e-03
-2.336196970399723738e-01 5.287242954075788148e-03
-2.384625837371948942e-01 3.849116337207081351e-03
-2.050282756881730561e-01 1.853098134222241899e-03
-2.183678760765536964e-01 1.682521818623938792e-03
-2.193276223140325498e-01 2.111743478083738523e-03
-1.760859117254757189e-01 4.946975079794302399e-03
-2.415514439984129402e-01 2.463871439731701862e-03
-1.759345988366090574e-01 4.861936192386617783e-03
-2.101464168721468573e-01 1.284183727807458597e-02
-2.055897470550226425e-01 7.772861222754334776e-03
-1.868502746441253193e-01 5.350402963364364606e-03
-1.797378356404682465e-01 4.378175373952908345e-03
-1.679901610526954026e-01 1.206542899187557083e-02
-1.631619175317238490e-01 1.454642327288385717e-02
-2.353944314023571627e-01 1.399867109373326146e-02
-1.534674685834693797e-01 1.486523374732506841e-02
-1.957620390047985492e-01 3.622043828522159004e-03
-1.886214385803043070e-01 7.149918182929426713e-03
-1.853834605942308866e-01 8.327045205258953864e-03
-1.824132299403184443e-01 8.170190945908151203e-03
-1.794989079888593131e-01 6.726960247288360506e-03
-1.769761755012956295e-01 3.927154797750853632e-03
-2.032513806370673248e-01 4.334506406426574809e-03
-2.015652674887951079e-01 4.671164079755596443e-03
-2.001409860205562719e-01 4.045907420975103364e-03
-2.327256256136541190e-01 2.249297262240268491e-03
-2.323651512180807399e-01 2.519914780279908229e-03
-2.323752503773147404e-01 2.371009117056122051e-03
-2.011332092622844514e-01 2.935129341345266152e-03
-2.420418769266773074e-01 2.505513300721684544e-03
-2.431428354680228721e-01 2.550117465825174623e-03
-2.500065920002430553e-01 1.941737114049546520e-03
-2.325468875576393590e-01 1.663524006930650057e-03
-2.333283173229133700e-01 2.223800908289996769e-03
-2.330564534652032060e-01 2.652705320027037850e-03
-2.327396895758291895e-01 2.774273240983171629e-03
-2.325730387735007176e-01 2.707921216722863900e-03
-2.502935009995577165e-01 2.876322671666486919e-03
-2.502363028980552628e-01 3.375668092294947797e-03
-2.323260100451958188e-01 2.829620692526679804e-03
-2.503559931467512767e-01 3.158258784327905300e-03
-2.507051985113559200e-01 3.272403019619007924e-03
-2.406188435544097948e-01 2.925959494630814284e-03
-2.345092384669101027e-01 3.249917661081180853e-03
-2.500907714454715380e-01 3.898747498100207931e-03
-2.499975580192570213e-01 3.758219992689604272e-03
-2.499983871111631784e-01 3.518351201665104178e-03
-2.333424930474804204e-01 2.447922971356319977e-03
-2.371422939662942153e-01 2.860656086800195119e-03
-2.500524695746246251e-01 3.576524717579798729e-03
-2.471493199948395225e-01 3.304796319747949074e-03
-2.428355422255122353e-01 2.528931345026963484e-03
-2.428306049714728243e-01 2.534383392572781002e-03
-2.428173848897604015e-01 2.548649234797584207e-03
-2.427957864324026827e-01 2.570958633180631114e-03
-2.427657078639512411e-01 2.600097916297727796e-03
-2.497581047053863690e-01 2.991319676809767181e-03
-2.497373370353536126e-01 3.044261688646521247e-03
-2.497130444145068129e-01 3.103218367402349465e-03
-2.425622014803168469e-01 2.748705647442728495e-03
-2.496542046832167239e-01 3.234084759719701996e-03
-2.496197800793706345e-01 3.303334659855272637e-03
-2.495820607635265698e-01 3.373653814664423489e-03
-2.495410941739729660e-01 3.443851566114930485e-03
-2.494968163473696987e-01 3.512823419622057575e-03
-2.494491878787627459e-01 3.579540242819534424e-03
-2.420295703408131271e-01 2.809622121696886410e-03
-2.419700714528522090e-01 2.775157413959672414e-03
-2.419250271437247135e-01 2.733122059691672767e-03
-2.418971797585007799e-01 2.688806637482221706e-03
-2.418843687727438296e-01 2.649127024117958751e-03
-2.490831395480526123e-01 3.871169151035136480e-03
-2.490043155261649210e-01 3.889197639343977553e-03
-2.418891496781556960e-01 2.597533278270169887e-03
-2.488309145659089727e-01 3.890078235839644627e-03
-2.418682270172730353e-01 2.615580237576298206e-03
-2.418402670131329646e-01 2.631644480333039660e-03
-2.417930343249786174e-01 2.651352344230528679e-03
-2.417235953746449117e-01 2.668095607939013902e-03
-2.416192631456202111e-01 2.681113113561950367e-03
-2.414640501196930744e-01 2.681202022086270897e-03
-2.477721286223650288e-01 2.768505858645686768e-03
-2.079641642695445602e-01 2.576794622403011381e-03
-2.322140542542914798e-01 1.792628522559069904e-03
-2.414757485238154533e-01 1.861023927618332685e-03
-2.513592705299834140e-01 2.644461105582196492e-03
-2.075746168487908327e-01 3.432725499329936092e-03
-2.509561694127924736e-01 3.061235921893279421e-03
-2.334970868329762361e-01 1.567479083022571551e-03
-2.003105425004932938e-01 2.508100861483342214e-03
-2.332167639768098766e-01 1.815439912851768423e-03
-2.429321770544772274e-01 1.890866956039904956e-03
-2.428395148526038549e-01 1.984296636166005268e-03
-2.564792418869336066e-01 2.179384574818976628e-03
-2.427879539606991599e-01 1.718071899422579651e-03
-2.593944609005284230e-01 2.490573778120674930e-03
-2.324666478923644031e-01 2.000880799891302519e-03
-2.323640907390084054e-01 1.949712010449966559e-03
-2.322530326067766271e-01 1.834352879956202553e-03
-2.215663463550970325e-01 2.588391882459128990e-03
-2.453779409853435733e-01 1.485116200107772233e-03
-2.314344620132394448e-01 2.946235642396488608e-03
-2.308102929475113196e-01 1.455785727977720878e-03
-2.404775254310440036e-01 1.830722408903251441e-03
-2.410220461390749636e-01 1.971539926450327496e-03
-2.696755285113166534e-01 2.540491131828026550e-03
-2.328530691105961392e-01 9.053405248399815086e-04
-2.695060234706074254e-01 2.958808464782303194e-03
-2.329687579470233749e-01 2.645872982895203229e-03
-2.319001287223524110e-01 2.386704201928935287e-03
-2.431929162182618342e-01 2.221286164201197177e-03
-2.432889166429929584e-01 1.547738162824940922e-03
-2.157655549531747319e-01 4.842600448217604381e-03
-2.129422837573632377e-01 6.441726204717224125e-03
-2.090075336782665216e-01 4.325042958198577203e-03
-2.009157676473121157e-01 5.454269357893226644e-03
-2.332149585999402364e-01 2.567296836876675759e-03
-2.700957906256263863e-01 2.830247486821813041e-03
-2.328712498819656140e-01 2.666934995357639337e-03
-2.080897281965366497e-01 3.047244257210479645e-03
-2.323902264839156073e-01 3.078945982481040566e-03
-2.317593088549694813e-01 2.777365934963749172e-03
-2.317379712014956128e-01 2.264614801195719007e-03
-2.072672248151614938e-01 1.404309354823662925e-03
-2.067897295770841914e-01 1.653859635407539663e-03
-2.062718780348246905e-01 1.828922029549207018e-03
-2.440827783459713907e-01 1.665853776120274077e-03
-2.012965007500356340e-01 2.779466986339795831e-03
-2.318976975991402789e-01 2.433197807643894262e-03
-2.449256335228950088e-01 1.973312685827732782e-03
-2.316023108243676631e-01 1.760910201797805108e-03
-2.439906088630761638e-01 1.723223834412868083e-03
-2.446963385259056656e-01 1.859945854162547985e-03
-2.447398399949200776e-01 2.481188039273052315e-03
-2.503134682675910994e-01 2.723284743354703608e-03
-2.498357770836124869e-01 2.727961475587181717e-03
-2.502398106873958694e-01 2.483316856337791645e-03
-2.327127418341499443e-01 2.959291652223805524e-03
-2.322582411357561327e-01 2.942200067729217050e-03
-2.498384354634137217e-01 3.154532978495050433e-03
-2.449249595735019658e-01 3.085783450381240911e-03
-2.313270251675891565e-01 3.655762950826146884e-03
-2.309593161521895366e-01 3.034743416694407614e-03
-2.319698258368610988e-01 2.419498217728577316e-03
-2.324603747144143306e-01 2.967814073938979114e-03
-2.316551506395701787e-01 3.089124020978217811e-03
-2.313582450009583624e-01 2.872871186885006534e-03
-2.410703292571146072e-01 1.650407784614893458e-03
-2.314247915634317365e-01 2.842948253562904704e-03
-2.310675846092422880e-01 2.323402484446901450e-03
-2.496673604881416986e-01 2.270833551578199661e-03
-2.309099262582396117e-01 7.746222881890307832e-04
-2.309097764021731669e-01 7.667330986329545794e-04
-2.309094364687158674e-01 7.457909664632111912e-04
-2.309085744946492436e-01 7.100947337007057492e-04
-2.309068036859767692e-01 6.577136807252026429e-04
-2.427271068121327480e-01 2.634465879243097497e-03
-2.426800809556960981e-01 2.672150826703023618e-03
-2.426249084322576466e-01 2.711008991799546131e-03
-2.020887340347405636e-01 4.034953908730931627e-03
-2.424926700416746295e-01 2.783171810369411414e-03
-2.424175678214418594e-01 2.811881753791212191e-03
-2.423385512186334578e-01 2.832898548404960692e-03
-2.422575078904825319e-01 2.844476087075109572e-03
-2.421770005143268623e-01 2.844765443217989187e-03
-2.420998225299539619e-01 2.833197149129773607e-03
-2.326230219481099648e-01 9.504499445478487019e-04
-2.323692426871070416e-01 1.237707986620650846e-03
-2.320651834153191762e-01 1.418275440635274887e-03
-2.316814906817751818e-01 1.502286774240912948e-03
-2.311309166403882343e-01 1.430766233976976665e-03
-2.418833323186438677e-01 2.619625854987039926e-03
-2.418870913345310680e-01 2.602576571500980762e-03
-2.032636001960192451e-01 2.971434891926305610e-03
-2.418884418691326921e-01 2.600669065564720217e-03
-2.038502035412128599e-01 2.601512569794295349e-03
-2.041325565859259117e-01 2.337887890726753071e-03
-2.124621456171582601e-01 1.602910903305165835e-03
-2.119914070033389608e-01 1.711292035712852488e-03
-2.115285291096847264e-01 1.599920542895705289e-03
-2.063951728286703147e-01 2.070632970471664169e-03
-2.068273143226834476e-01 2.220135799578359936e-03
-2.068955417925485429e-01 2.059518879553967619e-03
-2.471182189569630372e-01 1.827798729126639543e-03
-2.515283618091502804e-01 2.079199047892332786e-03
-2.699348237631865599e-01 1.722374611550336887e-03
-2.338465977829232989e-01 9.200131673874900606e-04
-2.336596603917437953e-01 1.326749875808663770e-03
-2.431472503078750402e-01 1.455328107907660762e-03
-2.067753547044257623e-01 2.436519623867650086e-03
-2.430044296911209045e-01 1.800715554689025222e-03
-2.503595944414432894e-01 2.229965319532012380e-03
-2.487322016567926342e-01 1.575152999225115646e-03
-2.427404481253596924e-01 1.454647208266213187e-03
-2.489182679023358991e-01 1.048124539221373386e-03
-2.427423042279835130e-01 1.636742215432418490e-03
-2.427199287316307574e-01 1.415138124751136317e-03
-2.061680822771073118e-01 1.503875689191247478e-03
-2.428459800653853529e-01 1.613732711365001293e-03
-2.324290194721389535e-01 1.769497243008344434e-03
-2.328372758041336865e-01 1.482628408769670614e-03
-2.456773221261788764e-01 2.088581900951735904e-03
-2.461738303476273260e-01 2.169507883867716203e-03
-2.464180570529864167e-01 1.541573978145360790e-03
-2.333331226611263520e-01 6.557254554391267476e-04
-2.047858674104295895e-01 1.335859667282557339e-03
-2.046158076208213217e-01 1.135540024305492501e-03
-2.339726341147664035e-01 1.946277112274796828e-03
-2.489561092873054660e-01 2.091765162578751447e-03
-2.475230535699815826e-01 2.167336610696457555e-03
-2.080319047231519169e-01 1.813905995432019136e-03
-2.328022978384495789e-01 1.686506845519630815e-03
-2.432218799421178856e-01 1.985838161606023888e-03
-2.428233596504023317e-01 1.780416485642144497e-03
-2.713468095703788774e-01 3.083775623588913550e-03
-1.759807239268439960e-01 4.583072830877110704e-03
-2.433664237985484757e-01 1.499013142432836787e-03
-2.330125192654866062e-01 2.629125392652531534e-03
-2.092327194415323222e-01 2.449597926014179805e-03
-2.327675170289554563e-01 2.746350130955088620e-03
-2.069223355761071470e-01 3.228302360589796471e-03
-2.054351479200136332e-01 3.236782141030514204e-03
-2.439353161527487990e-01 1.597038050259902420e-03
-2.317394924183512062e-01 1.630375123202021381e-03
-2.328779360109652086e-01 1.983757495501337065e-03
-2.443158180771924093e-01 1.570311282919567564e-03
-2.493144699374785500e-01 1.516981515209014919e-03
-2.187731328823488697e-01 2.045060738456783156e-03
-2.052036089513923078e-01 1.565963669968195582e-03
-2.321990094848759290e-01 1.851359002206953708e-03
-2.215679363185241446e-01 1.764901223320902712e-03
-2.327886518787443959e-01 1.380007241235770010e-03
-2.498741378044477546e-01 1.856534542691634648e-03
-2.505596766861000746e-01 1.487315215650042433e-03
-2.442280336567033694e-01 1.502966803576200050e-03
-2.447671645861852208e-01 2.192257036008171678e-03
-2.445320348390199738e-01 2.095117156921622037e-03
-2.446441592475418203e-01 1.563833257050062375e-03
-2.296042615576120161e-01 1.819635911710248966e-03
-2.462068910397056387e-01 2.865838661837705192e-03
-2.432580054440294237e-01 2.789839253716286382e-03
-2.455081077015038582e-01 1.547340631053717441e-03
-2.319132542178018730e-01 2.232101156118770913e-03
-2.464972464850782585e-01 1.944530496841012646e-03
-2.464685807241666082e-01 2.735800513185171479e-03
-2.431437033895725019e-01 2.674860233774944973e-03
-2.420249675349587792e-01 2.526324095895371435e-03
-2.313667411266792928e-01 1.878406997512183096e-03
-1.966137943330996118e-01 3.000237083655210579e-03
-2.482637154036285987e-01 1.543049555418951613e-03
-2.311180167186216439e-01 2.009100111537986955e-03
