3.580914246821757518e-01 1.214306433183764966e-15
3.580913556741753268e-01 9.714451465470119729e-17
3.580911711617725257e-01 6.938893903907228378e-16
3.580908702693527124e-01 6.245004513516505540e-17
3.580904515504985119e-01 3.885780586188047891e-16
3.580899129534489411e-01 6.938893903907228378e-17
3.580892517705623890e-01 4.302114220422481594e-16
3.580884645688276469e-01 5.342948306008565851e-16
3.580875470970834584e-01 -1.734723475976807094e-16
3.580864941636789367e-01 1.179611963664228824e-16
3.580852994755301388e-01 3.538835890992686473e-16
3.580839554252731038e-01 1.318389841742373392e-16
3.580824528065664203e-01 2.636779683484746784e-16
3.580807804266468164e-01 4.232725281383409310e-16
3.580789245662497899e-01 1.595945597898662527e-16
3.580768682017524407e-01 -2.914335439641035919e-16
3.580745898328174803e-01 1.249000902703301108e-16
3.580720615940561347e-01 -7.632783294297951215e-17
3.580692458746044249e-01 2.914335439641035919e-16
3.580660880196700480e-01 -4.857225732735059864e-17
3.580624933707609592e-01 9.436895709313830594e-16
3.580581469219165092e-01 6.938893903907228378e-17
3.580551421444319593e-01 2.428612866367529932e-16
3.580487984675050361e-01 2.151057110211240797e-16
3.580414993759192810e-01 6.591949208711866959e-16
3.580302262624220355e-01 -2.289834988289385365e-16
3.461374253040592208e-01 4.510281037539698445e-16
3.580537047982255139e-01 -1.873501354054951662e-16
3.580277345585826110e-01 3.053113317719180486e-16
3.507706827469024291e-01 4.093947403305264743e-16
3.579864111037421304e-01 1.942890293094023946e-16
3.579439340366973865e-01 2.706168622523819067e-16
3.577917921867817541e-01 7.285838599102589797e-16
3.581577853710232739e-01 1.582067810090848070e-15
3.581219018849111091e-01 -1.318389841742373392e-16
3.580597099100366054e-01 3.330669073875469621e-16
3.438271176124538808e-01 1.595945597898662527e-16
3.579899951240961831e-01 2.706168622523819067e-16
3.579502690791718789e-01 3.469446951953614189e-16
3.578907702864397300e-01 8.326672684688674053e-17
3.551723567389061254e-01 6.800116025829083810e-16
3.466905923598792016e-01 3.191891195797325054e-16
3.605375646671913903e-01 1.372133706464932767e-03
3.581296582933738981e-01 1.033895191682177028e-15
3.581143429897638009e-01 -5.243028233792301762e-14
3.576274493222053596e-01 0.000000000000000000e+00
3.377628008761759393e-01 4.833298188392627648e-03
3.537510771438506785e-01 6.196601071329591037e-03
3.612346057789785347e-01 9.226606770479778979e-03
3.530021916003759919e-01 7.285838599102589797e-16
3.471013178874088334e-01 -1.665334536937734811e-16
3.499036696751009479e-01 5.828670879282071837e-16
3.443618725295918837e-01 3.191891195797325054e-16
3.472094095926807622e-01 3.330669073875469621e-16
3.401339070574928014e-01 3.684447620794693845e-03
3.527674317092196477e-01 1.519617764955683015e-15
3.488694771074965506e-01 4.926614671774132148e-16
3.449518967975264139e-01 3.955169525227120175e-16
3.564056399057859981e-01 1.089406342913434855e-15
3.553478284689359779e-01 6.730727086790011526e-16
3.341936245181305054e-01 1.356378262239668619e-02
3.408646857226034776e-01 1.508346688978669942e-02
3.482621209789670269e-01 1.668281322967403099e-02
3.543381958917056207e-01 1.865361806454668425e-02
3.594610429767257087e-01 1.973391070357154858e-02
3.641469736386163669e-01 1.994021110025847449e-02
3.685629285983485492e-01 1.933686337445205197e-02
3.554781424564618098e-01 5.828670879282071837e-16
3.495858092897374814e-01 4.718447854656915297e-16
3.560400837635822047e-01 3.122502256758252770e-16
3.524960889990197410e-01 1.734723475976807094e-16
3.490545236623143199e-01 1.804112415015879378e-16
3.457111341997844978e-01 1.318389841742373392e-16
3.507852406062997863e-01 1.110223024625156540e-15
3.481746758269468334e-01 3.816391647148975608e-16
3.569153996696986519e-01 5.828670879282071837e-16
3.469054732360422610e-01 4.996003610813204432e-16
3.436028668316002399e-01 4.857225732735059864e-17
3.345417261737855807e-01 7.481635106251841028e-03
3.365491831757318475e-01 9.397544436748752478e-03
3.395030713920423326e-01 1.033194158468312557e-02
3.430141353414777328e-01 1.018362772667997379e-02
3.479036654111597460e-01 9.010669367477637526e-03
3.539608469446022809e-01 1.068256481972462008e-02
3.575843857939774995e-01 1.241504944998017210e-02
3.605806747600005524e-01 1.349328012547333297e-02
3.632469666781961148e-01 1.414182094137065790e-02
3.656747392048749767e-01 1.445222912191367060e-02
3.679136632025362674e-01 1.447334629877679302e-02
3.473638613852524371e-01 2.567390744445674500e-16
3.563045261464388713e-01 8.375135510657466531e-04
3.556256702448911122e-01 -2.359223927328457648e-16
3.489706181915966376e-01 3.892719480091955120e-15
3.493324156401984570e-01 2.844946500601963635e-16
3.532258285981388357e-01 6.245004513516505540e-17
3.433151485041396889e-01 6.175615574477433256e-16
3.447825549387186772e-01 6.730727086790011526e-16
3.486886284404235870e-01 6.245004513516505540e-17
3.540341241511456571e-01 1.693090112553363724e-15
3.505228489073673459e-01 3.677613769070831040e-16
3.581941872618666367e-01 1.186550857568136053e-15
3.581941472740495791e-01 2.289834988289385365e-16
3.581940405543928008e-01 1.720845688168992638e-15
3.581938671427133958e-01 1.561251128379126385e-15
3.581936271024799279e-01 1.373900992973631219e-15
3.581933205190087621e-01 1.089406342913434855e-15
3.581929474969829386e-01 1.082467449009527627e-15
3.581925081572810976e-01 8.118505867571457202e-16
3.581920026331130713e-01 9.922618282587336580e-16
3.581914310654472078e-01 1.582067810090848070e-15
3.581907935976670898e-01 1.131039706336878226e-15
3.581900903693978067e-01 1.214306433183764966e-15
3.581893215093193694e-01 9.020562075079396891e-16
3.581884871266532988e-01 8.465450562766818621e-16
3.581875873006827304e-01 7.702172233337023499e-16
3.581866220669623346e-01 7.563394355258878932e-16
3.581855913970746208e-01 1.512678871051775786e-15
3.581844951637493946e-01 9.922618282587336580e-16
3.581833330659900949e-01 7.771561172376095783e-16
3.581821044147885935e-01 8.396061623727746337e-16
3.581808072068667359e-01 3.747002708109903324e-16
3.581794289295828215e-01 1.151856388048599911e-15
3.581780941842210852e-01 4.649058915617843013e-16
3.581765552888624415e-01 1.221245327087672194e-15
3.581749823155708778e-01 2.754740879851169666e-15
3.581733323575163608e-01 2.012279232133096230e-16
3.579854532358738295e-01 8.812395257962180040e-16
3.581700717982295168e-01 0.000000000000000000e+00
3.581681374762617498e-01 1.276756478318930021e-15
3.580097270611453664e-01 7.771561172376095783e-16
3.581642095103993451e-01 5.273559366969493567e-16
3.581621396106532962e-01 2.220446049250313081e-16
3.581599932008601161e-01 1.831867990631508292e-15
3.584880308305543051e-01 3.747002708109903324e-15
3.581552401799011909e-01 7.424616477180734364e-16
3.581529179969338283e-01 3.816391647148975608e-16
3.578610566460420084e-01 8.396061623727746337e-16
3.581476874130604116e-01 8.881784197001252323e-16
3.581447963836338344e-01 1.179611963664228824e-15
3.581414760588979562e-01 6.245004513516505540e-16
3.577707150988308493e-01 -1.193489751472043281e-15
3.572974221023059171e-01 1.075528555105620399e-15
3.581335052304417399e-01 2.171873791922962482e-15
3.584002927026660457e-01 1.289385265224041177e-13
3.581255607659694085e-01 9.540979117872439019e-15
3.581209168530656850e-01 4.853756285783106250e-14
3.564528137931662899e-01 1.047772979489991485e-15
3.452954794385062476e-01 4.163336342344337027e-16
3.580583866795169490e-01 5.087597010344779846e-14
3.530021916003759919e-01 1.734723475976807094e-16
3.511676318965508692e-01 4.857225732735059864e-17
3.499036696751008924e-01 1.595945597898662527e-16
3.560933839574622062e-01 8.326672684688674053e-16
3.506363592715991406e-01 4.857225732735059864e-17
3.453839615601466129e-01 1.110223024625156540e-16
3.548076598307349783e-01 1.131039706336878226e-15
3.497905035600209489e-01 1.720845688168992638e-15
3.449518967975229722e-01 -9.853229343548264296e-16
3.575609799115206933e-01 7.945033519973776492e-15
3.529009245209427936e-01 -5.620504062164854986e-16
3.483987424248706222e-01 5.689893001203927270e-16
3.502470329451155551e-01 6.591949208711866959e-16
3.449437054184691931e-01 1.026956297778269800e-15
3.557728582539338991e-01 -1.080385780838355458e-14
3.494650283310842820e-01 6.491335247105212147e-14
3.573444072375474012e-01 1.622683349980551248e-03
3.438752789586903558e-01 -1.747907374394230828e-14
3.580555229687458207e-01 -8.160139230994900572e-15
3.579853212429902620e-01 5.176414852314792370e-15
3.560400837718289968e-01 2.636779683484746784e-16
3.524960889882295390e-01 3.400058012914541905e-16
3.490545236517271221e-01 5.273559366969493567e-16
3.457111341905548807e-01 3.053113317719180486e-16
3.461807901518288433e-01 1.589006703994755298e-15
3.578848184739640836e-01 2.317590563905014278e-15
3.579565263722959689e-01 -2.178812685826869711e-15
3.388089557834141341e-01 2.083837636825555673e-03
3.566690142874032188e-01 1.637578961322105897e-15
3.474025561402698248e-01 9.506284648352902877e-16
3.492780017015318927e-01 7.424616477180734364e-16
3.566931917360772197e-01 1.085145003548886045e-03
3.496195895944764209e-01 -4.371503159461553878e-16
3.515735807632312526e-01 7.008282842946300661e-16
3.532016520036024843e-01 1.387778780781445676e-17
3.513780215934766415e-01 -1.623701173514291440e-14
3.460318037905504296e-01 -1.169897512198758704e-14
3.485453536729751778e-01 3.816391647148975608e-16
3.514811796944344868e-01 1.122019144261798829e-14
3.575696180399641766e-01 2.132018760105637567e-03
3.459978301060508965e-01 -2.747801985947262438e-15
3.534159800353453562e-01 -2.178812685826869711e-15
3.511677077598543417e-01 1.686151218649456496e-15
3.489706243287432619e-01 -9.957312752106872722e-15
3.493324156401768077e-01 4.302114220422481594e-16
3.462903825375507894e-01 -1.436351038108796274e-15
3.433151485035714212e-01 1.318389841742373392e-15
3.580748572505023097e-01 5.113964807179627314e-15
3.522086724396782387e-01 4.024558464266192459e-16
3.531638352872261688e-01 2.983724378680108202e-15
3.503386223975319402e-01 1.436351038108796274e-15
3.586831258866028382e-01 -1.203974420160847103e-12
3.586832450089736946e-01 6.370876048933382663e-13
3.586835629218327326e-01 8.646000582146484703e-13
3.586840794998693016e-01 7.792377854087817468e-15
3.586847945395219561e-01 -1.096345236817342084e-14
3.586857077641842362e-01 1.974045926722567401e-13
3.586868188183804929e-01 4.182626467397199121e-13
3.586881272770959805e-01 5.924288837277913444e-13
3.586896326427931325e-01 -1.350336509275962271e-12
3.586913343595573012e-01 -8.684788999069326110e-13
3.586932317957038374e-01 4.181446855433534893e-13
3.586953242675466336e-01 1.548136618900741723e-13
3.586976110316530408e-01 3.691491556878645497e-13
3.587000912956649357e-01 -1.737082699904135552e-13
3.587027642171960462e-01 2.924327446862662327e-13
3.587056289148440325e-01 5.800915303666442924e-14
3.587086844638542327e-01 -4.381772722439336576e-13
3.587119299147455420e-01 -1.968633589477519763e-13
3.587153642960951294e-01 -2.370950658026060864e-13
3.587189866352500367e-01 1.885297473691593950e-13
3.587227960389187675e-01 3.371608547908522269e-13
3.587267923796026992e-01 5.428296701026624760e-14
3.587309652005811200e-01 -1.033097218883227697e-12
3.587353324192163462e-01 4.531097719251420131e-15
3.587398801932104586e-01 -5.612316167358244456e-13
3.587446122725699849e-01 -2.032402024454427192e-14
3.581715204486639048e-01 1.042915753757256425e-14
3.587545636601456867e-01 8.904404991127989888e-13
3.587598462876374628e-01 1.449694531086009874e-12
3.581662055842617098e-01 -7.430861481694250870e-14
3.587709156833615021e-01 -1.366406987557411412e-12
3.587767181365517088e-01 2.230854390106173923e-13
3.414067650387681563e-01 3.513161983548229728e-14
3.587882133522496964e-01 -1.647570968543732306e-13
3.587950319066514071e-01 -4.720251967071931176e-13
3.588015376351136321e-01 -1.908542768269683165e-13
3.580232566814824380e-01 -5.006411951669065274e-14
3.588150188450796030e-01 -4.305444889496357064e-13
3.588220108255020246e-01 1.476846422931998859e-12
3.588291777781263403e-01 -4.286501709138690330e-13
3.581305439269230617e-01 -7.199796314694140165e-14
3.581375645448737766e-01 8.281569874313277069e-14
3.585987297914731142e-01 -1.921449110930950610e-13
3.584280397899737292e-01 -4.833633493461775288e-14
3.582482891544875869e-01 -2.077782390585980465e-13
3.581724560363655496e-01 1.386529779878742374e-13
3.581141805058942196e-01 -1.084549117180699795e-14
3.580888664140705613e-01 -6.817463260588851881e-14
3.581027642161639934e-01 3.890637811920782951e-14
3.580272584092685229e-01 -2.414735078559715475e-15
3.556697692178715231e-01 4.100886297209171971e-14
3.579555379715082530e-01 2.713176905366765368e-13
3.443618725295840011e-01 2.597227988232475582e-14
3.506363592715989186e-01 7.785438960183910240e-15
3.453839615600934332e-01 1.998401444325281773e-14
3.548076598307537410e-01 -4.024558464266192459e-15
3.497905035599668255e-01 -5.228456556594096583e-14
3.571670164631848277e-01 7.947671525750099608e-05
3.575609799115531673e-01 -2.212119376565624407e-14
3.529009245208042378e-01 4.087008509401357514e-15
3.499965563527847046e-01 -5.954264858942792671e-14
3.440466933507963510e-01 7.147060721024445229e-16
3.579954951412279707e-01 2.060851489460446828e-15
3.557728582529826600e-01 2.274569421700789462e-14
3.516804508687270125e-01 8.951173136040324607e-16
3.477165312729616486e-01 2.928213227448850375e-15
3.438752789566517643e-01 -1.031119634120614137e-14
3.582253677577890150e-01 4.704570066849100840e-15
3.581629738179588074e-01 -3.948230631323212947e-15
3.581294635984451635e-01 1.456196274673970947e-13
3.580995767450848577e-01 7.976258542541359020e-14
3.580641871685313338e-01 5.927203172717554480e-14
3.580376377821993805e-01 1.451616604697392177e-14
3.424618994947477568e-01 -6.189493362285247713e-15
3.579863407749520055e-01 1.516842207394120123e-14
3.580411379989116849e-01 1.591365927922083756e-13
3.579174745137049807e-01 -8.013728569622458053e-14
3.566690144685687458e-01 5.585809592645318844e-15
3.531078203265263227e-01 -2.195049697562012625e-13
3.508268335747241617e-01 1.982441988346295147e-14
3.480190941734256360e-01 -3.191197306406934331e-14
3.586929720806901201e-01 1.592112863311186122e-03
3.458889010039747358e-01 1.519617764955683015e-15
3.549696948556224085e-01 -5.332539965152705008e-14
3.495725975006463426e-01 8.729128531115293299e-15
3.540404866839334530e-01 1.026956297778269800e-15
3.442809267282365693e-01 2.431527201807170968e-13
3.526880967020916136e-01 2.985806046851280371e-14
3.493035203521300813e-01 5.245803791353864654e-15
3.459978301060481765e-01 9.610368056911511303e-15
3.534159756908668570e-01 -2.122607645205221161e-14
3.511677132380777722e-01 5.488665077990617647e-15
3.524434186093167720e-01 5.752343046339092325e-15
3.468230617631370416e-01 4.579669976578770729e-15
3.462903825376204558e-01 7.431555371084641592e-15
3.426702677689288379e-01 6.217248937900876626e-15
3.581286380822763515e-01 4.897471317377721789e-14
3.560500974375249705e-01 1.106753577673202926e-14
3.531638352862470631e-01 -7.459310946700270506e-15
3.503386223959786827e-01 3.150257832373881683e-15
