-3.910535523610200737e-01 6.058811319519502581e-02
-3.910473849392249179e-01 6.058220001685749034e-02
-3.910309038793888248e-01 6.056632340313286567e-02
-3.910040452319759052e-01 6.054021458462272021e-02
-3.909667124828229423e-01 6.050343486417969485e-02
-3.909187871396809788e-01 6.045537314312346422e-02
-3.908601433586370022e-01 6.039524290614037283e-02
-3.907906665700862092e-01 6.032207904196237869e-02
-3.907102760433991961e-01 6.023473495449560566e-02
-3.906189513061790741e-01 6.013188047892639720e-02
-3.905167623117262177e-01 6.001200115777136079e-02
-3.904039032321813263e-01 5.987339945315942047e-02
-3.902807297521583840e-01 5.971419847665865310e-02
-3.901477997566371037e-01 5.953234881226793229e-02
-3.900059173569409565e-01 5.932563900112050592e-02
-3.898561802888856342e-01 5.909171026158685502e-02
-3.897000308568007165e-01 5.882807605397641360e-02
-3.895393107940502975e-01 5.853214718853624876e-02
-3.893763206726785220e-01 5.820126334875697083e-02
-3.892138848302491572e-01 5.783273219748982785e-02
-3.890554232027303994e-01 5.742387770177490025e-02
-3.889050319782745846e-01 5.697210002683458785e-02
-3.887675756522610548e-01 5.647495042353659067e-02
-3.886487939243363221e-01 5.593022615706477740e-02
-3.885554280113642234e-01 5.533609303358322240e-02
-3.884953724362386063e-01 5.469124708900768850e-02
-3.884778601867092118e-01 5.399513363778085662e-02
-3.885136909668977512e-01 5.324825321044140969e-02
-3.886155126715940544e-01 5.245260367334611540e-02
-3.887981609100952252e-01 5.161234254287361267e-02
-3.890790387507397918e-01 5.073481381599648232e-02
-3.894784490337351301e-01 4.983218419948892697e-02
-3.900196015525766446e-01 4.892408386027152778e-02
-3.907275399074111033e-01 4.804180188671314244e-02
-3.916251471420046926e-01 4.723445532865133689e-02
-3.927224178007063249e-01 4.657601568071234599e-02
-3.939938575343305827e-01 4.616632565470862870e-02
-3.953471045140142803e-01 4.610800973840145645e-02
-3.966166180140676678e-01 4.644487113713868798e-02
-3.976285657149168928e-01 4.710673544360749476e-02
-3.982914958623223201e-01 4.794189945172583345e-02
-3.986114315923339202e-01 4.880354948771808976e-02
-3.986444713443850207e-01 4.959473649626133795e-02
-3.984552377976449677e-01 5.026437369247646614e-02
-3.980997237053565119e-01 5.078978529970715194e-02
-3.976220889255845381e-01 5.116302481852375017e-02
-3.970562453717861318e-01 5.138271315366696457e-02
-3.964284913368681385e-01 5.144946357552038219e-02
-3.957602005181632965e-01 5.136329960187224764e-02
-3.950704718022300943e-01 5.112228816050087832e-02
-3.943787625777507855e-01 5.072215330651314025e-02
-3.937073834061471933e-01 5.015683065189771583e-02
-3.930836328590834317e-01 4.941983751512452061e-02
-3.925414884709494401e-01 4.850616102936428087e-02
-3.921231597767736998e-01 4.741436318502739722e-02
-3.918813577318958630e-01 4.614897808282364400e-02
-3.918838115483180284e-01 4.472433139798931423e-02
-3.922223102748707557e-01 4.317371068345138285e-02
-3.930276792695501786e-01 4.157607643254096486e-02
-3.944748532782767492e-01 4.013594135613329783e-02
-3.966422132263078826e-01 3.936423589954607394e-02
-3.989030054687032201e-01 3.994044373655880609e-02
-4.001230032796511682e-01 4.146758368619979374e-02
-4.002393281837570704e-01 4.293047513906167456e-02
-3.997189377294780854e-01 4.392316160513048962e-02
-3.989062619098441287e-01 4.439028085880974972e-02
-3.980202966821888011e-01 4.435858783000667938e-02
-3.972263724189077916e-01 4.386657936541527025e-02
-3.966869429421328586e-01 4.295760901448764102e-02
-3.966069430733174528e-01 4.170459554944855318e-02
-3.972814357511598726e-01 4.030362105004520190e-02
-3.990055381448248117e-01 3.936744360533561693e-02
-4.011635971189217442e-01 3.998260212586174367e-02
-4.022145610547290806e-01 4.178388328788606998e-02
-4.021061758178824941e-01 4.355295631111605337e-02
-4.013621029856612732e-01 4.491470518746137897e-02
-4.003001820507929298e-01 4.586190912845333756e-02
-3.990849951952541996e-01 4.645217379779476019e-02
-3.978059540978807207e-01 4.674397329034413184e-02
-3.965147022319608361e-01 4.678640831139019296e-02
-3.952425209860236932e-01 4.661930479467579769e-02
-3.940089690057408389e-01 4.627497346446451942e-02
-3.928264808478346137e-01 4.577989330699205883e-02
-3.917029676547608696e-01 4.515604206084539163e-02
-3.906433619777877064e-01 4.442190141906976475e-02
-3.896505710181696336e-01 4.359321109180647191e-02
-3.887260812697809764e-01 4.268353700640109549e-02
-3.878703487526335425e-01 4.170470223960609513e-02
-3.870830526596039101e-01 4.066711510643977734e-02
-3.863632597081233522e-01 3.958001848802911171e-02
-3.857095293345305653e-01 3.845167733989851566e-02
-3.851199799286617043e-01 3.728951655934559239e-02
-3.845923303627672429e-01 3.610021834718812883e-02
-3.841239273439795432e-01 3.488978639254253222e-02
-3.837117665736325955e-01 3.366358327153490260e-02
-3.833525136990408866e-01 3.242634706978203551e-02
-3.830425292221094624e-01 3.118219312360348550e-02
-3.827778997061626609e-01 2.993460664990033049e-02
-3.825544757792950223e-01 2.868643165799672490e-02
-3.823679156759967612e-01 2.743986073524284919e-02
-3.822137315687491599e-01 2.619642899597035557e-02
-3.820873349028720556e-01 2.495701370348579751e-02
-3.819840764782613252e-01 2.372183889293677517e-02
-3.818992771238985395e-01 2.249048178113227658e-02
-4.465868817550892045e-01 2.133665640916421191e-02
-4.445077856779331982e-01 2.135412999886410201e-02
-4.424133841537990497e-01 2.128163165333329943e-02
-4.402937564541029580e-01 2.114187513440046740e-02
-4.381416515962259228e-01 2.096343714940995806e-02
-4.359579655773162532e-01 2.078178073817915639e-02
-4.337593077283291576e-01 2.063545455284582220e-02
-4.315823459614515079e-01 2.055453515628319350e-02
-4.294764082553141349e-01 2.054604707072188452e-02
-4.274850256352403788e-01 2.058988846971010478e-02
-4.256313658248967458e-01 2.065060519719180698e-02
-4.239178188250419810e-01 2.069334727799793106e-02
-4.223343047759538504e-01 2.069246886427578147e-02
-4.208663722096751547e-01 2.063238282072649143e-02
-4.194998195373521588e-01 2.050511542267896559e-02
-4.182225184464864465e-01 2.030759852347596706e-02
-4.170247886004332383e-01 2.003968054407267996e-02
-4.158992014622917566e-01 1.970288181470891686e-02
-4.148402277700541374e-01 1.929968561306943942e-02
-4.138438874883331176e-01 1.883317233298670290e-02
-4.129074468414591914e-01 1.830686577403045634e-02
-4.120291620830773827e-01 1.772471026321548182e-02
-4.112080542501197478e-01 1.709112752187780249e-02
-4.104436958042541050e-01 1.641111657450450290e-02
-4.097359924839941714e-01 1.569036311449251153e-02
-4.090849505462752500e-01 1.493532068264619150e-02
-4.084904310516773718e-01 1.415321958113224809e-02
-4.079519080403531395e-01 1.335195736919425613e-02
-4.074682622452472369e-01 1.253983524303492469e-02
-4.070376488276828408e-01 1.172513357162641157e-02
-4.066574691050634516e-01 1.091556482751854240e-02
-4.063244519245131081e-01 1.011768767250020851e-02
-4.060348206012443506e-01 9.336387909987531319e-03
-4.057845018122773206e-01 8.574512080733120989e-03
-4.055693322792915390e-01 7.832679696973710026e-03
-4.053852331677756382e-01 7.109222217135446886e-03
-4.052283395479393535e-01 6.400122524455487127e-03
-4.050950848060966836e-01 5.698752287914721215e-03
-4.049822460981086225e-01 4.995062404476668938e-03
-4.048869589740594632e-01 4.273462233925384712e-03
-4.048067093828295326e-01 3.507101825999392464e-03
-4.047393102400439480e-01 2.638957139911635164e-03
-4.046828681306654518e-01 1.473036733497357087e-03
-3.864214040803504169e-01 3.632074769301385508e-04
-4.192180483407285663e-01 3.574489584782236662e-04
-4.157603431708946085e-01 2.216747492962412025e-04
-4.145765286082325196e-01 4.422831353881201411e-02
-4.145570085912488878e-01 4.423264337281912484e-02
-4.145049825779262842e-01 4.424405073121856491e-02
-4.144206144110697543e-01 4.426213903318393372e-02
-4.143041711462509546e-01 4.428627017766584295e-02
-4.141560241738582726e-01 4.431557357329746205e-02
-4.139766508069936957e-01 4.434895833587731984e-02
-4.137666363670767788e-01 4.438512838897595847e-02
-4.135266768059830400e-01 4.442260017225257984e-02
-4.132575819085338442e-01 4.445972265945530300e-02
-4.129602791210146284e-01 4.449469941755845870e-02
-4.126358180475520054e-01 4.452561250366920964e-02
-4.122853756427719563e-01 4.455044810058161886e-02
-4.119102620986221375e-01 4.456712393978368159e-02
-4.115119273638155328e-01 4.457351875811965680e-02
-4.110919681254285862e-01 4.456750428872929826e-02
-4.106521348906733149e-01 4.454698060732525944e-02
-4.101943384785043389e-01 4.450991604828552495e-02
-4.097206546785386871e-01 4.445439336936685137e-02
-4.092333249224813785e-01 4.437866435049436786e-02
-4.087347493328311598e-01 4.428121546871166547e-02
-4.082274661671052018e-01 4.416084746693249574e-02
-4.077141080810660068e-01 4.401677101792939029e-02
-4.071973204268043989e-01 4.384871823607744412e-02
-4.066796199920982291e-01 4.365706356807125266e-02
-4.061631655081025527e-01 4.344293438189517076e-02
-4.056494085957992879e-01 4.320826709601016669e-02
-4.051386069415769953e-01 4.295572616540327404e-02
-4.046292309162987100e-01 4.268835760301514792e-02
-4.041174031303761405e-01 4.240882888695923780e-02
-4.035966685850186919e-01 4.211818463429239934e-02
-4.030584996173110501e-01 4.181429695016303238e-02
-4.024937934576283127e-01 4.149055652876476596e-02
-4.018951166793534036e-01 4.113553194418601011e-02
-4.012588851151165370e-01 4.073397879411289058e-02
-4.005865952610405123e-01 4.026884147048070961e-02
-3.998847763147252987e-01 3.972338976395006771e-02
-3.991639915075209655e-01 3.908275635614433252e-02
-3.984374737008736789e-01 3.833461888665778972e-02
-3.977198385545733794e-01 3.746914149833546759e-02
-3.970260660722093604e-01 3.647839070819108853e-02
-3.963707724141273259e-01 3.535536215570267427e-02
-3.957677338676591217e-01 3.409262123894984953e-02
-3.952296208520568732e-01 3.268041594897497237e-02
-3.947678896663743275e-01 3.110392151422031182e-02
-3.943926949024791351e-01 2.933887937723944628e-02
-3.941123668127284874e-01 2.734392833568638492e-02
-3.939307977727150023e-01 2.504530063083076907e-02
-3.938356030099516292e-01 2.230141088610132494e-02
-3.937360381663027598e-01 1.880593863947210842e-02
-3.929827083215617356e-01 1.385280148248252408e-02
-3.890165632915984495e-01 8.748339870776555838e-03
-4.248300104114831610e-01 1.518729197046325696e-02
-4.223212069449004957e-01 2.261247326557147552e-02
-4.201404646024146650e-01 2.688398572785782870e-02
-4.179770388155837346e-01 2.962654705297490532e-02
-4.158260875944027601e-01 3.136406152458720564e-02
-4.137162299666749532e-01 3.232893281429305432e-02
-4.116849689898754439e-01 3.263371622261201921e-02
-4.097790934429282883e-01 3.232419122948737567e-02
-4.080628919589177617e-01 3.139383976495840889e-02
-4.066375774971306978e-01 2.977363404459754115e-02
-4.056946402321299217e-01 2.727810695028409782e-02
-4.057329120472629169e-01 2.337521040005519080e-02
-4.110883159837019352e-01 1.501487708068399707e-02
-4.193751122032423617e-01 2.339129948388840585e-02
-4.194455467130533965e-01 2.797117736062937343e-02
-4.185040656722985308e-01 3.094120169071307158e-02
-4.171515335323548457e-01 3.297012203336546765e-02
-4.156345413948471235e-01 3.429620491817897410e-02
-4.141294162068730467e-01 3.505490815035394725e-02
-4.127867576972148456e-01 3.538191992855488355e-02
-4.117087905976143936e-01 3.546158832453910614e-02
-4.108812690255439493e-01 3.551299766444399042e-02
-4.101502008309860225e-01 3.567616898126552138e-02
-4.093463575120705467e-01 3.592781359391550300e-02
-4.084032323699339218e-01 3.616352339170514352e-02
-4.073375398080719689e-01 3.630001312948377690e-02
-4.061924700620768158e-01 3.629707975402918230e-02
-4.050093247932995411e-01 3.614366239728133978e-02
-4.038202629557560708e-01 3.584357896786832809e-02
-4.026485345333910004e-01 3.540716837691787466e-02
-4.015103613961794604e-01 3.484708404167019546e-02
-4.004167384618827485e-01 3.417630174731756121e-02
-3.993748108876721270e-01 3.340721417176617525e-02
-3.983888592201479395e-01 3.255124027830680333e-02
-3.974609953457065026e-01 3.161867409193852563e-02
-3.965916606959858925e-01 3.061864694883781324e-02
-3.957799882740372643e-01 2.955915113370044534e-02
-3.950240597917319407e-01 2.844710489852270152e-02
-3.943210668125697871e-01 2.728844546601960630e-02
-3.936673767432622983e-01 2.608823003484211922e-02
-3.930585126837769505e-01 2.485071861222443168e-02
-3.924890746694692512e-01 2.357941803020785487e-02
-3.919526496528942250e-01 2.227708652339616124e-02
-3.914417759217010961e-01 2.094572860039889406e-02
-3.909480468172231715e-01 1.958664928754644263e-02
-3.904624412248337562e-01 1.820067931390939586e-02
-3.899758976278223099e-01 1.678865612814373076e-02
-3.894799806003402254e-01 1.535195295245805891e-02
-4.549273674839717785e-01 1.997684465146459809e-02
-4.528242034268383787e-01 2.055218430544936137e-02
-4.507371904125657136e-01 2.095508078114582950e-02
-4.486604779756682704e-01 2.120983833829298559e-02
-3.818282453194212778e-01 2.126187469097789995e-02
-3.817662787009458714e-01 2.003429210726709320e-02
-3.817086464153044423e-01 1.880530602940122531e-02
-3.816505475847222773e-01 1.757168133447095659e-02
-3.815870352268035393e-01 1.632916085786817462e-02
-3.815128791021312193e-01 1.507204498053243968e-02
-3.814223005211119788e-01 1.379237187374748874e-02
-3.813084042946621177e-01 1.247826353669384547e-02
-3.811618029217939685e-01 1.111031732289585738e-02
-3.809666305669525688e-01 9.652522500435523067e-03
-3.806844116354279328e-01 8.022817567967632790e-03
-3.801055575589389335e-01 5.944026771796784292e-03
-3.741321425651096821e-01 5.047515005824898537e-03
-3.733296731144064573e-01 5.346738037909359864e-03
-3.724768003918823012e-01 5.409324977737828277e-03
-3.716249505700759959e-01 5.263614589529341803e-03
-3.707972857917747334e-01 4.924075632317503892e-03
-3.700071700662168062e-01 4.385469895742732938e-03
-3.730584005093721678e-01 3.067146667299069929e-03
-3.726941440144316275e-01 2.840973661648871218e-03
-3.929198557600451780e-01 1.944260187055013578e-03
-3.930634208725732326e-01 1.894262280310921032e-03
-3.931818397236306883e-01 1.852770197599273860e-03
-3.932814631234516911e-01 1.814226500510385254e-03
-3.933668320545434249e-01 1.776039902795623071e-03
-3.934411468603623008e-01 1.736877725056651389e-03
-3.935067174934990253e-01 1.695981896208120787e-03
-3.935652627533026138e-01 1.652875205906956246e-03
-3.936180984989340326e-01 1.607223766407983589e-03
-3.936662565324039464e-01 1.558765994860655812e-03
-3.937105611238940761e-01 1.507270144654904165e-03
-3.937516814966036671e-01 1.452507351409171310e-03
-3.937901618064187370e-01 1.394217716743528790e-03
-3.938264676030815425e-01 1.332105589004928259e-03
-3.938609501851816352e-01 1.265779750718842855e-03
-3.938939508962843172e-01 1.194737580124893839e-03
-3.939256689806963085e-01 1.118252559293986259e-03
-3.939563592717887919e-01 1.035362891523006201e-03
-3.939862002364314386e-01 9.445726580342150847e-04
-3.940152974723075130e-01 8.435427404376305560e-04
-3.940438009054430535e-01 7.282612164181689884e-04
-3.940717951188875690e-01 5.906781751009448911e-04
-3.864471612714698301e-01 5.577978738753319732e-04
-4.141529871368082039e-01 6.867976584168378196e-05
-4.182657620191253534e-01 1.622921521839404413e-04
-3.738332966798230683e-01 1.104170603728749089e-03
-3.686261047430352544e-01 1.833281203849074226e-02
-3.686391253271887325e-01 1.833308880767509086e-02
-3.686738135536893890e-01 1.833417838898304675e-02
-3.687309257008605234e-01 1.833696215272923036e-02
-3.688106468074792144e-01 1.834346400574105029e-02
-3.689143190012404427e-01 1.835603139329788913e-02
-3.690425764744076909e-01 1.837865976334007723e-02
-3.691961975925081574e-01 1.841625864709417471e-02
-3.693752748453740797e-01 1.847580026543726994e-02
-3.695782894679036090e-01 1.856637754548212671e-02
-3.698005250359378548e-01 1.869872957500706701e-02
-3.700327856876743926e-01 1.888490746384480223e-02
-3.702597371076883359e-01 1.913616916588700700e-02
-3.704592705524477059e-01 1.945739813635893878e-02
-3.706064070900866869e-01 1.984468221888735506e-02
-3.706790699302940362e-01 2.028356334884018342e-02
-3.706633023056462584e-01 2.075307005621490619e-02
-3.705538569862988352e-01 2.123076230039455670e-02
-3.703527546324618114e-01 2.169688776526329521e-02
-3.700656513274612758e-01 2.213578778793062751e-02
-3.696997908546661438e-01 2.253556320758398623e-02
-3.692625358337148223e-01 2.288719290616120228e-02
-3.687608128417292352e-01 2.318359973623451697e-02
-3.682009515834507307e-01 2.341876182587165900e-02
-3.675885775163058589e-01 2.358718668343956493e-02
-3.669288753857529173e-01 2.368350276775399443e-02
-3.662266902296779092e-01 2.370184571640449045e-02
-3.654867768320347876e-01 2.363563137076452048e-02
-3.647141687762874840e-01 2.347704431409136649e-02
-3.639146217288222740e-01 2.321635999688276275e-02
-3.630948320528807338e-01 2.284146566754363672e-02
-3.622639721824243431e-01 2.233628221536126945e-02
-3.614352810778991842e-01 2.167887388238592949e-02
-3.606309101995341382e-01 2.083667666496430426e-02
-3.598944925727050048e-01 1.975920281864185224e-02
-3.593390392974503689e-01 1.836780608602001097e-02
-3.593057700304770341e-01 1.667162051519310850e-02
-3.599882391331257203e-01 1.532194918549861784e-02
-3.607158691488597801e-01 1.453924954878127451e-02
-3.613026389072612754e-01 1.400273750186481481e-02
-3.617832703263056948e-01 1.357999847483098987e-02
-3.621898373041710917e-01 1.322305534980550146e-02
-3.625400545215999859e-01 1.291097254108886094e-02
-3.628432255090171532e-01 1.263081501124779793e-02
-3.631051495174106858e-01 1.237121155622544766e-02
-3.633327108598820576e-01 1.212153504249002811e-02
-3.635343090226144103e-01 1.187376999850775494e-02
-3.637193554487428426e-01 1.162365910103169142e-02
-3.638968055431927029e-01 1.136937508890223381e-02
-3.640755434345345765e-01 1.111104336915796909e-02
-3.642660825077617126e-01 1.085004244149773145e-02
-3.644837500687722054e-01 1.059066861202528909e-02
-3.647548194292369317e-01 1.034612231384590686e-02
-3.651300153084017230e-01 1.016288873428655704e-02
-3.656633558641482762e-01 1.024007781353036828e-02
-3.658697814407937399e-01 1.097097708117461545e-02
-3.650579857603115097e-01 1.149028373223948130e-02
-3.640111072057302666e-01 1.106478549373057785e-02
-3.635526124377894686e-01 9.985006824979214546e-03
-3.637170518499199257e-01 9.034802268059471952e-03
-3.640501503844153497e-01 8.322321113681863114e-03
-3.644808857033358107e-01 7.688287340923805058e-03
-3.651577754846258572e-01 7.086047928071881330e-03
-3.664139697801241380e-01 6.970452873089449941e-03
-4.135268941762852979e-01 5.859837894481967346e-03
-3.665910112691271316e-01 8.623729115093292652e-03
-3.660730157740675894e-01 8.753060273907375954e-03
-3.656131528686203946e-01 8.593813512704773228e-03
-3.652502905677534883e-01 8.270252737903160956e-03
-3.649779625573424391e-01 7.846665800262886403e-03
-3.647814940992146759e-01 7.346171378517230011e-03
-3.646552688182695956e-01 6.758926970865386519e-03
-3.959486149092716900e-01 2.246308065380620000e-03
-3.920884990889120791e-01 2.066016019733385445e-03
-3.942603596766958707e-01 2.450907495104404088e-03
-3.908549639335189285e-01 3.579981707172719130e-03
-3.967775312563631140e-01 2.728995757877772377e-03
-3.940047263841269243e-01 3.199231518963729926e-03
-3.905455831439351710e-01 2.653399395246447412e-03
-3.658059614555258521e-01 5.821104050200587299e-03
-3.655919306521272505e-01 5.453766545580329694e-03
-3.933521657901327129e-01 2.612516935060260614e-03
-3.902505335792487151e-01 2.801257116318733864e-03
-3.878965200316241146e-01 1.971718484383933045e-03
-4.012605005097801825e-01 1.023127615663810275e-03
-3.990240336733919535e-01 3.005848315872750032e-03
-3.965368033521042834e-01 3.363298498738509501e-03
-3.942985939704055087e-01 3.230772423555239303e-03
-3.921779601303252427e-01 1.945114940360703759e-03
-4.139250265680942120e-01 9.018910350840902979e-04
-3.831616989432548026e-01 1.766398743101527113e-03
-3.813832220714298282e-01 1.736806541194291231e-03
-4.361158399480347669e-01 5.429511424860145041e-03
-4.331186882642028557e-01 6.583441542483858822e-03
-4.302914516973649905e-01 7.085389078319015432e-03
-4.271463754616390829e-01 7.319221132640496563e-03
-4.240041070096823850e-01 7.961507921786514785e-03
-4.214077458882160010e-01 8.583035072818101519e-03
-4.190713578907998005e-01 8.880997775683574513e-03
-4.168000756766210291e-01 8.893866235342995363e-03
-3.889673390429625455e-01 1.389220276952118915e-02
-3.884313528465612730e-01 1.240898332539075444e-02
-3.878635969727256549e-01 1.089501313601837218e-02
-3.872445123083808061e-01 9.331382220498896096e-03
-3.865217619064412191e-01 7.695206043704105880e-03
-4.013811243530511774e-01 7.492960147383653791e-03
-3.993158113394987274e-01 7.749841604857254929e-03
-3.974797612550312609e-01 7.815854870685978728e-03
-3.958258954138431651e-01 7.736849858319017059e-03
-3.943931804708513122e-01 7.510645044363051248e-03
-3.932247639751722534e-01 7.087729143183341129e-03
-3.923636685625125353e-01 6.457380903704401653e-03
-3.918604666467642161e-01 5.714803642657084737e-03
-3.916700293083785755e-01 5.028000616058958538e-03
-3.916509684555293802e-01 4.477304908421853025e-03
-3.916996253105680115e-01 4.041903993576123622e-03
-3.917725013131331813e-01 3.683252419876104078e-03
-3.918547896514219531e-01 3.372345044857893992e-03
-3.919441253124663072e-01 3.089694094725925488e-03
-3.920451356383435892e-01 2.822502768670520634e-03
-3.921687392698164909e-01 2.564527271803063169e-03
-3.923319597861598673e-01 2.324101016782376128e-03
-3.925369594915730231e-01 2.134049241727331570e-03
-3.927439128668908652e-01 2.015470985983813801e-03
-3.920215652081314728e-01 7.959330219822202679e-04
-3.921857002788112778e-01 8.791032681961241657e-04
-3.923343419595163306e-01 9.226645746099326750e-04
-3.924695704884773595e-01 9.401509108785677249e-04
-3.925928765565036560e-01 9.394691266937926777e-04
-3.927054075449268322e-01 9.221773966181512350e-04
-3.928115955504535295e-01 8.948356209365071479e-04
-3.929097916210228525e-01 8.579380711407624815e-04
-3.875575228725134380e-01 1.218350852094596259e-03
-3.874270851779522684e-01 1.296958290873284625e-03
-3.873016005712092147e-01 1.342828776923599143e-03
-3.871827925324075048e-01 1.361725659482948547e-03
-3.870721136461721668e-01 1.357965111018155646e-03
-3.869705163530265946e-01 1.335263298845146274e-03
-3.868785915395449582e-01 1.296637513601539560e-03
-3.867963042244960681e-01 1.244581269700284487e-03
-3.867234004586913576e-01 1.180888510139477265e-03
-3.866593630970892592e-01 1.106905886783304815e-03
-3.866035021687220241e-01 1.023079557838868503e-03
-3.865550931122178624e-01 9.290860677666490375e-04
-4.169180462618464200e-01 1.562619824780342448e-04
-4.142780073877849745e-01 1.027359184263554326e-04
-3.940993581508704380e-01 4.091821139891038683e-04
-4.150854508972482426e-01 2.941875965056794939e-09
-3.999143927123732234e-01 8.593250807670260727e-05
-3.734841435057845160e-01 6.603870808032374917e-04
