3.039584498569565807e-01 2.706168622523819067e-16
3.039583046897507135e-01 2.255140518769849223e-16
3.039579167138835580e-01 -5.898059818321144121e-16
3.039572845585959415e-01 5.898059818321144121e-17
3.039564059725564094e-01 1.977584762613560088e-16
3.039552777896429858e-01 4.024558464266192459e-16
3.039538958799417045e-01 1.249000902703301108e-16
3.039522550842490567e-01 3.087807787238716628e-16
3.039503491297037563e-01 -2.081668171172168513e-17
3.039481705232824349e-01 -8.326672684688674053e-17
3.039457104188054148e-01 -1.561251128379126385e-16
3.039429584514518057e-01 2.463307335887066074e-16
3.039399025316077418e-01 5.238864897449957425e-16
3.039365285864848443e-01 -6.938893903907228378e-18
3.039328202327635786e-01 -3.504141421473150331e-16
3.039287583549365457e-01 -3.469446951953614189e-18
3.039243205490017030e-01 2.428612866367529932e-17
3.039194803631856678e-01 6.245004513516505540e-17
3.039142062136006017e-01 7.285838599102589797e-17
3.039084597729226345e-01 7.632783294297951215e-17
3.039021944883434356e-01 -1.318389841742373392e-16
3.038953282165681169e-01 2.428612866367529932e-17
3.038877914821157544e-01 -3.295974604355933479e-16
3.038793608264639401e-01 -1.422473250300981817e-16
3.038691934139439166e-01 4.544975507059234587e-16
3.038794769166680010e-01 7.632783294297951215e-17
3.038536355742141315e-01 3.469446951953614189e-17
3.038409577418199059e-01 2.428612866367529932e-17
3.038275591708334278e-01 5.204170427930421283e-17
3.038128496783531474e-01 -1.040834085586084257e-16
3.037976512587245992e-01 1.144917494144692682e-16
3.037707001534415419e-01 -4.510281037539698445e-17
3.037494006469586560e-01 1.040834085586084257e-17
3.037204317084810090e-01 -3.469446951953614189e-17
2.983777674739138686e-01 1.214306433183764966e-16
3.036286197993703917e-01 -6.938893903907228378e-17
3.035410195397264532e-01 -8.673617379884035472e-17
3.033482861397699404e-01 -3.122502256758252770e-17
2.980854093023287410e-01 1.457167719820517959e-16
3.039101465050151885e-01 -6.938893903907228378e-18
3.038567440086310523e-01 5.127842594987441771e-15
3.037950189971965198e-01 -3.250871793980536495e-15
2.974918450384928525e-01 1.006139616066548115e-16
3.035270294463647822e-01 3.989863994746656317e-16
3.035647093120290574e-01 7.979727989493312634e-17
3.015906136615043032e-01 4.857225732735059864e-17
3.032915653013693591e-01 5.447031714567174276e-16
2.982085155382357411e-01 1.214306433183764966e-16
3.025346691865405391e-01 8.673617379884035472e-17
3.004241523928484758e-01 -3.781697177629439466e-16
3.033336194115955342e-01 5.789208883867373936e-03
3.093125591758633108e-01 3.400219155819117489e-03
3.025246614616510232e-01 1.838806884535415520e-16
3.003910931757871050e-01 4.510281037539698445e-17
3.014024223903520316e-01 -1.353084311261909534e-16
2.997509205579762526e-01 -6.938893903907228378e-17
2.971905482930486397e-01 6.772101071333809508e-03
3.035721765028150942e-01 9.429792820640742201e-03
3.104759011190793005e-01 6.967735336827610149e-03
3.030955672419092806e-01 -1.387778780781445676e-17
2.999044165796705408e-01 1.040834085586084257e-17
3.027620979844311000e-01 3.781697177629439466e-16
2.988965921803625747e-01 1.249000902703301108e-16
3.036100217485112607e-01 -1.040834085586084257e-17
3.003321707484192249e-01 2.463307335887066074e-16
2.984168789223998752e-01 2.081668171172168513e-17
3.030921905709489383e-01 -6.938893903907228378e-18
3.024426198492845552e-01 -2.740863092043355209e-16
2.999918476433377501e-01 1.634109514370152283e-15
3.019456790212052821e-01 4.655493293886947895e-03
3.048363550505479025e-01 5.284281225009845873e-03
3.076831268410972764e-01 4.617952575244404015e-03
2.962747302145334327e-01 6.245004513516505540e-17
2.969028077014652656e-01 1.128040784663499226e-02
3.017529449692584742e-01 1.292034602023260127e-02
3.059184484989030395e-01 1.295783988746264034e-02
3.097107880391057333e-01 1.183798268822865325e-02
2.967302199511954730e-01 0.000000000000000000e+00
3.038680878961477760e-01 4.961309141293668290e-16
2.974668017279911147e-01 -3.816391647148975608e-17
3.044661721850689950e-01 1.836095626810585468e-03
3.016019301221046778e-01 3.053113317719180486e-16
3.043060331092742321e-01 4.163336342344337027e-17
2.994900217400001674e-01 6.245004513516505540e-17
3.043584474833797016e-01 -3.469446951953614189e-18
3.041915124837267226e-01 0.000000000000000000e+00
3.042362732859987817e-01 -4.163336342344337027e-17
2.965682239106823270e-01 4.857225732735059864e-17
3.028436485694637192e-01 1.179611963664228824e-16
3.006944769148973129e-01 8.673617379884035472e-17
2.973130607469220976e-01 1.040834085586084257e-16
2.965441677226866579e-01 9.020562075079396891e-17
2.967775699232707565e-01 -4.857225732735059864e-17
2.981118276434043257e-01 2.636779683484746784e-16
3.002324475300650608e-01 1.526556658859590243e-16
2.975324387638562662e-01 1.838806884535415520e-16
2.994690472513070745e-01 5.898059818321144121e-17
3.040091412033275042e-01 1.873501354054951662e-16
2.968766340981493501e-01 1.353084311261909534e-16
2.959855441161892142e-01 1.665334536937734811e-16
3.044144244142483746e-01 1.217914658013796725e-13
3.044143609963521624e-01 5.620851006860050347e-14
3.044141917465821856e-01 1.651456749129920354e-14
3.044139167288002490e-01 -5.939693181744587491e-15
3.044135360465815565e-01 3.157196726277788912e-16
3.044891975879939761e-01 1.598721155460225418e-14
3.044124582978735005e-01 -1.679212324745549267e-15
3.044817013698621899e-01 1.382921555048710616e-14
3.044109600957105588e-01 1.707661789751568904e-14
3.044716771906923469e-01 6.661338147750939243e-16
3.044090436126594690e-01 -2.791517017541877976e-14
3.044590607674361737e-01 2.917804886592989533e-15
3.044517541762353230e-01 1.927624726505428043e-14
3.044437645616577814e-01 4.163336342344337027e-17
3.044039670681766840e-01 7.924563782957250169e-14
3.044256711424977446e-01 -4.926614671774132148e-16
3.044008137067855668e-01 8.638922910364499330e-16
3.043990848766066626e-01 -6.591949208711866959e-17
3.043929244036541748e-01 7.181755190543981371e-16
3.043953253456233576e-01 -7.285838599102589797e-16
3.043932955134327489e-01 4.475586568020162304e-16
3.043911672136608848e-01 -6.973588373426764520e-16
3.043373269924589675e-01 -5.908468159177004964e-15
3.043210006117583744e-01 -4.250072516143177381e-15
3.043032260577511194e-01 -1.411717964749925613e-14
3.043815722945804603e-01 -1.639660629493278066e-14
3.042614138981830085e-01 1.488392742388100487e-15
3.042257611799503714e-01 1.020017403874362572e-15
3.042498281359218293e-01 -9.547918011776346248e-15
3.042097765370582740e-01 6.696032617270475384e-16
3.041801397406848073e-01 7.979727989493312634e-16
3.041487719368162757e-01 -5.044575868140555031e-15
3.043615489366996441e-01 2.674943599956236540e-15
3.040552912995631019e-01 -6.616235337375542258e-15
3.003239612086273103e-01 1.040834085586084257e-16
3.041417604529377261e-01 7.840950111415168067e-16
3.040582168244395089e-01 1.804112415015879378e-16
3.040066782449041272e-01 -1.398534066332501880e-14
3.018549537990212750e-01 1.977584762613560088e-16
3.043352159209042340e-01 3.375771884250866606e-15
3.040296813272114207e-01 8.520961713998076448e-15
3.038551685752157172e-01 -1.405126015541213746e-15
3.037139627686254451e-01 -2.458103165459135653e-14
3.036595735897598125e-01 -1.061650767297805942e-15
3.039036567404936884e-01 -1.804112415015879378e-16
3.034496731042338191e-01 1.942890293094023946e-16
3.035470956147803823e-01 -5.863365348801607979e-16
3.030400126450232823e-01 2.602085213965210642e-16
3.033221745144476511e-01 9.367506770274758310e-17
3.031854779093553498e-01 2.081668171172168513e-17
3.030195507601217697e-01 1.082467449009527627e-15
3.028087208752984760e-01 -6.245004513516505540e-17
3.042817875190658716e-01 8.326672684688674053e-17
3.021072840040482932e-01 1.838806884535415520e-16
3.042711173157110482e-01 -6.529499163576701903e-15
3.042657659338889320e-01 3.237340950867917400e-14
3.042300451621535173e-01 -9.714451465470119729e-17
3.041347769011488178e-01 3.642919299551294898e-16
3.040518794449475481e-01 4.746203430272544210e-15
3.039744747882722198e-01 -2.615963001773025098e-15
2.990322195441613151e-01 -3.122502256758252770e-17
3.038165125667858235e-01 3.400058012914541905e-16
3.037236770242459638e-01 1.838806884535415520e-16
3.041097335496659726e-01 2.607289384393141063e-14
3.020082215672648673e-01 6.175615574477433256e-16
2.984168789224000418e-01 4.163336342344337027e-17
3.030132763569166054e-01 -6.938893903907228378e-17
3.026901219879191696e-01 -9.020562075079396891e-17
3.012635402264320361e-01 1.040834085586084257e-16
3.047495437610014957e-01 1.501946205658917510e-03
3.005488847202291702e-01 -3.816391647148975608e-17
2.987678907728419930e-01 7.285838599102589797e-17
3.041297079994660368e-01 3.195360642749278668e-15
3.012922195428935912e-01 1.786765180256111307e-15
2.983695590641547435e-01 -2.775557561562891351e-16
2.955270439001058125e-01 1.353084311261909534e-16
3.040387370479115114e-01 9.953843305154919108e-15
3.039846152509024235e-01 1.353084311261909534e-16
3.045198608577443511e-01 7.563394355258878932e-16
3.037016666494571915e-01 8.625876747814682777e-04
3.004083979758208067e-01 3.885780586188047891e-16
2.978949391754852627e-01 1.249000902703301108e-16
3.043550945028195565e-01 -5.204170427930421283e-17
2.984695278382327177e-01 1.595945597898662527e-16
3.042230866042746062e-01 7.285838599102589797e-17
3.042721255811606240e-01 6.245004513516505540e-17
3.041678265268384362e-01 4.857225732735059864e-17
3.041479417031660026e-01 -5.166006511458931527e-15
3.028436485717905802e-01 1.144917494144692682e-16
3.006944769057417477e-01 1.249000902703301108e-16
2.985951985937175812e-01 1.283695372222837250e-16
2.965441677369579088e-01 1.040834085586084257e-16
3.040734678501963439e-01 -9.742207041085748642e-14
3.029929068168659700e-01 5.308253836489029709e-16
3.002324475300651163e-01 1.249000902703301108e-16
2.975324387638727530e-01 3.211320098728265293e-14
3.020287110482244297e-01 -5.526828994462107403e-15
2.994484615035689634e-01 2.012279232133096230e-16
2.968766340981497942e-01 3.400058012914541905e-15
3.039619587414691959e-01 -2.983724378680108202e-15
3.044971359439748171e-01 2.374836438612248912e-14
3.044967710423031604e-01 -2.914335439641035919e-15
3.044957965599353056e-01 1.098773849683709614e-14
3.044942111325956713e-01 -1.120631365481017383e-15
3.044920125228141594e-01 -1.387778780781445676e-17
3.044130498425979825e-01 7.495046250305392732e-14
3.044857622366213268e-01 1.096345236817342084e-15
3.044117616307526197e-01 2.293304435241338979e-14
3.044770088068566860e-01 -7.289308046054543411e-15
3.044100539821992246e-01 -3.642919299551294898e-16
3.044656978725092111e-01 7.600170492949587242e-14
3.044079293407755959e-01 -1.876970801006905276e-15
3.044067115495450171e-01 1.334349297721360017e-13
3.044053906474247229e-01 3.573530360512222614e-16
3.044350762657218601e-01 2.386979502944086562e-14
3.044024412645954802e-01 1.786765180256111307e-15
3.044155280707351863e-01 2.498001805406602216e-16
3.044046222838114324e-01 4.267419750902945452e-16
3.043972552621230232e-01 -6.813993813636898267e-15
3.043803989610988081e-01 4.822531263215523722e-16
3.043670018907793651e-01 2.775557561562891351e-17
3.043526754386853272e-01 -4.128641872824800885e-16
3.043889393082023775e-01 -5.165312622068540804e-14
3.043866137562485363e-01 1.760050438726068478e-14
3.043841936542615034e-01 4.243133622239270153e-14
3.042837934271597211e-01 -4.024558464266192459e-16
3.043790245545093254e-01 -9.114237142782144474e-15
3.043763026596304488e-01 -3.712308238590367182e-15
3.043734703548211518e-01 -2.850844560420284779e-14
3.043705072423008029e-01 5.523359547510153789e-15
3.043672308227384771e-01 -1.665334536937734811e-16
3.043651262917499434e-01 -1.779826286352204079e-15
3.041114933955156863e-01 -1.196959198423996895e-15
3.043581908509911949e-01 1.287164819174790864e-14
3.036546650787360635e-01 4.479056014972115918e-15
3.043512675918667032e-01 -3.431283035482124433e-15
3.043476579744963106e-01 4.510281037539698445e-17
3.043439248301148536e-01 -5.235395450498003811e-14
3.039591424884731108e-01 2.327998904760875121e-15
3.047315658279887707e-01 -6.029898802495381460e-15
3.043329833924489081e-01 5.388051116383962835e-15
3.043285188876266867e-01 7.983197436445266248e-15
3.037498162542115465e-01 -3.750472155061856938e-15
3.043196204090257706e-01 1.200428645375950509e-15
3.043148141402126639e-01 -1.026956297778269800e-15
3.036598119363596582e-01 1.033895191682177028e-15
3.043024488987246534e-01 -1.280225925270883636e-15
3.034397763798122316e-01 9.436895709313830594e-16
3.043112752562467382e-01 -3.004541060391829888e-15
3.042994488720343615e-01 -1.106753577673202926e-15
3.042928754435565986e-01 -1.310063169057684718e-14
3.042872200490597256e-01 1.097386070902928168e-14
3.052884224532573798e-01 1.624707313130357988e-13
3.042764453922373047e-01 -2.454286773811986677e-14
3.045136684061197085e-01 -9.218320551340752900e-15
3.043493219228857183e-01 -9.791126243108294602e-14
3.042606850227103643e-01 1.526556658859590243e-16
3.042554025903715931e-01 1.297573160030651707e-15
3.042506200010869355e-01 -8.000544671205034319e-15
3.042474228416728321e-01 -1.086283840656676603e-14
2.990322195441608710e-01 -3.469446951953614189e-17
3.027620979844210525e-01 -8.590350653037148732e-15
2.988965921803634074e-01 -3.747002708109903324e-16
3.042109878006670765e-01 -2.744332538995308823e-14
3.020082215672666437e-01 -5.447031714567174276e-16
3.033227255201653705e-01 -6.834810495348619952e-16
3.041903160823426489e-01 -1.096345236817342084e-14
3.041822584713210764e-01 1.009331507262345440e-13
3.012635402264203233e-01 -2.508410146262463059e-15
3.015438145042730889e-01 -2.883804306463844114e-13
3.041540042274522571e-01 1.071885635806069104e-13
3.041425907937381212e-01 -6.485090242591695642e-14
3.042983586530255136e-01 7.344819197285801238e-15
3.012922195429585948e-01 -2.584737979205442571e-15
2.983695590639870443e-01 -2.983724378680108202e-16
3.040721629858343378e-01 6.696032617270475384e-16
3.046850020113447965e-01 6.443838518332967169e-13
3.045930419457649752e-01 -6.288719545111121079e-14
3.056355233684769357e-01 -1.020017403874362572e-14
3.029877491337837903e-01 2.015748679085049844e-14
3.004083979743520927e-01 -1.575128916186940842e-15
2.978949391779240341e-01 6.245004513516505540e-17
2.954449649288348190e-01 1.477984401532239644e-15
3.042314428843030383e-01 -8.101158632811689131e-15
3.055816490301127564e-01 1.120006865029665732e-13
3.055369345698950023e-01 3.026051631493942295e-14
3.055064554356523021e-01 1.056411902400355984e-13
3.042078168779095981e-01 -1.586578091128387769e-14
3.041338129427791914e-01 -9.364384268018000057e-14
3.041148968660145613e-01 3.191197306406934331e-14
2.985951986070307096e-01 3.538835890992686473e-16
3.036674543697007178e-01 5.290906601729261638e-15
3.040668974229877031e-01 -4.118927421359330765e-14
3.029929068168724648e-01 3.393119119010634677e-15
3.046328206454738674e-01 3.670530399996485560e-04
3.039912796535995110e-01 -1.922663417364134375e-13
3.020762186523306969e-01 7.424616477180734364e-16
2.994484615035669650e-01 1.593863929727490358e-14
3.039858618069917751e-01 1.144917494144692682e-16
3.040099372009956169e-01 1.040834085586084257e-17
