3.288321951688530920e-01 1.450228825916610731e-15
3.288323106709430399e-01 1.101896351940467866e-14
3.288326191338664106e-01 1.370431546021677605e-14
3.288331210167088070e-01 8.049116928532384918e-15
3.288338170683907657e-01 3.767819389821625009e-15
3.288347083316212616e-01 -5.065392549852276716e-16
3.288210072125626326e-01 1.387778780781445676e-15
3.288370821673102240e-01 1.519617764955683015e-15
3.288385683521239389e-01 2.116362640691704655e-15
3.288402569927231234e-01 8.458511668862911392e-15
3.288421507175361413e-01 1.533495552763497471e-14
3.288442525081735068e-01 5.002942504717111660e-15
3.288465657162397138e-01 3.046174423815273258e-15
3.288353794132009011e-01 1.755540157688528780e-15
3.288518417588565113e-01 2.303712776097199821e-15
3.288548133327360845e-01 2.740863092043355209e-15
3.288580138553089394e-01 2.157996004115148025e-15
3.288614488728268115e-01 9.506284648352902877e-16
3.288651244622126102e-01 4.864164626638967093e-15
3.288567844684479047e-01 1.582067810090848070e-15
3.282286021823748179e-01 7.001343949042393433e-15
3.288776641079559360e-01 2.262079412673756451e-15
3.282304717717089426e-01 7.986666883397219863e-15
3.288762867374230292e-01 4.996003610813204432e-15
3.288926489590506819e-01 1.085936895961481241e-14
3.288982352050482394e-01 4.725386748560822525e-15
3.289041270550949747e-01 2.095545958979982970e-15
3.289103563504452987e-01 2.997602166487922659e-15
3.289169272766258034e-01 3.247402347028582881e-15
3.289238596181683350e-01 9.443834603217737822e-15
3.289311790111290601e-01 7.105427357601001859e-15
3.289389805982200765e-01 9.735268147181841414e-15
3.289389372651271293e-01 5.918876500032865806e-15
3.289554298496973894e-01 4.586608870482677958e-15
3.289644627331810289e-01 7.355227538141662080e-15
3.289739797881687799e-01 3.472222509515177080e-14
3.289755117486707348e-01 4.690692279041286383e-15
3.282500994899941738e-01 3.289035710452026251e-15
3.289987111330623382e-01 9.346690088563036625e-15
3.306796695611148307e-01 4.579669976578770729e-15
3.339976929365772729e-01 2.910878712688948211e-03
3.290428786901828384e-01 1.067895771811322447e-14
3.290570605738504795e-01 4.746203430272544210e-15
3.290720332409071691e-01 9.423017921506016137e-15
3.290879446820870746e-01 3.975986206938841860e-15
3.291049132317807047e-01 2.317590563905014278e-14
3.377628008761753842e-01 4.833298188392003147e-03
3.291510317612377778e-01 7.549516567451064475e-15
3.291637341372686820e-01 4.822531263215523722e-15
3.291868975025102895e-01 1.305899832715340381e-14
3.292129913598658697e-01 2.886579864025407005e-15
3.292488745819229790e-01 1.855460229904792868e-14
3.295416563102528396e-01 2.137179322403426340e-15
3.349462651785795608e-01 4.407476274221708290e-03
3.401339070574926904e-01 3.684447620794513434e-03
3.296875060684789638e-01 1.368349877850505436e-14
3.295423469686463158e-01 -3.261280134836397337e-16
3.282913880697250764e-01 9.423017921506016137e-15
3.301574248140151102e-01 1.533775959834483837e-03
3.278097318037929142e-01 9.329872961883062255e-03
3.341936245181298393e-01 1.356378262239636701e-02
3.408646857226034221e-01 1.508346688978699085e-02
3.482621209789668604e-01 1.668281322967381242e-02
3.360296469215568460e-01 8.278987138020457714e-04
3.283095235968500614e-01 9.221789998292706514e-15
3.300389200516409827e-01 2.775557561562891351e-16
3.301868853469613341e-01 2.428612866367529932e-16
3.303694977366281038e-01 1.457167719820517959e-16
3.306023926659402701e-01 3.677613769070831040e-16
3.283251129307663829e-01 2.588207426157396185e-15
3.304394374634244125e-01 9.263423361716149884e-15
3.307189592133034095e-01 2.109423746787797427e-15
3.283349832815382063e-01 1.526556658859590243e-16
3.350988169250449511e-01 8.059538855174977479e-04
3.359442073357016834e-01 2.071569939371853408e-03
3.371915347590382361e-01 2.559442481355929389e-03
3.097107880391061219e-01 1.183798268822834621e-02
3.131587510255267603e-01 9.443652013645685572e-03
3.345417261737849146e-01 7.481635106252160217e-03
3.365491831757319030e-01 9.397544436747930219e-03
3.395030713920426657e-01 1.033194158468309087e-02
3.430141353414769556e-01 1.018362772668002930e-02
3.479036654111604121e-01 9.010669367477804059e-03
3.283546917744940008e-01 3.039235529911366029e-15
3.344811779481381420e-01 1.058256745538554977e-03
3.378253390743221063e-01 2.567116300694539943e-03
3.294713987057714677e-01 1.502270530195914944e-14
3.302378417460248294e-01 1.913746938697613587e-14
3.285171402206767954e-01 1.856848008685574314e-14
3.286223116491912566e-01 9.980904991380157298e-14
3.295485101355826729e-01 4.249378626752786658e-14
3.300660773613096066e-01 3.823330541052882836e-15
3.289630117223748540e-01 2.706168622523819067e-15
3.290876906379979761e-01 3.379241331202820220e-15
3.297204944214814915e-01 7.903400156550333122e-14
3.293666585662137769e-01 5.610095721308994143e-14
3.295227677130084798e-01 1.087324674742262687e-14
3.297043586076336963e-01 1.616068390219993489e-14
3.299031326569524802e-01 2.681882493860143768e-14
3.301299259360743199e-01 5.764139165975734613e-13
3.288170996565785154e-01 1.068589661201713170e-15
3.288172250990078482e-01 6.564193633096238045e-15
3.288175600739551840e-01 6.744604874597825983e-15
3.288181049846607418e-01 6.265821195228227225e-15
3.288188604892716138e-01 9.041378756791118576e-15
3.288198275047846120e-01 3.122502256758252770e-16
3.288357961484257297e-01 4.211908599671687625e-15
3.288224010654691720e-01 5.467848396278895962e-15
3.288240107967002057e-01 8.326672684688674053e-17
3.288258384303945348e-01 1.194183640862434004e-14
3.288278862941294567e-01 1.205285871108685569e-14
3.288301570334386525e-01 7.070732888081465717e-15
3.288326536285020030e-01 4.676814491233471927e-15
3.288490940825314346e-01 3.955169525227120175e-15
3.288383380967581648e-01 3.733124920302088867e-15
3.288415337882391043e-01 4.579669976578770729e-15
3.288449710242480895e-01 4.822531263215523722e-15
3.288486548002472198e-01 2.213507155346405852e-15
3.288525906061293691e-01 6.702971511174382613e-15
3.288690472712130775e-01 3.413935800722356362e-15
3.288732245631275641e-01 1.314226505400029055e-14
3.288659734301099258e-01 2.962907696968386517e-15
3.288823751082560753e-01 1.257327575387989782e-14
3.288873664971524446e-01 5.419276138951545363e-15
3.288818774057017391e-01 1.464106613724425188e-14
3.288877825789818798e-01 2.116362640691704655e-15
3.288940069441910752e-01 2.775557561562891351e-16
3.289005622838026555e-01 6.480926906249351305e-15
3.289074443954138061e-01 4.420075416788904477e-15
3.289147536319653731e-01 1.295491491859479538e-14
3.289223967385070391e-01 3.171074514085603369e-15
3.289304490539128323e-01 8.326672684688674053e-17
3.289467897913979089e-01 7.945033519973776492e-15
3.289479135779859176e-01 5.918876500032865806e-15
3.289575308837227041e-01 1.386391002000664230e-14
3.289696313153988028e-01 3.222422328974516859e-14
3.289840226930046407e-01 7.230327447871331970e-15
3.289871355487727356e-01 -1.477984401532239644e-15
3.290058874736857542e-01 8.618106228652777645e-15
3.290107498671997477e-01 -4.090477956353311129e-14
3.290283372524698824e-01 5.251354906476990436e-14
3.290364566138150870e-01 5.370703881624194764e-15
3.290500066782479638e-01 4.933553565678039377e-15
3.290635195398697865e-01 7.931155732165962036e-15
3.290746736617507495e-01 6.362965709882928422e-15
3.290260990104588723e-01 2.774169782782109905e-14
3.291398626140003558e-01 2.400857290751901019e-15
3.291425978874277791e-01 6.931955010003321149e-15
3.291705095461997521e-01 5.544176229221875474e-15
3.291934542548051179e-01 1.625088952295072886e-14
3.292194446363301275e-01 4.309053114326388823e-15
3.292451011331885002e-01 1.898481372109017684e-14
3.293160577031676861e-01 -9.027500968983304119e-15
3.293225547901294514e-01 1.079691891447964736e-14
3.293718420683358072e-01 2.333550019884000903e-14
3.294379574709025982e-01 3.451405827803455395e-14
3.293822188767826509e-01 5.224987109642142968e-15
3.297888502467095639e-01 -1.488947853900413065e-13
3.294729545831132089e-01 4.857225732735059864e-17
3.295254612416025908e-01 2.269018306577663679e-15
3.291871983831894388e-01 1.379382719157717929e-13
3.296506576978912029e-01 1.125488591213752443e-14
3.297265295612447078e-01 -2.921274333544943147e-15
3.295260612060416094e-01 -4.024211519570997098e-12
3.299168511567194817e-01 3.000377724049485550e-14
3.297054138308962989e-01 4.524158825347512902e-15
3.298073141593015345e-01 6.390721285498557336e-15
3.299238800990610954e-01 3.046174423815273258e-15
3.300613020757378058e-01 3.268219028740304566e-15
3.302284707623933113e-01 1.700029006457270953e-15
3.296321211403869245e-01 2.456368441983158846e-14
3.283316311650127939e-01 8.403000517631653565e-15
3.307254475908438240e-01 -4.402520015212019189e-13
3.317591615795136284e-01 2.615963001773025098e-15
3.216185293788174082e-01 1.469378231465610918e-03
3.335715324275501659e-01 2.505715531841271049e-03
3.336134026021416732e-01 3.972856093589223481e-03
3.338020946380302889e-01 5.473178695584071662e-03
3.159566697432735216e-01 4.996886165163673399e-03
3.227262419594357779e-01 1.368804547062570098e-03
3.241647060697744887e-01 9.329501593553155003e-04
3.283672743897949609e-01 -3.143318938469974455e-15
3.283692533170963213e-01 -5.440786710053657771e-14
3.282757677759262083e-01 1.484229406045756150e-14
3.309151734200127537e-01 1.450228825916610731e-15
3.283998393327105525e-01 8.042178034628477690e-15
3.282470807168940130e-01 8.689160502228787664e-13
3.302378417496172336e-01 1.017935735703190403e-14
3.283678051721765079e-01 4.339584247503580627e-13
3.284995265031159795e-01 3.094052791752233134e-13
3.295485101355823399e-01 1.777744618181031910e-14
3.288443434098676232e-01 9.242606680004428199e-15
3.289142678268804354e-01 8.146261443187086115e-15
3.290547757210207092e-01 2.078892613610605622e-14
3.305642988315636299e-01 3.919781166317193311e-14
3.293560075557474542e-01 7.208122987378828839e-14
3.295264904956108909e-01 1.332267629550187849e-14
3.297045614108062295e-01 1.969951979319262136e-14
3.299049724154640706e-01 3.640143741989732007e-14
3.301266901102390960e-01 5.800290803215091273e-13
3.282196203127853984e-01 8.889416980295550275e-14
3.282196470444829206e-01 -1.911665270526441418e-14
3.282197183929893014e-01 -9.301587278187639640e-14
3.282198343505353666e-01 -4.174022238956354158e-13
3.282199949041044174e-01 7.681355551625301814e-14
3.282202000364386474e-01 9.562489688974551427e-14
3.282204497257552034e-01 1.145750161413161550e-13
3.282207439447891173e-01 1.163652507685242199e-14
3.282210826632839251e-01 -4.959227473122496122e-14
3.282214658452970446e-01 -2.287267597544939690e-13
3.282218934526663912e-01 1.579014696773128890e-13
3.282223654414761493e-01 -3.352942923307011824e-13
3.282228817665563958e-01 -1.383754222317179483e-13
3.282234423789859301e-01 -3.165523398962477586e-14
3.282240472259028152e-01 -1.700237173274388169e-13
3.282246962555226966e-01 2.655861641720491662e-13
3.282253894101946901e-01 -1.369182545118974303e-13
3.282261266356067964e-01 -1.745756317284019588e-13
3.282269078741234525e-01 -5.231232114155659474e-14
3.282277330717106589e-01 -4.045375145977914144e-14
3.288612429887504129e-01 -6.508682481864980218e-15
3.282295162452876780e-01 -2.611869054369719834e-13
3.288709838323531365e-01 6.904893323778082959e-14
3.282314722897562986e-01 -2.716646352318718982e-13
3.282325165325252758e-01 -2.871314297436811103e-14
3.282336046381610917e-01 -2.588207426157396185e-14
3.282347355139860756e-01 2.315786451489998399e-13
3.282359110185216755e-01 -1.157546281049803838e-13
3.282371301323889767e-01 -2.493838469064257879e-14
3.282383932736829268e-01 6.580846978465615393e-14
3.282397013805125052e-01 7.009670621727082107e-14
3.282410631339098273e-01 -8.709005738793962337e-14
3.282424257584622418e-01 4.089784066962920406e-14
3.282438728249085780e-01 -4.038436252074006916e-14
3.282453579501004026e-01 -5.501710198529963236e-13
3.289525701630875432e-01 2.130240428499519112e-14
3.282484666205834345e-01 -9.214851104388799286e-15
3.289946363354760428e-01 8.475165014232288740e-14
3.282518067287905073e-01 -1.348920974919565197e-13
3.290179922165109572e-01 2.675637489346627262e-14
3.290233328412631164e-01 -6.530193052967092626e-14
3.282566460118968021e-01 3.290631656049924914e-13
3.282585626087050623e-01 1.280711647844157142e-13
3.282604663882834894e-01 -2.437217094808374895e-13
3.282623975219272627e-01 -2.981573321569896962e-13
3.282643660940463004e-01 -7.933931289727524927e-14
3.291230733911818529e-01 -3.182176744331854934e-14
3.282684314581789664e-01 2.514724539715018636e-13
3.282705402240027048e-01 -6.972894484036373797e-14
3.282726300518467588e-01 1.237759894578971398e-13
3.282748553028819738e-01 2.012209843194057157e-13
3.282771275883080153e-01 -2.412237076754308873e-13
3.292826735526958593e-01 -3.670674875166923812e-14
3.307494857920891262e-01 -5.935529845402243154e-14
3.293015062183304309e-01 -3.249484015199755049e-14
3.293417060297031962e-01 -4.484468352217163556e-13
3.282888529862219573e-01 2.169167623300438663e-13
3.294255576790948159e-01 4.033440248463193711e-13
3.282939819383563496e-01 2.333550019884000903e-14
3.287474617530542487e-01 -2.149530553552381207e-13
3.295842294560958341e-01 -9.438283488094612039e-14
3.293366050816343149e-01 -1.095096235914638783e-13
3.294378234972759056e-01 6.972131205706944002e-13
3.298142018786632823e-01 -1.138182742499438405e-10
3.296132398797497198e-01 -1.069283550592103893e-14
3.283126656366066598e-01 -4.747799375870442873e-13
3.283157501427392266e-01 3.873637521856210242e-13
3.283188133144607224e-01 -1.016686734800487102e-13
3.283219392513577750e-01 9.520856325551108057e-14
3.309088817042193931e-01 -3.648192858918264392e-13
3.296321211399432793e-01 3.324424069361953116e-14
3.282111150792971777e-01 -4.984485046932718433e-13
3.311346973773137137e-01 -8.537337503611297507e-13
3.283384021567199440e-01 2.481140293220107651e-13
3.336350239924655292e-01 6.678676394437574326e-04
3.230447081150383815e-01 1.801620384888166782e-03
3.239647340209999005e-01 1.390960997242979280e-03
3.245522116249850986e-01 6.134010460943570275e-04
3.283564695307307213e-01 6.973588373426764520e-15
3.283602223757741134e-01 -4.108310913686352706e-13
3.283639110595381605e-01 4.321265567597265544e-13
3.282626047235774336e-01 -1.198277588265739269e-13
3.282690824612470859e-01 2.308570001829934881e-14
3.278020367336973440e-01 -4.948888521205674351e-13
3.303841715069216201e-01 -1.409289351883558084e-14
3.282905553936816823e-01 -1.010372341347931524e-13
3.282975126589006698e-01 1.248300074419006478e-12
3.285626604517919436e-01 5.577066586326395736e-13
3.283816314808559733e-01 1.220273881941125182e-13
3.283957462499715318e-01 -3.662348202482235138e-14
3.287322874407757611e-01 -5.391034840762642943e-13
3.287766288142415783e-01 1.645114600101749147e-12
3.284179195172483023e-01 -3.356342981319926366e-13
3.284244518890366282e-01 2.147726441137365327e-13
3.305642988315626307e-01 -2.866457071704076043e-14
3.284377827128826532e-01 1.711339403520639735e-13
3.284445446833327287e-01 1.951078187900634475e-13
3.284521628209140509e-01 1.262323578998802986e-13
3.285185745158767934e-01 1.964678419952292643e-13
3.298048790564404587e-01 -1.160488372065060503e-12
