-2.342456721548807352e-01 5.213077832603996153e-03
-2.342454098286776976e-01 5.212126240713599312e-03
-3.049049151524232948e-01 9.024176275795103841e-03
-2.342438856874656528e-01 5.204507420828341502e-03
-3.048311944415052488e-01 9.071654714801369312e-03
-3.047761605088006864e-01 9.104712809179904554e-03
-2.342432477369669197e-01 5.167193495683120030e-03
-3.046289917336414410e-01 9.183450256347536200e-03
-3.045365897791184606e-01 9.225952272001458621e-03
-2.342625508018908176e-01 5.059930297411252553e-03
-3.043138099463217339e-01 9.307364724838895764e-03
-3.041835717100633829e-01 9.341565785009386946e-03
-3.040411034459937212e-01 9.367865678242270899e-03
-3.038869079924109151e-01 9.383272576471035631e-03
-3.037217585751638693e-01 9.384536167949930618e-03
-3.035467640882729135e-01 9.368147183416053458e-03
-3.033634512822203644e-01 9.330325772793468531e-03
-3.031738556289598208e-01 9.267070702923041470e-03
-3.029805497767302236e-01 9.174000593529629821e-03
-3.027872691679976969e-01 9.046787947053269718e-03
-3.025980125709487600e-01 8.881245395987891200e-03
-3.024174076924321386e-01 8.670119938427534034e-03
-2.688292522972048348e-01 4.213276847687741355e-03
-2.687615549764268419e-01 4.179009781653530986e-03
-3.019968803195788309e-01 7.715718867991994134e-03
-3.019258840070164762e-01 7.251523058469822036e-03
-2.379931889889447816e-01 3.324153648754379908e-03
-2.685349490063299038e-01 4.000122168607345152e-03
-2.684885075110246544e-01 3.948193999644911134e-03
-2.684434074994608843e-01 3.895788355511742296e-03
-2.684036818520278977e-01 3.827307697749360305e-03
-2.683610966897425065e-01 3.773552689014358918e-03
-2.683124141313091848e-01 3.714487046177827878e-03
-3.057230761434782673e-01 6.259586200630162800e-03
-2.444710435067989907e-01 3.717671108848408235e-03
-2.451104059656352419e-01 4.283707925561097696e-03
-2.455026503288944006e-01 4.749428676065092780e-03
-2.458319841727461541e-01 5.130671090548544200e-03
-2.461282664281057020e-01 5.500611740033245489e-03
-2.462913120225510843e-01 5.605914912048981513e-03
-2.465941205282473625e-01 5.696102511299205862e-03
-2.469087416719466521e-01 5.711350730887299054e-03
-3.072192494294776477e-01 9.929280712394072950e-03
-3.066375591799191946e-01 1.016535191920492354e-02
-3.059860537768160360e-01 1.024211716597822619e-02
-2.494479029117288027e-01 5.331083035327477404e-03
-3.046037961392667470e-01 9.774158204322536125e-03
-3.040925015649055263e-01 9.151036152377001187e-03
-3.037336158768917938e-01 8.481780046765363679e-03
-3.034663891307075034e-01 7.689896861712564036e-03
-3.033319168890413753e-01 6.772816246882917834e-03
-2.545721644744919909e-01 8.776051925370287332e-03
-2.516197252900397863e-01 1.036338273226233841e-02
-2.487214731112627197e-01 8.855514970770805849e-03
-2.490991794198177955e-01 3.377756820776456337e-03
-2.542551747254120920e-01 6.805725137998930308e-03
-3.076086284470632148e-01 4.444252871877996114e-03
-2.509519562430330697e-01 7.102803710845317919e-03
-2.518842299286078168e-01 4.275081441593164833e-03
-3.837626716007277450e-01 3.847509717229080639e-02
-3.693747669493196439e-01 4.826400022259264011e-02
-3.617586433507671284e-01 5.382077968673182333e-02
-3.549915474517006952e-01 5.775581322320344491e-02
-3.486123723815778841e-01 6.065467734285551193e-02
-3.424738947890740848e-01 6.277062447222031549e-02
-3.365111120950652346e-01 6.425220124618241657e-02
-3.306876601571920871e-01 6.520175328484728583e-02
-3.249782291271532397e-01 6.569751128224832204e-02
-3.193619043981866246e-01 6.580430384167890168e-02
-3.138198672705400094e-01 6.557994257644372826e-02
-3.083355379284902220e-01 6.507963551425482995e-02
-3.028967393497999927e-01 6.435895668023883243e-02
-2.974997114120454533e-01 6.347469640734831886e-02
-2.921538775350613903e-01 6.248211607070325302e-02
-2.868843308517648460e-01 6.142781942177399923e-02
-2.817281926293169203e-01 6.034074796356148074e-02
-2.767245083441227660e-01 5.922726266415456742e-02
-2.719032213784366436e-01 5.807432312729027268e-02
-2.672795353620886494e-01 5.685812858042199602e-02
-2.628546786063729046e-01 5.555233780827739665e-02
-2.586198435950675112e-01 5.413259970524131326e-02
-2.545601422524817470e-01 5.257761797953114380e-02
-2.506572256599013948e-01 5.086820268325981109e-02
-2.468904328106028834e-01 4.898541221023494652e-02
-2.432366537286624608e-01 4.690822486113588319e-02
-2.396688975410676548e-01 4.461066153870918427e-02
-2.361530134034564576e-01 4.205786621487467292e-02
-2.326408065190555263e-01 3.920016013582960923e-02
-2.290545239926665422e-01 3.596346168768377316e-02
-2.252470895899862102e-01 3.223533397351485696e-02
-2.208853576391734685e-01 2.786803994719461164e-02
-2.151725968674475797e-01 2.294124114946038961e-02
-2.073373998596577672e-01 1.856416398706878246e-02
-1.970550393978816317e-01 1.734564585837022888e-02
-1.901337642713873954e-01 1.986088723987894378e-02
-1.855547411507653122e-01 2.162362748595492157e-02
-1.818641474531743352e-01 2.269480521154598751e-02
-1.786538252784922454e-01 2.328479205655459294e-02
-1.757571386834052007e-01 2.351558497065397990e-02
-1.730883410104746556e-01 2.345939727831169996e-02
-2.701367327046133582e-01 4.120112367091532946e-03
-3.049238502999118139e-01 9.011447648484938178e-03
-2.701193389667819744e-01 4.127190088644594468e-03
-2.700986794839744243e-01 4.135209973167297548e-03
-2.342430336028150928e-01 5.196623380428755379e-03
-2.700350851218356052e-01 4.159457079953465808e-03
-2.699928057649684798e-01 4.174810749512369856e-03
-2.342457932923644459e-01 5.142269380701003367e-03
-2.342515651750323724e-01 5.107492261767321295e-03
-2.698284665796765736e-01 4.228030280996442070e-03
-2.697629442948921152e-01 4.246060881642144125e-03
-2.343139572394736803e-01 4.911398011870404812e-03
-2.696190508084294057e-01 4.278410980291857957e-03
-2.344540809487313249e-01 4.665854222058340994e-03
-2.694625047348418456e-01 4.301106733094417489e-03
-2.347990211759377055e-01 4.356331822539749599e-03
-2.692990184687552579e-01 4.308995978017871042e-03
-2.692166785679060426e-01 4.306095945810828329e-03
-2.691349139869391172e-01 4.298094277758013337e-03
-2.690546032620297345e-01 4.284858231404897744e-03
-2.689764686980663511e-01 4.266088290755032375e-03
-2.689017805475159562e-01 4.243641221734595348e-03
-3.022527974148388474e-01 8.410899217737244360e-03
-3.021105399587452611e-01 8.095829440242341413e-03
-2.686976161593374046e-01 4.140306843999408404e-03
-2.686387819965660451e-01 4.097247524105340766e-03
-3.019069019590991942e-01 6.653723892976137755e-03
-2.384300265280874520e-01 3.043230366436278089e-03
-2.389593633408786388e-01 2.672583452253907144e-03
-2.396862488732662277e-01 2.149931372927849083e-03
-2.412185792269480877e-01 1.706771112525706791e-03
-2.424702700257052035e-01 2.388680109401020157e-03
-2.432005846475799038e-01 2.911218816643412755e-03
-2.682211467658041637e-01 3.672674199391379180e-03
-2.681702007393956810e-01 3.539482342828526029e-03
-2.680703787749012523e-01 3.429766439092207797e-03
-2.679342025908788560e-01 3.261490047002657544e-03
-2.677539600165231848e-01 2.986319313469765202e-03
-2.675335407569235935e-01 2.488825909275127479e-03
-3.083528292946612348e-01 8.220590694472229565e-03
-3.081672592740448691e-01 8.903138778274533038e-03
-3.077743389680672736e-01 9.517067517522848075e-03
-2.472931725914201961e-01 5.616681220775909811e-03
-2.479372961080923699e-01 5.611853578010306265e-03
-2.484309802660371880e-01 5.471566565446894792e-03
-3.053034897587903473e-01 1.012884936802443958e-02
-2.512151377677900865e-01 6.299152629736848308e-03
-2.500356334888262366e-01 8.693615811604160637e-03
-2.478555517280223441e-01 7.369056694594200430e-03
-2.486660325730955523e-01 4.572527277928284395e-03
-2.538868154346873296e-01 3.498084485050623194e-03
-2.705607579580228683e-01 1.645392650515109523e-03
-2.746610345327624714e-01 1.804628456842871653e-03
-2.714762991247516855e-01 1.476922137115865841e-03
-2.741117087201810909e-01 1.524768421742539459e-03
-2.731697518053426421e-01 1.421146049604471440e-03
-2.525619852341092764e-01 8.154691755420218069e-03
-2.113358992078777088e-01 5.813042826307124322e-03
-2.724395103739187252e-01 1.053879026117754414e-03
-2.535633795253377509e-01 4.577402057815982417e-03
-2.542298978137844112e-01 4.312798177296073288e-03
-1.764030977018445911e-01 1.060707592848975089e-02
-2.561508885200818875e-01 4.147506859167038318e-03
-1.661865300054420347e-01 1.261666372322167717e-02
-2.576804881286521853e-01 4.330127418960494357e-03
-2.583351905512043523e-01 4.514062974233512548e-03
-3.110795631115230719e-01 4.764408730552838200e-03
-2.592852065732734745e-01 4.821380856066703746e-03
-2.597805491592617422e-01 4.893010060128544225e-03
-2.601820236741734793e-01 4.964222761843717358e-03
-2.605705960085305528e-01 5.036205843635677137e-03
-2.608863320157964738e-01 5.022881035481874257e-03
-2.612034091168253802e-01 4.996732751896881819e-03
-2.615192082581779265e-01 4.887030780268863950e-03
-2.618593818896833847e-01 4.801116767203184033e-03
-2.993064861404722277e-01 5.381556741988924308e-03
-2.992769527598661550e-01 5.600482968748987656e-03
-2.995340726687507060e-01 4.736243600414080657e-03
-2.627863967161166436e-01 4.354304808952935701e-03
-2.629012398128599548e-01 4.267834901192424368e-03
-3.045476838985538004e-01 4.788253837828382320e-03
-2.630739532991077656e-01 3.698469279864058379e-03
-3.075502940444579947e-01 6.057989896172788491e-03
-3.074612036451111474e-01 6.862065232120129199e-03
-3.073128370959642419e-01 7.139017512481471428e-03
-3.072836379910719451e-01 7.071248294486909280e-03
-3.076569081711642006e-01 7.001485340761948173e-03
-3.078586789142874203e-01 7.370538490787503783e-03
-3.077402059793789002e-01 7.604149440940621840e-03
-3.075550851794811025e-01 7.679045380337812254e-03
-3.073457133186401347e-01 7.642486118933644601e-03
-3.071535198927797250e-01 7.512353864190524089e-03
-3.069965197177189631e-01 7.329073290303411703e-03
-2.369548745890163177e-01 2.467165606051535676e-03
-2.391333313162397611e-01 1.922728595490308390e-03
-2.752221287415067552e-01 2.172157199578306219e-03
-3.064281160562106754e-01 6.323395707274359623e-03
-3.063335216599586963e-01 6.005183700410698933e-03
-3.062285644642315785e-01 5.656578281507951278e-03
-2.736511819235746823e-01 2.002522036992249177e-03
-3.049308976019889927e-01 9.006595690366825391e-03
-2.701319393966302718e-01 4.122031985056839876e-03
-2.342447286164429099e-01 5.209389539759468057e-03
-3.048740489743259618e-01 9.044643559707521430e-03
-2.700705625990093006e-01 4.146124937565220936e-03
-2.342425361261379069e-01 5.184652299474790116e-03
-3.047088102008906341e-01 9.142452589766147941e-03
-2.699440372619550388e-01 4.191729900163365663e-03
-2.698890521116340535e-01 4.209702274870386063e-03
-3.044315039144019353e-01 9.268005479552532400e-03
-2.342817450949440661e-01 4.995901464967755778e-03
-2.696929794872963693e-01 4.263000461420474174e-03
-2.343671061395745658e-01 4.801961960687106679e-03
-2.695419240464095312e-01 4.291293144353169886e-03
-2.345930888821335381e-01 4.509388497333399748e-03
-2.693812515648895123e-01 4.307187370242437918e-03
-2.350602285988351303e-01 4.240971175446195396e-03
-2.353411979256920528e-01 4.173169135668397534e-03
-2.356182757474291622e-01 4.135051964620772846e-03
-2.358858731334478043e-01 4.106341919595912771e-03
-2.361476909182621819e-01 4.070399338309882431e-03
-2.364112796185551535e-01 4.019448365571443027e-03
-2.366817383980466816e-01 3.946236510433076550e-03
-2.369701117433034854e-01 3.845041140836946703e-03
-2.372853545032962141e-01 3.714612671034456248e-03
-2.376116978541223668e-01 3.541887643781937989e-03
-2.685839094763778911e-01 4.050760871301684052e-03
-2.308878385240004660e-01 2.235422360473637848e-03
-2.308297594034279809e-01 2.317192557394875951e-03
-2.307469793032635441e-01 2.322968244561796070e-03
-2.306746631361569766e-01 2.266725536629876636e-03
-2.306390735771781941e-01 2.163412344714843449e-03
-2.306552578621625382e-01 2.061095303830751124e-03
-2.438624834026042187e-01 3.333609301551798687e-03
-2.307787857269308629e-01 1.905565505207540422e-03
-2.308674614475517972e-01 1.871851227825294117e-03
-2.837531383700340193e-01 3.852859232645056142e-03
-2.309560405237398306e-01 1.866170758543450603e-03
-2.309811102317609333e-01 1.865970722494558753e-03
-2.309950352350391145e-01 1.851362212935026008e-03
-2.846528900676616458e-01 3.795868891090181663e-03
-2.713395678444064374e-01 4.061466623165810308e-03
-2.690511317769572197e-01 2.052364194551403731e-03
-2.694872783631571123e-01 2.092383144775056270e-03
-2.310551910517239238e-01 1.964549137552451530e-03
-2.708979947010390910e-01 4.927577155585061153e-03
-2.684729185488993752e-01 3.617575798039895929e-03
-2.684485203661729491e-01 2.550568125396279751e-03
-2.684054627146523209e-01 1.601064407167285264e-03
-2.306321685507720098e-01 1.367300258252879264e-03
-2.693056485132133138e-01 1.870536437957537323e-03
-2.668293589456085524e-01 7.790033439560861694e-04
-2.702719089305997135e-01 1.620373491252824483e-03
-2.665841053621151868e-01 9.293923385908509083e-04
-2.662373785398481352e-01 8.210100898466965447e-04
-2.308002280207819279e-01 1.102207820790124249e-03
-2.154323804825719335e-01 5.458871461102243750e-03
-2.722654542675101430e-01 1.375833527510861298e-03
-2.665625367020594272e-01 6.695591860512162263e-04
-1.892475958589374119e-01 4.838671169787145399e-03
-2.313156028667585906e-01 2.175286668315679073e-03
-2.552638056136935507e-01 4.088803721869205265e-03
-2.125775332743533863e-01 3.100732754852064676e-03
-2.569400813210912515e-01 4.205610780106450175e-03
-2.017195139148353356e-01 3.292525221348541198e-03
-2.752537242902528547e-01 1.902889363940452050e-03
-2.588862487324870010e-01 4.709874861927809686e-03
-2.667130371954515855e-01 8.405507037499981848e-04
-2.317211122160904579e-01 9.180562995456109654e-04
-2.316822028584271664e-01 1.049568431788272527e-03
-2.129833637251442313e-01 1.646610582072494111e-03
-2.662901096555929659e-01 3.608214269983367473e-04
-2.015212659213658775e-01 2.769260963789543784e-03
-2.012879656269364326e-01 2.824172351021170257e-03
-2.995153859587224576e-01 3.692546360350823509e-03
-2.622761841721970577e-01 4.688500908903991959e-03
-2.624715953638491195e-01 5.018550448002201403e-03
-2.623567113183906674e-01 4.550752201430419142e-03
-3.024260601535959103e-01 3.299336267419183955e-03
-3.040647520332714349e-01 4.536528409284812380e-03
-2.629750410975091879e-01 4.043898085044461688e-03
-3.067430702317086588e-01 4.135237953888426521e-03
-2.631716990174333692e-01 3.382700770962643322e-03
-2.632755748413582175e-01 2.965280242213930162e-03
-2.633952609226420938e-01 2.470812045627823750e-03
-2.635614560912798443e-01 1.786206530671519133e-03
-2.670262843118128004e-01 3.598186410230796994e-04
-2.652859613267624095e-01 2.362558707633022337e-03
-2.638148718014788896e-01 9.235461559262136966e-04
-3.247216743874790090e-01 3.324269387497247319e-03
-2.660941118248145720e-01 4.628214074893222119e-04
-2.349041672665453107e-01 9.706303626997869749e-04
-2.360820489802802069e-01 1.271244115486069859e-03
-2.836345927212795548e-01 2.872170283312935890e-03
-2.756518480312595276e-01 1.931766140124024922e-03
-2.403737236236888342e-01 1.299995677367271618e-03
-2.748021290986357723e-01 2.237264175773912012e-03
-2.744708419961425783e-01 2.198193389041314116e-03
-2.740810291243338526e-01 2.196095425200328410e-03
-2.480303818050719478e-01 9.760825925393956659e-04
