-2.521993477576096598e-01 6.430336154501062329e-02
-2.521973805686744674e-01 6.430071383077504144e-02
-2.521921186939308224e-01 6.429361061397442789e-02
-2.521835277030404776e-01 6.428194767349768024e-02
-2.521715527905610821e-01 6.426555589799153034e-02
-2.521561203978043286e-01 6.424420168060551717e-02
-2.521371404127903948e-01 6.421758747529497657e-02
-2.521145089056830990e-01 6.418535252220017306e-02
-2.520881113476660662e-01 6.414707374934011663e-02
-2.520578262534095004e-01 6.410226685599168528e-02
-2.520235291815580148e-01 6.405038757982220443e-02
-2.519850970240533616e-01 6.399083314490100483e-02
-2.519424125139126391e-01 6.392294388152675033e-02
-2.518953688823706849e-01 6.384600500143436386e-02
-2.518438746000404849e-01 6.375924850378243691e-02
-2.517878581429326967e-01 6.366185517865530219e-02
-2.517272727326908544e-01 6.355295666599146409e-02
-2.516621010109559298e-01 6.343163751911791437e-02
-2.515923596203297752e-01 6.329693721365450831e-02
-2.515181036785792967e-01 6.314785203460129837e-02
-2.514394311484203781e-01 6.298333676684414462e-02
-2.513564871223192276e-01 6.280230610712644879e-02
-2.512694680602011177e-01 6.260363570829836910e-02
-2.511786260379264557e-01 6.238616275911465503e-02
-2.510842730862654082e-01 6.214868599432937790e-02
-2.509867857243880951e-01 6.188996501963432012e-02
-2.508866098196482763e-01 6.160871882314161718e-02
-2.507842659380186134e-01 6.130362332845578494e-02
-2.506803553888677372e-01 6.097330782236441704e-02
-2.505755672168225034e-01 6.061635006089524658e-02
-2.504706864559649304e-01 6.023126981840833116e-02
-2.503666040433286666e-01 5.981652059212181488e-02
-2.502643288974850111e-01 5.937047910449930882e-02
-2.501650028154404626e-01 5.889143215187642166e-02
-2.500699190442598474e-01 5.837756022086851293e-02
-2.499805456681001570e-01 5.782691712186263655e-02
-2.498985553557079020e-01 5.723740465322142701e-02
-2.498258635984492437e-01 5.660674098444747060e-02
-2.497646784311602919e-01 5.593242099257973027e-02
-2.497175659251264779e-01 5.521166614564457925e-02
-2.496875377381894412e-01 5.444136061325458714e-02
-2.496781701567078182e-01 5.361796896668194479e-02
-2.496937691789443969e-01 5.273742891392291243e-02
-2.497396047680880971e-01 5.179500971766736600e-02
-2.498222523290063446e-01 5.078512289455303780e-02
-2.499501065461083027e-01 4.970106614352383378e-02
-2.501341842935561610e-01 4.853467445576720163e-02
-2.503894371657952034e-01 4.727584733183923249e-02
-2.507370170847875168e-01 4.591193432964525006e-02
-2.512084529321456094e-01 4.442706470525481510e-02
-2.518539773141816873e-01 4.280202598495617961e-02
-2.527606056575347204e-01 4.101784890803904932e-02
-2.540932821345219805e-01 3.907987935351969061e-02
-2.561594348959414513e-01 3.715073394057424871e-02
-2.591321836245025212e-01 3.594402285759808191e-02
-2.620863688367102706e-01 3.607770324477915791e-02
-2.716508598736872004e-01 3.790863320878126719e-02
-2.716436193414188405e-01 3.921508071215973334e-02
-2.715016772195441019e-01 4.012416532043201756e-02
-2.712859468751810388e-01 4.072457015347952930e-02
-2.710359455722803346e-01 4.106639938861361694e-02
-2.707810267430075801e-01 4.117987226946549784e-02
-2.705459693716690261e-01 4.108309972650007330e-02
-2.703544961001450586e-01 4.078556918941369375e-02
-2.722237873054473845e-01 4.068626271449601872e-02
-2.730237801051404456e-01 4.170833378055759100e-02
-2.733424107074344800e-01 4.276718785463527739e-02
-2.733056488471051204e-01 4.364636501336362912e-02
-2.730538817472304980e-01 4.428464460860011276e-02
-2.726829769442946638e-01 4.467863120873911270e-02
-2.722571819535966053e-01 4.483892890709471196e-02
-2.718239410421058322e-01 4.477674468559932758e-02
-2.714237372065382847e-01 4.450014768423595640e-02
-2.710974044194588983e-01 4.401322433612886442e-02
-2.708936484898926134e-01 4.331646074466472679e-02
-2.708800462352060623e-01 4.240909147301313853e-02
-2.838257390930936652e-01 4.309071734600929821e-02
-2.834746995272021675e-01 4.390944257122647576e-02
-2.832315982591755432e-01 4.450311219298660331e-02
-2.831610275164485047e-01 4.497987504935025554e-02
-2.832940526828345296e-01 4.548534685332439320e-02
-2.835711195742180446e-01 4.620058020676165444e-02
-2.837876737504482771e-01 4.724481022765013999e-02
-2.837013950559286179e-01 4.853627870099112146e-02
-2.832266290327919434e-01 4.986425476085106639e-02
-2.824243371532058067e-01 5.106859393397486513e-02
-2.813909799932665101e-01 5.208031059128892526e-02
-2.802063619681771645e-01 5.288444917503004605e-02
-2.789269872190852095e-01 5.348890897183260218e-02
-2.775913470037161268e-01 5.390936576047680034e-02
-2.762256165386695606e-01 5.416307063292465779e-02
-2.748477509993439982e-01 5.426651124838052787e-02
-2.734701798941180373e-01 5.423464801461106571e-02
-2.721015524356806825e-01 5.408077373142039512e-02
-2.707478784499535163e-01 5.381660760628310253e-02
-2.694132873671617467e-01 5.345246501403119743e-02
-2.681005432940590794e-01 5.299743944673861867e-02
-2.668114015221049740e-01 5.245957275876213244e-02
-2.655468599123740892e-01 5.184600637639993209e-02
-2.643073392401669164e-01 5.116311290871032591e-02
-2.630928147122674199e-01 5.041661016590703176e-02
-2.619029134907417955e-01 4.961166037235078402e-02
-2.607369884146705230e-01 4.875295740001634598e-02
-2.595941751733387703e-01 4.784480459765390326e-02
-2.584734383368694211e-01 4.689118543484152579e-02
-2.573736105206781977e-01 4.589582877750195827e-02
-2.562934283138186276e-01 4.486227015776488025e-02
-2.552315682769161764e-01 4.379390985686132387e-02
-2.541866861793811716e-01 4.269406792466857309e-02
-2.531574625563041692e-01 4.156603534733838839e-02
-2.530226553212186480e-01 4.016289657547731512e-02
-2.511411765524804163e-01 3.923867976153010140e-02
-2.501521499120100689e-01 3.804615052215356424e-02
-2.498703796475953975e-01 3.672597349058502603e-02
-2.482096475753768350e-01 3.562091369776564098e-02
-2.478399121896643909e-01 3.434416611990574741e-02
-2.463161966233777256e-01 3.316570948568797750e-02
-2.453906624937826630e-01 3.193531328628222699e-02
-2.444820347519064685e-01 3.070699406924616570e-02
-2.439833748728580387e-01 2.951008310595121253e-02
-2.430760570309488111e-01 2.830530508563715297e-02
-2.421984932893508080e-01 2.710578822829372292e-02
-2.413548235873892445e-01 2.591210193331436318e-02
-2.405493852564734303e-01 2.472412446023085353e-02
-2.397866723934802824e-01 2.354117263533311855e-02
-2.390713606681969527e-01 2.236218431875910961e-02
-2.384084022300431704e-01 2.118595366538919555e-02
-2.378031842284198116e-01 2.001143522763361438e-02
-2.372617280198574263e-01 1.883815699943833244e-02
-2.367908719233516868e-01 1.766681224713760601e-02
-2.363983039859893776e-01 1.650012228060934727e-02
-2.360921604495258563e-01 1.534402586937444468e-02
-2.358796956122318211e-01 1.420901719173563171e-02
-2.357645174869758831e-01 1.311082327119242330e-02
-2.357427794808680255e-01 1.206879597557629358e-02
-2.357997496889036038e-01 1.106256146725062561e-02
-2.359172379190929703e-01 1.021765911454385056e-02
-2.360693255197841289e-01 9.419215125640811870e-03
-2.362415492373653170e-01 8.680633929273318117e-03
-2.364116695928847878e-01 8.042123657517996627e-03
-2.365818865313157049e-01 7.440100430896712247e-03
-2.367452966188394736e-01 6.880887551706682537e-03
-2.369004787576511895e-01 6.354973359598212190e-03
-2.557502164460103145e-01 2.496396868384764822e-03
-2.558310382174548425e-01 2.512100896401914252e-03
-2.373199049010421835e-01 4.897430347518771931e-03
-2.559843618367080853e-01 2.524812795010336619e-03
-2.375763539324879381e-01 3.948379360508888491e-03
-2.561390595120326963e-01 2.540270918938339340e-03
-2.562155156029059522e-01 2.551015342025647614e-03
-2.439510016871177800e-01 5.582081549020016797e-02
-2.439535554447126164e-01 5.581140649231928347e-02
-2.439603819745271573e-01 5.578627350236694399e-02
-2.439715150340726890e-01 5.574534381446705211e-02
-2.439870105583565318e-01 5.568849906696565072e-02
-2.440069482124351263e-01 5.561557496077285806e-02
-2.440314335846691385e-01 5.552636087079662608e-02
-2.440606010656964087e-01 5.542059935249946806e-02
-2.440946174750107389e-01 5.529798554715603665e-02
-2.441336865174515425e-01 5.515816649194676957e-02
-2.441780541773541091e-01 5.500074034512204141e-02
-2.442280151900675378e-01 5.482525554298091353e-02
-2.442839207712758642e-01 5.463120991554174660e-02
-2.443461878371347429e-01 5.441804980354935511e-02
-2.444153100163658499e-01 5.418516924371157700e-02
-2.444918708447105238e-01 5.393190932639559121e-02
-2.445765596497340988e-01 5.365755788744252380e-02
-2.446701907898410355e-01 5.336134978439079080e-02
-2.447737271192091668e-01 5.304246814471445803e-02
-2.448883088285160325e-01 5.270004718826527129e-02
-2.450152891843115910e-01 5.233317756388896486e-02
-2.451562791892226978e-01 5.194091567814309446e-02
-2.453132038476504018e-01 5.152229936040565034e-02
-2.454883735829051228e-01 5.107637362261303882e-02
-2.456845754213568822e-01 5.060223261049478366e-02
-2.459051897539983322e-01 5.009908776311360057e-02
-2.461543394539925378e-01 4.956637884464445282e-02
-2.464370777998708129e-01 4.900395586879337934e-02
-2.467596171128925708e-01 4.841237930445695115e-02
-2.471295837345960644e-01 4.779341827419042454e-02
-2.475562382926061178e-01 4.715087679999855480e-02
-2.480504797136515172e-01 4.649194155909088660e-02
-2.486241696477596019e-01 4.582926449276925746e-02
-2.492877619628402208e-01 4.518373254171616227e-02
-2.500445825215177331e-01 4.458668024897645410e-02
-2.508809995644646351e-01 4.407742547779729819e-02
-2.517578141304609995e-01 4.369010335266102635e-02
-2.526163959067530551e-01 4.343279524230755917e-02
-2.534028104315095287e-01 4.327900170649701811e-02
-2.540880374725924540e-01 4.318232267114151257e-02
-2.546682619108827650e-01 4.309678685912292362e-02
-2.551544263143266655e-01 4.298652498120641985e-02
-2.555631852840686835e-01 4.282600292687985949e-02
-2.559122608698469747e-01 4.259697262834477582e-02
-2.562188247593435997e-01 4.228533900650088828e-02
-2.564993875299513837e-01 4.187865916479152628e-02
-2.567704024805369523e-01 4.136406882720409378e-02
-2.570493375527079793e-01 4.072616215017173941e-02
-2.573563374138537196e-01 3.994411014652506781e-02
-2.577170133112116068e-01 3.898662112738631585e-02
-2.581677634257219522e-01 3.780111695759003770e-02
-2.587674165933007142e-01 3.628484347278915223e-02
-2.596246804526650687e-01 3.417812562053527958e-02
-2.607532422880903256e-01 3.031105301971287469e-02
-2.706958746347052358e-01 3.303174142244522105e-02
-2.714134885675933417e-01 3.602239623976431770e-02
-2.642447046730691529e-01 3.689345258502148284e-02
-2.657204022911882069e-01 3.777936555211580671e-02
-2.667730201691515535e-01 3.851867449046113279e-02
-2.675966462044868655e-01 3.906105595580192102e-02
-2.683314780726547277e-01 3.941430541075417737e-02
-2.690937037636768059e-01 3.961843984427829840e-02
-2.699907008009962972e-01 3.976193957646646099e-02
-2.710844808328704558e-01 4.003174065138811327e-02
-2.702322831896604161e-01 4.028949018815441291e-02
-2.702105735098757067e-01 3.958969541399016273e-02
-2.703319117134763139e-01 3.867209420397779707e-02
-2.706613185854702675e-01 3.751007438273097627e-02
-2.713124201705026661e-01 3.605755126511504816e-02
-2.725238287048277197e-01 3.423908332547309641e-02
-2.749717952553398792e-01 3.200009049961821672e-02
-2.805729745323530810e-01 3.137550120535136100e-02
-2.838081421039159724e-01 3.522692168431640347e-02
-2.845150847767052849e-01 3.823043859966261671e-02
-2.844957661054195452e-01 4.038393421931255056e-02
-2.842030245301782054e-01 4.195175854153445488e-02
-2.711632968966817270e-01 4.129851379620887164e-02
-2.719283475320457000e-01 4.003961830276380612e-02
-2.734680123500587978e-01 3.890159310126688197e-02
-2.757465788702642140e-01 3.870822631458141483e-02
-2.775870374520313932e-01 3.976295979767002081e-02
-2.785342125718027195e-01 4.112321340902798383e-02
-2.789444742828037227e-01 4.234867259114586530e-02
-2.790801464924411723e-01 4.339635447722697131e-02
-2.790716656664699036e-01 4.431297065027662435e-02
-2.789728382389503603e-01 4.515959998330917879e-02
-2.787861318544227474e-01 4.598860661428277180e-02
-2.784802526691246283e-01 4.682523971691918141e-02
-2.780163273902581667e-01 4.765706996899322923e-02
-2.773744447156683557e-01 4.844403802154682165e-02
-2.765621947074470843e-01 4.914151057870851103e-02
-2.756057063010811659e-01 4.971673502705625802e-02
-2.745371730634637020e-01 5.015250236837880821e-02
-2.733869859786914325e-01 5.044382653090024454e-02
-2.721806503650803233e-01 5.059339524974165725e-02
-2.709383611415583926e-01 5.060804626798726114e-02
-2.696756286212291798e-01 5.049652118656657723e-02
-2.684041583303416467e-01 5.026816846241245751e-02
-2.671326744731850056e-01 4.993224531052986581e-02
-2.658675982650604008e-01 4.949757104815581676e-02
-2.646135777570587932e-01 4.897237882430771627e-02
-2.633738924160814454e-01 4.836427635858159269e-02
-2.621507598825979501e-01 4.768026498626403570e-02
-2.609455691491943119e-01 4.692678877605956783e-02
-2.597590596846310329e-01 4.610979826961024430e-02
-2.585914617478160538e-01 4.523482055133166979e-02
-2.574426097979022887e-01 4.430703125420664551e-02
-2.563120384868805002e-01 4.333132606219457922e-02
-2.551990690217870172e-01 4.231238999464420614e-02
-2.541028924467825245e-01 4.125476262308053199e-02
-2.521426574429935785e-01 4.041311939645160500e-02
-2.519575520099906485e-01 3.904120538731805506e-02
-2.509069259692607301e-01 3.789409520572697282e-02
-2.491750217961212766e-01 3.683904170417902357e-02
-2.488478887741675805e-01 3.554122741654863749e-02
-2.472563891251512436e-01 3.439531901376272072e-02
-2.468474840542645710e-01 3.313892512311313043e-02
-2.458722730709449744e-01 3.192933837802600094e-02
-2.449165953527800421e-01 3.071879219398086780e-02
-2.435931832044841427e-01 2.948311186324463484e-02
-2.427275221633734548e-01 2.826540905439826890e-02
-2.418889047429493289e-01 2.705494278766649996e-02
-2.410815124829891465e-01 2.585207772095425571e-02
-2.403097669525705304e-01 2.465654335444149303e-02
-2.395782866023150881e-01 2.346755261173714968e-02
-2.388919042483930999e-01 2.228397681262679619e-02
-2.382557505060748926e-01 2.110457864705435338e-02
-2.376753965055000972e-01 1.992831960196091157e-02
-2.371570308928634407e-01 1.875478085593457189e-02
-2.367076092349765792e-01 1.758476357656729716e-02
-2.363348354811500296e-01 1.642115027020984996e-02
-2.360466886422947497e-01 1.527005885007208519e-02
-2.358500240186991448e-01 1.414207065388803364e-02
-2.357478315902790666e-01 1.305269938899682181e-02
-2.357356765010831245e-01 1.202057929888981913e-02
-2.358007945641998060e-01 1.110092442592687523e-02
-2.359192926062006201e-01 1.018802195524470822e-02
-2.360724911662293590e-01 9.396626255113754711e-03
-2.362383552423810706e-01 8.697852154201449193e-03
-2.554489703596802830e-01 2.434941740420304424e-03
-2.555175736144726373e-01 2.452778298663263468e-03
-2.555959174000627665e-01 2.471600920953609393e-03
-2.556732346839989400e-01 2.485766660510688175e-03
-2.557552759788182528e-01 2.504130875199170325e-03
-2.558273606517093568e-01 2.504613143257436447e-03
-2.559073797144191809e-01 2.518619789006332210e-03
-2.559830469355803273e-01 2.518291903687408517e-03
-2.560613736601122237e-01 2.525895812888132030e-03
-2.561393985029281062e-01 2.535195868225550986e-03
-2.562163671657482489e-01 2.546734457441898747e-03
-2.551928095620821790e-01 1.143228609944427210e-02
-2.551858212981389373e-01 1.143178170577839603e-02
-2.551672577044948875e-01 1.143047155101259427e-02
-2.551372803201959472e-01 1.142808289215417605e-02
-2.550961546839752292e-01 1.142440863459964762e-02
-2.550442589079187083e-01 1.141897700450349162e-02
-2.549820898102440059e-01 1.141135308372269452e-02
-2.549103113947578381e-01 1.140086953781495327e-02
-2.548296469414214616e-01 1.138697732589118161e-02
-2.547409445397389449e-01 1.136883814469293041e-02
-2.546452880294029497e-01 1.134568531569643546e-02
-2.545438641182958261e-01 1.131661945587494889e-02
-2.544381013843438066e-01 1.128076109394292315e-02
-2.543295670370708805e-01 1.123715811715740587e-02
-2.542203133114107061e-01 1.118486063095978922e-02
-2.541123730245255508e-01 1.112284591558602986e-02
-2.540083868288880442e-01 1.105009396030338931e-02
-2.539113818909115028e-01 1.096562864863280529e-02
-2.538249410424022190e-01 1.086828690156503574e-02
-2.537535664270526570e-01 1.075698414499884348e-02
-2.537027739351021549e-01 1.063017475990725436e-02
-2.536799087479748027e-01 1.048626722141647594e-02
-2.536950075965347939e-01 1.032297915850835524e-02
-2.537629000986104111e-01 1.013710422668841205e-02
-2.539070968043176113e-01 9.924471164135015289e-03
-2.541684672052092475e-01 9.680254184362011016e-03
-2.546274686073904947e-01 9.404052496913284376e-03
-2.554684928642000363e-01 9.138411137227089864e-03
-2.570789465644519045e-01 9.265144659824753326e-03
-2.589263422914893642e-01 1.127133939146685027e-02
-2.586966225205915015e-01 1.389758175706447274e-02
-2.576841766218896934e-01 1.576161268658532455e-02
-2.563982812650355547e-01 1.716029490630238685e-02
-2.549326626732656420e-01 1.822644839940638917e-02
-2.533189046723763327e-01 1.900006845442842041e-02
-2.515866775922734888e-01 1.947849189265210557e-02
-2.497835452343287466e-01 1.964714531956694710e-02
-2.479725435346528672e-01 1.950749529941747662e-02
-2.462092077193871187e-01 1.908870907836479613e-02
-2.445212017528881343e-01 1.843450792759245005e-02
-2.429069719322767273e-01 1.758320102958675635e-02
-2.413434906994043616e-01 1.655800086455709585e-02
-2.397892889010972972e-01 1.536713954609511545e-02
-2.593163422243817129e-01 8.778819844236201986e-03
-2.592138163980170495e-01 9.292139313020614244e-03
-2.590940970519100550e-01 9.874778188063107476e-03
-2.589377552062510079e-01 1.054930823421758312e-02
-2.587093979235992047e-01 1.133483468612940526e-02
-2.583578839872997523e-01 1.223221309294808545e-02
-2.578361771622484921e-01 1.321381170094421131e-02
-2.571251005713010018e-01 1.424522133924580047e-02
-2.562124337945180241e-01 1.532899012283382711e-02
-2.757154831974475973e-01 2.041390608951484942e-02
-2.706431367811825139e-01 2.634691876454747783e-02
-2.576706507446122063e-01 2.532384072463854385e-02
-2.544009478214118158e-01 2.351107875854294149e-02
-2.518825751906344501e-01 2.235311275137831510e-02
-2.497951920751723676e-01 2.139474900233880039e-02
-2.479923815774419671e-01 2.050237900493019627e-02
-2.463977155962197019e-01 1.962086333601265054e-02
-2.449662683511294459e-01 1.872376806097056368e-02
-2.436681235249986144e-01 1.779779869585304541e-02
-2.424791865065106800e-01 1.683610791066006418e-02
-2.811845670356596938e-01 1.715383882890948730e-02
-2.758200362183769738e-01 1.701592092838369319e-02
-2.703066363168678543e-01 1.575721984026218214e-02
-2.638047759617749843e-01 1.530254086131832558e-02
-2.593268180757286601e-01 1.652855033571498655e-02
-2.561833431918781878e-01 1.726741297809172848e-02
-2.536012551493129208e-01 1.763113802186187795e-02
-2.513525350375698242e-01 1.772996147408081868e-02
-2.493323715146775199e-01 1.761743301124622796e-02
-2.474810293788390625e-01 1.732175247619631431e-02
-2.457602459612860391e-01 1.685822374593155815e-02
-2.441427739589881463e-01 1.623347131415164846e-02
-2.426055931222708684e-01 1.544694725516378153e-02
-2.411226594795447542e-01 1.449063591606827850e-02
-2.396515792663257705e-01 1.334868116656175163e-02
-2.380984695939945828e-01 1.200723461929771585e-02
-2.747416802029676308e-01 1.035535850857279005e-02
-2.660794811940657700e-01 6.344933374947611671e-03
-2.559991467513630381e-01 9.644013543616561379e-03
-2.501887364822734106e-01 1.033405316647632854e-02
-2.461935743732776294e-01 1.143467919493292018e-02
-2.431939222618108021e-01 1.152545313443201214e-02
-2.405288477954369286e-01 1.080699118674773029e-02
-2.572934203342373549e-01 4.532295242639275412e-03
-2.560246037391240570e-01 4.295434499741762613e-03
-2.449755068943536840e-01 6.766294299396152789e-03
-2.436680263393390944e-01 7.083955179177078842e-03
-2.574363359807439466e-01 3.437985644912183725e-03
-2.575127892782917427e-01 3.614460897878160606e-03
-2.572875743226821221e-01 3.577619886644595182e-03
-2.576153065032141809e-01 3.383487117302907965e-03
-2.577263877008027504e-01 3.407830299781672290e-03
-2.578351874458292836e-01 3.427999901633144164e-03
-2.579440217781999167e-01 3.444709253178093733e-03
-2.580547055130071876e-01 3.458459013243056490e-03
-2.581687575800913903e-01 3.469615921272206638e-03
-2.582876492538759838e-01 3.478487555935438902e-03
-2.584128763065380863e-01 3.485466450490207202e-03
-2.585460493563380702e-01 3.491162776106296328e-03
-2.586889347106086645e-01 3.496523125162992462e-03
-2.588434077071795070e-01 3.503276222840440157e-03
-2.590109370238763420e-01 3.514294757301680838e-03
-2.591916190397025033e-01 3.534137207641133149e-03
-2.593819602251442036e-01 3.568441930579244192e-03
-2.595727974074800160e-01 3.620340896008489295e-03
-2.597525403466674487e-01 3.684780354444430750e-03
-2.599151572246827802e-01 3.748935068913231139e-03
-2.604563590423558672e-01 3.905706395603239511e-03
-2.605688968668984917e-01 4.018634424670999850e-03
-2.606668941256348737e-01 4.079768480446763212e-03
-2.607659230409540840e-01 4.092741103171787520e-03
-2.608733192559599678e-01 4.061330404888055523e-03
-2.609920652732962698e-01 3.987555639777096150e-03
-2.611226679680418439e-01 3.871750821561992240e-03
-2.612641675900026494e-01 3.712762846786385462e-03
-2.614146266287724618e-01 3.507546241757905636e-03
-2.615713743733296126e-01 3.251336016952988128e-03
-2.617313258665451281e-01 2.936109576472695215e-03
-2.618913644947195030e-01 2.546916749322863938e-03
-2.620484159852861650e-01 2.051821309193763154e-03
-2.526302518756857185e-01 2.243195155667510043e-03
-2.527835512437968113e-01 2.199937343074109819e-03
-2.529432011761506005e-01 2.146417944660375388e-03
-2.531118603295740010e-01 2.082005121497254585e-03
-2.532941582535523928e-01 2.006049234859169639e-03
-2.534988721707009396e-01 1.918769827757488278e-03
-2.537439614212790850e-01 1.825726907175390101e-03
-2.540583704336868420e-01 1.763066262369425430e-03
-2.543957312644015145e-01 1.820816552727935744e-03
-2.546403894513368238e-01 1.948199973051165101e-03
-2.548150672531389049e-01 2.066143572154691133e-03
-2.549529212874545037e-01 2.163272635713073266e-03
-2.550892067612506864e-01 2.242738733183854971e-03
-2.551901439637763724e-01 2.308317691153138895e-03
-2.552820244867584076e-01 2.360737330199924600e-03
-2.553676400872881835e-01 2.402336083766012931e-03
-2.554373429454533939e-01 2.428117931431772458e-03
-2.555273907898486518e-01 2.460159508159684427e-03
-2.556040746797152430e-01 2.479292535261468089e-03
-2.556797862285595246e-01 2.493573963934847537e-03
-2.370473490977570985e-01 5.854102988383444450e-03
-2.371867173185341904e-01 5.370678416245902587e-03
-2.559049583207418932e-01 2.511541112652976304e-03
-2.604851521073118237e-01 -1.275757277596767381e-11
-2.560617601868495075e-01 2.531735350143476948e-03
-2.596715692586384350e-01 -4.396910613380100585e-11
-2.601559929398659099e-01 4.258965402570424885e-11
