-8.375136423167901523e-01 5.007581454220462192e-01
-8.349366671413867014e-01 5.025489446153943440e-01
-8.278929744309380112e-01 5.069473005812541455e-01
-8.161025563764173762e-01 5.128952898306676778e-01
-1.151247346314413500e+00 1.483253660933083085e+00
-1.109181592550908091e+00 1.244932684771971276e+00
-1.076980747391955262e+00 1.082690306535093683e+00
-9.015128024264618123e-01 1.291928569813042271e+00
-1.031384393872738947e+00 1.423606223482167144e+00
-1.025200297738408484e+00 1.284101971391724994e+00
-1.019654665611483768e+00 1.172596050374591359e+00
-1.014739233341671376e+00 1.081461190356595825e+00
-1.010427707140857390e+00 1.005606120342624754e+00
-1.006685423766314980e+00 9.415004513394247265e-01
-1.003475233690933832e+00 8.866167123763356583e-01
-1.000760976107897049e+00 8.390955088524559846e-01
-7.824446804637954500e-01 1.235320037505460489e+00
-7.971427004353988099e-01 1.270702929208981757e+00
-8.216824277585996761e-01 1.292610537839752105e+00
-8.318389450851633171e-01 1.288121276525085124e+00
-8.227169261980185055e-01 1.272752626047654489e+00
-8.373548090116286202e-01 1.154605885073287652e+00
-8.414753822320188981e-01 1.096471797779451363e+00
-7.938158355361886187e-01 1.142549556874082661e+00
-8.549177304807615840e-01 9.898569375651231628e-01
-7.790280898233888918e-01 1.100939293080114068e+00
-7.760823792250555186e-01 1.110355868131514212e+00
-7.680176530633039400e-01 1.086528683084271751e+00
-7.674869896530276403e-01 1.041227261495385248e+00
-7.669354269878005947e-01 9.986439413098502360e-01
-7.663616957661274487e-01 9.584858279355822352e-01
-7.657642925972116821e-01 9.204952836083328815e-01
-7.651414759228010176e-01 8.844440225339083028e-01
-7.644912806961648988e-01 8.501282093712099197e-01
-7.638115663444169368e-01 8.173643649036149705e-01
-7.631001192308558556e-01 7.859859588471512781e-01
-7.623548338941950053e-01 7.558406677353982639e-01
-7.615739773049420291e-01 7.267884345200900098e-01
-9.552440130111041761e-01 5.511451066776940078e-01
-9.591221288547601143e-01 5.374256883805351714e-01
-9.617737932526262412e-01 5.241720466456885053e-01
-9.635084664083627404e-01 5.113682915907676874e-01
-9.645284106354919951e-01 4.990172391133014251e-01
-9.649683729779575669e-01 4.871269995432179201e-01
-9.649172182891461169e-01 4.757019973323572959e-01
-9.644329510356248747e-01 4.647361357354753419e-01
-9.635552235309444713e-01 4.542087132227956570e-01
-9.623159539750723024e-01 4.440840513774579890e-01
-9.607471280563132376e-01 4.343148197337103333e-01
-9.588848934175363548e-01 4.248477271284281098e-01
-9.567700788956200464e-01 4.156295951165698277e-01
-9.544462909602406953e-01 4.066121852929016622e-01
-9.519570806726365131e-01 3.977550738516337780e-01
-9.493433508290952672e-01 3.890266992715079031e-01
-9.466415947114967810e-01 3.804041260365775834e-01
-9.438830776132961509e-01 3.718721112939507023e-01
-1.156530752282051155e+00 2.111306480053734003e-01
-1.161302990622734344e+00 2.055090808136665892e-01
-9.355044504625014135e-01 3.467575266155189517e-01
-9.327366465931898887e-01 3.385482002316837491e-01
-9.300049486283543665e-01 3.304284965143828856e-01
-9.273221825292286002e-01 3.224060752627087023e-01
-9.247016502208292854e-01 3.144887931850326446e-01
-9.221576824215993451e-01 3.066835025867158393e-01
-9.197057153104590821e-01 2.989948661424897125e-01
-9.173618644187008231e-01 2.914243868919170755e-01
-9.151421152040974949e-01 2.839698668230319356e-01
-9.130613804336908945e-01 2.766254174446374225e-01
-9.111327140867477858e-01 2.693819858773809361e-01
-9.093668959590026635e-01 2.622282157845694517e-01
-1.208390069625143282e+00 1.486925607424978146e-01
-1.211135365583834167e+00 1.452287003366434792e-01
-1.213786156977304076e+00 1.418648321995585881e-01
-1.216342156671103236e+00 1.386001305769541947e-01
-1.218797107400036994e+00 1.354315296369845711e-01
-1.221139896539957359e+00 1.323481357078704068e-01
-1.223360866128732738e+00 1.293265729206618531e-01
-1.225461441621496617e+00 1.263319787347056966e-01
-1.227461605758955132e+00 1.233257305048058861e-01
-1.229401542002277026e+00 1.202762360929152674e-01
-1.231338145568226183e+00 1.171688508007844298e-01
-1.233338604756949008e+00 1.140141804784757795e-01
-1.235470739551515873e+00 1.108562122081602208e-01
-1.237785831583682050e+00 1.077793743134585203e-01
-1.240289849455461058e+00 1.049056685800791033e-01
-1.242911390217570800e+00 1.023651148578565984e-01
-1.245498660199058749e+00 1.002352874753529299e-01
-1.247873642806817118e+00 9.849104071026792973e-02
-1.249908183870998890e+00 9.701715587469483815e-02
-1.251558173991334622e+00 9.566876834442084032e-02
-1.252845957397301202e+00 9.432477076319734088e-02
-1.253822241959601902e+00 9.290720773237404195e-02
-1.254536608313856494e+00 9.137246439771251616e-02
-1.255027645043607532e+00 8.969334528904560067e-02
-1.255327078815548836e+00 8.784812189205992716e-02
-1.255465056767551157e+00 8.582076701960472676e-02
-1.255468189716621774e+00 8.360560379175230317e-02
-1.255351843766221664e+00 8.120784104566247663e-02
-1.255113724782642270e+00 7.863765851118853512e-02
-1.254734437283931525e+00 7.590222380223177190e-02
-1.052328992900775528e+00 9.881513019022913902e-02
-1.221288101466005083e+00 7.530381556462906190e-02
-1.222207085370730750e+00 7.355284010369533831e-02
-1.223092384812058731e+00 7.176662178151071991e-02
-1.223943330450885103e+00 6.997025318828842266e-02
-1.224742279367535991e+00 6.816384860450619421e-02
-1.225489670790111285e+00 6.632471043844079261e-02
-1.009168127235651413e+00 8.780041006812955295e-02
-1.011046910003074562e+00 8.590663808416709735e-02
-1.227712284299778966e+00 6.066971729257031321e-02
-1.228435958101320669e+00 5.888368117486053599e-02
-1.016469081903912386e+00 8.027673039655369713e-02
-1.229468299488136962e+00 5.545743845643813508e-02
-1.019996010490275440e+00 7.650832853711020398e-02
-1.314565084074991841e+00 5.625159030087378831e-02
-1.314354099323277181e+00 5.682031469413262315e-02
-1.314024993133828145e+00 5.710195345858082305e-02
-1.313657846000722218e+00 5.708874732690771836e-02
-1.313329621982919360e+00 5.680760517937533116e-02
-1.313101874142263092e+00 5.631512521130410676e-02
-1.313007073651013323e+00 5.569172398398780643e-02
-1.313033485985025672e+00 5.502506863289213790e-02
-1.313124509169268483e+00 5.438040920758546726e-02
-1.313201204262063104e+00 5.377793421526577688e-02
-1.313191007794200615e+00 5.319174472588650282e-02
-1.313047974007316210e+00 5.256341555657662035e-02
-1.312760228197648482e+00 5.182248919768839279e-02
-1.312341651061030623e+00 5.090261348318558809e-02
-1.311818912745071231e+00 4.974070803688190878e-02
-1.311231410194374281e+00 4.826306248556799794e-02
-1.310650611049867686e+00 4.637092282742738547e-02
-1.310227389449623026e+00 4.392807381210994677e-02
-1.115298968858423834e+00 5.321033075515368971e-02
-1.116034611236980334e+00 5.100290927466444302e-02
-1.116880228620295235e+00 4.856307531453185611e-02
-1.224151846347329320e+00 4.040987545083929433e-02
-1.224533876662820653e+00 4.001919842800627514e-02
-1.224760946436057152e+00 3.960479625956647709e-02
-1.224841464040194339e+00 3.909680193613107591e-02
-1.224842556314541753e+00 3.842250715572359532e-02
-1.004795459879957331e+00 5.392740169051601917e-02
-1.006704686326922893e+00 5.456292565342768519e-02
-1.225304402982922092e+00 3.574026026044907489e-02
-1.009772502207655354e+00 5.556443270844457771e-02
-1.011056158768727231e+00 5.589350178673968550e-02
-1.012238441210917550e+00 5.612257491628414030e-02
-1.013344328029578856e+00 5.627724367966546737e-02
-1.014378890805440969e+00 5.638127319243202429e-02
-1.015333832924914859e+00 5.644724189517402735e-02
-1.016197899528217041e+00 5.647332256576276244e-02
-1.065579196479963020e+00 1.266143004187683108e-01
-1.065765534710361395e+00 1.310852858548037236e-01
-1.066413175058654073e+00 1.426550452229995436e-01
-1.067882086259649643e+00 1.607885112950491191e-01
-1.328335199414197421e+00 1.315026484935883699e+00
-1.195722064507358740e+00 1.152544755260251907e+00
-1.104793262024136080e+00 1.031449080591664291e+00
-7.383248832729509825e-01 1.140878505272609145e+00
-8.682131102771778464e-01 1.167832277070698144e+00
-8.199029089807921000e-01 1.324968269115325947e+00
-8.072522841595609622e-01 1.207546004917670945e+00
-7.956439501987349061e-01 1.109955647130294043e+00
-7.849491446844052422e-01 1.027057548207114479e+00
-7.655673255868875593e-01 1.167714322249382874e+00
-7.693598819647951004e-01 1.240800772907376670e+00
-7.649898132602355183e-01 1.162016615518501439e+00
-9.985094413540682723e-01 7.975363482593890163e-01
-9.966913900534066784e-01 7.608623896618516014e-01
-7.949481030991893959e-01 1.201012629678799959e+00
-8.228211102852409642e-01 1.224390320898761431e+00
-8.341891034306896380e-01 1.218221898262809688e+00
-8.223465105183223045e-01 1.199743333845676663e+00
-8.215542933579035312e-01 1.130234582329463500e+00
-8.465905966247453396e-01 1.043144551951985743e+00
-8.525514198109961361e-01 9.939978426731774785e-01
-8.686743995062435886e-01 9.474363953416593542e-01
-7.747181544151200416e-01 1.049954215008562564e+00
-7.724309547242383944e-01 1.061186845874761975e+00
-7.686376866739695890e-01 1.015394130079871005e+00
-7.647254302332557874e-01 9.726672726177898465e-01
-7.607221432382722526e-01 9.327363440813712936e-01
-7.566601284110285874e-01 8.953633945624771551e-01
-7.525747831255181763e-01 8.603354642726129820e-01
-9.131085442153643594e-01 6.927430270315502181e-01
-7.444810958994986239e-01 7.965560909988183003e-01
-7.405434464837288289e-01 7.674609596360366659e-01
-9.161102872036138711e-01 6.229774410173177790e-01
-7.330379428146681642e-01 7.140850771604202452e-01
-9.157922465955504743e-01 5.812433799270049217e-01
-9.150803051051382697e-01 5.615761650697373986e-01
-9.140498977961479810e-01 5.426246540018365705e-01
-9.127315272635567744e-01 5.243326182368222010e-01
-9.111494114815209544e-01 5.066483718283846249e-01
-9.093208356658277758e-01 4.895249011965778774e-01
-9.072557151239797335e-01 4.729209416130994992e-01
-9.049567732879101323e-01 4.568031094501250333e-01
-9.024209891360419622e-01 4.411490722632551709e-01
-8.996433042477934849e-01 4.259513878936271869e-01
-8.966238560716497386e-01 4.112206656131744964e-01
-8.933793236535974014e-01 3.969849048145228654e-01
-1.123722732764784071e+00 2.498641539033421566e-01
-1.129873340420642913e+00 2.429114099393649973e-01
-1.135637044568988507e+00 2.361470434265906526e-01
-1.141131163743237309e+00 2.295552595448373534e-01
-1.146431680556760035e+00 2.231644113449411382e-01
-1.151567263985601386e+00 2.170146934498684566e-01
-9.410938125659303877e-01 3.634219161210914262e-01
-9.382951038577983516e-01 3.550501179586422751e-01
-1.165874228459255368e+00 2.001265468413930826e-01
-1.170250414682690421e+00 1.949561917656867926e-01
-1.174445913080637061e+00 1.899790408729282731e-01
-1.178473916047535708e+00 1.851841455840423922e-01
-1.182343023565925799e+00 1.805629523099590017e-01
-1.186059545327819542e+00 1.761056127048923337e-01
-1.189630190495237549e+00 1.718014133523584341e-01
-1.193062330965657614e+00 1.676403519876239478e-01
-1.196363196892515690e+00 1.636134792327379461e-01
-1.199539660144985698e+00 1.597125088512290070e-01
-1.202598477092523988e+00 1.559297326206707801e-01
-1.205546407716545421e+00 1.522582860945538297e-01
-1.160071323505232233e+00 1.515130076085102750e-01
-1.163120456074296483e+00 1.479608951268460704e-01
-1.166063754553873899e+00 1.445211046694623302e-01
-1.168906428403353459e+00 1.411857229057433827e-01
-9.032304203406489318e-01 2.273558176278545062e-01
-1.174315853842341495e+00 1.348043867592403355e-01
-1.176893347369545539e+00 1.317525309262430611e-01
-1.179388692158023888e+00 1.287902435162717740e-01
-1.181801922454730258e+00 1.259129014632405230e-01
-1.184133967951739530e+00 1.231141323071449634e-01
-1.186387036801695105e+00 1.203872762464690549e-01
-1.188564011403490106e+00 1.177258647323851104e-01
-1.190668408319732530e+00 1.151233426564430840e-01
-1.192704926792831133e+00 1.125732408180006860e-01
-1.194679660303515023e+00 1.100699333422283654e-01
-1.196599814765773262e+00 1.076093412995375864e-01
-1.198473233521639258e+00 1.051895585666453581e-01
-1.200307417274040001e+00 1.028114250146230368e-01
-1.202108023564509631e+00 1.004783300993452588e-01
-1.203877727997045621e+00 9.819483572019516160e-02
-1.205616701906425670e+00 9.596463670215560349e-02
-1.207325207343998619e+00 9.379048861918026780e-02
-1.209003536158539394e+00 9.167831873271703458e-02
-1.210644495036842461e+00 8.963757400729033264e-02
-1.212230565584168529e+00 8.766917411490937617e-02
-1.213749810859400924e+00 8.575781123860770627e-02
-1.215210098995336496e+00 8.388972570583219657e-02
-1.216622072026556589e+00 8.207485660616464784e-02
-1.217967610834128411e+00 8.033421385209393861e-02
-1.219202809098805185e+00 7.865930453208869189e-02
-1.220302433616494042e+00 7.700022762445724034e-02
-1.174921103861581217e+00 7.685803768714194462e-02
-1.175714585139098212e+00 7.493452700831193525e-02
-1.176567179728535306e+00 7.280041012407911794e-02
-1.177583582326138467e+00 7.054334874808998457e-02
-1.178783003175441157e+00 6.832406604075158540e-02
-1.180034004741686626e+00 6.628551498047619006e-02
-1.128979872067658263e+00 6.854305316294984074e-02
-1.129776010249547991e+00 6.781455852836848486e-02
-1.182318692604764410e+00 6.043103683914674562e-02
-1.130676505583635416e+00 6.571733028483994765e-02
-1.229041961037429909e+00 5.717336611122258994e-02
-1.131498425889536641e+00 6.265409152433676354e-02
-1.229729922850545387e+00 5.361922744534330931e-02
-1.021762025004038899e+00 7.461899162350382753e-02
-1.023537763792960131e+00 7.272540738084143364e-02
-1.025335526193077440e+00 7.082275038904239928e-02
-1.105923125353641678e+00 6.751036859192005579e-02
-1.106954560608100824e+00 6.777152873631675511e-02
-1.107846517088955540e+00 6.780769782327755735e-02
-1.108626193217666867e+00 6.764664673686926477e-02
-1.109312965802562667e+00 6.730616302456615685e-02
-1.109922972237015415e+00 6.679628306578311303e-02
-1.110472111166884712e+00 6.612204873829385932e-02
-1.110977277855577539e+00 6.528629541721531204e-02
-1.111456159544644384e+00 6.429177880610992268e-02
-1.111926257122123118e+00 6.314224924707589892e-02
-1.112403822607706205e+00 6.184251040772692498e-02
-1.112903099775282678e+00 6.039785827909893712e-02
-1.113435679212350315e+00 5.881320481732643657e-02
-1.114009620934746980e+00 5.709134402742854775e-02
-1.221810865498391907e+00 4.301632710374181379e-02
-1.222281039421601934e+00 4.215991974182520252e-02
-1.312006142936884334e+00 3.731115396062878453e-02
-1.223610618345017054e+00 4.083412323053381421e-02
-1.117921648836654125e+00 4.585643839690045631e-02
-1.119283089444978341e+00 4.289302432687103206e-02
-1.063427701128829783e+00 4.482811599841296513e-02
-9.999689302874550378e-01 5.266938954858368938e-02
-1.065956841955980838e+00 4.234027812468310614e-02
-1.067401145278007668e+00 4.104755539774940232e-02
-1.225037206755452690e+00 3.664418413001713226e-02
-1.008342158131541044e+00 5.511943347957060091e-02
-1.072186890574747142e+00 3.796802736658655419e-02
-1.225871789113587740e+00 3.409584993866565661e-02
-1.226167537274773789e+00 3.332252136528102149e-02
-1.226442235437552375e+00 3.264586369035549218e-02
-1.226600900342442735e+00 3.204882606628678410e-02
-1.305659786588120985e+00 3.033184476289485509e-02
-1.226481164499469756e+00 3.077575179828939689e-02
-1.291815143023504975e+00 8.958280227995607525e-02
-1.291785555517314332e+00 8.962768023463807410e-02
-1.291707746667547507e+00 8.976304036210658310e-02
-1.291584589410246231e+00 9.003190628777257842e-02
-1.465970252879686520e+00 4.777067173911997422e-01
-1.261891557287826648e+00 5.578567308659496682e-01
-7.715345419812227323e-01 1.261072928593730547e+00
-1.051829174010161516e+00 9.650210583013235643e-01
-7.121074150437747274e-01 1.046371828448918073e+00
-8.397827492005256467e-01 1.069496393096346143e+00
-8.150610227921062378e-01 9.894864443050233049e-01
-7.932097867559586568e-01 9.229832235113732963e-01
-9.835373777862637112e-01 6.667511943051116496e-01
-7.750132254622349448e-01 9.552288801813443309e-01
-7.594992404198037672e-01 1.094876982318791159e+00
-7.534967144743514034e-01 1.031852864456246355e+00
-7.605507964302461454e-01 1.092590315684180080e+00
-7.801899859399166193e-01 1.166597703887560789e+00
-7.778385917089936097e-01 1.105658472217997845e+00
-7.924657410638613619e-01 1.138579771021066334e+00
-8.243967859711593960e-01 1.163754863733719613e+00
-8.265182831199745506e-01 1.110260670399157323e+00
-8.295071105910682974e-01 1.064192880015482068e+00
-8.361055725512762660e-01 1.027805944136633620e+00
-7.830915401797159392e-01 1.155950352370026524e+00
-8.590088493618235344e-01 9.484200281201912164e-01
-8.790193402538193368e-01 9.075908188339211202e-01
-7.701819598872323702e-01 1.002599295909684995e+00
-8.941935295167149356e-01 8.361209488122516298e-01
-7.518005937812253237e-01 9.586323129647521535e-01
-7.515480878000697640e-01 9.213047501232548564e-01
-7.513085877712789573e-01 8.860574696367882197e-01
-7.510845563302208650e-01 8.526819621420531625e-01
-7.485029568363261721e-01 8.274590677331039590e-01
-7.506935044306379812e-01 7.908309966397837343e-01
-7.505319949198516749e-01 7.620471017406971193e-01
-9.413360327502897640e-01 5.804209610838808597e-01
-7.502899455681855123e-01 7.081111079187183410e-01
-7.607564277249447837e-01 6.987007705616660180e-01
-7.599013851351924531e-01 6.714622074856780864e-01
-7.590058721871301151e-01 6.449755597255658612e-01
-7.580557779238183969e-01 6.191725340735079186e-01
-7.172705496326229335e-01 6.026086672377483078e-01
-7.557288192642969138e-01 5.695734313764111434e-01
-7.122967104381858761e-01 5.645094832597363776e-01
-7.100884855655982264e-01 5.464919909551007038e-01
-7.480938477871719172e-01 5.022180734160860416e-01
-1.050984066433340303e+00 2.862313304013981430e-01
-1.056992919125550046e+00 2.773224055622147688e-01
-1.117050007445031135e+00 2.570962600920756458e-01
-8.899558064788710698e-01 3.832803338451518105e-01
-8.864351307074282982e-01 3.701316000068102241e-01
-1.081361680165088712e+00 2.444522382864593446e-01
-1.087277732532175190e+00 2.372116645936184209e-01
-1.092991883007699894e+00 2.303548530131784844e-01
-1.098475913997719378e+00 2.238310308171738150e-01
-1.103730105060514610e+00 2.175915991551478079e-01
-1.108771417113331381e+00 2.116014786480655552e-01
-1.113620976887205183e+00 2.058406265951568948e-01
-1.118295854383731358e+00 2.002992531294409684e-01
-1.122806605505176858e+00 1.949712322698129441e-01
-1.127159223479667460e+00 1.898494250022102481e-01
-1.131358462129707920e+00 1.849245217430728339e-01
-1.135409767877261444e+00 1.801863754744519319e-01
-1.139319119665261226e+00 1.756255148486292050e-01
-1.143092057816118112e+00 1.712333743899800975e-01
-1.146733365176991093e+00 1.670016475608879780e-01
-1.150247494490927114e+00 1.629219079577819418e-01
-1.153638936157048045e+00 1.589858224191555980e-01
-1.156912144082424820e+00 1.551854157976342297e-01
-9.077724595502837390e-01 2.551514068022853188e-01
-9.063561075518591359e-01 2.481383787639233063e-01
-9.051233948925400119e-01 2.411761435752239890e-01
-9.040795599004129990e-01 2.342523850624009807e-01
-1.171654963506848279e+00 1.379481477787773969e-01
-9.025832917068445926e-01 2.204765361218796738e-01
-1.123211579662881210e+00 1.328356877141831927e-01
-9.019372461957694265e-01 2.067403813637553878e-01
-9.019683303457575185e-01 1.998767735374051835e-01
-1.131387350425400617e+00 1.238088860345114561e-01
-1.133926003606385402e+00 1.209822775593689670e-01
-9.037390382388769128e-01 1.793955827061799457e-01
-1.138740568870894698e+00 1.155280751609475409e-01
-1.141022431600082987e+00 1.128772630703831492e-01
-1.143229435358710022e+00 1.102540887160932126e-01
-1.145380551991075357e+00 1.076391366252127391e-01
-1.147507180986701458e+00 1.050204996826480386e-01
-1.149648926029960494e+00 1.024023055463452181e-01
-1.151844225936304644e+00 9.981019661618839578e-02
-1.154118225600418990e+00 9.729141045864797555e-02
-1.156469666158698839e+00 9.490878454596640701e-02
-1.158858601530988519e+00 9.272476267751428303e-02
-1.161207766044555667e+00 9.077219096639543849e-02
-1.163432343705520511e+00 8.903192825559247403e-02
-1.165477329669251105e+00 8.744483080216847171e-02
-1.167328639905860888e+00 8.594415386483533759e-02
-1.169000952396277437e+00 8.447958378734909957e-02
-1.170515822554765606e+00 8.302711506629067983e-02
-1.171876973156884771e+00 8.157910451998962031e-02
-1.173064766259086733e+00 8.011237420399086595e-02
-1.174067629520301859e+00 7.856548851265698907e-02
-1.053939181587039808e+00 9.619951281204031091e-02
-1.055477507114875202e+00 9.342309611173749140e-02
-1.056983421348586916e+00 9.044904538103937242e-02
-1.058502661279439927e+00 8.723824128808899125e-02
-1.126332479360347305e+00 7.004736064597172351e-02
-1.127822958088345207e+00 6.922534006357872194e-02
-1.181115105564125578e+00 6.441261979515955360e-02
-1.226955941887251100e+00 6.253802310996259273e-02
-1.130298009940925441e+00 6.689468277731824841e-02
-1.014690164369542069e+00 8.215269299611804854e-02
-1.131041207361800582e+00 6.428490107583284541e-02
-1.182130367777366020e+00 5.143986281896695267e-02
-1.132110141599602882e+00 6.092264065975716569e-02
-1.101462362441989695e+00 6.488760969318008165e-02
-1.103256689683310476e+00 6.613760842838578569e-02
-1.104711305384886710e+00 6.698435243045341991e-02
-1.135403444165792530e+00 5.448241822513200106e-02
-1.029090082559388497e+00 6.701709757420637459e-02
-1.031078847876543803e+00 6.517146922877170567e-02
-1.033125295247351527e+00 6.340923682644450388e-02
-1.216975071434462041e+00 4.688500993136046624e-02
-1.037285117228242015e+00 6.014582652459443679e-02
-1.039393383759480205e+00 5.862809121887591068e-02
-1.041531827148416633e+00 5.720900163978903663e-02
-1.219157992168956595e+00 4.597923244257340336e-02
-1.219716666334779376e+00 4.549585914542086940e-02
-1.220339614202982759e+00 4.505454267485031750e-02
-1.220884628316524001e+00 4.470178161007432038e-02
-1.221256420652441665e+00 4.431856779529486090e-02
-1.221515699088916218e+00 4.376845430312581442e-02
-1.114629249703526170e+00 5.522897336502752275e-02
-1.056767384819640165e+00 4.901292996930495249e-02
-1.058392456223414824e+00 4.827806422309088852e-02
-1.295750945361626938e+00 3.317496284859666744e-02
-1.061117361084256805e+00 4.681203826083968345e-02
-1.135065797596250592e+00 3.743447321900572611e-02
-1.121081146756828462e+00 3.975886547820040029e-02
-1.064637762621637229e+00 4.362111318126071779e-02
-1.135177695419529398e+00 3.634438010024987342e-02
-1.224879195285110578e+00 3.757675515078928719e-02
-1.068976730370912787e+00 3.981309752358819232e-02
-1.070642849826541010e+00 3.875850343450970570e-02
-1.225594184152277277e+00 3.490479691321279887e-02
-1.073362686525666687e+00 3.725480235637124160e-02
-1.241607928200156641e+00 2.792179325277488466e-02
-1.240325792000435134e+00 2.764759082779355559e-02
-1.157548753782813744e+00 3.028234231160831236e-02
-1.226604735421429115e+00 3.144711956401113895e-02
-1.162100426253432239e+00 3.152959249083098214e-02
-1.141413106601485872e+00 5.866504555832374734e-02
-1.140919882106290917e+00 5.875251227364386430e-02
-1.139603079952036246e+00 5.894924081499652857e-02
-1.137466823874352162e+00 5.915800161615702990e-02
-7.996163439396553052e-01 5.187562636014489970e-01
-7.792460844591171387e-01 5.227584168406171905e-01
-1.122987091761342038e+00 5.716995036606236091e-01
-1.039321416791628927e+00 9.367631061901865452e-01
-1.031869115692212402e+00 8.758681029673590634e-01
-1.015835270614681818e+00 8.061368776497926936e-01
-1.002837393765013685e+00 7.502599610048554801e-01
-9.922307949925747161e-01 7.046195148598065616e-01
-7.736152635985749093e-01 8.667077413862481761e-01
-9.763957492026402729e-01 6.349116609803486799e-01
-7.656281916908374008e-01 8.917961202670199317e-01
-9.657219946484524309e-01 5.845525571593130909e-01
-7.475019221745211606e-01 9.767947252357097598e-01
-7.560261279671061097e-01 1.030793657326945834e+00
-9.952819850750949104e-01 7.282303243175942686e-01
-7.753287410562856863e-01 1.051293004037524570e+00
-7.896044938843909122e-01 1.082270078809881575e+00
-7.862672947913994514e-01 1.031108125988646984e+00
-7.981542600262618858e-01 1.205453335858690078e+00
-8.175007866428716241e-01 1.060645039805048206e+00
-7.888270845870879455e-01 1.084575156012459463e+00
-7.832970977810325142e-01 1.031154784730284435e+00
-8.655375020324842517e-01 9.058543169236550341e-01
-8.873514181881231311e-01 8.705727583468015895e-01
-8.776190767004496962e-01 8.280120247810882628e-01
-8.998165260443191649e-01 8.039281072502953984e-01
-9.043973729221357338e-01 7.737144334409197244e-01
-9.080697337382749312e-01 7.452406790282726234e-01
-9.109426701933509563e-01 7.183061571022428815e-01
-7.508786155267093143e-01 8.209941931296155238e-01
-9.146469863102614228e-01 6.684103841746648067e-01
-9.156273116691480141e-01 6.451890773794051182e-01
-7.367205405474256397e-01 7.400189104185450617e-01
-9.161494789246766857e-01 6.016877613725019058e-01
-7.502131370054742066e-01 6.827373732945070106e-01
-7.501662698674952390e-01 6.582961913885538863e-01
-7.230120493663454440e-01 6.440221084372184102e-01
-7.200444464390083343e-01 6.228558196776086131e-01
-7.570033245277726364e-01 5.940283097004362967e-01
-7.501783201868588158e-01 5.681909781758317513e-01
-7.501625244654559488e-01 5.471908349422208717e-01
-7.500835698512784422e-01 5.266393125698626276e-01
-7.498894261345283585e-01 5.064398217850794026e-01
-7.495002323210605555e-01 4.864756985382023835e-01
-7.487830918628182175e-01 4.665972343449327209e-01
-1.063061734222995325e+00 2.686083490158204246e-01
-1.069179575470303067e+00 2.601775686374776519e-01
-1.075303144915163989e+00 2.521092791699692803e-01
-8.829249978472956117e-01 3.575286626960947345e-01
-8.795341489093682075e-01 3.454159072386511209e-01
-8.763482743652791784e-01 3.337012779984656063e-01
-8.734209858361186019e-01 3.222760107903874793e-01
-8.904271395598053473e-01 3.002125720056496583e-01
-8.966285268393371366e-01 2.915075637330732938e-01
-9.026577213612910766e-01 2.829266925056572735e-01
-1.060667500823132103e+00 2.054679869784559187e-01
-1.065305747412772952e+00 1.998857707129944039e-01
-1.069824504584628633e+00 1.945123128613037711e-01
-1.074207504869843621e+00 1.893403048325590365e-01
-1.078449943739257844e+00 1.843547187624015038e-01
-1.082556485551430248e+00 1.795420317861471382e-01
-1.086534795242012352e+00 1.748939443958721363e-01
-1.090390565081488905e+00 1.704052856082058920e-01
-1.094127049802217311e+00 1.660701393666583758e-01
-1.097747569844393700e+00 1.618806161715300451e-01
-1.101257211346429399e+00 1.578284279448682881e-01
-1.104661981682702354e+00 1.539065048529080215e-01
-1.107967623011139047e+00 1.501089501442360863e-01
-1.111179614133633864e+00 1.464300980067607671e-01
-1.114304041320356209e+00 1.428648336508384631e-01
-1.117347627823769063e+00 1.394100385934724518e-01
-1.120316488379881070e+00 1.360659018310794721e-01
-9.021478971241492228e-01 2.136065127424193744e-01
-1.126027619149575942e+00 1.297211396295820940e-01
-1.128754960590420131e+00 1.267167022308677282e-01
-9.022623802661660086e-01 1.930203560306997801e-01
-9.028441072204926865e-01 1.861846905045356770e-01
-1.004874375212627013e+00 1.549178452093948888e-01
-1.007877984145358674e+00 1.512968245294630254e-01
-1.010806562591688440e+00 1.477611156424019079e-01
-1.013664874449744957e+00 1.443049539062299935e-01
-1.016457847483560384e+00 1.409224715197849864e-01
-1.019191109039750520e+00 1.376076669893959714e-01
-1.021871722553347794e+00 1.343547575603496469e-01
-1.024508870220915524e+00 1.311592721239376313e-01
-1.027113859245538663e+00 1.280199079878947543e-01
-1.029698718756517195e+00 1.249408263988025514e-01
-1.032272845429079489e+00 1.219332914005208934e-01
-1.102728785182874205e+00 9.193916083550690566e-02
-1.037383393008064703e+00 1.162060663761650403e-01
-1.106533462419571068e+00 8.784713570746238709e-02
-1.108401851081198597e+00 8.585222949974857798e-02
-1.044605264153049440e+00 1.084966042049952950e-01
-1.046762479584418815e+00 1.061004665355262944e-01
-1.048763410961532028e+00 1.037210157484844686e-01
-1.050612903688598276e+00 1.013082190137772898e-01
-9.948193971859933260e-01 1.020715998118451040e-01
-1.119521007294002723e+00 7.523654838127535882e-02
-9.991165357046867257e-01 9.775473150473867889e-02
-1.122952928892389846e+00 7.239686249482302216e-02
-1.003266702988901971e+00 9.364729194511167698e-02
-1.060090574610020209e+00 8.374412678932063869e-02
-1.061818913648537421e+00 7.990444619021563888e-02
-1.063790101707581037e+00 7.562424950581525529e-02
-1.181881069336273793e+00 6.252991657305151385e-02
-1.012885711595181704e+00 8.402685417378852328e-02
-1.182481235495902006e+00 5.795472519353594976e-02
-1.182418920488145453e+00 5.498441002237663966e-02
-1.096043993439997255e+00 6.045186937885183021e-02
-1.099166583893372851e+00 6.309370893189836238e-02
-1.229923361245752744e+00 5.156180547541100445e-02
-1.230219251926098378e+00 4.924400178586729737e-02
-1.134570430246395700e+00 5.599997814797474938e-02
-1.214992209482047336e+00 4.540897426649825874e-02
-1.136231990278278925e+00 5.298943512706744130e-02
-1.137066151989392981e+00 5.154301974291652932e-02
-1.216418771368634744e+00 4.689923325367617579e-02
-1.138594774442498236e+00 4.886869104169866418e-02
-1.217587367450571056e+00 4.677358091911298921e-02
-1.218168867011991674e+00 4.662014162895666836e-02
-1.218672589641773163e+00 4.637170820735248000e-02
-1.043674833846004457e+00 5.592521524307958458e-02
-1.045763992080156468e+00 5.478290901430304949e-02
-1.047752298897683509e+00 5.374028392776475371e-02
-1.049638080983793520e+00 5.273928771704605722e-02
-1.051457035616746083e+00 5.174593593512866185e-02
-1.053250148766984085e+00 5.076786110772846250e-02
-1.055030627264160525e+00 4.984369476708172542e-02
-1.131455443088569712e+00 3.793950576350835213e-02
-1.222936185258364228e+00 4.139402234421374338e-02
-1.059843152502759622e+00 4.757787780834044078e-02
-1.134479484847247255e+00 3.745408378407510952e-02
-1.062280927099059857e+00 4.590235077845661316e-02
-1.135350692453824584e+00 3.733863698849382295e-02
-1.135355380491391175e+00 3.701831952023471040e-02
-1.126130001184078022e+00 3.331496018718493879e-02
-1.134963888531141718e+00 3.522382269109702868e-02
-1.134916132259551791e+00 3.358812455342241599e-02
-1.135367985862986373e+00 3.142000455440596696e-02
-1.136896593297087144e+00 2.901055404316599251e-02
-1.242829996316169971e+00 2.771751835908076167e-02
-1.152514567895635889e+00 2.834124986782438071e-02
-1.155213811264705681e+00 2.940203916171846288e-02
-1.144130020278111726e+00 2.889990086432558947e-02
-1.159766343379461384e+00 3.094227381258818355e-02
-1.144942185182475036e+00 2.923954394515515531e-02
-1.377564309834571787e+00 4.478588186915311020e-02
-1.376571042288574187e+00 4.481750494191394374e-02
-1.373947764314016329e+00 4.498854467374058252e-02
-1.369793547909615938e+00 4.542526853530604036e-02
-1.070597085208822241e+00 1.857262235427947772e-01
-1.074420637302299975e+00 2.198318254886464373e-01
-7.565326560222265240e-01 5.236768959829654069e-01
-1.021916314037535356e+00 5.644948969199591327e-01
-9.910158685123047206e-01 8.601321390567454594e-01
-9.553784049675031476e-01 7.966469416445132179e-01
-9.299717376699745408e-01 7.435586787164654154e-01
-9.133615131786005925e-01 6.999154933256297451e-01
-9.037292852077547511e-01 6.662675696832472960e-01
-8.978020270595614694e-01 6.428777231874999165e-01
-9.705288265690585892e-01 6.078292032397424327e-01
-7.564640862504231622e-01 8.346971887535824530e-01
-9.618080059922000657e-01 5.643552701042162667e-01
-7.414583374483709743e-01 9.282658263969415513e-01
-7.513895180999977663e-01 9.752756321464748357e-01
-9.942608560514565319e-01 6.989687095712461273e-01
-7.725890597809599303e-01 1.002504228472139491e+00
-7.695556413131023898e-01 9.584419870875238168e-01
-7.823797118274853357e-01 9.842173156237981058e-01
-7.779365494781025347e-01 9.407966927025859238e-01
-8.014166989530926433e-01 1.001076575246905964e+00
-7.903699704500153356e-01 9.534075230293748149e-01
-7.774108783468327566e-01 9.819013641292826389e-01
-8.717997360201541479e-01 8.658424596672021911e-01
-7.654431188088809401e-01 9.585367060129852401e-01
-8.829605502996158428e-01 7.920355294223599962e-01
-8.878887228776078944e-01 7.575924114537503362e-01
-8.925509163119380585e-01 7.243301770439186660e-01
-8.972186804196157217e-01 6.917969876613564439e-01
-9.025104758927431359e-01 6.592800858156177002e-01
-9.107988211980588833e-01 6.255910196786311772e-01
-9.281233065192457943e-01 5.975645823065519613e-01
-7.503967083354470269e-01 7.345126745976038318e-01
-9.496330616700143779e-01 5.653963178755081476e-01
-7.295161270915216933e-01 6.895232044392127779e-01
-7.261713583727877896e-01 6.662085427479960131e-01
-7.501472165870773923e-01 6.347003213552139256e-01
-7.501505427961574490e-01 6.118687298223066673e-01
-7.501662655357185239e-01 5.897242315498831822e-01
-7.146891117693573436e-01 5.831886044655792967e-01
-7.540065009769554294e-01 5.459079691706730797e-01
-7.515248702633250399e-01 5.232714109477303310e-01
-7.080590817369175616e-01 5.290618436473079056e-01
-7.442714173236217867e-01 4.835037246740905292e-01
-7.413575070953292157e-01 4.668690487114222076e-01
-7.474888519118259023e-01 4.466014865953598090e-01
-8.428167454606569908e-01 3.500795900745068412e-01
-8.528594618582612252e-01 3.428090737808342503e-01
-8.617740905041864075e-01 3.347962653060398974e-01
-8.697968462348244501e-01 3.263706257227250163e-01
-8.771371368485789688e-01 3.177233157197192348e-01
-8.839673899114792732e-01 3.089751888784306733e-01
-8.707797118311596529e-01 3.110309430609514703e-01
-8.684382266599525169e-01 2.998625470619113997e-01
-8.664103923755713810e-01 2.886720900657828714e-01
-9.085749858945628699e-01 2.745357298573514182e-01
-9.144136606351577212e-01 2.663974456095068444e-01
-9.201780702303017367e-01 2.585664787828008127e-01
-9.258505819540239212e-01 2.510825144103456807e-01
-9.313993065891135181e-01 2.439605250018164195e-01
-9.367904079192523881e-01 2.371906565985901771e-01
-9.420008422481704891e-01 2.307483484044223765e-01
-9.470205509087428197e-01 2.245983309458592370e-01
-9.518528549862776966e-01 2.187091084282133391e-01
-9.565079105851285179e-01 2.130535209846267097e-01
-9.609989261350480039e-01 2.076120088542687814e-01
-9.653372816085314945e-01 2.023715237810097545e-01
-9.695318960246510631e-01 1.973199652472761301e-01
-9.735885794555709793e-01 1.924471855854361646e-01
-9.775130810731256226e-01 1.877417202693063558e-01
-9.813111099092967082e-01 1.831922552364380063e-01
-9.849888416734313701e-01 1.787879622357149145e-01
-9.885527077754208136e-01 1.745191920190971580e-01
-9.920089598300285694e-01 1.703767318016302657e-01
-9.953635877667301735e-01 1.663527131785280666e-01
-9.986223752107153961e-01 1.624394876809589494e-01
-1.001790864260848402e+00 1.586300439012482411e-01
-1.136375844579987637e+00 1.182252197458260046e-01
-9.049681373588076561e-01 1.726936971775696605e-01
-1.082729890417016172e+00 1.126777383609673944e-01
-1.085238777159527990e+00 1.100467474344941632e-01
-1.087689576663233071e+00 1.075298972001137443e-01
-1.090063763544867559e+00 1.051144460318829132e-01
-1.092355721357047837e+00 1.027819851803766227e-01
-1.094568249576777230e+00 1.005180370898013376e-01
-1.096705024949575336e+00 9.831192624055318241e-02
-1.098771094851095365e+00 9.615294257178241821e-02
-1.100775037456135808e+00 9.403075839433316929e-02
-1.034838021777351624e+00 1.190149500512829306e-01
-1.104645006234566074e+00 8.987703937202407012e-02
-1.039883735835921863e+00 1.135203391370946946e-01
-1.042303262250325435e+00 1.109572731227603803e-01
-9.858452903614465246e-01 1.113441901982781257e-01
-9.881372967891978165e-01 1.089484388370678403e-01
-9.903957978974756715e-01 1.066039585207572138e-01
-9.926228480322498715e-01 1.043112574329210229e-01
-1.117723543169250933e+00 7.676157856889997966e-02
-9.969847055168113981e-01 9.988606755869966491e-02
-1.121252635619839788e+00 7.378637688299449771e-02
-1.001211666203171369e+00 9.567629559334700495e-02
-1.124659380866815495e+00 7.111776736333497162e-02
-1.005278490650148404e+00 9.166305123301232705e-02
-1.007245826165400260e+00 8.971643977105814294e-02
-1.226215949976749986e+00 6.444107213593452954e-02
-1.066174127838561692e+00 7.073359150752933644e-02
-1.069329670645916996e+00 6.485426338535860147e-02
-1.074479324392925594e+00 5.659570488060872151e-02
-1.091087807482159722e+00 5.593583320234585265e-02
-1.018234056006323662e+00 7.839504317590217930e-02
-1.181525774959946595e+00 4.732294427066507936e-02
-1.132872082518167289e+00 5.920070694719026250e-02
-1.133717355650418090e+00 5.755978619631130222e-02
-1.230864706189564783e+00 4.675184604485593809e-02
-1.027178010756285564e+00 6.891310643843295836e-02
-1.215431213011885392e+00 4.620779332553381913e-02
-1.215920759981723442e+00 4.669509009014038980e-02
-1.137874513720062764e+00 5.017278548555936801e-02
-1.035198864513993788e+00 6.173819081560383282e-02
-1.139179649834767272e+00 4.756419251582499896e-02
-1.139636943180212469e+00 4.615974697474189981e-02
-1.140043303357654469e+00 4.456155311847997957e-02
-1.140541849592423995e+00 4.271759216125881053e-02
-1.141340884420301460e+00 4.066209267576370578e-02
-1.142676886078944465e+00 3.862944203355977990e-02
-1.127350310882236473e+00 3.942889552276995779e-02
-1.128317082979057862e+00 3.924660117732159392e-02
-1.129270490471550925e+00 3.887173059329973590e-02
-1.130306984868589826e+00 3.838657238320641873e-02
-1.148144214033457677e+00 3.521452688810478016e-02
-1.132610890937511883e+00 3.764957253554457317e-02
-1.133641559751761063e+00 3.750658904403714189e-02
-1.238441837770389187e+00 2.863535520735038808e-02
-1.238187339971436041e+00 2.741603991288377173e-02
-1.294745317794109285e+00 3.082444364804337589e-02
-1.123351176409477237e+00 3.656264328910374672e-02
-1.155098664543775522e+00 2.962117739383085535e-02
-1.155084308973920004e+00 2.972007674291576862e-02
-1.154993687265102542e+00 2.940551198151997170e-02
-1.155042322309914216e+00 2.882682620846876986e-02
-1.155286634470345186e+00 2.820376715342631790e-02
-1.155612085506664055e+00 2.765533805338482587e-02
-1.155953521293106467e+00 2.713990550687150893e-02
-1.143393156776987718e+00 2.850596892038281815e-02
-1.239176790670504680e+00 2.690501706040571150e-02
-1.144632289380269397e+00 2.911448676345851361e-02
-1.157127480276211040e+00 2.617662152768196471e-02
