3.003867946762656116e-01 5.279013337577964649e-12
3.003793771879942343e-01 1.712657793362382108e-13
3.003595311234431020e-01 6.375594496788039578e-13
3.003271186216670552e-01 -4.958103372310063151e-12
3.002818860753310171e-01 7.237127563897161053e-13
3.002234052613769744e-01 -1.483840827987137345e-12
3.001509408849951099e-01 1.941155569618047139e-12
3.000631109731621282e-01 -3.355371536173379354e-13
2.999567752844385371e-01 5.350858645059020091e-13
2.998209384391842813e-01 2.512157148970572962e-13
2.996392279969818384e-01 9.965755034495316078e-05
2.995811847216880985e-01 1.698811254595145037e-04
2.995162459885358230e-01 1.899916295917680742e-04
2.994437387328848788e-01 1.645216561140944167e-04
2.994997295473260657e-01 7.190081863228670045e-14
2.995264494121540055e-01 9.117706589734098088e-15
2.995739124558380317e-01 3.225752998048392328e-13
2.996145652808242521e-01 -3.080868893334809400e-15
2.996530161431066874e-01 1.838806884535415520e-14
2.996912079750285729e-01 -8.010536678426660728e-13
2.997300170920154661e-01 3.250177904590145772e-14
2.966200636418429570e-01 8.411114905664957009e-04
2.964743978405404712e-01 1.379177860412680867e-03
2.964309955749063752e-01 2.657106264752517877e-03
2.965854260841073731e-01 5.957944126198516654e-04
2.963050363009599453e-01 1.480489699920914393e-03
2.961602544209255283e-01 1.823709905111506324e-03
2.960367664793000508e-01 2.082736831607465144e-03
2.959190589007088534e-01 2.307600622720756833e-03
2.958010842065282864e-01 2.516094250143693922e-03
2.956767675596471689e-01 2.723165613431582921e-03
2.955301586016240156e-01 2.965745773648040262e-03
2.840830838396979363e-01 1.094905817348394705e-02
2.958423208492395595e-01 2.258436139537869924e-03
2.954708685896222931e-01 2.731251552916202918e-03
2.926870869406569264e-01 2.489319950144966431e-03
2.949582266899340999e-01 3.712623541247947467e-03
2.601962835593703560e-01 2.788796830096282320e-02
2.713450696137796880e-01 2.440669438261722224e-02
2.822736405354193123e-01 1.307606039842050538e-02
2.945955768514030848e-01 3.945468856356298959e-03
2.944755748569710119e-01 4.033614710186109176e-03
2.943532888627241606e-01 4.118376506587057007e-03
2.942289571850832952e-01 4.199119728372252558e-03
2.601368111368631553e-01 4.170511724641679657e-02
2.684200477063145018e-01 4.331714119084421888e-02
2.764267486310040267e-01 4.326728287691176261e-02
2.841750904031961067e-01 4.166639894305457920e-02
2.917101284608134559e-01 3.843622642183722182e-02
2.991238173879841589e-01 3.323073792876291011e-02
3.066842281594314157e-01 2.508906791116417845e-02
3.154245208704948289e-01 1.035690709409443910e-02
2.930457808375137030e-01 4.711392168869954489e-03
2.928780049259800955e-01 4.851356495607681008e-03
2.928690496250734299e-01 5.308841350402437875e-03
2.929627625236215782e-01 4.569006037312944857e-03
2.926334692729317677e-01 4.663427519006571598e-03
2.615306904816216971e-01 2.534733325427163120e-02
2.677161850124863962e-01 2.292655657433260996e-02
2.734799367592548047e-01 1.903605130377393484e-02
2.791749413965128879e-01 1.217454654030290795e-02
2.982021445712234042e-01 5.696366617228942886e-03
2.575668854593193835e-01 5.673633672713622456e-02
2.636982281296269548e-01 5.805177520374484729e-02
2.694575666981246509e-01 5.890729757288814400e-02
2.749109583785139810e-01 5.931994516011989543e-02
2.801048124876298062e-01 5.931279995264122917e-02
2.850718323791295306e-01 5.890753158153706065e-02
2.898354325471504400e-01 5.812134373205367355e-02
2.944126512284045427e-01 5.696556566879158040e-02
2.988159807504416898e-01 5.544465347525597693e-02
3.030544501456839956e-01 5.355494848317418621e-02
3.071341484887918361e-01 5.128266035861265421e-02
3.110582308941373109e-01 4.860033440855911907e-02
3.148262551886467087e-01 4.546037929282592538e-02
3.184322995364881614e-01 4.178240079613704250e-02
3.218601715202174529e-01 3.742567166708955784e-02
3.250697156566045853e-01 3.211841743049888287e-02
3.279446972178507447e-01 2.521481312940512809e-02
3.298766386797915007e-01 1.399132837432207066e-02
3.163683527582412114e-01 8.041959585507449382e-03
3.129764086876531404e-01 8.773228832298876623e-03
3.110066878325617457e-01 8.562274438679934319e-03
3.096404380432143943e-01 7.997990912286617737e-03
3.086234375837327848e-01 7.193041962175461546e-03
3.078388951790151373e-01 6.140144868044608573e-03
3.072225458172271884e-01 4.723153430681789611e-03
3.067350080299869330e-01 2.396677678998176964e-03
2.731774040356818034e-01 9.895981507051454518e-03
2.758609651259759099e-01 1.351303263669478838e-02
2.787654181343991455e-01 1.530344360872358533e-02
2.816292658031156471e-01 1.605209112633781965e-02
2.844102281095687856e-01 1.599295127722068222e-02
2.623667669270206559e-01 3.938128795218748951e-02
2.648662841263095258e-01 3.989543465271564587e-02
2.673230819883842813e-01 4.025711791032049458e-02
2.697376454200162144e-01 4.048103262335844138e-02
2.721104060109124090e-01 4.057935217974625169e-02
2.744416582361461909e-01 4.056217586364606331e-02
2.767315184305284004e-01 4.043782467260336605e-02
