2.629590638096655497e-01 9.402201239794294452e-16
2.629589249947710261e-01 -2.775557561562891351e-17
2.629585541091907230e-01 6.696032617270475384e-16
2.629579501533161889e-01 5.898059818321144121e-17
2.629571114886473104e-01 -7.979727989493312634e-17
2.629560358177035484e-01 1.214306433183764966e-16
2.629547201554618963e-01 1.977584762613560088e-16
2.629531607915479019e-01 2.914335439641035919e-16
2.629513532421113298e-01 -1.942890293094023946e-16
2.629492921899820312e-01 5.166006511458931527e-15
2.629469714113126244e-01 1.033895191682177028e-15
2.629443836861700134e-01 9.645062526431047445e-16
2.629415206901795088e-01 -4.659467256473703856e-15
2.629383728628800210e-01 1.389166559562227121e-14
2.629349292474883470e-01 6.557254739192330817e-16
2.623525751134197503e-01 -3.392772174315439315e-14
2.629271026205898809e-01 2.185751579730776939e-16
2.629226887054567641e-01 5.204170427930421283e-17
2.629179165169764354e-01 3.109665303036024397e-14
2.629127640600596449e-01 -1.353084311261909534e-16
2.629072047880787744e-01 2.879640970121499777e-16
2.629012109820459964e-01 2.914335439641035919e-16
2.623587541416373403e-01 1.340420829887278842e-13
2.628877860512170428e-01 5.516420653606246560e-15
2.623609464225226673e-01 7.497474863171760262e-15
2.628718370886472533e-01 6.938893903907228378e-17
2.623633282555007940e-01 7.761152831520234940e-15
2.628526215626317830e-01 -3.417405247674309976e-15
2.628401473496369545e-01 1.040834085586084257e-16
2.591751517932878723e-01 2.463307335887066074e-16
2.628281149486232926e-01 -7.070732888081465717e-15
2.628113420566395297e-01 2.345346139520643192e-15
2.627953241938011386e-01 8.326672684688674053e-17
2.627777646840259718e-01 3.712308238590367182e-16
2.627572877375126681e-01 3.608224830031758756e-16
2.627302410664591470e-01 1.873501354054951662e-16
2.626472870926262471e-01 -3.326852682228320646e-14
2.623798172043377286e-01 -7.816663982751492767e-15
2.626825265690253541e-01 -1.797173521111972150e-15
2.626422026470466853e-01 4.302114220422481594e-16
2.623853044121735589e-01 -9.402201239794294452e-16
2.598009212394681855e-01 8.847089727481716182e-16
2.624611955215345183e-01 2.439021207223390775e-15
2.623488932926669737e-01 -2.428612866367529932e-17
2.621559009486781333e-01 6.349087922075113966e-16
2.592004860959977175e-01 2.393918396847993790e-16
2.585961813871082704e-01 2.132084609052949803e-03
2.653217024268246238e-01 3.775895516507411093e-03
2.624047402658718497e-01 4.076406037660518233e-06
2.623201990667774486e-01 -3.469446951953614189e-18
2.622118236511034595e-01 -7.979727989493312634e-17
2.620662248243179615e-01 4.336808689942017736e-16
2.618374015789522447e-01 3.642919299551294898e-16
2.561995753469122339e-01 1.329639347359034586e-02
2.635449466050087119e-01 7.445342651468168232e-03
2.624189599765445191e-01 4.961309141293668290e-16
2.624262284241629661e-01 6.591949208711866959e-16
2.614084689742010581e-01 4.163336342344337027e-16
2.597951516295945451e-01 2.463307335887066074e-16
2.619646243169804767e-01 7.632783294297951215e-17
2.612701308720501436e-01 -1.318389841742373392e-16
2.594493974112594969e-01 8.326672684688674053e-17
2.592981894563268219e-01 4.832899629328552688e-03
2.630110338027219496e-01 6.032067036584928127e-03
2.665531612674046924e-01 4.807342197663903513e-03
2.605665165752960033e-01 0.000000000000000000e+00
2.601853507551371569e-01 4.544975507059234587e-16
2.597285756899186393e-01 1.734723475976807094e-17
2.591866078836273513e-01 8.361367154208210195e-16
2.585564442968671939e-01 4.440892098500626162e-16
2.578780286719438708e-01 1.873501354054951662e-16
2.620183960233267162e-01 4.822531263215523722e-16
2.592259270167051599e-01 4.857225732735059864e-16
2.624734043411972029e-01 1.661865089985781196e-15
2.608092364655905104e-01 2.289834988289385365e-16
2.609743684939295760e-01 4.475586568020162304e-16
2.624839532622065263e-01 1.214306433183764966e-16
2.599145614131948001e-01 1.942890293094023946e-16
2.602819019827420366e-01 2.914335439641035919e-16
2.578815162713914422e-01 8.396061623727746337e-16
2.624987365374493176e-01 6.036837696399288689e-16
2.625025908688703447e-01 -1.457167719820517959e-16
2.625064997826919710e-01 1.068589661201713170e-15
2.598866740654470209e-01 9.020562075079396891e-17
2.585394763149113651e-01 1.665334536937734811e-16
2.530058514491219102e-01 2.678815262618938070e-03
2.532689173216894907e-01 2.875898130162937716e-03
2.537141814239095572e-01 3.076537989343638979e-03
2.544300660628819877e-01 3.134556476507687622e-03
2.556061716832923048e-01 2.669682452876617762e-03
2.589745992517267781e-01 3.610139864425616213e-03
2.605005239230939740e-01 5.104462888244759577e-03
2.619101920416597173e-01 5.841426734358869111e-03
2.632929978519950032e-01 6.172120993296842037e-03
2.646611104949901927e-01 6.163407325555312830e-03
2.660090431572501024e-01 5.824184070637297705e-03
2.673308126570585475e-01 5.112159100384277080e-03
2.595317650408725529e-01 2.255140518769849223e-16
2.629216007214774664e-01 -1.814520755871740221e-15
2.598287991772555983e-01 3.747002708109903324e-16
2.623471635053559736e-01 1.585606645981840757e-13
2.623471919526550455e-01 6.168676680573526028e-15
2.623472565384857846e-01 -6.813993813636898267e-15
2.623473799514388083e-01 -6.528805274186311181e-14
2.623475508453468885e-01 7.355227538141662080e-16
2.623477805709351629e-01 2.255140518769849223e-16
2.623480350696174579e-01 -5.790506962810582081e-15
2.623483597562494274e-01 3.053113317719180486e-16
2.623487205598133976e-01 -1.915134717478395032e-15
2.623491288332440718e-01 7.021119796668529034e-14
2.623495731904947337e-01 3.011479954295737116e-15
2.623500763821151605e-01 1.027650187168660523e-14
2.623506270297996656e-01 -3.780309398848658020e-14
2.623512365470783703e-01 1.538665028721908357e-13
2.623518706732247963e-01 -1.213404376976257026e-13
2.623525636581666709e-01 -4.111988527455423537e-14
2.623533155567699393e-01 -1.939420846142070332e-15
2.623541034331256516e-01 -9.863637684404125139e-15
2.623549271958919848e-01 -2.441796764784953666e-14
2.623558098828960850e-01 -1.220551437697281472e-13
2.623567399794188293e-01 -9.020562075079396891e-17
2.623577174806798196e-01 2.327998904760875121e-15
2.623587423811119534e-01 -2.533216691968931400e-13
2.623598146765887540e-01 1.942196403703633223e-14
2.623609343639599634e-01 9.867107131356078753e-15
2.623621135771333490e-01 -6.414660469467037274e-14
2.623633159422379957e-01 -1.986744102566717629e-13
2.623645777703289550e-01 -1.618948031190114989e-13
2.623658870866422688e-01 7.067263441129512103e-15
2.623672740499443101e-01 1.130970317397839153e-13
2.623686581889967395e-01 1.033201302291786305e-14
2.623701109763139638e-01 3.809452753245068379e-14
2.623716106659841896e-01 -1.485235545661822698e-13
2.623731579317865048e-01 -8.482797797526586692e-15
2.623747531792271492e-01 -9.159339953157541458e-16
2.623763738374441101e-01 3.400058012914541905e-16
2.623781079899263902e-01 -1.375982661144803387e-14
2.623797994233876829e-01 -3.301525719479059262e-14
2.623815839769634284e-01 -1.072128497092705857e-13
2.623834517111017228e-01 8.604228440844963188e-16
2.623853504139284087e-01 3.930883396563444876e-15
2.623877574568898030e-01 -2.012279232133096230e-15
2.623895004890238192e-01 3.667205428214970198e-15
2.623912064410999223e-01 9.644715581735852084e-14
2.623930558816092717e-01 -2.059116765984470021e-14
2.617208912914411600e-01 7.251144129583053655e-16
2.623974285906307546e-01 2.286365541337431750e-15
2.623999636773410860e-01 -9.194034422677077600e-15
2.624047402659031580e-01 -4.076406068306143160e-06
2.624039178917998982e-01 -8.226058723082019242e-15
2.624064269940177829e-01 2.914335439641035919e-16
2.624089586851473532e-01 2.227384943154220309e-15
2.624114002605535401e-01 -1.565275686843392577e-13
2.613300943581475244e-01 7.667477763817487357e-16
2.585563037711458567e-01 2.844946500601963635e-16
2.624190107494743240e-01 5.620504062164854986e-16
2.624220254364486582e-01 7.376044219853383765e-15
2.622799894867667292e-01 6.140921104957897114e-16
2.620823123382912123e-01 7.795847301039771082e-15
2.617877170643208573e-01 1.838806884535415520e-16
2.617837989342518545e-01 -2.428612866367529932e-17
2.599021020860943221e-01 -1.457167719820517959e-16
2.613880504926076598e-01 -3.816391647148975608e-17
2.611544880566404325e-01 1.387778780781445676e-17
2.608841091649534705e-01 1.179611963664228824e-16
2.624473554086189653e-01 -1.160530005428483946e-14
2.624504364717452631e-01 -2.149912192717096104e-13
2.624535867761795260e-01 1.566802243502252168e-14
2.624567724554414117e-01 3.434752482434078047e-16
2.596386456170811652e-01 5.551115123125782702e-16
2.624632841219662893e-01 1.565761409416666083e-14
2.620183960233259945e-01 8.604228440844963188e-16
2.592259270167051599e-01 2.081668171172168513e-16
2.624733996132622149e-01 1.800642968063925764e-15
2.608092364655906215e-01 4.996003610813204432e-16
2.581978533817003152e-01 1.249000902703301108e-16
2.624839548210395335e-01 5.204170427930421283e-17
2.624875703736858079e-01 6.973588373426764520e-15
2.602819019827416480e-01 3.608224830031758756e-16
2.578815162713886666e-01 -1.054711873393898713e-15
2.624987398006213279e-01 4.649058915617843013e-16
2.625025792704829830e-01 -1.717376241217039023e-15
2.625065339406059128e-01 1.176142516712275210e-15
2.607129430314522600e-01 5.689893001203927270e-16
2.585394763149082009e-01 1.214306433183764966e-16
2.625265173444351063e-01 2.685351940812097382e-15
2.542716221301531410e-01 2.012971407933134005e-03
2.620665378237543308e-01 -4.857225732735059864e-17
2.595148705479356499e-01 2.428612866367529932e-16
2.612071445712118023e-01 1.906806630730836088e-03
2.621152135904278868e-01 2.633634634559733900e-03
2.631234412782982313e-01 2.909007173819925379e-03
2.642015657359836900e-01 2.773720588846912555e-03
2.653258593300921175e-01 2.069226872302744324e-03
2.583416896290933185e-01 2.671474153004282925e-16
2.625595843668559470e-01 2.432082313319483546e-15
2.625640467753639351e-01 -7.442310656635697796e-14
2.625685500150538587e-01 -3.688022109926691883e-14
2.625730949752757004e-01 2.341529747873494216e-14
2.616448801288644432e-01 3.400058012914541905e-16
2.623471521612285584e-01 5.786274237529198672e-13
2.623471806084409774e-01 -4.425626531912030259e-14
2.623472678842527217e-01 3.482283905675842561e-14
2.623473912982163259e-01 -3.374037160774889799e-14
2.623475621944801883e-01 -4.597017211338538800e-15
2.623477692187703991e-01 -6.748074321549779597e-15
2.623480464256781608e-01 1.131976457013905701e-13
2.623483483954061057e-01 1.435310204023210190e-14
2.623487091931087090e-01 7.698702786385069885e-15
2.623491174593696185e-01 1.450228825916610731e-14
2.623495845725642428e-01 -1.422750806057138107e-13
2.623500877744333049e-01 -3.386180225106727448e-15
2.623506384339918673e-01 -1.069977439982494616e-14
2.623512251286720387e-01 5.682260217909629318e-14
2.623518821083954400e-01 9.812983758905602372e-14
2.629311772946382741e-01 -5.113964807179627314e-15
2.623533040775431480e-01 8.961581476896185450e-15
2.623540919254931936e-01 -3.669634041081337728e-14
2.623549387373292907e-01 -1.201989896504329636e-13
2.623558214645126951e-01 -2.226344109068634225e-14
2.623567516103766928e-01 2.893518757929314233e-15
2.623577291703586556e-01 -1.735070420672002456e-14
2.628947468619650674e-01 9.811595980124820926e-15
2.623598265190055234e-01 2.428612866367529932e-14
2.628797375233744571e-01 -3.601285936127851528e-15
2.623621014442456545e-01 -1.569230856368619698e-14
2.628627980232004502e-01 5.585809592645318844e-16
2.623645904746619850e-01 -1.737845978233565347e-14
2.623659005988165371e-01 -4.134886877338317390e-14
2.623672438918693839e-01 -1.880093303263663529e-13
2.623686483644127043e-01 -2.081425309885531760e-13
2.623701011721636389e-01 -4.009986787067987279e-14
2.623716096620977711e-01 -2.667137344314340908e-13
2.623731325971115358e-01 -5.069208941499425691e-14
2.623747316544324248e-01 5.904998712225051349e-15
2.623763974488186324e-01 7.181755190543981371e-16
2.623780628764513789e-01 -2.323141679028140061e-14
2.627301464951629084e-01 5.741934705483231483e-14
2.623816097378421919e-01 4.825653765472281975e-14
2.623834175485758036e-01 6.085409953726639287e-15
2.625961297274361228e-01 -1.984523656517467316e-15
2.623873243612984685e-01 -1.784683512084939139e-14
2.623891720976932462e-01 -3.056582764671134100e-14
2.623904356268405014e-01 -4.941325126850415472e-13
2.623932863822631134e-01 1.438883734383722413e-13
2.623952416351775230e-01 6.179778910819777593e-14
2.623976252029120992e-01 -6.005612673831706161e-15
2.623996485087704000e-01 -2.591676873109349799e-15
2.624019092739717229e-01 2.633067375246156416e-13
2.624042137797422125e-01 1.202163368851927316e-14
2.624065633465667013e-01 -1.703498453409224567e-15
2.624088703744134610e-01 -2.465389004058238243e-14
2.624113339509849263e-01 -8.516104488265341388e-14
2.624138338670911619e-01 3.781697177629439466e-15
2.624163752494051427e-01 1.865209375839782524e-13
2.625448178340441530e-01 -8.687495167691849929e-15
2.624215871507001863e-01 -1.793704074160018536e-15
2.623677074454057179e-01 1.933626869732307796e-13
2.621506082368076918e-01 2.364011764122153636e-13
2.624297620338651993e-01 1.585016840000008642e-13
2.624325757788785740e-01 -5.790506962810582081e-15
2.615948094471867158e-01 -2.128158760328346943e-14
2.624383431451714488e-01 1.821459649775647449e-14
2.624412966337769104e-01 -2.255140518769849223e-15
2.624442966687227097e-01 -1.550461148358550645e-13
2.624473432559913944e-01 -1.199422505759883961e-13
2.624504477862458218e-01 1.082953171582801133e-13
2.624535763487821916e-01 -2.167710455580618145e-14
2.624567629318497186e-01 -1.509209424099822172e-15
2.624599965439885496e-01 3.252259572761317941e-14
2.624632762543797626e-01 2.449429548079251617e-14
2.624666035007581777e-01 3.337954912474572211e-14
2.624699778630816827e-01 -1.493527523876991836e-13
2.631963775455048449e-01 -7.126590984007918905e-14
2.624768690810935223e-01 -9.324138683375338132e-14
2.581978533817022026e-01 1.200428645375950509e-15
2.628590757863675798e-01 2.790823128151487253e-14
2.624875694833338491e-01 -6.265821195228227225e-15
2.624912370064184652e-01 1.149427775182232381e-13
2.635421898594889067e-01 4.362306883050164064e-04
2.630243634319407442e-01 -1.359676260470621401e-14
2.629457889382914582e-01 3.039409002258963710e-13
2.628703298931547860e-01 2.124654618906873793e-13
2.607129430314552021e-01 -1.398187121637306518e-15
2.625147545731489340e-01 -1.226969914558395658e-13
2.625195719527696481e-01 -5.898059818321144121e-17
2.621828941651687117e-01 1.866479534940318485e-04
2.621269770496476581e-01 1.227143386905993339e-14
2.614095142410856609e-01 -5.469305563998716480e-13
2.599012373896961714e-01 -2.432175988387186294e-12
2.606920146352412759e-01 -2.289834988289385365e-16
2.587927296410618139e-01 -1.592476150946708913e-15
2.625462994742022715e-01 -1.415777217683711342e-13
2.625506662215658649e-01 3.913536161803676805e-14
2.625550641545643660e-01 -3.764002998174476033e-14
2.625594948821852737e-01 2.416469802035692283e-14
2.625639658224939166e-01 -4.239664175287316539e-15
2.625684765640695639e-01 -5.385969448212790667e-14
2.625730236855047250e-01 -8.075831670062427747e-14
2.616448801290245929e-01 -2.706168622523819067e-16
