-8.375136423167875988e-01 5.007581454220424444e-01
-8.349366671413867014e-01 5.025489446153932338e-01
-8.278929744309416749e-01 5.069473005812556998e-01
-8.161025563764172652e-01 5.128952898306631258e-01
-1.328335199414199419e+00 1.315026484935879703e+00
-8.153128044131311425e-01 1.420940661849454001e+00
-9.413266214278618316e-01 1.453967912140382346e+00
-9.015128024264628115e-01 1.291928569813043159e+00
-1.031384393872738503e+00 1.423606223482166255e+00
-1.025200297738408262e+00 1.284101971391722330e+00
-1.019654665611483768e+00 1.172596050374588694e+00
-7.780868758600805180e-01 1.353461552139425095e+00
-7.779199871434688829e-01 1.436173631052450883e+00
-7.736696167186528639e-01 1.331191335689229760e+00
-7.868282066140170894e-01 1.402597463566440661e+00
-8.009472210335197850e-01 1.437696246443334047e+00
-8.204336162300731594e-01 1.455778436807724008e+00
-8.289571206827544003e-01 1.451024699583506328e+00
-8.233257491374053050e-01 1.436522330318295682e+00
-8.076490846395029122e-01 1.429423244975940532e+00
-7.966822649119038591e-01 1.427071401371412973e+00
-7.936858160244609772e-01 1.350274742525251259e+00
-7.703875334796489449e-01 1.367588597181981891e+00
-7.699493806408725938e-01 1.302459487209689737e+00
-7.694937470961156212e-01 1.242362148692771173e+00
-7.690202760911375446e-01 1.186678423387869552e+00
-7.685284662324516347e-01 1.134883538806111591e+00
-7.680176530633044951e-01 1.086528683084273084e+00
-7.674869896530280844e-01 1.041227261495386358e+00
-7.669354269877994845e-01 9.986439413098497919e-01
-7.663616957661271156e-01 9.584858279355823463e-01
-7.657642925972043546e-01 9.204952836083367673e-01
-7.651414759227860296e-01 8.844440225339104122e-01
-7.644912806961635665e-01 8.501282093712116961e-01
-7.638115663443317827e-01 8.173643649036084202e-01
-7.631001192309110337e-01 7.859859588472031255e-01
-7.623548339123855655e-01 7.558406677503614057e-01
-7.615739771432101790e-01 7.267884360846202929e-01
-7.607564277182556900e-01 6.987007705483773146e-01
-7.599013851302423017e-01 6.714622074788062500e-01
-7.590058722577159855e-01 6.449755595555752841e-01
-7.200445039088801957e-01 6.228556737491011130e-01
-7.172705367632524753e-01 6.026087647122037039e-01
-7.146890550644708906e-01 5.831886227138368683e-01
-9.649172182892240546e-01 4.757019973327989426e-01
-9.644329510356255408e-01 4.647361357354695688e-01
-9.635552235309484681e-01 4.542087132227958790e-01
-9.623159539750703040e-01 4.440840513774377829e-01
-9.607471280563125715e-01 4.343148197336836880e-01
-9.588848934175284722e-01 4.248477271284167855e-01
-9.567700788956202684e-01 4.156295951165647207e-01
-9.544462909602362544e-01 4.066121852928890057e-01
-9.519570806726352918e-01 3.977550738516206774e-01
-9.493433508290936018e-01 3.890266992715032401e-01
-9.466415947114978913e-01 3.804041260365871313e-01
-9.438830776132962619e-01 3.718721112939644691e-01
-9.410938125659307207e-01 3.634219161211007521e-01
-9.382951038577974634e-01 3.550501179586453837e-01
-9.355044504624987489e-01 3.467575266155198399e-01
-9.327366465931888895e-01 3.385482002316877459e-01
-9.300049486283531452e-01 3.304284965143844399e-01
-9.273221825292207177e-01 3.224060752627222470e-01
-9.247016502208300626e-01 3.144887931850433027e-01
-9.221576824216000112e-01 3.066835025867240550e-01
-9.197057153104386540e-01 2.989948661424313148e-01
-9.173618644186999349e-01 2.914243868919244029e-01
-9.151421152041107066e-01 2.839698668230417056e-01
-9.130613804337001094e-01 2.766254174446609593e-01
-9.111327140867565566e-01 2.693819858774217924e-01
-9.093668959589554790e-01 2.622282157847040107e-01
-9.077724595506075911e-01 2.551514068023104098e-01
-9.063561075515267351e-01 2.481383787651187944e-01
-9.735885821343573943e-01 1.924471817571518084e-01
-9.040795598999552540e-01 2.342523850652835637e-01
-9.032304203401394505e-01 2.273558176389272045e-01
-9.849888180978354502e-01 1.787879928738618229e-01
-9.021478971105613143e-01 2.136065127063642155e-01
-9.019372461914073602e-01 2.067403813491697218e-01
-9.019683303698508015e-01 1.998767735453048644e-01
-9.022623808806333745e-01 1.930203555653517977e-01
-9.028441069348036585e-01 1.861846903737076619e-01
-9.037390382352061824e-01 1.793955827156858973e-01
-9.049680530180819193e-01 1.726936715067981520e-01
-9.065391256197024017e-01 1.661338329378332368e-01
-9.084387809730161134e-01 1.597787202164362430e-01
-9.106283349312309650e-01 1.536863944477286914e-01
-9.130490896559895209e-01 1.478969356917909650e-01
-1.021871722541277894e+00 1.343547575291075269e-01
-1.024508870086358492e+00 1.311592723955101736e-01
-1.027113859341981295e+00 1.280199079418029573e-01
-1.029698718730645446e+00 1.249408266110054733e-01
-1.032272845378899628e+00 1.219332923999427720e-01
-1.034838008817179578e+00 1.190150632739790382e-01
-1.037383393149376776e+00 1.162060661365804659e-01
-1.039883722927023912e+00 1.135203710532128873e-01
-1.042303256833821301e+00 1.109573127071123988e-01
-1.044605262784778388e+00 1.084966043214319331e-01
-1.046762479645177324e+00 1.061004665307514472e-01
-9.903957758664496680e-01 1.066039177532298599e-01
-9.926228504580518752e-01 1.043112374411307997e-01
-9.948194016332356782e-01 1.020716057828507939e-01
-9.969847031399362569e-01 9.988605414089368750e-02
-9.991165354436443158e-01 9.775473133324497077e-02
-1.001211679012070865e+00 9.567623447567563666e-02
-1.003266702924376030e+00 9.364729191387954899e-02
-1.005278718198926224e+00 9.166286506895127140e-02
-1.007245934014807442e+00 8.971643719372734971e-02
-1.009168127166235607e+00 8.780040455962789814e-02
-1.011046910003891686e+00 8.590663809063348033e-02
-1.012885711595178817e+00 8.402685417376809518e-02
-1.014690164369535408e+00 8.215269299611338560e-02
-1.016469081903914606e+00 8.027673039655991438e-02
-9.457158808705086184e-01 8.505394443285108075e-02
-9.480652172815322576e-01 8.466278211170452650e-02
-9.501786383598801455e-01 8.426028137586838440e-02
-9.520842099498200151e-01 8.380326265804849406e-02
-9.538133018043214451e-01 8.326288696032535519e-02
-9.553965341400572076e-01 8.262045089906289164e-02
-9.568623937671721924e-01 8.186417343543039848e-02
-9.582368303114794372e-01 8.098695768850294741e-02
-9.595433085227947911e-01 7.998465331350046448e-02
-9.608033150799140110e-01 7.885467405010393449e-02
-9.620372528203443574e-01 7.759512732800843970e-02
-9.632654107784495157e-01 7.620457344677378231e-02
-9.645086340446218376e-01 7.468223537358475994e-02
-9.657885610293233114e-01 7.302819390250925302e-02
-9.671277534776414608e-01 7.124306366335697582e-02
-9.685505200053398100e-01 6.932696805523441697e-02
-9.700855038431137611e-01 6.727832403215661117e-02
-9.717709514554143668e-01 6.509391035158484939e-02
-9.736629061661985496e-01 6.277275131029802502e-02
-9.758454917988554911e-01 6.032770004750354076e-02
-9.784400500046062099e-01 5.781208316259567326e-02
-9.224882959543496685e-01 5.934741043193358934e-02
-9.241302554079386944e-01 5.861138891886796820e-02
-9.257628007008771309e-01 5.784300024198296697e-02
-9.273851584360873757e-01 5.705505348632944340e-02
-9.289889403640693155e-01 5.625016969952989498e-02
-9.999689302874453789e-01 5.266938954875799439e-02
-1.002561306446081879e+00 5.327250067051347848e-02
-1.004795459879935793e+00 5.392740169041987386e-02
-1.006704686326915565e+00 5.456292565336151590e-02
-1.008342158131536159e+00 5.511943347960368556e-02
-1.009772502207638034e+00 5.556443270853494987e-02
-1.011056158768674162e+00 5.589350178670371427e-02
-1.012238441210884243e+00 5.612257491633387829e-02
-1.013344328029566643e+00 5.627724367964281882e-02
-1.014378890805421651e+00 5.638127319240804347e-02
-1.015333832924902202e+00 5.644724189521777014e-02
-1.016197899528200610e+00 5.647332256573345255e-02
-5.224382150168956906e-01 2.426398918818113426e-01
-5.238622008451656598e-01 2.424217445774639046e-01
-5.276222378483736986e-01 2.418100328119763276e-01
-5.336108443717703098e-01 2.407324382483753133e-01
-7.996163439396510864e-01 5.187562636014592110e-01
-1.109181592550907425e+00 1.244932684771965725e+00
-7.715345419812250638e-01 1.261072928593729214e+00
-7.383248832729533140e-01 1.140878505272609811e+00
-8.337036406689558588e-01 1.469860092199921198e+00
-8.199029089807916559e-01 1.324968269115327280e+00
-8.072522841595624055e-01 1.207546004917671834e+00
-1.014739233341671820e+00 1.081461190356593161e+00
-7.717512739584493353e-01 1.252804568825247822e+00
-7.655673255868832294e-01 1.167714322249380210e+00
-7.693598817781349686e-01 1.240800772960038989e+00
-7.846479834781434626e-01 1.313339277157106189e+00
-7.991237894826608290e-01 1.349025074734297558e+00
-8.209074291819431490e-01 1.369306316846417237e+00
-8.301431987481596719e-01 1.365302727724909237e+00
-8.230146193078518024e-01 1.351159148794668141e+00
-8.049786785099670716e-01 1.348115698600362400e+00
-8.018480210522496154e-01 1.273756134434196996e+00
-7.889955203023223396e-01 1.349059302088173817e+00
-7.860364625503342140e-01 1.282063517502559202e+00
-7.828949980219345184e-01 1.220330847605696878e+00
-7.795744780265756457e-01 1.163262425176301518e+00
-7.760823792250564068e-01 1.110355868131515544e+00
-7.724309547242433904e-01 1.061186845874742213e+00
-7.686376866742016256e-01 1.015394130080035096e+00
-7.647254302323354125e-01 9.726672726163100302e-01
-7.607221432418925788e-01 9.327363440813453144e-01
-7.566601283373691755e-01 8.953633942846767058e-01
-7.525747836451120998e-01 8.603354635450517485e-01
-7.485029568246600595e-01 8.274590677316493448e-01
-7.444810959018114405e-01 7.965560911820408485e-01
-7.405434477287259343e-01 7.674609636455396178e-01
-7.367205450506337794e-01 7.400189103553177494e-01
-7.330381498505310622e-01 7.140849959219901510e-01
-7.295167157194267782e-01 6.895236644794722203e-01
-7.261713337393513878e-01 6.662085125977800226e-01
-7.230120608779915248e-01 6.440220993582933540e-01
-7.580557745826382865e-01 6.191725343648610824e-01
-7.570033238573271595e-01 5.940283082494534073e-01
-7.557288191522470999e-01 5.695734313479074995e-01
-7.122966991976706908e-01 5.645095317653228140e-01
-7.100885038452676712e-01 5.464919984638537676e-01
-9.024209891201274703e-01 4.411490722585320601e-01
-8.996433042558834581e-01 4.259513879000889069e-01
-8.966238560970748450e-01 4.112206657983918934e-01
-8.933793237400584619e-01 3.969849048195046581e-01
-8.899558060809393822e-01 3.832803340181376583e-01
-7.003513093723021665e-01 4.483619302362249481e-01
-6.992573733532025937e-01 4.330512270300446165e-01
-8.795340849896031710e-01 3.454159178894231630e-01
-8.763483271085985571e-01 3.337013047334704829e-01
-6.968250921847617407e-01 3.873750869244139139e-01
-8.707797121567066867e-01 3.110309326178386513e-01
-6.729647543041156199e-01 3.627558402410810956e-01
-9.026577196629275157e-01 2.829266922976221288e-01
-9.085751086848953273e-01 2.745354475605112921e-01
-9.144135524613973276e-01 2.663971085921230664e-01
-9.201782303868001334e-01 2.585667244630978079e-01
-9.258508610397589988e-01 2.510827079504003301e-01
-9.313994101174553064e-01 2.439602710817467823e-01
-9.367907229277381287e-01 2.371908456374052232e-01
-9.420010651010329861e-01 2.307482907477302891e-01
-9.470207796469243267e-01 2.245986928952359296e-01
-9.518528583248938579e-01 2.187092632536835612e-01
-9.565079736775040642e-01 2.130534840838540500e-01
-9.609990496998399578e-01 2.076121170144260564e-01
-9.653375006478835951e-01 2.023713525525592249e-01
-9.695318967060984061e-01 1.973199792900923732e-01
-9.051233948928503192e-01 2.411761435752111105e-01
-9.775130676860629420e-01 1.877417207036495839e-01
-9.813110792996450060e-01 1.831922509370227381e-01
-9.025832907673219108e-01 2.204765377702415652e-01
-9.885526832920275009e-01 1.745191207753558071e-01
-9.920089398921511092e-01 1.703767437712231381e-01
-9.953635876497058943e-01 1.663527125471455648e-01
-9.986223826171509721e-01 1.624394764075705044e-01
-1.001790870132278854e+00 1.586300256804280551e-01
-1.004874375273986375e+00 1.549178452211004142e-01
-1.007877984143567440e+00 1.512968245160117853e-01
-1.010806563992592055e+00 1.477611162492689090e-01
-1.013664874584436548e+00 1.443049538052245673e-01
-1.016457846987538716e+00 1.409224712991163919e-01
-9.603091088665250963e-01 1.385231132083837302e-01
-9.156350067667579085e-01 1.424251631992115019e-01
-9.658789458725587362e-01 1.325406394700663348e-01
-9.685655610295154094e-01 1.296655983182297689e-01
-9.711911033749082156e-01 1.268622629846307692e-01
-9.737588215310951645e-01 1.241266982242019701e-01
-9.762718934285966599e-01 1.214551925509355090e-01
-9.787335372271709355e-01 1.188442071183171134e-01
-9.811471684213288746e-01 1.162904554857651096e-01
-9.835164702632588352e-01 1.137911289610691323e-01
-9.858452842573309782e-01 1.113441694860783926e-01
-9.881373246780877917e-01 1.089484698437224175e-01
-1.048763414198588650e+00 1.037210118173996776e-01
-1.050612895789285295e+00 1.013082255187058855e-01
-1.052328992916410799e+00 9.881513020391086144e-02
-9.337987407097563253e-01 9.930222961600843057e-02
-9.360552423523265109e-01 9.726571163313124657e-02
-9.382921567403883500e-01 9.530590307018238505e-02
-9.404977447508917621e-01 9.343242193773293458e-02
-9.426541518261841723e-01 9.164820102157067438e-02
-9.447417063994055786e-01 8.994687915095833652e-02
-9.467437327327736796e-01 8.831323899003251654e-02
-9.486498521568098585e-01 8.672589928797891368e-02
-9.372442652296312238e-01 8.680778873347771984e-02
-9.402744515018489624e-01 8.605663584165257340e-02
-9.431150988679094516e-01 8.549420746261082726e-02
-1.018234045295453694e+00 7.839500711077285189e-02
-1.019996010490265448e+00 7.650832853722189242e-02
-1.021762024885787268e+00 7.461899171145747189e-02
-1.023537763766653397e+00 7.272540737431398838e-02
-1.025335526204393499e+00 7.082275038312713100e-02
-1.027178162401759520e+00 6.891316276808168162e-02
-1.029090082478116841e+00 6.701709750935780363e-02
-1.031078847906727214e+00 6.517146926280026342e-02
-1.033125295245850950e+00 6.340923708373735757e-02
-1.035198814608006668e+00 6.173816444764801403e-02
-1.037285116187190548e+00 6.014582546436408883e-02
-1.039393383759462441e+00 5.862809121892764708e-02
-1.041531822539871532e+00 5.720900921319471699e-02
-1.043674834141073093e+00 5.592521509775205679e-02
-1.045763993482215604e+00 5.478290993360723782e-02
-1.047752303611102276e+00 5.374029688780246339e-02
-1.049638089181403666e+00 5.273929739897331714e-02
-9.155221120113892219e-01 6.184288567428608552e-02
-9.173575874546134878e-01 6.127567812151113458e-02
-9.191214826852301956e-01 6.067839814576081459e-02
-9.208253125357487301e-01 6.003789749966359501e-02
-9.815968112084917374e-01 5.537707520354073765e-02
-9.952399279482605499e-01 5.275085149334013401e-02
-1.061117361061444608e+00 4.681203834375957662e-02
-9.935324093638260301e-01 5.193811304773210402e-02
-9.969837508374066459e-01 5.218730259303883123e-02
-9.305696372414395956e-01 5.541826427344065387e-02
-9.321361464067275948e-01 5.454437730609029700e-02
-1.001168551228670767e+00 4.815827355656043807e-02
-1.001971836774112168e+00 4.720876030398213352e-02
-1.002754914216592574e+00 4.620490704281454697e-02
-1.003513434275300709e+00 4.515631657317475955e-02
-1.004236443826382441e+00 4.406559373697072068e-02
-9.421512312690385471e-01 4.893732651680249290e-02
-9.438397218780396614e-01 4.806503593165256660e-02
-9.455101224024711204e-01 4.715031375947953407e-02
-9.472156738888675154e-01 4.616470071515177409e-02
-9.490324924666152517e-01 4.512315763660579293e-02
-5.465971704690379962e-01 2.196574044286192517e-01
-5.464363893705320718e-01 2.197539698021735433e-01
-5.460060761368896731e-01 2.200089669643945367e-01
-5.453028484556726729e-01 2.204150544218292929e-01
-1.465970252879682079e+00 4.777067173912084019e-01
-1.195722064507360072e+00 1.152544755260249687e+00
-1.076980747391959481e+00 1.082690306535093461e+00
-1.051829174010159518e+00 9.650210583013243415e-01
-8.682131102771762921e-01 1.167832277070698144e+00
-8.397827492008921313e-01 1.069496393096685871e+00
-6.401922944651118330e-01 1.312520193263484680e+00
-7.956439501982884854e-01 1.109955647130038692e+00
-1.010427707140356679e+00 1.005606120342799947e+00
-1.006685423768749699e+00 9.415004513409982456e-01
-7.594992403614624354e-01 1.094876982299249235e+00
-7.649898132595167599e-01 1.162016615517848628e+00
-7.824446804637985586e-01 1.235320037505466040e+00
-7.971427004353954793e-01 1.270702929208979759e+00
-8.216824277586010083e-01 1.292610537839751883e+00
-8.318389450851658706e-01 1.288121276525087344e+00
-8.227169261979354609e-01 1.272752626047604085e+00
-8.223465105173877188e-01 1.199743333840736614e+00
-7.904249637467073430e-01 1.280006143067308200e+00
-7.534712097926085095e-01 1.242390723745410819e+00
-7.531835007955570704e-01 1.186130662939890890e+00
-7.528972400586169123e-01 1.134047440139347662e+00
-7.526140409186293789e-01 1.085648132097504881e+00
-7.523356199265098798e-01 1.040511986234952779e+00
-7.520638132219042982e-01 9.982775260140472895e-01
-7.518005937641665248e-01 9.586323130115177449e-01
-7.515480878004112686e-01 9.213047501180520182e-01
-7.513085877287095649e-01 8.860574693866531959e-01
-7.510845564725660006e-01 8.526819622732770831e-01
-7.508786155562849896e-01 8.209941931679234361e-01
-7.506935046806206824e-01 7.908309965658697482e-01
-7.505319946465859315e-01 7.620471006968982941e-01
-7.503967280330336997e-01 7.345126475515251219e-01
-7.502899540241736442e-01 7.081110928624024803e-01
-7.502131175127046969e-01 6.827373697527716612e-01
-7.501662619941753540e-01 6.582961877725318489e-01
-7.501472148483558922e-01 6.347003194061925369e-01
-7.501505414613137690e-01 6.118687089009368085e-01
-7.501662658944991957e-01 5.897242355556084892e-01
-7.501783207355746663e-01 5.681909800257809451e-01
-7.501625333383394878e-01 5.471908457652511215e-01
-7.500835683966606826e-01 5.266393157761948274e-01
-7.080584647463483705e-01 5.290618582497431666e-01
-7.062000080918197087e-01 5.121492740991726578e-01
-7.045063930063586444e-01 4.956876386094120068e-01
-7.029710299520225414e-01 4.796122796329218563e-01
-7.015877928277052256e-01 4.638589626144544731e-01
-8.864351347087641164e-01 3.701315950667749544e-01
-8.829250490646197713e-01 3.575286855569104194e-01
-6.983035727629227640e-01 4.178488102175033081e-01
-6.974905933645396683e-01 4.026623909664681644e-01
-6.740992971423431790e-01 3.865160896426813597e-01
-6.963267710429674739e-01 3.718267118149027883e-01
-6.960475761374110837e-01 3.557772494262800844e-01
-6.726527597269844616e-01 3.509848818745695542e-01
-6.725257885968457527e-01 3.392195114647322818e-01
-8.634359981855110888e-01 2.658196417477305395e-01
-7.222432987334970189e-01 2.932806775793268539e-01
-8.639851877802806612e-01 2.535615312885262096e-01
-8.693269891863804055e-01 2.466137441864948432e-01
-8.744801960634891458e-01 2.398085309568771528e-01
-8.794923637124230087e-01 2.331702810862315012e-01
-8.843943071098052666e-01 2.267243257810416246e-01
-8.892015214904239739e-01 2.204937963221096364e-01
-8.939167734763414641e-01 2.144960454420836715e-01
-8.985341779969845399e-01 2.087398522863541661e-01
-9.030442277263001083e-01 2.032246229857013198e-01
-9.074382117833271755e-01 1.979418553163561079e-01
-9.117109595126766663e-01 1.928781723930366176e-01
-9.158614382183297709e-01 1.880185665010740692e-01
-9.198918278391783332e-01 1.833487208980735250e-01
-9.238059802156014522e-01 1.788560609698923720e-01
-9.276082074702804992e-01 1.745297046433520460e-01
-9.313025852850813635e-01 1.703599395589239229e-01
-9.348928824770796897e-01 1.663377110776727008e-01
-9.383827249055283204e-01 1.624543647647469502e-01
-9.417757581800143551e-01 1.587016280084878606e-01
-9.450756944001903470e-01 1.550716752144802868e-01
-9.482862802967721993e-01 1.515571688254169214e-01
-9.514112510043141180e-01 1.481512523522139357e-01
-9.544543007170720461e-01 1.448475235977326747e-01
-9.574190650556915205e-01 1.416400052064528126e-01
-1.019191108082105224e+00 1.376076646849111462e-01
-9.631279246603762223e-01 1.354916223385846941e-01
-9.183262546642586566e-01 1.372626433542287749e-01
-9.210777124843693153e-01 1.323861604804168479e-01
-9.238609483552152613e-01 1.277676048639087014e-01
-9.266614091497341610e-01 1.233818667411856751e-01
-9.294731053676644761e-01 1.192116026532366035e-01
-9.322923594726465479e-01 1.152488273813232489e-01
-9.172441588821633740e-01 1.151004073393198102e-01
-9.197352210524433191e-01 1.126808422881839800e-01
-9.221753395221606864e-01 1.103220227805432607e-01
-9.245680153905851961e-01 1.080184178606808931e-01
-9.269188948091474645e-01 1.057652126993715580e-01
-9.292355888340433356e-01 1.035598725809039333e-01
-9.315265076222001284e-01 1.014036097320016871e-01
-9.120112771199245794e-01 9.731427997769204197e-02
-9.153213319345514520e-01 9.590861204331391221e-02
-9.185097665311788839e-01 9.450533056145205002e-02
-9.216220011305710225e-01 9.308896796940291374e-02
-9.247068107301913420e-01 9.166661579247747937e-02
-9.278061978590733672e-01 9.026969997516665067e-02
-9.309428635413332653e-01 8.895190215528780975e-02
-9.341062085501772305e-01 8.777916757950121607e-02
-9.504572400957771450e-01 8.516059264390163364e-02
-9.521704248043715291e-01 8.359297183958291910e-02
-9.538002691736093830e-01 8.200063265361379194e-02
-9.553625969830966680e-01 8.036420661905174789e-02
-9.568771019220997376e-01 7.866747715307798039e-02
-9.583672756195361631e-01 7.689704126948671004e-02
-9.598614552707791514e-01 7.504262188290744540e-02
-9.613941409179352915e-01 7.309879784681050374e-02
-9.630068018573768596e-01 7.106791955140789874e-02
-9.647486258839274020e-01 6.896426646745723588e-02
-9.666771535207976385e-01 6.682245323642499457e-02
-9.688515810495036407e-01 6.471502003479767673e-02
-8.976455686051763028e-01 6.640406485994931884e-02
-9.739472025891789952e-01 6.115480025666442110e-02
-9.766046589005319412e-01 5.994734569331949814e-02
-9.050988142973883654e-01 6.450564319959140036e-02
-9.813063802717401085e-01 5.837401712228618145e-02
-9.095508458067674828e-01 6.344886378625647083e-02
-9.851667352395238053e-01 5.711730465523112699e-02
-9.868981106043310803e-01 5.650698810520360382e-02
-9.885220586545373500e-01 5.590972177164865720e-02
-9.900392705938677596e-01 5.531830555889660772e-02
-9.914543189137791090e-01 5.471682409305200778e-02
-9.927809812328084460e-01 5.409036581556070367e-02
-9.940379675246809876e-01 5.343333148980300429e-02
-9.853964741244193304e-01 5.335998018978238555e-02
-9.963906690359224383e-01 5.205252746723743051e-02
-9.974833640694650283e-01 5.134330777004847413e-02
-9.985069765377972972e-01 5.061723630883019354e-02
-9.994556461901932254e-01 4.985710838450940763e-02
-1.000336455383195933e+00 4.904177037840296016e-02
-9.337109082915140412e-01 5.362128277254907260e-02
-9.353206819987206488e-01 5.265841247231795030e-02
-9.369830488082550035e-01 5.168213504699137317e-02
-9.386947701544344769e-01 5.072600469445220916e-02
-9.404294690320862404e-01 4.981277579300757985e-02
-8.700820478768750421e-01 4.339899878871933403e-02
-1.005501571821915796e+00 4.173956338638928898e-02
-1.005985639887749583e+00 4.045898704301520432e-02
-1.006340945931860409e+00 3.903022759712460044e-02
-9.509285202128064940e-01 4.016667667728635038e-02
-1.065579196479896629e+00 1.266143004187434418e-01
-1.065765534710362505e+00 1.310852858547861821e-01
-1.066413175058654295e+00 1.426550452229713439e-01
-1.067882086259647867e+00 1.607885112950260265e-01
-1.070597121202355728e+00 1.857265460936308177e-01
-1.261891564253023512e+00 5.578567289001168383e-01
-1.104793262024136524e+00 1.031449080591662515e+00
-1.039321416791628483e+00 9.367631061901849909e-01
-7.121074150908184297e-01 1.046371828490650469e+00
-6.907617501828189344e-01 9.695815593577125080e-01
-8.150610227955911169e-01 9.894864443489661543e-01
-6.347816628353268875e-01 1.210558993949651718e+00
-7.849491444420610975e-01 1.027057548524191066e+00
-6.248280837965041190e-01 1.052401817986698962e+00
-1.003475233688600810e+00 8.866167123675881001e-01
-6.294131059963170571e-01 1.157396798999784426e+00
-7.605507964289123235e-01 1.092590315677786972e+00
-7.801899859399952231e-01 1.166597703887619186e+00
-7.949481031088934113e-01 1.201012629686705857e+00
-8.228211102835054636e-01 1.224390320898628426e+00
-8.341891034302612029e-01 1.218221898263558645e+00
-8.373548088478244278e-01 1.154605885182581115e+00
-7.537588422407249800e-01 1.303409107070162332e+00
-7.868932967980777349e-01 1.215454110968014589e+00
-7.830915401929434694e-01 1.155950352343928067e+00
-7.790280898233876705e-01 1.100939293080112513e+00
-7.747181544150552046e-01 1.049954215008585212e+00
-7.701819586205651547e-01 1.002599295047483352e+00
-7.654431214290794427e-01 9.585367171897928307e-01
-7.605283087483494242e-01 9.174773693551228071e-01
-7.292150926836573621e-01 8.781947047305851406e-01
-7.289342626480241893e-01 8.459455665296090610e-01
-7.450700498640276948e-01 8.099962809568462818e-01
-7.283703064607759403e-01 7.865995768320607207e-01
-7.280789500296169781e-01 7.591864208368139799e-01
-7.277721259848323188e-01 7.330980833073255098e-01
-7.274386078558915392e-01 7.082155773015914590e-01
-7.270618549269077802e-01 6.844300625859499609e-01
-7.266177944571863279e-01 6.616388158328219138e-01
-9.150803058719049199e-01 5.615761651198348803e-01
-9.140498934767167238e-01 5.426246506382883528e-01
-9.127315307165448921e-01 5.243326203943614594e-01
-9.111494109370195105e-01 5.066483717197100001e-01
-9.649683841864973299e-01 4.871269599435159581e-01
-7.540064819158722731e-01 5.459080142278767145e-01
-7.515248686607082229e-01 5.232713804260752388e-01
-7.480938141171339373e-01 5.022180390715570431e-01
-7.495002287780336836e-01 4.864756928423910054e-01
-7.487830928853763668e-01 4.665972359153423010e-01
-7.474888426628638616e-01 4.466014171560079848e-01
-7.388269156665618898e-01 4.355514981053472123e-01
-6.783657301092328451e-01 4.361050107966508715e-01
-7.383119957148479573e-01 4.044551513176375401e-01
-7.384253401168674458e-01 3.887123705550323827e-01
-7.387667851586199319e-01 3.726358981321999941e-01
-7.394408574790083399e-01 3.559517726132668258e-01
-6.734490136666479998e-01 3.745842087456150438e-01
-8.684383305073093418e-01 2.998625377981187778e-01
-6.961315512284186324e-01 3.388296814524418554e-01
-8.647231687922951604e-01 2.773596626115868435e-01
-8.524526562069146829e-01 2.678028673685997063e-01
-8.583891659979537847e-01 2.606304766959701702e-01
-7.245235647937708912e-01 2.814802179707429630e-01
-7.275504952531313130e-01 2.697356854749499711e-01
-8.053893723625779044e-01 2.395532112357980914e-01
-8.116122269517904719e-01 2.329530939371955434e-01
-8.173742473292925359e-01 2.266728079636006754e-01
-8.227535093727817994e-01 2.206591468071474882e-01
-8.278104436386454212e-01 2.148729470363099914e-01
-8.325946666647572325e-01 2.092837379819636467e-01
-8.371491687820372674e-01 2.038683896139208418e-01
-8.415119549148236677e-01 1.986101666651243214e-01
-8.457164907883782945e-01 1.934987724183407920e-01
-8.497913014249564023e-01 1.885295677943281678e-01
-8.537594742698929595e-01 1.837025057879364542e-01
-8.576381107104914525e-01 1.790208814394775860e-01
-8.614381315681848283e-01 1.744894785575494822e-01
-8.651646567957015366e-01 1.701126557783241289e-01
-8.688181268855938999e-01 1.658925203015113592e-01
-8.723963284304203647e-01 1.618278343087076188e-01
-8.758963738530354259e-01 1.579137967647645802e-01
-8.793165489284291425e-01 1.541429692947393626e-01
-8.826567473531491403e-01 1.505079947484524450e-01
-8.859184806172731852e-01 1.470001619260328241e-01
-8.891038464081841841e-01 1.436126405463644673e-01
-8.922150697101027816e-01 1.403390351884159504e-01
-8.952542683093747122e-01 1.371733568800541647e-01
-8.982235553086381774e-01 1.341098415340553629e-01
-9.011251311208756665e-01 1.311429281800822189e-01
-9.039613195804543366e-01 1.282673520016963664e-01
-9.067345339200082455e-01 1.254781910408799828e-01
-9.094472182155777240e-01 1.227709105146601587e-01
-9.121017310504354603e-01 1.201413872687380202e-01
-9.147001537687211581e-01 1.175858206294755348e-01
-9.351117140643959713e-01 1.114933364764998380e-01
-9.379154067564990926e-01 1.079479689439795109e-01
-9.406782824518636899e-01 1.046116015328135695e-01
-9.433695200164339267e-01 1.014721986562390210e-01
-9.459604168476285491e-01 9.850367282384842049e-02
-9.484332385023707124e-01 9.566802510839700346e-02
-9.507867965030042390e-01 9.292331533018183265e-02
-9.530357104185191996e-01 9.023306010140585975e-02
-9.552042025776271705e-01 8.757263390809733039e-02
-9.573184048001386337e-01 8.493001499767993678e-02
-9.594014274507479678e-01 8.230169023735589562e-02
-9.614737842351823716e-01 7.968798338044935647e-02
-8.766296825067577680e-01 8.772155371977086169e-02
-9.656790201033855769e-01 7.452955449096143603e-02
-8.807944911165692670e-01 8.426101246708972425e-02
-8.828341134453527861e-01 8.258532145826680271e-02
-8.848520683635223705e-01 8.094711102539897674e-02
-8.868518481463013581e-01 7.935006274353662015e-02
-8.888342065283221238e-01 7.779944948936523552e-02
-8.907964578802163302e-01 7.630048102750563999e-02
-8.927329454091791350e-01 7.485655054915496542e-02
-8.946364576943937053e-01 7.346832183067419919e-02
-8.964993271463546076e-01 7.213392944111762795e-02
-8.983136433394198761e-01 7.084914088552518585e-02
-9.000715847011122595e-01 6.960667707552437022e-02
-9.017669136215248349e-01 6.839557036544974267e-02
-9.033970106890851781e-01 6.720190372406809054e-02
-9.049639254359181928e-01 6.601065943176775974e-02
-9.002225440062323614e-01 6.570938975386542147e-02
-9.027102923408413249e-01 6.508007519044389788e-02
-9.790804765867801018e-01 5.907209005448210704e-02
-9.073791875769099402e-01 6.396928213358465953e-02
-9.833156620681074989e-01 5.773796252306984123e-02
-9.116238554870282895e-01 6.292579562480726807e-02
-9.136115892607630240e-01 6.239129968701040418e-02
-1.051457035556723429e+00 5.174593593554832616e-02
-9.176946126559095696e-01 5.414870362692680850e-02
-9.191104902231771456e-01 5.249462417371963951e-02
-9.207011185796232233e-01 5.070285512484296042e-02
-9.225879861624632916e-01 4.885613598844495975e-02
-8.542061905219906492e-01 5.359933146002893167e-02
-9.895723915622912648e-01 5.220119956207613932e-02
-8.574501999847019551e-01 5.285678803302396034e-02
-8.588956895332378050e-01 5.233951830652650017e-02
-1.064637762621845063e+00 4.362111318193795384e-02
-1.065956841955953971e+00 4.234027812486740316e-02
-8.629003973189226517e-01 5.001065502015955566e-02
-8.642204796078893914e-01 4.897375910324064385e-02
-8.655678672338935620e-01 4.780646088295625873e-02
-8.669655197437815541e-01 4.649935123915072133e-02
-9.445075356113002973e-01 4.145277864603968965e-02
-1.004907886322879085e+00 4.293047997909460456e-02
-9.473123244251773212e-01 4.096779590543664362e-02
-9.485746220338275858e-01 4.071605230641495154e-02
-9.497769525623555031e-01 4.044337854161805801e-02
-1.006570721771844479e+00 3.738751082863811526e-02
-9.728969347044258420e-01 5.813346764955173995e-02
-9.724450880064237079e-01 5.788239199170996940e-02
-9.712342071237943797e-01 5.719603902232894832e-02
-9.692435426700184431e-01 5.603496775324789958e-02
-5.416576323695521111e-01 2.390957187500537540e-01
-7.792460924518269660e-01 5.227583732295846275e-01
-1.122987120728369259e+00 5.716995149450548874e-01
-1.021916318946210156e+00 5.644949102075992320e-01
-1.031869134467083393e+00 8.758681166133683860e-01
-1.015835269561278453e+00 8.061368788701617216e-01
-6.729544592191267771e-01 9.056027002032758233e-01
-7.932098228377030269e-01 9.229832125270486243e-01
-6.296647343042021117e-01 1.125135659588015535e+00
-7.750132236613025416e-01 9.552288809896868349e-01
-7.656281582783852624e-01 8.917961933511315831e-01
-7.534967632291217354e-01 1.031852923056071791e+00
-7.475019294348927978e-01 9.767947268485392964e-01
-7.560261068018945263e-01 1.030793660061809724e+00
-7.778385847907516304e-01 1.105658486960720444e+00
-7.924657374175000379e-01 1.138579753628484958e+00
-8.243967861733318969e-01 1.163754863870698930e+00
-8.265181679580914098e-01 1.110260702258600629e+00
-7.981542533007321971e-01 1.205453356020220745e+00
-7.938158355403668320e-01 1.142549556882560768e+00
-7.888270843417883871e-01 1.084575155404998714e+00
-7.832970970790693599e-01 1.031154784350874598e+00
-7.774108805533590516e-01 9.819013738061879160e-01
-7.300743643824529894e-01 9.876300291615673910e-01
-7.297844148943201104e-01 9.488030718123259266e-01
-7.294980576729491739e-01 9.124079161858147380e-01
-7.554684588515477861e-01 8.791731273664101787e-01
-7.503007945106182630e-01 8.434094112719742187e-01
-7.286537467240545851e-01 8.154697991232450205e-01
-7.398277030417461653e-01 7.787607182430567043e-01
-7.346286810683516633e-01 7.495393818858205881e-01
-7.295268178715348384e-01 7.221747706387875443e-01
-7.245704431682707947e-01 6.965139507355581072e-01
-7.197996145822322944e-01 6.724096568280484298e-01
-7.152451251294476009e-01 6.497217693064883948e-01
-7.260718435680397764e-01 6.397394200064795422e-01
-7.253765197066217585e-01 6.186202215969897056e-01
-7.244719482701537094e-01 5.981459182620239012e-01
-7.232943693344376923e-01 5.781410478014569199e-01
-7.217884960274096873e-01 5.583810493744696402e-01
-7.198977722973440851e-01 5.386006052850905723e-01
-7.174764652195940728e-01 5.185047127050841365e-01
-7.498894313002433254e-01 5.064398316032096004e-01
-7.442715083315403213e-01 4.835035835830756579e-01
-7.413576509509494095e-01 4.668691523382042519e-01
-7.396909980383578054e-01 4.511017384451556644e-01
-7.450637487243507717e-01 4.262146371574024872e-01
-7.384231504745610852e-01 4.200324063995779511e-01
-6.770425069476759816e-01 4.233486217358002346e-01
-6.758936283617965612e-01 4.108582435967345070e-01
-6.749137751154921094e-01 3.985939543015437625e-01
-8.734209363407781090e-01 3.222761860874563400e-01
-7.178411360992053014e-01 3.503755248161546376e-01
-7.180130185195403580e-01 3.393286605319207894e-01
-8.664102005775723425e-01 2.886718849226492800e-01
-7.193470117794729113e-01 3.166068242503303765e-01
-7.205606500023412631e-01 3.050077522443230826e-01
-8.626707067919807681e-01 2.539421347234163129e-01
-6.735830562877979100e-01 3.032902794523897327e-01
-7.986001486436646868e-01 2.465527989141622633e-01
-7.314298646092538547e-01 2.582849084320768540e-01
-7.555455311840635346e-01 2.439597402996886988e-01
-7.622090728916440794e-01 2.380478716819476315e-01
-7.681013293469178826e-01 2.322688319231744902e-01
-7.734381230709352906e-01 2.265509343533933517e-01
-7.783735122731030298e-01 2.208616170393855604e-01
-7.830261336739250400e-01 2.151891188663617172e-01
-7.874869173148238977e-01 2.095340071792786141e-01
-7.918274522941619598e-01 2.039110927979659316e-01
-7.960999563592383588e-01 1.983397123110473004e-01
-8.003424979507007819e-01 1.928488644743329150e-01
-8.045752821843268343e-01 1.874648963285496794e-01
-8.088010693782771154e-01 1.822109399362144000e-01
-8.130135113744298980e-01 1.771044072103777900e-01
-8.172019996336942205e-01 1.721469185343336150e-01
-8.213564563567617993e-01 1.673293744046508991e-01
-8.254746594246034075e-01 1.626363753079209662e-01
-8.295654290519889340e-01 1.580542667144597679e-01
-8.336436671469034110e-01 1.535711487439761491e-01
-8.377281484195366890e-01 1.491860988498667773e-01
-8.418339874798906886e-01 1.449044206316738581e-01
-8.459707710191106678e-01 1.407381722505092192e-01
-8.501426803463163484e-01 1.366975781426928993e-01
-8.543521907890188061e-01 1.327924856521689456e-01
-8.586017334211745178e-01 1.290322323806403215e-01
-8.628904995762994856e-01 1.254300864473385513e-01
-8.672148327652183797e-01 1.220011914521426100e-01
-8.715659711409017296e-01 1.187608328060976159e-01
-8.759280399420368290e-01 1.157220830580936166e-01
-8.802817852480695482e-01 1.128950412000384596e-01
-8.846054247868102571e-01 1.102844600694001809e-01
-8.888742158270299676e-01 1.078898507503232018e-01
-8.930635300595208825e-01 1.057056132733107390e-01
-8.971485647498976812e-01 1.037208921378494075e-01
-9.011051112548285058e-01 1.019197746815261318e-01
-9.049096750053426952e-01 1.002764671908518146e-01
-9.085461229548865703e-01 9.875565115440032571e-02
-8.655507113823758258e-01 9.716332106228531273e-02
-8.678467541804432139e-01 9.516902637927637798e-02
-8.701029081166702372e-01 9.323036604907430913e-02
-8.723188875540792697e-01 9.134544706363878497e-02
-8.744942445465331282e-01 8.951086532582364086e-02
-8.525979000517921458e-01 8.552432654593022932e-02
-8.787281700810126717e-01 8.597274482038486099e-02
-8.592854425178566569e-01 8.198057998915286859e-02
-8.625473479093627160e-01 8.036376085033980488e-02
-7.986556634308074054e-01 8.726706742784751114e-02
-8.688827186842689176e-01 7.738404626311146117e-02
-8.719588465673322464e-01 7.599880762208588436e-02
-8.749815318295065536e-01 7.467272633357802114e-02
-8.779581928034598803e-01 7.340297450529575940e-02
-8.808952162663088448e-01 7.219135027827738860e-02
-8.837960205126201840e-01 7.104201507923768588e-02
-8.866602813115315174e-01 6.996055719581661947e-02
-8.894850355545014242e-01 6.895221685753183394e-02
-8.922644134827768525e-01 6.802165637731194536e-02
-8.949888882115908384e-01 6.717265022753826642e-02
-9.712989099353036559e-01 6.277182968191752366e-02
-9.064745140324321770e-01 6.480766878713217771e-02
-9.079402027428452593e-01 6.358092314895147368e-02
-9.093761899813254113e-01 6.232387882772560950e-02
-9.107980016837877724e-01 6.103759628195248865e-02
-9.122140035769276123e-01 5.973058854884483182e-02
-9.136184521863243146e-01 5.840963111086128201e-02
-9.149974103188183161e-01 5.706435564716794140e-02
-9.163467135600400493e-01 5.565995439587156923e-02
-8.459145457058169226e-01 5.460723776906095672e-02
-8.482488558579904803e-01 5.436096237816001597e-02
-8.503946352162121691e-01 5.412888232159507318e-02
-8.523751764995365354e-01 5.388042206212584340e-02
-9.248362735105665200e-01 4.714366347561971260e-02
-8.558946096186258456e-01 5.326723183005599438e-02
-9.298371533201272854e-01 4.487998739153309380e-02
-9.321324559430580470e-01 4.426570613883762384e-02
-8.602637398898012044e-01 5.169595034954244106e-02
-8.615888894676873022e-01 5.091910507872143832e-02
-8.982230906801612624e-01 4.528589143554806462e-02
-9.396713091480555224e-01 4.245983599622760174e-02
-9.413490813787572797e-01 4.208204578011809360e-02
-9.429634624910463447e-01 4.174418888547393180e-02
-8.684497241836796055e-01 4.503593957251106339e-02
-9.459615848279359085e-01 4.120312850892737799e-02
-8.719646251984862761e-01 4.158618627747801000e-02
-8.742577839504720449e-01 3.964751165970503699e-02
-8.771862302574175985e-01 3.778234547353642725e-02
-8.799002769999336726e-01 3.749207347189553730e-02
