4.009509956802069786e-01 9.367506770274758310e-16
4.009507636225048133e-01 8.396061623727746337e-16
4.009588911640408204e-01 7.632783294297951215e-16
4.009491373978609774e-01 9.853229343548264296e-16
4.009565007505527801e-01 8.743006318923107756e-16
4.009547268142717447e-01 1.061650767297805942e-15
4.009437919012557305e-01 8.118505867571457202e-16
4.009500208240949770e-01 9.714451465470119729e-16
4.009382895646702027e-01 9.783840404509192012e-16
4.009349563338037159e-01 7.077671781985372945e-16
4.009312347980379387e-01 1.207367539279857738e-15
4.009359708126290500e-01 1.332267629550187849e-15
4.009226258645757768e-01 4.996003610813204432e-16
4.009266225013303209e-01 3.053113317719180486e-16
4.009213663268142436e-01 8.534839501805890905e-16
4.009157215951220099e-01 6.800116025829083810e-16
4.009007363473986452e-01 8.049116928532384918e-16
4.008942886493331303e-01 6.938893903907228378e-16
4.008964513430486321e-01 2.775557561562891351e-16
4.008892474801840633e-01 8.743006318923107756e-16
4.008725978400702883e-01 8.257283745649601769e-16
4.008736655025499362e-01 8.396061623727746337e-16
4.008561756285679012e-01 7.910339050454240351e-16
4.008565133143888737e-01 1.096345236817342084e-15
4.008473465216160214e-01 7.147060721024445229e-16
4.036894817883470155e-01 -2.081668171172168513e-17
4.008186006826040537e-01 5.689893001203927270e-16
4.008174732386856620e-01 8.534839501805890905e-16
4.007974362097696530e-01 7.563394355258878932e-16
4.007862564378647519e-01 8.049116928532384918e-16
4.007840205040911763e-01 8.187894806610529486e-16
4.007626975645676159e-01 8.673617379884035472e-16
4.007503161997540420e-01 6.036837696399288689e-16
4.007469587266224154e-01 8.743006318923107756e-16
4.007243427955451964e-01 9.159339953157541458e-16
4.007107527653754886e-01 5.967448757360216405e-16
4.006967515831506010e-01 5.204170427930421283e-16
4.006823432147503250e-01 6.661338147750939243e-16
4.006770725455782722e-01 6.453171330633722391e-16
3.991287683533404351e-01 -3.948230631323212947e-15
4.006366542704012934e-01 9.853229343548264296e-16
4.006205974967338435e-01 8.743006318923107756e-16
4.006041234177036836e-01 7.230327447871331970e-15
4.036242647957295482e-01 0.000000000000000000e+00
4.005699101289541542e-01 2.012279232133096230e-16
4.011648437101369979e-01 -6.245004513516505540e-17
4.005436965492277235e-01 9.089951014118469175e-16
3.986079718077821799e-01 4.163336342344337027e-17
4.005061034381209861e-01 5.898059818321144121e-16
4.004866570604428966e-01 7.771561172376095783e-16
4.004570997784384634e-01 9.853229343548264296e-16
4.004367792766118650e-01 9.645062526431047445e-16
4.037981871642778442e-01 1.477984401532239644e-15
3.982865833037932957e-01 -9.055256544598933033e-15
4.003731634258795302e-01 8.257283745649601769e-16
4.003510600367976013e-01 7.424616477180734364e-16
4.003381205651889707e-01 3.191891195797325054e-16
4.003150857352176240e-01 7.077671781985372945e-16
4.002915839575461043e-01 1.609823385706476984e-15
4.002676104764309462e-01 1.186550857568136053e-15
4.002336515077376533e-01 1.165734175856414367e-15
3.998761365253767353e-01 5.662137425588298356e-15
4.001929158124191144e-01 1.075528555105620399e-15
4.001670172685050653e-01 6.591949208711866959e-16
4.001312177114829116e-01 2.921274333544943147e-14
4.001048133921614181e-01 7.216449660063517513e-16
4.000864758094534457e-01 1.714600683655476132e-14
4.000493207097071124e-01 1.297573160030651707e-15
3.994857968857501995e-01 4.996003610813204432e-16
3.807502789484734085e-01 1.137945237146828492e-02
3.999627446963165966e-01 3.261280134836397337e-15
3.997070571029094910e-01 7.133182933216630772e-15
4.000005964851948703e-01 1.040903474525123329e-13
3.998802416224987999e-01 5.551115123125782702e-15
3.998399484169558038e-01 2.698535839229521116e-14
3.998165709986020722e-01 1.739094979136268648e-13
3.997751194129344210e-01 8.881784197001252323e-16
3.997504859488664741e-01 1.582067810090848070e-15
4.017073723196977197e-01 -8.049116928532384918e-16
3.996820660352131682e-01 5.065392549852276716e-15
3.996469828339162533e-01 1.422473250300981817e-15
3.996107857444686218e-01 6.515621375768887447e-15
3.962264584887985608e-01 2.095545958979982970e-15
3.995293167763125930e-01 2.277344979262352354e-14
4.001226874912822140e-01 1.317349007656787307e-13
4.020897376932737188e-01 6.147859998861804343e-15
3.995061565182318475e-01 8.033157472553398293e-14
3.993864683701586760e-01 9.638123632527140217e-15
3.993447182433866316e-01 5.953570969552401948e-15
3.993030772721200550e-01 2.480654570646834145e-14
4.021876401971424264e-01 3.208544541166702402e-14
3.992195098716497803e-01 1.639660629493278066e-14
3.991755273546359617e-01 3.566591466608315386e-15
3.955841174161443541e-01 1.607228824546808044e-03
3.966265231737470254e-01 2.107929770716422679e-03
3.975791109875851936e-01 2.129133902241300835e-03
3.984487674050286032e-01 1.837373380687609692e-03
3.992587946697763734e-01 1.104100688289498533e-03
3.988946683567411444e-01 1.564026685940689276e-14
3.974632287086520277e-01 1.020919460081870511e-13
4.009597388396089479e-01 9.783840404509192012e-16
4.009595078178034844e-01 1.255939796607208336e-15
4.009501442071236044e-01 1.394717674685352904e-15
4.009578888329293211e-01 7.910339050454240351e-16
4.009477431357125199e-01 1.006139616066548115e-15
4.009459613386411880e-01 1.804112415015879378e-15
4.009525668924479036e-01 1.096345236817342084e-15
4.009412346944029037e-01 1.228184220991579423e-15
4.009470884184531680e-01 1.790234627208064921e-15
4.009437694544916164e-01 1.477984401532239644e-15
4.009400636803368556e-01 2.199629367538591396e-15
4.009271247273410443e-01 1.630640067418198669e-15
4.009314905358082326e-01 5.273559366969493567e-16
4.009177379245759676e-01 4.718447854656915297e-16
4.009124605931418950e-01 1.713906794265085409e-15
4.009067935259528204e-01 1.817990202823693835e-15
4.009096878533701669e-01 1.124100812432970997e-15
4.009032646118782517e-01 1.866562460151044434e-15
4.008874499897434607e-01 7.147060721024445229e-16
4.008802198913423709e-01 1.297573160030651707e-15
4.008816524162357453e-01 1.949829186997931174e-15
4.008645832834792921e-01 1.096345236817342084e-15
4.008652860473175261e-01 1.519617764955683015e-15
4.008473742466492351e-01 1.956768080901838402e-15
4.008381784499093770e-01 1.207367539279857738e-15
4.008377848373811392e-01 -6.551703624069205034e-14
4.008278273879073428e-01 6.175615574477433256e-16
4.008082170768706431e-01 1.672273430841642039e-15
4.008067214087197017e-01 1.387778780781445676e-15
4.007955708612458423e-01 1.311450947838466163e-15
4.007746772680405023e-01 1.151856388048599911e-15
4.007720691627953413e-01 1.026956297778269800e-15
4.007597156759558632e-01 1.068589661201713170e-15
4.007375319286134441e-01 1.790234627208064921e-15
4.007337969832298619e-01 1.922073611382302261e-15
4.007202290353511498e-01 4.996003610813204432e-16
4.007062533966556650e-01 9.714451465470119729e-16
4.006918684881091153e-01 8.187894806610529486e-16
4.006675253426508765e-01 1.158795281952507139e-15
4.006618568975199857e-01 4.023101296546371941e-13
4.006462432528112294e-01 1.762479051592436008e-15
4.006302041795672397e-01 1.949829186997931174e-15
4.006137472451249404e-01 1.085936895961481241e-14
4.005968702057109976e-01 -2.502859031139337276e-14
4.005795708953929779e-01 2.359223927328457648e-16
4.005522058711648015e-01 -4.787836793695987581e-14
4.005340360469283323e-01 1.949829186997931174e-15
4.005154478912432703e-01 7.434330928646204484e-14
4.004964313237661111e-01 0.000000000000000000e+00
4.004769829597098485e-01 1.484923295436146873e-15
4.004667725874719308e-01 1.006139616066548115e-15
4.004464455231269149e-01 1.804112415015879378e-15
4.004160178254568270e-01 2.421743361402661776e-13
4.003948091336762549e-01 -6.279698983036041682e-15
4.003828117680280352e-01 2.345346139520643192e-15
4.003606941884871318e-01 8.534839501805890905e-16
4.003285036829601906e-01 1.873501354054951662e-16
4.003054895105975786e-01 1.609823385706476984e-15
4.002820127375299464e-01 3.476385845857521417e-15
4.002580724536191070e-01 2.435551760271437161e-15
4.002431036073718640e-01 1.602884491802569755e-15
4.002183592686725522e-01 -1.124933479701439865e-13
4.001834467196371814e-01 2.463307335887066074e-15
4.001575829509682047e-01 7.494005416219806648e-16
4.001406124606445291e-01 3.159278394448961080e-14
4.001141607818737289e-01 1.193489751472043281e-15
4.000771690403130409e-01 1.763172940982826731e-14
4.000585794033487685e-01 1.637578961322105897e-15
4.000301828872471765e-01 9.540909728933399947e-13
3.999921091886031177e-01 -2.227384943154220309e-15
3.999718312295036937e-01 4.808653475407709266e-15
3.999416871499291148e-01 5.228942279167370089e-13
4.000005965124248108e-01 4.132111319776754499e-14
3.998713324783346734e-01 9.943434964299058265e-15
3.998487899911964405e-01 3.218952882022563244e-14
3.998077994955485659e-01 9.020562075079396891e-16
3.997838182915989247e-01 1.193489751472043281e-15
3.997418643429824781e-01 2.248201624865941994e-15
3.997165846540087220e-01 3.591987818296615842e-13
3.996735717875720129e-01 6.758482662405640440e-15
3.996385058093984144e-01 1.582067810090848070e-15
3.996027995911273223e-01 1.035976859853349197e-14
3.995664228400482854e-01 7.646661082105765672e-15
3.995373677408242674e-01 2.526451270412621852e-14
4.001226866013328776e-01 1.170938346284344789e-13
3.994518246246934190e-01 1.794397963550409258e-13
3.995022151336316552e-01 1.210975764109889496e-13
3.993788012790135955e-01 9.658940314238861902e-15
3.993371531315528800e-01 5.925815393936773035e-15
3.992956175790853823e-01 2.899069873052440016e-14
4.008908205554015391e-01 3.982925100842749089e-15
3.992123076829274808e-01 2.748495875337653160e-14
3.991684617139376057e-01 2.088607065076075742e-15
3.991243123144451177e-01 -8.549966290516408662e-13
4.009530143841649186e-01 2.144118216307333569e-15
3.990353299297844103e-01 3.009398286124564947e-14
3.989855819584226526e-01 1.242020375435970436e-12
3.989453807618125181e-01 -6.460110224537629620e-14
3.988925084394406850e-01 -8.349571034571567907e-14
3.974632131250694367e-01 2.216282712907968744e-14
3.939723617875818817e-01 4.448733048612041330e-13
3.939726892236245503e-01 1.117196612998583305e-12
3.939735632928021980e-01 1.060262988517024496e-13
3.939749842334029917e-01 6.936187735284704559e-13
3.939769524302667025e-01 4.568914691027714525e-13
3.939794684197895358e-01 1.524197434932261785e-13
3.939825328877376576e-01 2.316757896636545411e-13
3.939861466693708181e-01 6.460110224537629620e-15
3.939903107532952142e-01 -6.210032488240813109e-13
3.939950262808933901e-01 4.884981308350688778e-13
3.940002945466093420e-01 -9.765105390968642496e-14
3.940061170047910455e-01 -4.278938314783431451e-13
3.940124952670107650e-01 -1.174477182175337475e-13
3.940194311011231965e-01 2.602779103355601364e-13
3.940269264418602146e-01 4.635458683566184845e-13
3.940349833884539965e-01 -3.795852521193410212e-13
3.940436042093165003e-01 -1.595043541691154587e-13
3.940527913378829572e-01 5.315678452966210443e-13
3.940625473874047047e-01 -2.459497883133821006e-12
3.940728751475742753e-01 -1.442526653683273707e-13
3.940837775879302285e-01 5.008007897266963937e-13
3.940952578609141499e-01 9.391792898938433609e-14
3.941073193190883228e-01 8.049810817922775641e-14
3.941199654663812280e-01 1.369737656631286882e-14
3.941332000878400299e-01 -7.514822097931528333e-14
4.008285875208995042e-01 5.433847816149750543e-14
3.941614506412478569e-01 -3.048672425620679860e-13
3.941764751263484023e-01 -2.130656762133753546e-13
3.941921048829193364e-01 -1.092598234109232180e-12
3.942083450638846354e-01 9.699879788271914549e-14
3.942252004654859254e-01 1.098010571354279818e-13
3.942426762743050928e-01 -7.801398416162896865e-14
3.942607776588566426e-01 -4.939035291862126087e-13
3.942795087969774293e-01 -1.095928903183107650e-13
3.942988450276803669e-01 3.673381043789447631e-13
3.943189202635387081e-01 5.195843755245732609e-14
3.943395813179076947e-01 -1.272107419403312178e-13
3.943609053480036652e-01 2.973801760397520866e-13
3.943828950031901259e-01 1.428718254814498323e-13
4.006522962721642545e-01 -8.268039031200657973e-13
3.944288944320144541e-01 -2.940703236475883386e-14
3.944529119520929772e-01 4.757305660518795776e-14
4.007385854380097756e-01 3.788636071533346694e-15
4.005872308169521889e-01 6.055919654635033567e-13
3.958311207996805803e-01 -1.145611383535083405e-14
4.005618470903545281e-01 1.409844463395870662e-13
3.945843507806354178e-01 -1.178085407005369234e-13
4.005251207863370078e-01 2.340905247422142565e-13
3.958615250801233443e-01 1.369737656631286882e-14
3.946719739447140385e-01 -1.569300245307658770e-13
4.016572155339576677e-01 -7.037426197342711021e-14
3.953789844778055063e-01 7.548822678060673752e-14
4.004256999269408257e-01 5.650618861707812357e-13
4.004044750587283374e-01 -1.436760432849126801e-12
3.995592424412025556e-01 8.076872504148013832e-15
3.948722170617449123e-01 1.823471929007780545e-13
3.966013965006733311e-01 1.020711293264753294e-14
3.949506976990458385e-01 2.153832667772803688e-14
4.032928220303433342e-01 -1.401656568589260132e-15
3.987501808702815231e-01 -2.073341498487479839e-14
3.952213272444297099e-01 2.231478890557525574e-13
4.002083301959307726e-01 -1.546818229058999350e-13
3.951207193911053239e-01 -2.697148060448739670e-14
3.951596621976423696e-01 -2.338615412433853180e-13
4.036230167764200405e-01 7.457229278529098337e-14
3.995292909656904534e-01 -1.361410983946598208e-14
3.953463891032340527e-01 4.553302179743923261e-14
3.953244997622860635e-01 -9.612449725082683472e-14
4.000209745304909581e-01 -3.853098395900644846e-13
4.000012701451494679e-01 9.798759026402592553e-13
3.979185849325569957e-01 -9.714451465470119729e-16
3.999328299937583431e-01 9.658940314238861902e-13
3.999113515768029647e-01 -6.904685156960965742e-13
4.015068876091461014e-01 1.309230501789215850e-13
3.980432757408743916e-01 3.377853552422038774e-14
4.006075223561449961e-01 2.058075931898883937e-14
3.960177071666103887e-01 1.138672489631176177e-14
3.959322113850229363e-01 -2.429306755757920655e-13
3.997080198926005190e-01 2.008046506851712820e-13
4.003575360285805407e-01 -1.830480211850726846e-14
3.961028936353312990e-01 -3.580399865477090771e-13
4.017667256210970539e-01 1.858305176405394832e-13
3.995745365978957686e-01 2.193037418329879529e-13
3.962949293117535854e-01 2.442629432053422533e-13
3.994992401856102271e-01 -5.832140326234025451e-14
3.994596802875483021e-01 -1.669497873280079148e-13
3.993382199588652037e-01 2.394612286238384513e-14
4.029889915910894183e-01 1.006139616066548115e-15
3.988139941845207370e-01 4.586608870482677958e-15
3.967077613546480253e-01 -5.028685801100607478e-13
4.008908157560717722e-01 1.172673069760321596e-15
3.982950760791482137e-01 4.996003610813204432e-15
3.988648499510342171e-01 -4.887062976521860946e-14
3.991312092307489623e-01 4.000896836053868810e-13
4.009530143841543159e-01 -9.943434964299058265e-15
3.990402258213605613e-01 -7.127631818093504990e-14
3.989933789184129109e-01 -8.920988947558328164e-13
3.989370838153143417e-01 -5.463685059936551625e-14
3.987445697838770675e-01 1.086630785351871964e-14
3.984863468866640113e-01 -4.018868571264988532e-13
