-1.185697663261926493e-01 2.360302571788264192e-03
-1.185699921858581890e-01 2.360551480258432644e-03
-1.294116651281086716e-01 2.547868786896279047e-03
-1.185715592500170279e-01 2.362311481806933511e-03
-1.185728826720949258e-01 2.363842965042439737e-03
-1.185745459066115115e-01 2.365829735791580291e-03
-1.185765266574044935e-01 2.368292696114382423e-03
-1.185787959745913667e-01 2.371255749633482957e-03
-1.294163403092923603e-01 2.559931880213861533e-03
-1.185840455919062314e-01 2.378787320198583188e-03
-1.185869266947323086e-01 2.383408812732357163e-03
-1.185898968472859083e-01 2.388632712890581544e-03
-1.185928826887269610e-01 2.394477218977619781e-03
-8.908030086074252007e-02 1.314601185473274203e-03
-8.907721251329638046e-02 1.313352645567866794e-03
-1.186010703444782544e-01 2.415790985101251565e-03
-5.136342005288754842e-02 3.225475653280684973e-03
-1.186049121728700168e-01 2.432999173051786368e-03
-8.906325116310667700e-02 1.306348416594438344e-03
-8.905943436721584783e-02 1.304000718185316376e-03
-1.186062180584764592e-01 2.462330346322871844e-03
-1.186050946768067438e-01 2.472710244338871544e-03
-1.186030545642961231e-01 2.483172287103596609e-03
-1.186000541927000468e-01 2.493607298391875560e-03
-1.185960554021074365e-01 2.503850596164314268e-03
-1.185910491650566528e-01 2.513735084637924722e-03
-1.185850646503082279e-01 2.523100924562315939e-03
-1.185781107231575759e-01 2.531747630909852997e-03
-1.185703062575831357e-01 2.539532591536053374e-03
-1.185617428167254628e-01 2.546290361370551203e-03
-1.185525513794169622e-01 2.551876262031793630e-03
-1.185428884451095732e-01 2.556158605593938926e-03
-8.901561629893718630e-02 1.238214999408349115e-03
-1.185229208893686659e-01 2.560374582144697708e-03
-1.185130819356873533e-01 2.560153706924805928e-03
-1.185037024108984149e-01 2.558343599268653179e-03
-1.184950872055104271e-01 2.554983655635723050e-03
-1.184875544476942932e-01 2.550180743770336100e-03
-1.184814231085069697e-01 2.544117278284685479e-03
-9.676997401406817190e-02 9.141665030334533704e-03
-7.279704319235505428e-02 5.777034230199262765e-03
-1.184744203583278505e-01 2.521751223599766334e-03
-8.905309054808943636e-02 1.203076235998745691e-03
-8.905243762008376029e-02 1.205363097551592766e-03
-7.165929968269615924e-02 1.146605866585997946e-02
-1.184915264080377284e-01 2.505424717848092619e-03
-1.047427987195238552e-01 8.192634437164336703e-03
-9.171057848975605609e-02 1.109778164968072689e-02
-7.226467241051620638e-02 1.121868087908173273e-02
-5.363505406003839238e-02 6.133537779929310041e-03
-3.217501988550323933e-02 1.461607406737774895e-02
-8.712492228849572085e-02 1.716516778539844967e-02
-7.429533500671364754e-02 1.997467458374846405e-02
-5.958897331197564318e-02 1.860097350458422838e-02
-3.852774200583852088e-02 2.040670534577931905e-02
-2.165367791870076442e-02 2.653782848145352924e-02
-7.321671627084427869e-03 3.402142850970751864e-02
3.237276883794451554e-03 3.986092822367004462e-02
1.264779187777151370e-02 4.346478635518064015e-02
2.171682297153638974e-02 4.541054666774119175e-02
3.078656575307314736e-02 4.602090086518662027e-02
4.014183415247349340e-02 4.548782636934900481e-02
-2.535708527067223605e-02 3.305625305319648266e-02
-1.610900370658301106e-02 3.553513825650439495e-02
-7.181227856497995887e-03 3.760643552757708674e-02
1.217045790955981199e-03 3.918365920666849744e-02
9.249938803338686455e-03 4.010789585049640005e-02
1.716430342048784474e-02 4.041434183745001851e-02
2.514463046138615265e-02 4.024753822891213861e-02
3.331187629477166956e-02 3.978937635386664562e-02
-4.774551117013538931e-02 2.762474768185618768e-02
-4.194034843019329994e-02 2.782572964652757497e-02
-3.598638149276260634e-02 2.712651172016261603e-02
-2.947743479398211297e-02 2.552049940212125501e-02
-2.151946215562033915e-02 2.321832876265417234e-02
-1.082446803673327296e-02 2.242822607702976700e-02
-1.842574718129583178e-03 2.558869644543493305e-02
4.472662044999312081e-03 2.828023166933274490e-02
9.864100729477617846e-03 3.007459999462025468e-02
1.484914295451590649e-02 3.121152461379317344e-02
-6.611144098266805158e-02 1.444942435427187810e-02
2.428747445842807662e-02 3.212749438179057782e-02
-4.935172186122288585e-02 1.317813866381722931e-02
-4.447364542754266015e-02 1.532166685372576831e-02
-4.023378618813838736e-02 1.612699973462317082e-02
-3.600885749768736876e-02 1.598792250648445323e-02
-3.128413154914755356e-02 1.496288587203337128e-02
-2.463515748509045866e-02 1.348241232021529790e-02
-9.190458365380262118e-02 6.152342007669620028e-03
-1.246263654532515919e-02 1.852203794053097763e-02
-8.940283603150661618e-03 2.042600683363604563e-02
-5.817291022170947845e-03 2.173225490905500434e-02
-2.920265885272749218e-03 2.260562566865997880e-02
-1.749298960372625000e-04 2.313744227782826846e-02
-7.053681607807557596e-02 4.419643504465831096e-03
-7.557742972701754491e-02 2.122244439919485082e-03
-7.081602726545185855e-02 3.600157691207250821e-03
-1.185643571668452273e-01 2.351078488217361873e-03
-1.186577132503752324e-01 2.351867551193653760e-03
-1.187134897235293529e-01 2.415798300078042526e-03
-3.786823929338245520e-02 6.498172375718647142e-03
-3.566013367805823120e-02 8.315344662747470306e-03
-3.378807381228486617e-02 9.510990832526156069e-03
-3.202672355298209761e-02 1.027521236735629007e-02
-3.032750483821658460e-02 1.071322381755684949e-02
-2.867294153712655891e-02 1.087960064499576829e-02
-1.295445352805673633e-01 2.554100578365636753e-03
-1.185960812043857643e-01 2.380770913519625331e-03
-1.185897821623776716e-01 2.366008267848773716e-03
-1.055636785608739941e-01 1.753577508586567912e-03
-7.533462792433617827e-02 2.721489990002490256e-03
-7.225765617976960542e-02 3.173116931697972376e-03
-1.297241200748953383e-01 2.614880698150745530e-03
-1.187109207671874223e-01 2.394982455363903195e-03
-1.296606321710125354e-01 2.632638379951368623e-03
-1.055793866286349886e-01 1.758361081167059137e-03
-1.187072174366477495e-01 2.285469573372833629e-03
-9.725150046107597368e-02 1.398715649965021068e-03
-8.958284038221782375e-02 1.007854213107062247e-03
-9.702253021049185577e-02 1.421540465065318504e-03
-9.690617483533693621e-02 1.395732451339837255e-03
-1.187796053950197495e-01 2.408929998495290548e-03
-1.187640898574544163e-01 2.387333277809655652e-03
-1.297089426562183789e-01 2.641828240308452536e-03
-1.187794022342662514e-01 2.340991928204805284e-03
-1.188216744782349538e-01 2.331489215906867862e-03
-9.645267438646618063e-02 1.697914997554783589e-03
-1.294843391557643497e-01 2.809724399716106991e-03
-1.294284038627411537e-01 2.790034848267675116e-03
-1.190133259754536238e-01 2.333669621930711813e-03
-8.275203521867484369e-02 1.482091761315529332e-03
-1.190104862302409222e-01 2.560943158409434428e-03
-1.291758221931026407e-01 2.652419830129371103e-03
-1.188600034814680378e-01 2.636768677475365141e-03
-1.187964967306512909e-01 2.624054898233418864e-03
-1.187585334313489560e-01 2.604608342523184739e-03
-1.187191669171125674e-01 2.599895964635390300e-03
-1.186626916836741041e-01 2.582951078715423066e-03
-1.056065956066730982e-01 1.696765882266471070e-03
-1.185541945955102122e-01 2.483539529070932783e-03
-1.185148880365389790e-01 2.404553096578776472e-03
-9.654060908647471573e-02 1.734471528948511310e-03
-1.184922419571063923e-01 2.184793710139409928e-03
-3.775974498014068176e-02 3.486357962977637559e-03
-1.300022262190653199e-01 2.288889636104796121e-03
-1.299865651054544768e-01 2.369442244085029348e-03
-7.193336241925987751e-02 1.917340391482225126e-03
-1.192279787905365374e-01 1.987544215177106111e-03
-1.298900721409098069e-01 2.517406179964043478e-03
-1.193098846501449428e-01 2.226846057016507174e-03
-8.910076708507123910e-02 1.320466416872556614e-03
-1.054853240107556100e-01 1.786574029342569148e-03
-1.185705919966795752e-01 2.361218505654960609e-03
-1.054852104544711233e-01 1.786307323594416019e-03
-8.909869890313576457e-02 1.320055296292088620e-03
-1.054850052594626247e-01 1.785765614360390607e-03
-1.054848787883076733e-01 1.785380184302742812e-03
-1.294154922801412921e-01 2.556955547228900727e-03
-1.185813172931165504e-01 2.374744987702070986e-03
-8.909069446459891295e-02 1.318084494478510837e-03
-1.294175925049818321e-01 2.566839178827384771e-03
-1.054843675921998125e-01 1.782057663224978494e-03
-8.908320295557127511e-02 1.315684227278901552e-03
-1.185958016543874755e-01 2.400953088160961979e-03
-1.185985993782789072e-01 2.408075010742527500e-03
-1.294157463213252424e-01 2.586084929633913898e-03
-1.186032156507326185e-01 2.424127260404751460e-03
-1.054865371612634106e-01 1.774797230936098202e-03
-1.186060489857069800e-01 2.442375127423457304e-03
-1.054888292174912950e-01 1.772161375281078310e-03
-1.054903332609891664e-01 1.771006810302899748e-03
-8.905154071388013404e-02 1.298441147643492055e-03
-1.054939011859378772e-01 1.769389447868641163e-03
-1.294077396007338732e-01 2.609138623690943071e-03
-8.903943536529346225e-02 1.287571453966684931e-03
-1.054996746097138088e-01 1.769258118263394852e-03
-1.055013984705038821e-01 1.769827488976472019e-03
-1.055027743556322950e-01 1.770646534139830308e-03
-1.055038854285458155e-01 1.771616553196020405e-03
-1.055046156529881457e-01 1.772637777555374772e-03
-1.293694559485849549e-01 2.607679893654735181e-03
-8.901675515057673460e-02 1.246295612113146323e-03
-1.185329405237046385e-01 2.559022435733082634e-03
-1.293677029860160754e-01 2.565641482285718755e-03
-1.055035135017483860e-01 1.775482680775264388e-03
-1.055026548742168391e-01 1.775094731203630261e-03
-1.294227815244041180e-01 2.525470788285133494e-03
-1.055009981533136243e-01 1.772837165747442878e-03
-1.055004304850093722e-01 1.771000620134688397e-03
-1.184770229282296611e-01 2.537076100398771850e-03
-1.184746194969086702e-01 2.529439674268330052e-03
-1.055008055970759889e-01 1.763011262322977668e-03
-1.184767313963603491e-01 2.514442710013387039e-03
-1.184807745942915991e-01 2.509085452734871602e-03
-1.184862835320581592e-01 2.505786910039553561e-03
-1.055119574637496255e-01 1.748147814008060852e-03
-1.055185796906219081e-01 1.745358094167648311e-03
-7.663014787414859641e-02 2.160153607194958969e-03
-8.903892331338110477e-02 1.202687236509347724e-03
-1.294512412842781790e-01 2.634291014409595455e-03
-1.003266875727328034e-01 1.123896070584806672e-02
-1.184863573138706383e-01 2.528236541818773553e-03
-1.184747756382167061e-01 2.524198418750012163e-03
-8.901376440967757875e-02 1.187792985440583315e-03
-1.199895387096034105e-01 2.695792820847864313e-03
-1.073509157909958989e-01 6.007074771207654429e-03
-9.460418356282918051e-02 1.216991372259240700e-02
-8.531737652482578038e-02 1.830310851996930221e-02
-7.574078004850895440e-02 1.993632966770830794e-02
-6.222655088080165930e-02 1.783731678382460828e-02
-4.525265678600809416e-02 2.397940459236697075e-02
-3.475941619605697752e-02 2.958588668424261270e-02
-1.185389083456655224e-01 1.014523294154634492e-02
-1.118667321880473936e-01 9.555737945810049982e-03
-9.080339880658447327e-02 9.132610335749025143e-03
-8.382410289395746117e-02 1.614678509767986103e-02
-7.629399063290215333e-02 1.904265317241998767e-02
-6.777721976929776404e-02 2.129610335221771011e-02
-6.008614024982320695e-02 2.428338002582464128e-02
-5.367141092879064435e-02 2.647865462700649264e-02
-5.138798499379231693e-02 3.202013240180878739e-03
-1.179267408293852570e-01 5.145616578918155160e-03
-1.143212013163697194e-01 5.768715685947833904e-03
-8.925646702560467716e-02 2.646631088517925612e-03
-8.953845389723741333e-02 1.002064780085820672e-02
-8.604457347723787342e-02 1.394541808833416052e-02
-8.231774294898402955e-02 1.605564343156967722e-02
-7.852357543293467246e-02 1.705801194982942137e-02
-7.465127967317987390e-02 1.716548288448305204e-02
-7.061030304122738188e-02 1.638068807420189898e-02
-1.185458818271483833e-01 2.462413350744263596e-03
-5.906942280215105034e-02 1.040240786513701998e-02
-1.294841095995866720e-01 2.765004131212833727e-03
-1.294125887393627883e-01 2.762033735626834297e-03
-9.838418041378495238e-02 3.193469437396512234e-03
-9.759258646286622652e-02 5.012976174581573741e-03
-9.596997720815717003e-02 6.197542544560119548e-03
-9.399665644334456727e-02 6.594830309142929448e-03
-1.055476996808962092e-01 1.773277769210768184e-03
-8.999962667442951147e-02 4.520891519670222625e-03
-7.839028852188931196e-02 3.449792804102125299e-03
-7.663550414038219905e-02 5.646789575160515717e-03
-7.456906471366596401e-02 6.242690682868423657e-03
-7.251974536319884257e-02 5.862986095000966014e-03
-1.185376088283964513e-01 2.545256415470653621e-03
-1.185010580890642484e-01 2.491251068078847997e-03
-1.055571376136072020e-01 1.762178211801856964e-03
-1.055592252804304215e-01 1.760720520152803115e-03
-1.055623142992270780e-01 1.761380021485958736e-03
-1.055629349426712021e-01 1.764375552699204430e-03
-5.143339226007156290e-02 3.126639517659457468e-03
-1.186668506166720372e-01 2.534432565728494957e-03
-1.186075709348134583e-01 2.544946436527473210e-03
-5.144213690267072925e-02 3.120263798798872390e-03
-1.185228913802640199e-01 2.461973286498497782e-03
-1.296023768553002942e-01 2.557782148945864087e-03
-1.185795506386781717e-01 2.375417835534354705e-03
-1.055732151655681683e-01 1.761275724559974165e-03
-1.055674696764641596e-01 1.759984072150111434e-03
-1.186019113590743856e-01 2.324326276004928804e-03
-1.297605874108917479e-01 2.464222930185278049e-03
-1.187183560676645377e-01 2.315148462199212442e-03
-1.187350793155885487e-01 2.364833001714250482e-03
-1.055887174741951956e-01 1.749410824663455433e-03
-8.960833282537283839e-02 9.300586169603275444e-04
-1.186637211643081780e-01 2.337153630214028333e-03
-1.055728827220904498e-01 1.754457736213244079e-03
-1.055708703592833642e-01 1.746294541496995478e-03
-9.713765146067725176e-02 1.421956045280614589e-03
-1.055815024372709771e-01 1.737021550580697404e-03
-1.055844811227380359e-01 1.738061453698314107e-03
-9.679079725185125993e-02 1.338516718830173868e-03
-1.055913528568486470e-01 1.734406794431708754e-03
-1.187688702169084898e-01 2.367970213419778869e-03
-1.296951937638295416e-01 2.730770496759626909e-03
-1.055894694071066592e-01 1.747917469271942359e-03
-1.055851463697619341e-01 1.745457491250990145e-03
-1.188438278853036212e-01 2.320759495805346795e-03
-1.189057589416549765e-01 2.294428586660901548e-03
-8.408631235122732139e-02 1.682565082810560941e-03
-8.982018143334417892e-02 1.059865650786973035e-03
-1.055927293523442889e-01 1.723745187631742226e-03
-1.189373149216123304e-01 2.619008112257681375e-03
-1.055852112489392147e-01 1.727728540906581234e-03
-1.055805160136974868e-01 1.719570113863089222e-03
-1.055844534497432791e-01 1.708284669025672553e-03
-1.055911960045414627e-01 1.704546921014959970e-03
-1.055963931842149178e-01 1.698999288334723801e-03
-1.186049232639530132e-01 2.543490593799990762e-03
-1.056171498782088880e-01 1.700261658919066665e-03
-9.905728268958644001e-02 1.832741739460519437e-03
-1.184914409772685751e-01 2.305756664092384334e-03
-1.056084505365724457e-01 1.726058261961371798e-03
-1.299977083911262044e-01 2.188951768998470548e-03
-1.186512286248852799e-01 1.887646209377091822e-03
-1.188718995870287065e-01 1.799507743823314243e-03
-1.299596229258120905e-01 2.432683970282234487e-03
-1.055831539334751851e-01 1.698194915049688891e-03
-1.192896723627429045e-01 2.115901866001246301e-03
-1.055819116508836392e-01 1.679732515859122532e-03
-1.054853542147926732e-01 1.786602236100498509e-03
-9.661718458765329587e-02 1.223856054133887206e-03
-1.054852749343152957e-01 1.786476548785276286e-03
-9.661469784608427147e-02 1.222322227144412299e-03
-1.054851052810196477e-01 1.786096393758707102e-03
-9.660997286832397057e-02 1.219189653506091986e-03
-9.660678079648471472e-02 1.216982634454910617e-03
-1.054847456154254792e-01 1.784909493934783153e-03
-1.054846139467945504e-01 1.784349656226036362e-03
-1.054845345266175738e-01 1.783684627145731838e-03
-1.054844091677195894e-01 1.782928107470937995e-03
-9.658458934770668136e-02 1.197529450371659365e-03
-1.054844226966430709e-01 1.781048307370969308e-03
-1.054845289377282502e-01 1.779986085255758077e-03
-1.054847180296671072e-01 1.778808646985929887e-03
-1.054851559479314388e-01 1.777518541468792179e-03
-1.294144756298897248e-01 2.589411625183835053e-03
-9.655458561612798030e-02 1.149642234750114511e-03
-1.054875762703732928e-01 1.773463358301086146e-03
-1.186065684907421786e-01 2.452206213312546623e-03
-8.905552323739508724e-02 1.301372845580184290e-03
-1.054920223409467617e-01 1.770055658007363419e-03
-8.904752916009134323e-02 1.295190690901892872e-03
-1.054958590733315327e-01 1.769028123797811158e-03
-1.054978619532994516e-01 1.768949639061212498e-03
-8.903545784113087169e-02 1.283167797750228711e-03
-8.903161204380498350e-02 1.278314116019363400e-03
-8.902793447253935788e-02 1.272965012063864698e-03
-8.902448848847710483e-02 1.267148297122544509e-03
-8.902136580402718324e-02 1.260774038690015697e-03
-1.055050116579507036e-01 1.773635535052331402e-03
-1.055050304572168612e-01 1.774487715551054112e-03
-1.055047371766703879e-01 1.775171502555183967e-03
-1.055042423057136053e-01 1.775498532107289140e-03
-8.901711136414765246e-02 1.220958864099785934e-03
-9.662671018006123436e-02 1.024799920565477862e-03
-1.055017830513438476e-01 1.774224724867434766e-03
-9.661418039841110361e-02 1.019448080949503233e-03
-9.660722570705362888e-02 1.011723372792372455e-03
-1.055001780726222277e-01 1.768738425761473554e-03
-1.055002663006642805e-01 1.766063151431573885e-03
-8.905237457537740209e-02 1.200538109711712931e-03
-1.055019263146796671e-01 1.759597995865058717e-03
-1.055040925852845923e-01 1.755542537754672949e-03
-8.904998742750444563e-02 1.205969302682186051e-03
-1.294707565687584494e-01 2.666554235162543751e-03
-1.184987015916418446e-01 2.505899746886475210e-03
-8.904178197584468324e-02 1.203703372901543389e-03
-1.185028291272151313e-01 2.517129028235032262e-03
-1.184925601809307116e-01 2.523575855633231058e-03
-1.184969152671619397e-01 2.525701104359678872e-03
-1.055488653850098213e-01 1.759612156586876086e-03
-1.294967794033537734e-01 2.614623284484196564e-03
-1.184648049846153683e-01 2.513090688665786665e-03
-1.184562812112613800e-01 2.493039025963483812e-03
-1.184590557285548212e-01 2.481572317301505848e-03
-1.184700250022681089e-01 2.463798889931589908e-03
-9.451232478197613140e-02 4.301822062246274392e-03
-9.136084591378623720e-02 4.308525587478628793e-03
-6.566164591145796925e-02 5.029909726745607212e-03
-6.450347480738584383e-02 6.362777652507756176e-03
-1.236350988969165954e-01 5.701543991600221961e-03
-5.138729191913819772e-02 3.212559434964235017e-03
-1.294216821659867622e-01 2.706266168323201438e-03
-1.184782737056551127e-01 2.514359662576237664e-03
-1.184675362497465134e-01 2.495645776957156059e-03
-1.184647056670004722e-01 2.469030122620508028e-03
-1.184760511086804385e-01 2.437730060089071671e-03
-1.185078964198660045e-01 2.411201565308218608e-03
-1.346817182800214008e-01 3.315247106364993535e-03
-1.316264221627591324e-01 3.001555826810387018e-03
-5.138827160738251854e-02 3.200187544563026787e-03
-1.294041085419619097e-01 2.698276711047220555e-03
-1.120121885580079996e-01 2.924538847569047029e-03
-1.185984433751631623e-01 2.493115846467164332e-03
-1.185852277508057107e-01 2.507797275400680537e-03
-1.185680334908953276e-01 2.513816741655017228e-03
-1.185508396482860549e-01 2.509863234178677516e-03
-1.185384986207176500e-01 2.496428329473054930e-03
-1.185362697550099015e-01 2.477626096814178336e-03
-1.055541039615157800e-01 1.788740209199446429e-03
-5.139510922405475524e-02 3.177775390783066367e-03
-1.185593194425959007e-01 2.447342015049147612e-03
-1.185918142159715361e-01 2.446886117654589743e-03
-1.185895155774332327e-01 2.470654749736567179e-03
-1.292953887894695564e-01 2.647229104996762228e-03
-1.185660239671695176e-01 2.447079221653603032e-03
-1.185824267015934547e-01 2.419625740503861255e-03
-1.186222875921747605e-01 2.407136116244323887e-03
-1.186666705970411406e-01 2.427034999235522239e-03
-1.186889456565089901e-01 2.472811646688832798e-03
-1.186788245771059624e-01 2.522572050501159513e-03
-1.186421865588323799e-01 2.557600144788674257e-03
-9.520730513628784808e-02 4.046784737959829847e-03
-1.055548972354368731e-01 1.763032871637482124e-03
-1.055563679441277464e-01 1.763025527780237578e-03
-1.185040985555553955e-01 2.415162593007502689e-03
-1.294440843006712527e-01 2.543333111875878405e-03
-8.916618600819603557e-02 9.180076633729106206e-04
-1.293764717180092283e-01 2.526621628916425610e-03
-1.187098459296306169e-01 2.487740405232197194e-03
-1.294461630741426117e-01 2.352663299947765907e-03
-1.295733252586002970e-01 2.353478216011284374e-03
-1.185526653774571088e-01 2.518453802015763188e-03
-1.055710215265972113e-01 1.745637000451993881e-03
-1.185367580985666747e-01 2.399948220638992158e-03
-1.055775227963039742e-01 1.757671302646313105e-03
-1.295070756545206314e-01 2.494368596920926162e-03
-8.948158448742289661e-02 8.821881947463361406e-04
-1.296737763232339302e-01 2.376605417668209430e-03
-1.186563016192719588e-01 2.292956004125046299e-03
-1.055749301923263744e-01 1.739048141508381384e-03
-1.055847464691781062e-01 1.741741851406297670e-03
-9.762686622819621851e-02 9.250684240627582433e-04
-1.186754534489889157e-01 2.385081434350011520e-03
-9.747974379137640255e-02 1.270021097603657445e-03
-9.736502334063598663e-02 1.351141604027272791e-03
-1.187784328237664888e-01 2.291402186348934222e-03
-1.055750604789231911e-01 1.738950117912474447e-03
-1.188220166946934303e-01 2.368107490812287885e-03
-1.188098259992138167e-01 2.401923050881105137e-03
-1.055857172443801090e-01 1.736355178077075845e-03
-9.668423065656521487e-02 1.242057011283992374e-03
-1.055970804156753651e-01 1.739392094519065513e-03
-1.055953056735669665e-01 1.746199383794611038e-03
-9.832019761221255649e-02 1.223481879361942859e-03
-1.188331183913704792e-01 2.346019387812592338e-03
-1.055823474459252481e-01 1.742419875815581776e-03
-1.055791429397895664e-01 1.738026725598529332e-03
-1.055779154466129632e-01 1.729603072440133449e-03
-1.293187809843208691e-01 2.745111308445069564e-03
-9.744428263687929248e-02 1.179008195000941228e-03
-1.055915180139325726e-01 1.729029005607507496e-03
-9.716892772934834777e-02 1.376933108000411021e-03
-9.700433147201711903e-02 1.390340045289650828e-03
-9.684636459545073461e-02 1.339417482054350295e-03
-9.671081783598828308e-02 1.247121595908395886e-03
-1.292362961366634311e-01 1.984340408544005285e-03
-8.985617139362830907e-02 1.104533167627208545e-03
-8.986445337552699530e-02 1.121180689293788113e-03
-1.056226957041964953e-01 1.711122412387355851e-03
-1.056183537532531108e-01 1.721790753801522023e-03
-9.731498635636126604e-02 1.210512338863822812e-03
-1.185343535976710327e-01 2.040831705791001927e-03
-1.055934318385623460e-01 1.715202960382300468e-03
-1.055918361306924097e-01 1.711396271909471078e-03
-1.055867745727050028e-01 1.706388373936051917e-03
-9.681512548435729226e-02 1.229221022548410147e-03
-1.055817179070877992e-01 1.689024093579627461e-03
-9.652530099429620924e-02 1.103336347749284130e-03
