1.302019491320178337e-19
1.446987676405655736e-17
5.336209362727687671e-17
1.213529817641660735e-16
2.261459769800987761e-16
3.757862740713678506e-16
5.749120044212041175e-16
8.202792917777035905e-16
1.096847593896431422e-15
1.376536340395357313e-15
1.621576363083276533e-15
1.792730616264122515e-15
1.860087322489975458e-15
1.812184171415903003e-15
1.659440762290365404e-15
1.430433283144294704e-15
1.162915108337896957e-15
8.935892992751663187e-16
6.504296682786016321e-16
4.494074970690729929e-16
2.952717557646520393e-16
1.847153935742769074e-16
1.101101535566224715e-16
6.258514715029815388e-17
3.397829194884783198e-17
1.773596642640112068e-17
9.083674221244246135e-18
4.813469960252885694e-18
2.948024406114753984e-18
2.435404193677747643e-18
2.948024406268354215e-18
4.813469960405788354e-18
9.083674221400890492e-18
1.773596642644466518e-17
3.397829194873288015e-17
6.258514715030420592e-17
1.101101535567820556e-16
1.847153935742500369e-16
2.952717557643943283e-16
4.494074970686451345e-16
6.504296682785230418e-16
8.935892992750381288e-16
1.162915108335910803e-15
1.430433283143056784e-15
1.659440762292373646e-15
1.812184171415434420e-15
1.860087322490199495e-15
1.792730616264051912e-15
1.621576363082069773e-15
1.376536340396417936e-15
1.096847593896737500e-15
8.202792917766677176e-16
5.749120044208854177e-16
3.757862740712490777e-16
2.261459769799686140e-16
1.213529817643695750e-16
5.336209362698633554e-17
1.446987676436634242e-17
1.302019490953585998e-19
8.786880603733859834e-19
9.765457058452367971e-17
3.601860723547815134e-16
8.193159852616970150e-16
1.527342924034594342e-15
2.539070132495061765e-15
3.886507793701438434e-15
5.548557817927067577e-15
7.424315103871659121e-15
9.324270569742456879e-15
1.099256658991448677e-14
1.216240892756429784e-14
1.262930759076372203e-14
1.231344690242795087e-14
1.128369281824310701e-14
9.732928014284134496e-15
7.917343748404977976e-15
6.086830055669216280e-15
4.432414196511698697e-15
3.063604528315574790e-15
2.013418652955930969e-15
1.259809729983720380e-15
7.510895978850125544e-16
4.269474500377969205e-16
2.318056566323998870e-16
1.209991955905950798e-16
6.197045841314371296e-17
3.283742206109630865e-17
2.011056409278495738e-17
1.661325077780560259e-17
2.011056409336203687e-17
3.283742206187048935e-17
6.197045841381716598e-17
1.209991955906951665e-16
2.318056566322599135e-16
4.269474500375864426e-16
7.510895978860656837e-16
1.259809729982968595e-15
2.013418652955275425e-15
3.063604528314935813e-15
4.432414196511566169e-15
6.086830055668305146e-15
7.917343748395229233e-15
9.732928014278255905e-15
1.128369281825203691e-14
1.231344690242523562e-14
1.262930759076474913e-14
1.216240892756464336e-14
1.099256658991101736e-14
9.324270569748603683e-15
7.424315103872517401e-15
5.548557817922950512e-15
3.886507793701089758e-15
2.539070132495323272e-15
1.527342924034064030e-15
8.193159852619820896e-16
3.601860723539837778e-16
9.765457058555703819e-17
8.786880601934663784e-19
2.072383312418865198e-18
2.303297199601612312e-16
8.498132474320836169e-16
1.934071062644591198e-15
3.607991649090557939e-15
6.003359334211626526e-15
9.199205486323252509e-15
1.314974535388939467e-14
1.762002156834868932e-14
2.216312950933654922e-14
2.617087752364500461e-14
2.900410317742595861e-14
3.016738038963711044e-14
2.946007623009649539e-14
2.703721471020240173e-14
2.335373941806116767e-14
1.902083719490575850e-14
1.463884380033782924e-14
1.066956911931722876e-14
7.380000401306094065e-15
4.852938470942717778e-15
3.037795922027087476e-15
1.811640892536493323e-15
1.029993433877767632e-15
5.592763179993412228e-16
2.919438981298633325e-16
1.495188480096714911e-16
7.922454364875975225e-17
4.851634689399138458e-17
4.007789232198119206e-17
4.851634689390826453e-17
7.922454364910236440e-17
1.495188480097853829e-16
2.919438981298428714e-16
5.592763179999179787e-16
1.029993433877103214e-15
1.811640892538626403e-15
3.037795922025690797e-15
4.852938470942427477e-15
7.380000401308683107e-15
1.066956911931799238e-14
1.463884380033325700e-14
1.902083719489372995e-14
2.335373941805819208e-14
2.703721471020670575e-14
2.946007623008926942e-14
3.016738038963930032e-14
2.900410317743156899e-14
2.617087752364647821e-14
2.216312950934227319e-14
1.762002156835019131e-14
1.314974535388661946e-14
9.199205486322779193e-15
6.003359334212172417e-15
3.607991649089745412e-15
1.934071062644225955e-15
8.498132474325014173e-16
2.303297199601557092e-16
2.072383312178528400e-18
4.041607803874377108e-18
4.492260583847795130e-16
1.658186651328097074e-15
3.776563144444403098e-15
7.052147723522467899e-15
1.174891701936331644e-14
1.803077831117746030e-14
2.581951700099719835e-14
3.466549143661506383e-14
4.369759848472112051e-14
5.171690504081419416e-14
5.744957773629245571e-14
5.989288384856256997e-14
5.862071891911480688e-14
5.391422522193966433e-14
4.666011885109644330e-14
3.806934835318686664e-14
2.934320135538303908e-14
2.141393306215235560e-14
1.482685860012797133e-14
9.757535747117530222e-15
6.111464856177017574e-15
3.646127971220008412e-15
2.073500026373821643e-15
1.126048780688917799e-15
5.878339675424553149e-16
3.010561540672154726e-16
1.595096904706309245e-16
9.767517571597019220e-17
8.068370504551824555e-17
9.767517571484297160e-17
1.595096904696230314e-16
3.010561540660598900e-16
5.878339675428261781e-16
1.126048780689430755e-15
2.073500026372297564e-15
3.646127971223564597e-15
6.111464856177519289e-15
9.757535747117605953e-15
1.482685860012977309e-14
2.141393306215147208e-14
2.934320135537105470e-14
3.806934835317215596e-14
4.666011885110083567e-14
5.391422522193094268e-14
5.862071891909988794e-14
5.989288384856546036e-14
5.744957773630939413e-14
5.171690504081670589e-14
4.369759848471316880e-14
3.466549143661978438e-14
2.581951700099891807e-14
1.803077831117288175e-14
1.174891701936103032e-14
7.052147723521650639e-15
3.776563144444997110e-15
1.658186651328744137e-15
4.492260583839004262e-16
4.041607803575156157e-18
6.636332371346719733e-18
7.377002033008279246e-16
2.724627990048088396e-15
6.211379214005861425e-15
1.161410920342912219e-14
1.938161619207334997e-14
2.980470926214249971e-14
4.277974877185126843e-14
5.758804203841681583e-14
7.280120120897935868e-14
8.642311654423975174e-14
9.630201768590381619e-14
1.007098218757013720e-13
9.886799430727477180e-14
9.118899653318408550e-14
7.912580358124871097e-14
6.470812691679108969e-14
4.997654667671396729e-14
3.653324803394419146e-14
2.532981038495964151e-14
1.668700223747896736e-14
1.045962697714996198e-14
6.243543739373844614e-15
3.551801224061528100e-15
1.929231929203507300e-15
1.007203659764673335e-15
5.158315743584540910e-16
2.732849580281050730e-16
1.673281161464255888e-16
1.382128824281168548e-16
1.673281161464289168e-16
2.732849580284217513e-16
5.158315743574060893e-16
1.007203659765057116e-15
1.929231929202742894e-15
3.551801224058268526e-15
6.243543739377776297e-15
1.045962697715328151e-14
1.668700223748428744e-14
2.532981038495340635e-14
3.653324803393675092e-14
4.997654667669993188e-14
6.470812691677026376e-14
7.912580358124688081e-14
9.118899653317711828e-14
9.886799430725412257e-14
1.007098218756963738e-13
9.630201768592377122e-14
8.642311654424011777e-14
7.280120120895605889e-14
5.758804203842225581e-14
4.277974877186246395e-14
2.980470926213675049e-14
1.938161619207039332e-14
1.161410920342919161e-14
6.211379214006512236e-15
2.724627990047313341e-15
7.377002033007207381e-16
6.636332370970092576e-18
9.830015752939345516e-18
1.092840956676710099e-15
4.039299393936277959e-15
9.219470799933879018e-15
1.726699802824952189e-14
2.887529583904569328e-14
4.451588004660089723e-14
6.408242887307364475e-14
8.654874974298849119e-14
1.098050494053698987e-13
1.308453424077347731e-13
1.463703516185165078e-13
1.536655138336134103e-13
1.514252169558795660e-13
1.401624859232356043e-13
1.220192328260191629e-13
1.000776792559778122e-13
7.748950000917872621e-14
5.676548963213497337e-14
3.942470450950808944e-14
2.600663298056166086e-14
1.631686007834911039e-14
9.746199154229803386e-15
5.546685456108924887e-15
3.013515237601453603e-15
1.573449531145539280e-15
8.058292787983508161e-16
4.268852337213741516e-16
2.613402882690191011e-16
2.158520884249051362e-16
2.613402882706678204e-16
4.268852337234934757e-16
8.058292787987501769e-16
1.573449531146068605e-15
3.013515237599654211e-15
5.546685456107454450e-15
9.746199154229372668e-15
1.631686007835563584e-14
2.600663298057384402e-14
3.942470450949729782e-14
5.676548963212496430e-14
7.748950000917424548e-14
1.000776792559534269e-13
1.220192328260045217e-13
1.401624859232501446e-13
1.514252169558626781e-13
1.536655138335944776e-13
1.463703516185215818e-13
1.308453424077392917e-13
1.098050494053486941e-13
8.654874974298981647e-14
6.408242887309265314e-14
4.451588004659463683e-14
2.887529583904626126e-14
1.726699802824891605e-14
9.219470799932276052e-15
4.039299393934436758e-15
1.092840956677806812e-15
9.830015752559159241e-18
1.358944063029024904e-17
1.511002191977113902e-15
5.589818449926171360e-15
1.277663723907138271e-14
2.397606014348022566e-14
4.019463684106618187e-14
6.215309809249095265e-14
8.978540152240217261e-14
1.217407573153710177e-13
1.551174017319115411e-13
1.856814715245445558e-13
2.086850593929151627e-13
2.201109001812413334e-13
2.178879388833196136e-13
2.025483337543796777e-13
1.770257910288682557e-13
1.457048313365774588e-13
1.131627609541205777e-13
8.310999970700390668e-14
5.784005183676612435e-14
3.821448297068300321e-14
2.400360137976279617e-14
1.434872240700812327e-14
8.170092943965599493e-15
4.440097776289587322e-15
2.318626468748499996e-15
1.187473784208191965e-15
6.289939139429212359e-16
3.850099354468569950e-16
3.179695927099055254e-16
3.850099354461832092e-16
6.289939139412035899e-16
1.187473784208493901e-15
2.318626468750961636e-15
4.440097776290011729e-15
8.170092943971012657e-15
1.434872240700144320e-14
2.400360137977171661e-14
3.821448297069599101e-14
5.784005183675983870e-14
8.310999970699823951e-14
1.131627609541295013e-13
1.457048313365543104e-13
1.770257910288538921e-13
2.025483337544148419e-13
2.178879388833222894e-13
2.201109001812082391e-13
2.086850593929147336e-13
1.856814715245473073e-13
1.551174017319018476e-13
1.217407573153721537e-13
8.978540152241104572e-14
6.215309809248426311e-14
4.019463684107116747e-14
2.397606014347796636e-14
1.277663723906695720e-14
5.589818449923587841e-15
1.511002191977919723e-15
1.358944063011438544e-17
1.787471712873142421e-17
1.987801556420515433e-15
7.361215099316592666e-15
1.685329749156762439e-14
3.169794830454942413e-14
5.329347568284305308e-14
8.269590175277425801e-14
1.199474246680522906e-13
1.633832769943994066e-13
2.092189391853823749e-13
2.517722502937294756e-13
2.845100035885628581e-13
3.017284170481007937e-13
3.002701676750227920e-13
2.805355222537796785e-13
2.463209629975292009e-13
2.035782030915702959e-13
1.586770071768463594e-13
1.168862314897827314e-13
8.154220177471715952e-14
5.397338573787910839e-14
3.394721124046401453e-14
2.031101916092627752e-14
1.157163212854089394e-14
6.290827950829391870e-15
3.285632688806107549e-15
1.682756877338432337e-15
8.912401914045138183e-16
5.454319409253911484e-16
4.504142400012852339e-16
5.454319409227486616e-16
8.912401913998380425e-16
1.682756877337179823e-15
3.285632688807963739e-15
6.290827950832255435e-15
1.157163212855005419e-14
2.031101916091906733e-14
3.394721124046872245e-14
5.397338573788394253e-14
8.154220177471996155e-14
1.168862314897781371e-13
1.586770071768594356e-13
2.035782030915582800e-13
2.463209629975201132e-13
2.805355222538301151e-13
3.002701676750247106e-13
3.017284170480652508e-13
2.845100035885743691e-13
2.517722502937295261e-13
2.092189391853730600e-13
1.633832769944110692e-13
1.199474246680434806e-13
8.269590175277235213e-14
5.329347568284876443e-14
3.169794830454724056e-14
1.685329749156060037e-14
7.361215099314098288e-15
1.987801556419734066e-15
1.787471712881909562e-17
2.263931677031489710e-17
2.518122272271670097e-15
9.335893292652935013e-15
2.141424817047350031e-14
4.037991674084695875e-14
6.811284548685927655e-14
1.061107408709051352e-13
1.546220763166181533e-13
2.117138785646496315e-13
2.726561055819362877e-13
3.301008902208969123e-13
3.753554243198470179e-13
4.005652765584435417e-13
4.010616634753783295e-13
3.768680088965412961e-13
3.326650600468694358e-13
2.762473756075579586e-13
2.162057823662562884e-13
1.598124712476119708e-13
1.117962172660099875e-13
7.415422553693319712e-14
4.671046648652814126e-14
2.797580278468535042e-14
1.594874874184260128e-14
8.673812398682683531e-15
4.531177355395814986e-15
2.320770754642762666e-15
1.229011053664825144e-15
7.519907707330874308e-16
6.209202818012299570e-16
7.519907707342125436e-16
1.229011053664554959e-15
2.320770754642910183e-15
4.531177355395065568e-15
8.673812398682864969e-15
1.594874874184641937e-14
2.797580278468110004e-14
4.671046648652530768e-14
7.415422553692292299e-14
1.117962172660245404e-13
1.598124712476122737e-13
2.162057823662662848e-13
2.762473756075688638e-13
3.326650600468800381e-13
3.768680088965777478e-13
4.010616634753528335e-13
4.005652765584477321e-13
3.753554243198299028e-13
3.301008902209117555e-13
2.726561055819312389e-13
2.117138785646565483e-13
1.546220763166162096e-13
1.061107408709059556e-13
6.811284548685989502e-14
4.037991674084588590e-14
2.141424817046373422e-14
9.335893292652976034e-15
2.518122272268998619e-15
2.263931677054966334e-17
2.783015191902765006e-17
3.096119742275706685e-15
1.149360437086942534e-14
2.641842505600268296e-14
4.995895956639539046e-14
8.457878650575790693e-14
1.323465566346991076e-13
1.938504454796093473e-13
2.669788006315298333e-13
3.460319528726374716e-13
4.217906436140735167e-13
4.829912372261276404e-13
5.190718082515832737e-13
5.232971475387994872e-13
4.949438370697682408e-13
4.395237371686877256e-13
3.669512153772213508e-13
2.885372645696144606e-13
2.141100099190398179e-13
1.502469145175799740e-13
9.989370973642307306e-14
6.302961997222660847e-14
3.779199526882642547e-14
2.156029811855845614e-14
1.173091240280935684e-14
6.129758211071216274e-15
3.139769738785268773e-15
1.662546182916521382e-15
1.017026236006426346e-15
8.396544202905759672e-16
1.017026236011381181e-15
1.662546182921094803e-15
3.139769738788605261e-15
6.129758211070900729e-15
1.173091240280622822e-14
2.156029811855231565e-14
3.779199526882590797e-14
6.302961997222297339e-14
9.989370973640752303e-14
1.502469145176046370e-13
2.141100099190648595e-13
2.885372645696203676e-13
3.669512153772517946e-13
4.395237371687370010e-13
4.949438370697502674e-13
5.232971475387823216e-13
5.190718082516220478e-13
4.829912372260595838e-13
4.217906436140927523e-13
3.460319528726515575e-13
2.669788006315158989e-13
1.938504454796224739e-13
1.323465566347053428e-13
8.457878650575540782e-14
4.995895956639587009e-14
2.641842505599235204e-14
1.149360437087032780e-14
3.096119742272783561e-15
2.783015191934204195e-17
3.338771722638220512e-17
3.715234837010936749e-15
1.381143999420977935e-14
3.181868802958545192e-14
6.036093127516282230e-14
1.025999805608325479e-13
1.613298020221332186e-13
2.376525554334623843e-13
3.294210006043430786e-13
4.299938279541624719e-13
5.280992844362280587e-13
6.094594516895038760e-13
6.601442192355862853e-13
6.706382087337730973e-13
6.389366723651137006e-13
5.712195841690282166e-13
4.797824237512545307e-13
3.792326917596535810e-13
2.826400764917495913e-13
1.990260610232466148e-13
1.326709893884387918e-13
8.386486746665801088e-14
5.034571352260658886e-14
2.874450646874523508e-14
1.564768114089836355e-14
8.178954835881936263e-15
4.189926708401484238e-15
2.218407326822847892e-15
1.356728840409564622e-15
1.119951947373511903e-15
1.356728840409485341e-15
2.218407326822164738e-15
4.189926708401869202e-15
8.178954835883012269e-15
1.564768114089902304e-14
2.874450646873591390e-14
5.034571352261295655e-14
8.386486746665914684e-14
1.326709893884340965e-13
1.990260610232752915e-13
2.826400764917880120e-13
3.792326917596631230e-13
4.797824237513125909e-13
5.712195841690921333e-13
6.389366723650629106e-13
6.706382087337939989e-13
6.601442192356068841e-13
6.094594516894541967e-13
5.280992844362107921e-13
4.299938279541793851e-13
3.294210006043243984e-13
2.376525554334708661e-13
1.613298020221457646e-13
1.025999805608308440e-13
6.036093127516418545e-14
3.181868802957770846e-14
1.381143999420695523e-14
3.715234837010652759e-15
3.338771722669284992e-17
3.924631053337366575e-17
4.368215857780887501e-15
1.626385311471045613e-14
3.756165179818358047e-14
7.149969431206300187e-14
1.220652782266255596e-13
1.929589675213696663e-13
2.860174905330153777e-13
3.992656509390183568e-13
5.252171384864104784e-13
6.504091768712999235e-13
7.570841122899174222e-13
8.271706890349446896e-13
8.474685093131100583e-13
8.139431226896299724e-13
7.331212921299561175e-13
6.198973527953789271e-13
4.928316254586049666e-13
3.690832303465956591e-13
2.608937152940858368e-13
1.744088982016151971e-13
1.104669547639483632e-13
6.640106801042498934e-14
3.794259495637137888e-14
2.066646244057968154e-14
1.080644210988357690e-14
5.537006546071252055e-15
2.931443612027393731e-15
1.792337893582229043e-15
1.479301297773688349e-15
1.792337893575085907e-15
2.931443612017444617e-15
5.537006546068399534e-15
1.080644210988606654e-14
2.066646244058793618e-14
3.794259495636756711e-14
6.640106801043276435e-14
1.104669547639549897e-13
1.744088982016282228e-13
2.608937152941077987e-13
3.690832303466007078e-13
4.928316254586288975e-13
6.198973527954824257e-13
7.331212921300142786e-13
8.139431226895970548e-13
8.474685093131628679e-13
8.271706890349518587e-13
7.570841122899113637e-13
6.504091768712436809e-13
5.252171384864240090e-13
3.992656509389982630e-13
2.860174905330122475e-13
1.929589675213793851e-13
1.220652782266246256e-13
7.149969431206228243e-14
3.756165179817853176e-14
1.626385311470481420e-14
4.368215857783332970e-15
3.924631053366932835e-17
4.533435101760803688e-17
5.047151216851515472e-15
1.882271593785761061e-14
4.358758686682910191e-14
8.327634536399438894e-14
1.428412037067705672e-13
2.270987067525152736e-13
3.388922357483397995e-13
4.767028016908947788e-13
6.323843475288360522e-13
7.902113295095648195e-13
9.284766445775107771e-13
1.024079084664988996e-12
1.059002502671927937e-12
1.026159522231203408e-12
9.318782738536200395e-13
7.937825555059560248e-13
6.351173085790533170e-13
4.781740187637068116e-13
3.394242928885813968e-13
2.276074170094056512e-13
1.444647795268262294e-13
8.695362310560489353e-14
4.972968221301151626e-14
2.710357134543345630e-14
1.417925037505733849e-14
7.267251620708387242e-15
3.847416005877059142e-15
2.351741120956067493e-15
1.940657063232075542e-15
2.351741120954086664e-15
3.847416005875290516e-15
7.267251620712524028e-15
1.417925037505832930e-14
2.710357134544108931e-14
4.972968221300906763e-14
8.695362310560399738e-14
1.444647795268340802e-13
2.276074170094393261e-13
3.394242928885924535e-13
4.781740187636676336e-13
6.351173085790941106e-13
7.937825555060683081e-13
9.318782738536761812e-13
1.026159522231219563e-12
1.059002502671980444e-12
1.024079084664992025e-12
9.284766445775152200e-13
7.902113295095193811e-13
6.323843475288435243e-13
4.767028016908847824e-13
3.388922357483329333e-13
2.270987067525239321e-13
1.428412037067788218e-13
8.327634536398898682e-14
4.358758686683031991e-14
1.882271593785348014e-14
5.047151216853164191e-15
4.533435101813479258e-17
5.157481199611951725e-17
5.743514846482485035e-15
2.145742399371399419e-14
4.983041681328104274e-14
9.557857837971688276e-14
1.647695399966618140e-13
2.635736934222369206e-13
3.961692929746450129e-13
5.618669693708295187e-13
7.521582815782872201e-13
9.490815251181439519e-13
1.126533841351049647e-12
1.255383708060017560e-12
1.311407194696697062e-12
1.283092009198981163e-12
1.175710135388660588e-12
1.009592510101961580e-12
8.134593107082217358e-13
6.160077663291142119e-13
4.392513479945205404e-13
2.955193372261760634e-13
1.879802369502956785e-13
1.133001049406605265e-13
6.485497105553986309e-14
3.537170799278251614e-14
1.851594780922225755e-14
9.493868736291607498e-15
5.026501730099206768e-15
3.071612042857865031e-15
2.534192966867001961e-15
3.071612042864174735e-15
5.026501730114334753e-15
9.493868736301679675e-15
1.851594780921669766e-14
3.537170799278204913e-14
6.485497105553529401e-14
1.133001049406557050e-13
1.879802369502989097e-13
2.955193372262237738e-13
4.392513479945407857e-13
6.160077663290840206e-13
8.134593107082805028e-13
1.009592510102029636e-12
1.175710135388697746e-12
1.283092009199080118e-12
1.311407194696680502e-12
1.255383708060032908e-12
1.126533841351088219e-12
9.490815251181217376e-13
7.521582815782632892e-13
5.618669693708550652e-13
3.961692929746393078e-13
2.635736934222352545e-13
1.647695399966878148e-13
9.557857837971030682e-14
4.983041681328914592e-14
2.145742399371313275e-14
5.743514846480454507e-15
5.157481199697086457e-17
5.788578461890939193e-17
6.448226228836704047e-15
2.413505528454356648e-14
5.621783885603052788e-14
1.082802480218476478e-13
1.876651155167722013e-13
3.021623845996874374e-13
4.576732123887390016e-13
6.548134877121370996e-13
8.851488091415944496e-13
1.128646298702727684e-12
1.354424947044831253e-12
1.526227308007360873e-12
1.611935386551819039e-12
1.593803575385612354e-12
1.474762001532378552e-12
1.277576566923524353e-12
1.037255687898390761e-12
7.904416711526892367e-13
5.663895179974438598e-13
3.823811339476900580e-13
2.437782661520473924e-13
1.471287816771409205e-13
8.429364614035081243e-14
4.600901379206052387e-14
2.410260115295908018e-14
1.236562906309579460e-14
6.547975574382322269e-15
4.000270348286793453e-15
3.299646713076909446e-15
4.000270348288877623e-15
6.547975574393936668e-15
1.236562906309975626e-14
2.410260115295301226e-14
4.600901379205703395e-14
8.429364614034939879e-14
1.471287816771382700e-13
2.437782661520597113e-13
3.823811339477372130e-13
5.663895179974843504e-13
7.904416711527262942e-13
1.037255687898465886e-12
1.277576566923562724e-12
1.474762001532436107e-12
1.593803575385732109e-12
1.611935386551780668e-12
1.526227308007436604e-12
1.354424947044892040e-12
1.128646298702719001e-12
8.851488091415485064e-13
6.548134877121699162e-13
4.576732123887372851e-13
3.021623845996771885e-13
1.876651155167958545e-13
1.082802480218534412e-13
5.621783885602840111e-14
2.413505528454671561e-14
6.448226228833315100e-15
5.788578461954663130e-17
6.418118663928230741e-17
7.151726721229418967e-15
2.682059294226231749e-14
6.267159480142144170e-14
1.212412018065732443e-13
2.113139320831944668e-13
3.425909149666964892e-13
5.231462726088500785e-13
7.554915764718670726e-13
1.031871977606924580e-12
1.330536233865665002e-12
1.615563383549916288e-12
1.842413030969613596e-12
1.969067171605309124e-12
1.969201117164433878e-12
1.841538278391857798e-12
1.610617492401241242e-12
1.318503301292358204e-12
1.011619324011206046e-12
7.286579184894157486e-13
4.937159421656889383e-13
3.154621061058105698e-13
1.906358431555344474e-13
1.093133178465577557e-13
5.971644323504662239e-14
3.131358302645013357e-14
1.607824808344741608e-14
8.516463588033884583e-15
5.201511866726212302e-15
4.289457993309556726e-15
5.201511866719891948e-15
8.516463588030088585e-15
1.607824808344205814e-14
3.131358302645010832e-14
5.971644323504672336e-14
1.093133178465542089e-13
1.906358431555377291e-13
3.154621061058413670e-13
4.937159421657279143e-13
7.286579184894417999e-13
1.011619324011298539e-12
1.318503301292468670e-12
1.610617492401269515e-12
1.841538278392012894e-12
1.969201117164445187e-12
1.969067171605353149e-12
1.842413030969736784e-12
1.615563383549951629e-12
1.330536233865684995e-12
1.031871977606904385e-12
7.554915764718618219e-13
5.231462726088735045e-13
3.425909149667064856e-13
2.113139320831932804e-13
1.212412018065942722e-13
6.267159480140268575e-14
2.682059294226705697e-14
7.151726721228997715e-15
6.418118663915913418e-17
7.037162746781385922e-17
7.844073528037599472e-15
2.947721886632036934e-14
6.910791851380510459e-14
1.343074520404202630e-13
2.354717917114985832e-13
3.845274011142864425e-13
5.922336611704428602e-13
8.637142595354462779e-13
1.192700810673516365e-12
1.556323796476066752e-12
1.913557624089831139e-12
2.210418975275593316e-12
2.392654017735028392e-12
2.422364087107501312e-12
2.291428783417743486e-12
2.024909072295123409e-12
1.672533082638546962e-12
1.292656843998453938e-12
9.362369349314722311e-13
6.367304791721003184e-13
4.077261792781265643e-13
2.466739843764213390e-13
1.415581557411788602e-13
7.740534857094815214e-14
4.063852609716299863e-14
2.088940644257293553e-14
1.107029356622163515e-14
6.759735441150737929e-15
5.572965418782054328e-15
6.759735441146549077e-15
1.107029356621721910e-14
2.088940644256634381e-14
4.063852609716181218e-14
7.740534857094890944e-14
1.415581557411641937e-13
2.466739843764397163e-13
4.077261792781607441e-13
6.367304791721422226e-13
9.362369349314635474e-13
1.292656843998553297e-12
1.672533082638695596e-12
2.024909072295154105e-12
2.291428783417917161e-12
2.422364087107477482e-12
2.392654017735087764e-12
2.210418975275738719e-12
1.913557624089866278e-12
1.556323796476067358e-12
1.192700810673538983e-12
8.637142595354336562e-13
5.922336611704944580e-13
3.845274011143203193e-13
2.354717917114900509e-13
1.343074520404345508e-13
6.910791851378981962e-14
2.947721886631890521e-14
7.844073528040341553e-15
7.037162746701513756e-17
7.636543677371155857e-17
8.515052237626837177e-15
3.206668438077046137e-14
7.543818388227067967e-14
1.473117591959721562e-13
2.598635948622809213e-13
4.275769919082778859e-13
6.644686464410183804e-13
9.791255027438688772e-13
1.367807198291946558e-12
1.807442779641541655e-12
2.252134600411470501e-12
2.637385482735633697e-12
2.894056291470437220e-12
2.968913723701197846e-12
2.843341933802930174e-12
2.540806054099721279e-12
2.118957303337984516e-12
1.650540697201510817e-12
1.202400426781444570e-12
8.208340639129630932e-13
5.266817776888302984e-13
3.189400925082530703e-13
1.831539063977832484e-13
1.002572676036083822e-13
5.271694634213721264e-14
2.713850629507550973e-14
1.439263689366996323e-14
8.786805409307368024e-15
7.242018697267353013e-15
8.786805409316425725e-15
1.439263689367568721e-14
2.713850629507014232e-14
5.271694634212996143e-14
1.002572676036059588e-13
1.831539063977689101e-13
3.189400925082707913e-13
5.266817776888672550e-13
8.208340639130178212e-13
1.202400426781461736e-12
1.650540697201639660e-12
2.118957303338115783e-12
2.540806054099799635e-12
2.843341933802956427e-12
2.968913723701316591e-12
2.894056291470491746e-12
2.637385482735772638e-12
2.252134600411545626e-12
1.807442779641486321e-12
1.367807198292005729e-12
9.791255027439151234e-13
6.644686464410570535e-13
4.275769919083202446e-13
2.598635948622991472e-13
1.473117591959648103e-13
7.543818388226344739e-14
3.206668438076200478e-14
8.515052237630882456e-15
7.636543677252260960e-17
8.206985899660017088e-17
9.154308299417523800e-15
3.454976202087030645e-14
8.156977368269437286e-14
1.600746959166547185e-13
2.841834935609695442e-13
4.712780571848489695e-13
7.392583910722762091e-13
1.101165252732545641e-12
1.557094692126927715e-12
2.085086470174699592e-12
2.635027897381417529e-12
3.131062204292004168e-12
3.486260261833714781e-12
3.627417449077135077e-12
3.520459280121727174e-12
3.183886078116040090e-12
2.682888737331595407e-12
2.107302798997881712e-12
1.544478660755171281e-12
1.058315957514364111e-12
6.802737991138333528e-13
4.122091979387764400e-13
2.368365323388249443e-13
1.297977134267107810e-13
6.838221094856281764e-14
3.527252371508797536e-14
1.872635558691715452e-14
1.143123957000208183e-14
9.418487385263157104e-15
1.143123957000698855e-14
1.872635558691453234e-14
3.527252371507838913e-14
6.838221094856525364e-14
1.297977134267096955e-13
2.368365323388334262e-13
4.122091979387816907e-13
6.802737991138618275e-13
1.058315957514419445e-12
1.544478660755252060e-12
2.107302798998066697e-12
2.682888737331707287e-12
3.183886078116189532e-12
3.520459280121622565e-12
3.627417449077334602e-12
3.486260261833884014e-12
3.131062204292091006e-12
2.635027897381525370e-12
2.085086470174676570e-12
1.557094692127019602e-12
1.101165252732645606e-12
7.392583910722803491e-13
4.712780571848850173e-13
2.841834935610192740e-13
1.600746959166400268e-13
8.156977368268273558e-14
3.454976202086256299e-14
9.154308299420991633e-15
8.206985899545343829e-17
8.739241032823413742e-17
9.751497167040436567e-15
3.688678012529506810e-14
8.740718461164609757e-14
1.724062547392294120e-13
3.080960873248933597e-13
5.150999581868356003e-13
8.158712301552279133e-13
1.229033444882766933e-12
1.760122591087781862e-12
2.390081963791489219e-12
3.065821976231842665e-12
3.699698313333112153e-12
4.183954103657196621e-12
4.419816082749504373e-12
4.351123191674042193e-12
3.986269728807627046e-12
3.396507450147117158e-12
2.691558832732002540e-12
1.985124985970042597e-12
1.365227700640353829e-12
8.788101455962211342e-13
5.326213091670591481e-13
3.061058547703649539e-13
1.679850398607168086e-13
8.871650419806951643e-14
4.587958949054316446e-14
2.439373517101257115e-14
1.489050359189960804e-14
1.226430613034177774e-14
1.489050359188307983e-14
2.439373517099488489e-14
4.587958949053403891e-14
8.871650419808957243e-14
1.679850398607163038e-13
3.061058547703896925e-13
5.326213091670736884e-13
8.788101455962327462e-13
1.365227700640393208e-12
1.985124985970116510e-12
2.691558832732172580e-12
3.396507450147273466e-12
3.986269728807792644e-12
4.351123191673984032e-12
4.419816082749669971e-12
4.183954103657412302e-12
3.699698313333214742e-12
3.065821976231956968e-12
2.390081963791558286e-12
1.760122591087877788e-12
1.229033444882853367e-12
8.158712301552025688e-13
5.150999581868529679e-13
3.080960873249327397e-13
1.724062547392202738e-13
8.740718461163399329e-14
3.688678012528952083e-14
9.751497167042126307e-15
8.739241032757043423e-17
9.224238810648415016e-17
1.029645208857587327e-14
3.903823898401820035e-14
9.285337700755812788e-14
1.841080522555797831e-13
3.312388457872287683e-13
5.584428836731803061e-13
8.934264156290362533e-13
1.361654509572108736e-12
1.976022501905873129e-12
2.722738779750128559e-12
3.547742974333682275e-12
4.351855101516346055e-12
5.003533827813401179e-12
5.371850968810956032e-12
5.369863541625728018e-12
4.988250545845302196e-12
4.301070156398016315e-12
3.440522333734923562e-12
2.553983041758069445e-12
1.762530931289449301e-12
1.135629110843831510e-12
6.880259271200917969e-13
3.954027693071794946e-13
2.173138011087902307e-13
1.151180543261698037e-13
5.973214501127173710e-14
3.182258230599696721e-14
1.942741516258188547e-14
1.599487946967222532e-14
1.942741516257823778e-14
3.182258230600040665e-14
5.973214501127525857e-14
1.151180543261893927e-13
2.173138011087838441e-13
3.954027693072032235e-13
6.880259271201101742e-13
1.135629110843872707e-12
1.762530931289479795e-12
2.553983041758131241e-12
3.440522333735062099e-12
4.301070156398223918e-12
4.988250545845408824e-12
5.369863541625781333e-12
5.371850968811170905e-12
5.003533827813542543e-12
4.351855101516500344e-12
3.547742974333831717e-12
2.722738779750242458e-12
1.976022501905958755e-12
1.361654509572149933e-12
8.934264156290222179e-13
5.584428836731726320e-13
3.312388457872189738e-13
1.841080522555702158e-13
9.285337700755636083e-14
3.903823898401153605e-14
1.029645208857712283e-14
9.224238810628983154e-17
9.653251528928005521e-17
1.077936770057149609e-14
4.096550391578960603e-14
9.781136935515406667e-14
1.949761672964720358e-13
3.532259270412321645e-13
6.006402588974218426e-13
9.708874992882309614e-13
1.497644430781000509e-12
2.203409620909037305e-12
3.082671205241832754e-12
4.083386551640762484e-12
5.096115814373406068e-12
5.962999062251071345e-12
6.513452590150536450e-12
6.618557700247116883e-12
6.240290138299978909e-12
5.449479767608477009e-12
4.402641903382002853e-12
3.289883628980966020e-12
2.277589959321892691e-12
1.467934467885097792e-12
8.883853918413610925e-13
5.103035689221976544e-13
2.809288299719891690e-13
1.493807853269914476e-13
7.784154338684371162e-14
4.158045730682813475e-14
2.539190228531858332e-14
2.089686828059940196e-14
2.539190228533949760e-14
4.158045730685202146e-14
7.784154338685926165e-14
1.493807853270139649e-13
2.809288299719811920e-13
5.103035689222303700e-13
8.883853918413652324e-13
1.467934467885162819e-12
2.277589959321948833e-12
3.289883628981071437e-12
4.402641903382136139e-12
5.449479767608670072e-12
6.240290138300070190e-12
6.618557700247269556e-12
6.513452590150802214e-12
5.962999062251265215e-12
5.096115814373553086e-12
4.083386551640948276e-12
3.082671205241983004e-12
2.203409620909080522e-12
1.497644430780993037e-12
9.708874992882875069e-13
6.006402588973992244e-13
3.532259270411821823e-13
1.949761672964639074e-13
9.781136935516350776e-14
4.096550391578104847e-14
1.077936770057506174e-14
9.653251528949644962e-17
1.001806949627074694e-16
1.119099670214199206e-14
4.263156689657978547e-14
1.021860676644890563e-13
2.048046304842928499e-13
3.736535328795079384e-13
6.409642331697331715e-13
1.047060672485340615e-12
1.635282977194851030e-12
2.440292321594360926e-12
3.468595801570820004e-12
4.674374204167529801e-12
5.940663434181051507e-12
7.081685000661640921e-12
7.879030054051021963e-12
8.147697939222005988e-12
7.805431614902916780e-12
6.909558416081474137e-12
5.641054333306339859e-12
4.243744941193103216e-12
2.946114896700299651e-12
1.897833957999440410e-12
1.146232365758317348e-12
6.577167582403709302e-13
3.627406696994151875e-13
1.937841855086373732e-13
1.015255346216414334e-13
5.441900669989206700e-14
3.324959562710784241e-14
2.735158444038865304e-14
3.324959562712418129e-14
5.441900669989565790e-14
1.015255346216531842e-13
1.937841855086581486e-13
3.627406696994039289e-13
6.577167582404087955e-13
1.146232365758321993e-12
1.897833957999482415e-12
2.946114896700398202e-12
4.243744941193259928e-12
5.641054333306444064e-12
6.909558416081562186e-12
7.805431614903113882e-12
8.147697939222353339e-12
7.879030054051291766e-12
7.081685000661956768e-12
5.940663434181288999e-12
4.674374204167692976e-12
3.468595801570998526e-12
2.440292321594324575e-12
1.635282977194814881e-12
1.047060672485429876e-12
6.409642331697172176e-13
3.736535328794442742e-13
2.048046304842976209e-13
1.021860676644990149e-13
4.263156689657276777e-14
1.119099670214889302e-14
1.001806949633885645e-16
1.031118419479709914e-16
1.152285597907874416e-14
4.400186433951124453e-14
1.058863084085259323e-13
2.133895571014936932e-13
3.921068994574785300e-13
6.786347175618340169e-13
1.120599479344219888e-12
1.772494295308821368e-12
2.683985237818627543e-12
3.878108393242058601e-12
5.320931985758483063e-12
6.892693999512221199e-12
8.379760761053123648e-12
9.507570010334659720e-12
1.001770706778489132e-11
9.762172646327191366e-12
8.768194222267090210e-12
7.238105287942302772e-12
5.482412018500450773e-12
3.814699974956253008e-12
2.453626634352223546e-12
1.477168909988145743e-12
8.460557395251801695e-13
4.675240074812461254e-13
2.511867122285958347e-13
1.324887129821047443e-13
7.133025326872331776e-14
4.361888116984073124e-14
3.586537772183679186e-14
4.361888116983316448e-14
7.133025326868835544e-14
1.324887129821063851e-13
2.511867122285850305e-13
4.675240074812408747e-13
8.460557395252161163e-13
1.477168909988160485e-12
2.453626634352263128e-12
3.814699974956343481e-12
5.482412018500724615e-12
7.238105287942465138e-12
8.768194222267033664e-12
9.762172646327482172e-12
1.001770706778550201e-11
9.507570010334982837e-12
8.379760761053483924e-12
6.892693999512558856e-12
5.320931985758693897e-12
3.878108393242191079e-12
2.683985237818494257e-12
1.772494295308870037e-12
1.120599479344283704e-12
6.786347175618037246e-13
3.921068994574283458e-13
2.133895571015017711e-13
1.058863084085301227e-13
4.400186433951243098e-14
1.152285597908566878e-14
1.031118419490443106e-16
1.052597508336012296e-16
1.176743765215721647e-14
4.504513448081362476e-14
1.088270811999225752e-13
2.205338849214240733e-13
4.081689632643086997e-13
7.128323697513919552e-13
1.190017346044976353e-12
1.906839570749735722e-12
2.931032852260163498e-12
4.307448771998952273e-12
6.021390340924201232e-12
7.957632236228900845e-12
9.877406615242733081e-12
1.144241204784150721e-11
1.230019063037072203e-11
1.220780993555246002e-11
1.113655648953251479e-11
9.301264584331519918e-12
7.093758805828052034e-12
4.944160253160948281e-12
3.171402328305674369e-12
1.900386364669185094e-12
1.085345010219229966e-12
6.009676728702371992e-13
3.251085309580224350e-13
1.729129875204662833e-13
9.361587551567987643e-14
5.731786449032147667e-14
4.710833012917627461e-14
5.731786449028633765e-14
9.361587551562695333e-14
1.729129875204664096e-13
3.251085309579971915e-13
6.009676728702532541e-13
1.085345010219254402e-12
1.900386364669244466e-12
3.171402328305720817e-12
4.944160253160978169e-12
7.093758805828425234e-12
9.301264584331897965e-12
1.113655648953259557e-11
1.220780993555278960e-11
1.230019063037163645e-11
1.144241204784182387e-11
9.877406615243222604e-12
7.957632236229026861e-12
6.021390340924507386e-12
4.307448771999033861e-12
2.931032852259965992e-12
1.906839570749903339e-12
1.190017346045043198e-12
7.128323697513197587e-13
4.081689632642878486e-13
2.205338849214146575e-13
1.088270811999231179e-13
4.504513448082723735e-14
1.176743765215999010e-14
1.052597508350816380e-16
1.065689525449597990e-16
1.191841968098717597e-14
4.573429373217171476e-14
1.109318842277443851e-13
2.260526441151914229e-13
4.214306673421524662e-13
7.427158013503667850e-13
1.253709293032818367e-12
2.035525852862080804e-12
3.177152524272966293e-12
4.751266337984399991e-12
6.771611514022440181e-12
9.138119641123195713e-12
1.159356489875218041e-11
1.373051370050692595e-11
1.507893407138509206e-11
1.526220754678657826e-11
1.415658800383043675e-11
1.197085766909541840e-11
9.193499964728332414e-12
6.413959828348713246e-12
4.097049991710616080e-12
2.439180755174351724e-12
1.387200359842399548e-12
7.696283777291663050e-13
4.197784134003864471e-13
2.255496902958135256e-13
1.229683350551813209e-13
7.542175726910780737e-14
6.196189963305566434e-14
7.542175726910232952e-14
1.229683350551894493e-13
2.255496902958160752e-13
4.197784134003669591e-13
7.696283777291566114e-13
1.387200359842395913e-12
2.439180755174495916e-12
4.097049991710647584e-12
6.413959828348748789e-12
9.193499964728642607e-12
1.197085766909593054e-11
1.415658800383098121e-11
1.526220754678724388e-11
1.507893407138602264e-11
1.373051370050730076e-11
1.159356489875276202e-11
9.138119641123186019e-12
6.771611514022757644e-12
4.751266337984441996e-12
3.177152524272876224e-12
2.035525852862163603e-12
1.253709293032940142e-12
7.427158013502976176e-13
4.214306673421395415e-13
2.260526441152006115e-13
1.109318842277334042e-13
4.573429373219534903e-14
1.191841968098423667e-14
1.065689525468683493e-16
1.069965052739652431e-16
1.197086991119671582e-14
4.604730752377509904e-14
1.121351522287720775e-13
2.297786487003305647e-13
4.315027823631259231e-13
7.674431097428683695e-13
1.309983991174841271e-12
2.155435305267987443e-12
3.417207737099184993e-12
5.202405885258195432e-12
7.564362521234949849e-12
1.043275530052936548e-11
1.354414544583530515e-11
1.642095140805119752e-11
1.845033541598298543e-11
1.907183366234674220e-11
1.800897192904042959e-11
1.543014948206358781e-11
1.193433450046674057e-11
8.328163292160448872e-12
5.288832910644992403e-12
3.121445688096379983e-12
1.764611747584839700e-12
9.807256267709705696e-13
5.401073340061079247e-13
2.937972743094002274e-13
1.615587547571960839e-13
9.932899636259455926e-14
8.157440723684614188e-14
9.932899636262536902e-14
1.615587547572539674e-13
2.937972743094002779e-13
5.401073340060938893e-13
9.807256267709513845e-13
1.764611747584850807e-12
3.121445688096507614e-12
5.288832910645044909e-12
8.328163292160633048e-12
1.193433450046701199e-11
1.543014948206399494e-11
1.800897192904119861e-11
1.907183366234792804e-11
1.845033541598367690e-11
1.642095140805193423e-11
1.354414544583571551e-11
1.043275530052977099e-11
7.564362521235192187e-12
5.202405885258237437e-12
3.417207737099257694e-12
2.155435305267946245e-12
1.309983991174983846e-12
7.674431097428641286e-13
4.315027823631343039e-13
2.297786487003760031e-13
1.121351522287671803e-13
4.604730752379217630e-14
1.197086991119169393e-14
1.069965052758914812e-16
1.065136606515535124e-16
1.192143685728254426e-14
4.596802781283123956e-14
1.123846841277180311e-13
2.315684598309648455e-13
4.380290138300187168e-13
7.861976101948788207e-13
1.357106961500748779e-12
2.263178984950455956e-12
3.645223844470515601e-12
5.651739412780811634e-12
8.388667529974323542e-12
1.183458996138672389e-11
1.573956224498847104e-11
1.956232649509941078e-11
2.252279581597506625e-11
2.381372553600752909e-11
2.292270793569619676e-11
1.991844797264864283e-11
1.551828930109792687e-11
1.082355484789192035e-11
6.820795135201909896e-12
3.980156179344918123e-12
2.231465431995231137e-12
1.241716530797744151e-12
6.915474716847051123e-13
3.817431755314695639e-13
2.121221691865715271e-13
1.308312846237760012e-13
1.074205391905511650e-13
1.308312846237519946e-13
2.121221691865757175e-13
3.817431755314622432e-13
6.915474716847094542e-13
1.241716530797792416e-12
2.231465431995246081e-12
3.980156179344934279e-12
6.820795135202018948e-12
1.082355484789231617e-11
1.551828930109831138e-11
1.991844797264911135e-11
2.292270793569708210e-11
2.381372553600862445e-11
2.252279581597596129e-11
1.956232649510058693e-11
1.573956224498877154e-11
1.183458996138741697e-11
8.388667529974546493e-12
5.651739412780935226e-12
3.645223844470661004e-12
2.263178984950485036e-12
1.357106961500781899e-12
7.861976101949569747e-13
4.380290138300925794e-13
2.315684598309896347e-13
1.123846841277461903e-13
4.596802781282899288e-14
1.192143685728114640e-14
1.065136606529571548e-16
1.051073428666032425e-16
1.176852011472098360e-14
4.548696681010029166e-14
1.116439862347133633e-13
2.313084326103483522e-13
4.407000543534250166e-13
7.982173680295401271e-13
1.393355183386306091e-12
2.355178653633337219e-12
3.854459399407648788e-12
6.088076590451100216e-12
9.229193798958030258e-12
1.332940803278269431e-11
1.818149336518387901e-11
2.319866544179543294e-11
2.741435909354648369e-11
2.969873886260954012e-11
2.918627145457641816e-11
2.574802939015283623e-11
2.021347484399412417e-11
1.408089327542416358e-11
8.787437994916909323e-12
5.053928814340102627e-12
2.801795389045513263e-12
1.559640418444610457e-12
8.798290272987779785e-13
4.941630856301016311e-13
2.780347229462782360e-13
1.721827538915131481e-13
1.413602029796460361e-13
1.721827538914764945e-13
2.780347229462714202e-13
4.941630856300847684e-13
8.798290272987759590e-13
1.559640418444634287e-12
2.801795389045449447e-12
5.053928814340043658e-12
8.787437994916982025e-12
1.408089327542462726e-11
2.021347484399455715e-11
2.574802939015348246e-11
2.918627145457780757e-11
2.969873886261037376e-11
2.741435909354776970e-11
2.319866544179684819e-11
1.818149336518424413e-11
1.332940803278322584e-11
9.229193798958319448e-12
6.088076590451321551e-12
3.854459399407900819e-12
2.355178653633424057e-12
1.393355183386213195e-12
7.982173680296781588e-13
4.407000543535243247e-13
2.313084326103677392e-13
1.116439862347431633e-13
4.548696681009280695e-14
1.176852011472217005e-14
1.051073428673287233e-16
1.027813773973612970e-16
1.151241313847546385e-14
4.460197482194952930e-14
1.098944378886839341e-13
2.289206225116163076e-13
4.392681244677416718e-13
8.028278138245962354e-13
1.417082662748520496e-12
2.427778987267988967e-12
4.037545833677954139e-12
6.498192338141336330e-12
1.006574933643505304e-11
1.489388400183219479e-11
2.085880518577362247e-11
2.736333942276318496e-11
3.324758862357666906e-11
3.697295566687498323e-11
3.715999178521596176e-11
3.332579536438916922e-11
2.637694619446963040e-11
1.834076396866313792e-11
1.131037943705880476e-11
6.387873736392023133e-12
3.488895419393130289e-12
1.940395061753972014e-12
1.110711930476452361e-12
6.365588551905802636e-13
3.634195328263583179e-13
2.261826604999745662e-13
1.857051291927354158e-13
2.261826605000110431e-13
3.634195328263786137e-13
6.365588551905663291e-13
1.110711930476427117e-12
1.940395061753877099e-12
3.488895419393016390e-12
6.387873736391860767e-12
1.131037943705886938e-11
1.834076396866335118e-11
2.637694619447008600e-11
3.332579536438983484e-11
3.715999178521760320e-11
3.697295566687626278e-11
3.324758862357798092e-11
2.736333942276484255e-11
2.085880518577418146e-11
1.489388400183269239e-11
1.006574933643548602e-11
6.498192338141594824e-12
4.037545833678231212e-12
2.427778987268101250e-12
1.417082662748476875e-12
8.028278138246973106e-13
4.392681244678082642e-13
2.289206225116769931e-13
1.098944378886880614e-13
4.460197482195130265e-14
1.151241313847537392e-14
1.027813773973899055e-16
9.955740746027316989e-17
1.115541125036477651e-14
4.331878964119064557e-14
1.071371805490529973e-13
2.243682977020386514e-13
4.335614342558689700e-13
7.994763820840321898e-13
1.426795632868130918e-12
2.477390801306717839e-12
4.186706375139042242e-12
6.867013480973760479e-12
1.087299602262004824e-11
1.649377154350553722e-11
2.374268328431181675e-11
3.207051378526125526e-11
4.014030092554067385e-11
4.591538251377657195e-11
4.728863286069131896e-11
4.318058606867373201e-11
3.448604088544041362e-11
2.392625602801685492e-11
1.454813446738530879e-11
8.035161893081544711e-12
4.304720840687680983e-12
2.388539015774192581e-12
1.390314097684816890e-12
8.156178802856328166e-13
4.734859876550387500e-13
2.963747736659008111e-13
2.433670554244997183e-13
2.963747736659428164e-13
4.734859876550154249e-13
8.156178802856280708e-13
1.390314097684799724e-12
2.388539015774066969e-12
4.304720840687606666e-12
8.035161893081224825e-12
1.454813446738555920e-11
2.392625602801700356e-11
3.448604088544093707e-11
4.318058606867487584e-11
4.728863286069266959e-11
4.591538251377804536e-11
4.014030092554270949e-11
3.207051378526339430e-11
2.374268328431288304e-11
1.649377154350615114e-11
1.087299602262062662e-11
6.867013480974021396e-12
4.186706375139193300e-12
2.477390801306924634e-12
1.426795632868284600e-12
7.994763820840374404e-13
4.335614342558788150e-13
2.243682977021099897e-13
1.071371805490620723e-13
4.331878964119437530e-14
1.115541125036475443e-14
9.955740745946900016e-17
9.547544044187068177e-17
1.070187817509251899e-14
4.165142583692426920e-14
1.033946293893911158e-13
2.176607825087025225e-13
4.234979000387845545e-13
7.877677674872412524e-13
1.421235051240986479e-12
2.500663532979290327e-12
4.294061227272676190e-12
7.178005870278443843e-12
1.162050517729231556e-11
1.808237426239019890e-11
2.678118754114141819e-11
3.730373305816206047e-11
4.819037964953939115e-11
5.682896667165360654e-11
6.011196015135835532e-11
5.599685135407129292e-11
4.518154586884103360e-11
3.127594917920183130e-11
1.871085464488276654e-11
1.006005963704235389e-11
5.260585902167738634e-12
2.909180787088902120e-12
1.727650802671394199e-12
1.041334869278533626e-12
6.158343132955366907e-13
3.877654221868248820e-13
3.183884134033114322e-13
3.877654221868492673e-13
6.158343132955039750e-13
1.041334869278501112e-12
1.727650802671321902e-12
2.909180787088795492e-12
5.260585902167622312e-12
1.006005963704199523e-11
1.871085464488298626e-11
3.127594917920260032e-11
4.518154586884166691e-11
5.599685135407319931e-11
6.011196015135997091e-11
5.682896667165496363e-11
4.819037964954281619e-11
3.730373305816448385e-11
2.678118754114321472e-11
1.808237426239098085e-11
1.162050517729265160e-11
7.178005870278706376e-12
4.294061227272937108e-12
2.500663532979540339e-12
1.421235051241271428e-12
7.877677674872184322e-13
4.234979000387551710e-13
2.176607825087452346e-13
1.033946293894312405e-13
4.165142583691717577e-14
1.070187817509607517e-14
9.547544044034511106e-17
9.059397359187290134e-17
1.015826517208303867e-14
3.962237473131118080e-14
9.871150915072193816e-14
2.088573478120336854e-13
4.090973753417714936e-13
7.674980706380268306e-13
1.399462977300394814e-12
2.494682275800027974e-12
4.352019902799367622e-12
7.413796772475748835e-12
1.227329740924244313e-11
1.959964903658583319e-11
2.989371694364804275e-11
4.300154280009239114e-11
5.745258241926494974e-11
7.002039128147694194e-11
7.626892476642366463e-11
7.265460332453039701e-11
5.932750525806153705e-11
4.099292928474559386e-11
2.408318213309281845e-11
1.254379363112637536e-11
6.371300042703001742e-12
3.515563639465015302e-12
2.143522892978941646e-12
1.334249257055523737e-12
8.049240468973732372e-13
5.093339486549454256e-13
4.178303596974966912e-13
5.093339486549649136e-13
8.049240468973318378e-13
1.334249257055414887e-12
2.143522892978712233e-12
3.515563639464834760e-12
6.371300042702584113e-12
1.254379363112612333e-11
2.408318213309292831e-11
4.099292928474679586e-11
5.932750525806257103e-11
7.265460332453238741e-11
7.626892476642608155e-11
7.002039128147951396e-11
5.745258241926811629e-11
4.300154280009482099e-11
2.989371694365033688e-11
1.959964903658699965e-11
1.227329740924247544e-11
7.413796772475889391e-12
4.352019902799903190e-12
2.494682275800245270e-12
1.399462977300615544e-12
7.674980706380538917e-13
4.090973753417791171e-13
2.088573478120346951e-13
9.871150915076818434e-14
3.962237473129982120e-14
1.015826517208737267e-14
9.059397359020351142e-17
8.498965812435007866e-17
9.533077930225485895e-15
3.726258988384348606e-14
9.315532389967991510e-14
1.980698688935471465e-13
3.904916132388940334e-13
7.386858400759814643e-13
1.360948354818355370e-12
2.457181301940748460e-12
4.353753154302744649e-12
7.557052935780557749e-12
1.279300714975071269e-11
2.097238937553298876e-11
3.296623481784758627e-11
4.904066966119005075e-11
6.790527179644520963e-11
8.576205847938746585e-11
9.648731274564783033e-11
9.427349158449257416e-11
7.809465232619759756e-11
5.391987391182737855e-11
3.106129925572182732e-11
1.559611429588643317e-11
7.667363103812967317e-12
4.250269978344300717e-12
2.695469199546065218e-12
1.746616408455530518e-12
1.075693975997495512e-12
6.819386363914823984e-13
5.578120179773339191e-13
6.819386363914125242e-13
1.075693975997335366e-12
1.746616408455270408e-12
2.695469199545736043e-12
4.250269978343959020e-12
7.667363103812319467e-12
1.559611429588622960e-11
3.106129925572199534e-11
5.391987391182812818e-11
7.809465232619945872e-11
9.427349158449493938e-11
9.648731274565111321e-11
8.576205847939204120e-11
6.790527179644736805e-11
4.904066966119277140e-11
3.296623481784993210e-11
2.097238937553454942e-11
1.279300714975091140e-11
7.557052935780717693e-12
4.353753154303212361e-12
2.457181301940880131e-12
1.360948354818464826e-12
7.386858400761071772e-13
3.904916132389287181e-13
1.980698688935341208e-13
9.315532389969599524e-14
3.726258988384366908e-14
9.533077930226184825e-15
8.498965812285771406e-17
7.875647343515416508e-17
8.836787809030099625e-15
3.461123853051383224e-14
8.681618367600982350e-14
1.854639922393782262e-13
3.679311772645160801e-13
7.015978443943514087e-13
1.305646789399383552e-12
2.386762498312358134e-12
4.293726491659245181e-12
7.591611372486755685e-12
1.313978565966030957e-11
2.211599859666864062e-11
3.584853972266392612e-11
5.521835736495709385e-11
7.940581446540963107e-11
1.042273941429460443e-10
1.215442464000099746e-10
1.222536717252343476e-10
1.030773204080273729e-10
7.125907788944099639e-11
4.021755512908350730e-11
1.937996758415127045e-11
9.226143114542804396e-12
5.237435522954884579e-12
3.540619923184586013e-12
2.418774479809484516e-12
1.521588596189166984e-12
9.610639620985199448e-13
7.810845511912446319e-13
9.610639620983509140e-13
1.521588596188887488e-12
2.418774479809140396e-12
3.540619923184281071e-12
5.237435522954393440e-12
9.226143114542347185e-12
1.937996758415112505e-11
4.021755512908351376e-11
7.125907788944150046e-11
1.030773204080297640e-10
1.222536717252395175e-10
1.215442464000144465e-10
1.042273941429523774e-10
7.940581446541229356e-11
5.521835736496004068e-11
3.584853972266671139e-11
2.211599859666988462e-11
1.313978565966077163e-11
7.591611372487272673e-12
4.293726491659468132e-12
2.386762498312405793e-12
1.305646789399484324e-12
7.015978443945409373e-13
3.679311772645257736e-13
1.854639922393758785e-13
8.681618367600873802e-14
3.461123853052240873e-14
8.836787809029485891e-15
7.875647343381411227e-17
7.200439810162790860e-17
8.081685708708413586e-15
3.171520654692855696e-14
7.980592979528406046e-14
1.712585911309346047e-13
3.417885681767796202e-13
6.567673613796612365e-13
1.234068232547187626e-12
2.283103849337396054e-12
4.168265581926965384e-12
7.503827588486029750e-12
1.327499641235706560e-11
2.293835199877388472e-11
3.835528838923570938e-11
6.123705966208452773e-11
9.163574284106220634e-11
1.253891224335897660e-10
1.521725330973150184e-10
1.582937629925197907e-10
1.364555547318466693e-10
9.477424571745263641e-11
5.242509503807492244e-11
2.417135139281835693e-11
1.125170872363353801e-11
6.806278682634170231e-12
5.084519887347723404e-12
3.719703554227552517e-12
2.393799579783141110e-12
1.497731778246518241e-12
1.204475267522293151e-12
1.497731778246483506e-12
2.393799579782925834e-12
3.719703554227435386e-12
5.084519887347496414e-12
6.806278682633822880e-12
1.125170872363348147e-11
2.417135139281839247e-11
5.242509503807551697e-11
9.477424571745414860e-11
1.364555547318501848e-10
1.582937629925276489e-10
1.521725330973209379e-10
1.253891224335976759e-10
9.163574284106621300e-11
6.123705966208733239e-11
3.835528838923936061e-11
2.293835199877480883e-11
1.327499641235724493e-11
7.503827588486881165e-12
4.168265581927059088e-12
2.283103849337533379e-12
1.234068232547284157e-12
6.567673613798097695e-13
3.417885681767960285e-13
1.712585911309291269e-13
7.980592979528852856e-14
3.171520654693623100e-14
8.081685708708049132e-15
7.200439810078931248e-17
6.485758135356880814e-17
7.281678792829639971e-15
2.862835287389145255e-14
7.225652455536787869e-14
1.557233453645934503e-13
3.125569393102956073e-13
6.050028788935523614e-13
1.147326188480152823e-12
2.147140480162842895e-12
3.976112122040464215e-12
7.284066658803998062e-12
1.316465894630618536e-11
2.334611976973007650e-11
4.027273295160256821e-11
6.669669989567669961e-11
1.040415865935572986e-10
1.488720330560580845e-10
1.888732738448077655e-10
2.043381101471493014e-10
1.812066149660451966e-10
1.271440919673318427e-10
6.912381913687193818e-11
3.052376846977607012e-11
1.429585325661215120e-11
9.791235766196771704e-12
8.322560335694138934e-12
6.579888007752202408e-12
4.345577534124406722e-12
2.691799446223452374e-12
2.139087586605437435e-12
2.691799446223574350e-12
4.345577534124407530e-12
6.579888007752487559e-12
8.322560335694151858e-12
9.791235766196980115e-12
1.429585325661238223e-11
3.052376846977607012e-11
6.912381913687373472e-11
1.271440919673355133e-10
1.812066149660524862e-10
2.043381101471570821e-10
1.888732738448166836e-10
1.488720330560663563e-10
1.040415865935632569e-10
6.669669989567990494e-11
4.027273295160503682e-11
2.334611976973190211e-11
1.316465894630616597e-11
7.284066658804875326e-12
3.976112122040563573e-12
2.147140480163134508e-12
1.147326188480184731e-12
6.050028788936120371e-13
3.125569393103430147e-13
1.557233453645975903e-13
7.225652455536646505e-14
2.862835287389907610e-14
7.281678792827191347e-15
6.485758135359444612e-17
5.745203691030106186e-17
6.452032385782805223e-15
2.541051874980664271e-14
6.431769927971406158e-14
1.391743526537454917e-13
2.808439335012852699e-13
5.473853890017695414e-13
1.047162255125567150e-12
1.981199343588152000e-12
3.718918696563814720e-12
6.928220333789098469e-12
1.278346393527709426e-11
2.325364032768119049e-11
4.137301316596589548e-11
7.110163821597628360e-11
1.157851728370053209e-10
1.737619691858629297e-10
2.315809328719980708e-10
2.623481402413876038e-10
2.413246714744762423e-10
1.725825075280930861e-10
9.292499212273890771e-11
3.975465948450989584e-11
1.994185080516889327e-11
1.633520912743472669e-11
1.562405590640382755e-11
1.324302017488353268e-11
8.997600126890448207e-12
5.553715954591697324e-12
4.375981398261316133e-12
5.553715954591723981e-12
8.997600126890827870e-12
1.324302017488426938e-11
1.562405590640448348e-11
1.633520912743546017e-11
1.994185080516887388e-11
3.975465948451032235e-11
9.292499212274041990e-11
1.725825075281000913e-10
2.413246714744870991e-10
2.623481402413985639e-10
2.315809328720098839e-10
1.737619691858712274e-10
1.157851728370141097e-10
7.110163821598012223e-11
4.137301316596581147e-11
2.325364032768374635e-11
1.278346393527801999e-11
6.928220333789514483e-12
3.718918696564207307e-12
1.981199343588387068e-12
1.047162255125568160e-12
5.473853890017853944e-13
2.808439335013448951e-13
1.391743526537699779e-13
6.431769927970646327e-14
2.541051874981649716e-14
6.452032385779247460e-15
5.745203691105129324e-17
4.993289963022970936e-17
5.609061514000391155e-15
2.212630723526624303e-14
5.615388575553386735e-14
1.219677657937514405e-13
2.473603865141467586e-13
4.852529272941481184e-13
9.359405904128172536e-13
1.789068833217325193e-12
3.401624730756173885e-12
6.439094314868097173e-12
1.211902658987853842e-11
2.259398183491980523e-11
4.143711618392704430e-11
7.389040252947049289e-11
1.257273700679219283e-10
1.983981849970751802e-10
2.791305939978872421e-10
3.336965733925449714e-10
3.218523619331383048e-10
2.378307904518624522e-10
1.289738047550159222e-10
5.539815378287809596e-11
3.315260146340169993e-11
3.239441314194933594e-11
3.261677276138933933e-11
2.887418333750525830e-11
2.013852034040402140e-11
1.248693742259853538e-11
9.811007188502350453e-12
1.248693742259904590e-11
2.013852034040571777e-11
2.887418333750670263e-11
3.261677276139090322e-11
3.239441314195017605e-11
3.315260146340073058e-11
5.539815378287847078e-11
1.289738047550177316e-10
2.378307904518734640e-10
3.218523619331519533e-10
3.336965733925649788e-10
2.791305939979007354e-10
1.983981849970834003e-10
1.257273700679326816e-10
7.389040252947389208e-11
4.143711618392631405e-11
2.259398183492201213e-11
1.211902658988013785e-11
6.439094314868232882e-12
3.401624730756757516e-12
1.789068833217427783e-12
9.359405904128152341e-13
4.852529272941735639e-13
2.473603865141988108e-13
1.219677657937713829e-13
5.615388575553712376e-14
2.212630723527535596e-14
5.609061513998333806e-15
4.993289963133947025e-17
4.245130458633035527e-17
4.769778754800376578e-15
1.884365850246437867e-14
4.794048991251042415e-14
1.044915439901174704e-13
2.129039027882706084e-13
4.201716423515310714e-13
8.166083163135407475e-13
1.575986761419867093e-12
3.032654942884358552e-12
5.827481958561390062e-12
1.117589135820904412e-11
2.133124087627600889e-11
4.028610638925563331e-11
7.449487543894736889e-11
1.324781301822719467e-10
2.202210094220573504e-10
3.285374954260232367e-10
4.178830201454899229e-10
4.281450041376907279e-10
3.332987148563132896e-10
1.876667982076085912e-10
8.722808084098410707e-11
7.075377461189152502e-11
7.666332166974372188e-11
7.310965308389645123e-11
6.471135689917952091e-11
4.589263913421196810e-11
2.872977911659798875e-11
2.262503575985211758e-11
2.872977911659968188e-11
4.589263913421559348e-11
6.471135689918176980e-11
7.310965308389845456e-11
7.666332166974156346e-11
7.075377461188786733e-11
8.722808084098321527e-11
1.876667982076160617e-10
3.332987148563298849e-10
4.281450041377113557e-10
4.178830201455186674e-10
3.285374954260421584e-10
2.202210094220671732e-10
1.324781301822822864e-10
7.449487543894955317e-11
4.028610638925651219e-11
2.133124087627727551e-11
1.117589135821016373e-11
5.827481958561773763e-12
3.032654942884733369e-12
1.575986761419967260e-12
8.166083163135034880e-13
4.201716423515569208e-13
2.129039027883110738e-13
1.044915439901233269e-13
4.794048991252530522e-14
1.884365850246792854e-14
4.769778754798256120e-15
4.245130458752557199e-17
3.516096544748107702e-17
3.951507096439348430e-15
1.563225620074295829e-14
3.985959975608780164e-14
8.715550788521589671e-14
1.783375957765703872e-13
3.538934716035302226e-13
6.926198489638276875e-13
1.348534568319630531e-12
2.623887954971990476e-12
5.112733334243620628e-12
9.978680355369835047e-12
1.947249822871577797e-11
3.781794874944784251e-11
7.243074524951265916e-11
1.345466267037213154e-10
2.358014461907542829e-10
3.742688927402075316e-10
5.103274372747503901e-10
5.631503251317525674e-10
4.728758744134770949e-10
2.884757793565456516e-10
1.599971109810770895e-10
1.862292256564253807e-10
2.084202178717892531e-10
1.719170936627178051e-10
1.428422205767535788e-10
1.011829199432607079e-10
6.406650631478579619e-11
5.080177777437210325e-11
6.406650631478782537e-11
1.011829199432636806e-10
1.428422205767560603e-10
1.719170936627194595e-10
2.084202178717808003e-10
1.862292256564178844e-10
1.599971109810780460e-10
2.884757793565604374e-10
4.728758744135020137e-10
5.631503251317862750e-10
5.103274372747829604e-10
3.742688927402317783e-10
2.358014461907685001e-10
1.345466267037289669e-10
7.243074524951481758e-11
3.781794874945095090e-11
1.947249822871617218e-11
9.978680355370646071e-12
5.112733334244017255e-12
2.623887954972223121e-12
1.348534568319781387e-12
6.926198489637740702e-13
3.538934716035362810e-13
1.783375957765963375e-13
8.715550788522031433e-14
3.985959975610358517e-14
1.563225620074276896e-14
3.951507096436050991e-15
3.516096544839006665e-17
2.821454344278821714e-17
3.171468206948375766e-15
1.256180962177082526e-14
3.209524981771907838e-14
7.037998991326227040e-14
1.445645812824585703e-13
2.883013925636556270e-13
5.678256050718966993e-13
1.114432129754709430e-12
2.190357107463485383e-12
4.322648096632603946e-12
8.573733072112998923e-12
1.707732464214564790e-11
3.404457116317968525e-11
6.741203090853730121e-11
1.306103799618044585e-10
2.412110705038053094e-10
4.079724487850560316e-10
5.995661089168938101e-10
7.211488035736318665e-10
6.682184936842560261e-10
4.604191397661842613e-10
3.234765627784859082e-10
4.855367574331585754e-10
5.484504396144176146e-10
3.982027434432781987e-10
2.955529243851648498e-10
2.053249259676915743e-10
1.314993202588100601e-10
1.054200732354532193e-10
1.314993202588095172e-10
2.053249259676889376e-10
2.955529243851665042e-10
3.982027434432809388e-10
5.484504396144096530e-10
4.855367574331510273e-10
3.234765627784911815e-10
4.604191397662013219e-10
6.682184936842898371e-10
7.211488035736812905e-10
5.995661089169294823e-10
4.079724487850799165e-10
2.412110705038198368e-10
1.306103799618096284e-10
6.741203090854110107e-11
3.404457116318320723e-11
1.707732464214620366e-11
8.573733072113942426e-12
4.322648096632856786e-12
2.190357107463788710e-12
1.114432129754834234e-12
5.678256050719165912e-13
2.883013925636277581e-13
1.445645812824587218e-13
7.037998991327037358e-14
3.209524981773091130e-14
1.256180962177094044e-14
3.171468206947226002e-15
2.821454344297139311e-17
2.175991277767495424e-17
2.446358159669205885e-15
9.700263133141255761e-15
2.482839427050879669e-14
5.458345810696366493e-14
1.124991176191052217e-13
2.253441079528149043e-13
4.463283840281805002e-13
8.822355670197315763e-13
1.749668001320484202e-12
3.492570657290553332e-12
7.028651002436695276e-12
1.426249361631715157e-11
2.912143240363846218e-11
5.947060312687524515e-11
1.198857501280427781e-10
2.328494003043897913e-10
4.193741370149291871e-10
6.655229091352098946e-10
8.782662443004602114e-10
9.110826290852456230e-10
7.252591603580657217e-10
6.401987183160482571e-10
1.036527303070863672e-09
1.156112037272332888e-09
7.946951891579459904e-10
5.339105041999667785e-10
3.632741199080590072e-10
2.351776603429944499e-10
1.907883547454741553e-10
2.351776603429877290e-10
3.632741199080489776e-10
5.339105041999667785e-10
7.946951891579580879e-10
1.156112037272351086e-09
1.036527303070876286e-09
6.401987183160566323e-10
7.252591603580936390e-10
9.110826290852959776e-10
8.782662443005231805e-10
6.655229091352560100e-10
4.193741370149533305e-10
2.328494003043992005e-10
1.198857501280476378e-10
5.947060312688018239e-11
2.912143240364043966e-11
1.426249361631802237e-11
7.028651002437600005e-12
3.492570657290946727e-12
1.749668001320686151e-12
8.822355670197531848e-13
4.463283840282817774e-13
2.253441079527684057e-13
1.124991176190875638e-13
5.458345810696865053e-14
2.482839427051537579e-14
9.700263133143499282e-15
2.446358159670727597e-15
2.175991277725123116e-17
1.593643539477160804e-17
1.791923582995566644e-15
7.111990648204930153e-15
1.823176101670334404e-14
4.016957356563773193e-14
8.303553827917731968e-14
1.669629227836791053e-13
3.323135228014511598e-13
6.609497724959662584e-13
1.321145184645783336e-12
2.663647888431963411e-12
5.429351475131215288e-12
1.119980427832653272e-11
2.336070745717059313e-11
4.905041965929044303e-11
1.025273109807716687e-10
2.086892584010869319e-10
3.989553694765188922e-10
6.819951601092423005e-10
9.862961505681155123e-10
1.145339375370565235e-09
1.045088950002621783e-09
1.090878362797834192e-09
1.691713602095216907e-09
1.805631998155044280e-09
1.227471402902680511e-09
7.879673863482996971e-10
5.345059200419874501e-10
3.493821632739957466e-10
2.858661013146219285e-10
3.493821632739833389e-10
5.345059200419727676e-10
7.879673863482948375e-10
1.227471402902705947e-09
1.805631998155119967e-09
1.691713602095305208e-09
1.090878362797886511e-09
1.045088950002686303e-09
1.145339375370642576e-09
9.862961505681860294e-10
6.819951601092889328e-10
3.989553694765421049e-10
2.086892584010961342e-10
1.025273109807759726e-10
4.905041965929443030e-11
2.336070745717205685e-11
1.119980427832682353e-11
5.429351475131835673e-12
2.663647888432495747e-12
1.321145184645759708e-12
6.609497724959220317e-13
3.323135228015442075e-13
1.669629227836577493e-13
8.303553827915632967e-14
4.016957356563928441e-14
1.823176101670262460e-14
7.111990648208636221e-15
1.791923582996953461e-15
1.593643539423386683e-17
1.087136252289953776e-17
1.222551727567477190e-15
4.856036370904779854e-15
1.246477358146282752e-14
2.751419892208307466e-14
5.701633293620426674e-14
1.150143194819789607e-13
2.298615763056892917e-13
4.595765254289137059e-13
9.247518822472483691e-13
1.880312545652332995e-12
3.874551674682395807e-12
8.105720962011147233e-12
1.722027067650717647e-11
3.704077684071237389e-11
7.992912018221781880e-11
1.696365390180390715e-10
3.422706264185907009e-10
6.260525273740970758e-10
9.831975231373424061e-10
1.258909423355362667e-09
1.272697894083438997e-09
1.450898530192616338e-09
2.080054644447003270e-09
2.089789916139215278e-09
1.421254354171748903e-09
9.173798261430959186e-10
6.342763951682926607e-10
4.179194934411601078e-10
3.431133081746623802e-10
4.179194934411455805e-10
6.342763951682761171e-10
9.173798261430880604e-10
1.421254354171776200e-09
2.089789916139310818e-09
2.080054644447165811e-09
1.450898530192762749e-09
1.272697894083551494e-09
1.258909423355456345e-09
9.831975231374108553e-10
6.260525273741320242e-10
3.422706264186061071e-10
1.696365390180519445e-10
7.992912018222111460e-11
3.704077684071391193e-11
1.722027067650811028e-11
8.105720962011287789e-12
3.874551674682655917e-12
1.880312545652780917e-12
9.247518822472051521e-13
4.595765254288558477e-13
2.298615763057452819e-13
1.150143194819796927e-13
5.701633293618745454e-14
2.751419892208332079e-14
1.246477358145994660e-14
4.856036370905343101e-15
1.222551727568464450e-15
1.087136252251005772e-17
6.676482484974292028e-18
7.508881586501863131e-16
2.984462949961688424e-15
7.668736172294681936e-15
1.695290086373842255e-14
3.520088152797454115e-14
7.119226085205228074e-14
1.427544701814953243e-13
2.866270622120473742e-13
5.798573845628163661e-13
1.187166995051015114e-12
2.468005311246996484e-12
5.222862227973612009e-12
1.126440452977076634e-11
2.471862181788406709e-11
5.477740613030072031e-11
1.204364538275794824e-10
2.544435613523553498e-10
4.929017655436303653e-10
8.280682659225777402e-10
1.140890864360257484e-09
1.224429731760786403e-09
1.425919625915646605e-09
1.913023387108405379e-09
1.828290348792331204e-09
1.244249535083301240e-09
8.310682174697944410e-10
5.927536147236684462e-10
3.928734426504843058e-10
3.224476925970708512e-10
3.928734426504783605e-10
5.927536147236646205e-10
8.310682174698075725e-10
1.244249535083364313e-09
1.828290348792427157e-09
1.913023387108528629e-09
1.425919625915770476e-09
1.224429731760900554e-09
1.140890864360338754e-09
8.280682659226303695e-10
4.929017655436584895e-10
2.544435613523650692e-10
1.204364538275900806e-10
5.477740613030394502e-11
2.471862181788460993e-11
1.126440452977057731e-11
5.222862227974200083e-12
2.468005311247052625e-12
1.187166995051259067e-12
5.798573845628191934e-13
2.866270622120296532e-13
1.427544701815302866e-13
7.119226085205021077e-14
3.520088152796070769e-14
1.695290086373764946e-14
7.668736172295182074e-15
2.984462949959312375e-15
7.508881586506941423e-16
6.676482484793022731e-18
3.445126201466849437e-18
3.874949626189331619e-16
1.540867389100686544e-15
3.962470687311514456e-15
8.769499632318214773e-15
1.823637630740337657e-14
3.695457581460619455e-14
7.428734037869306003e-14
1.496341054740475220e-13
3.039511479465112953e-13
6.255457986113417631e-13
1.309227123524339900e-12
2.795017967872108710e-12
6.098187567012753802e-12
1.358926553918405225e-11
3.074183715122269994e-11
6.948323790033481457e-11
1.522015409806449619e-10
3.082477941854661991e-10
5.439348501683423158e-10
7.852417852787972548e-10
8.626495562241213207e-10
9.875503552652145732e-10
1.271707887665536516e-09
1.186341890739670076e-09
8.105707247480562407e-10
5.627904707936810409e-10
4.128276993082012478e-10
2.746135213346597555e-10
2.250558712870372533e-10
2.746135213346729387e-10
4.128276993082252877e-10
5.627904707937219863e-10
8.105707247481354432e-10
1.186341890739762927e-09
1.271707887665602690e-09
9.875503552652575866e-10
8.626495562241858408e-10
7.852417852788427497e-10
5.439348501683755064e-10
3.082477941854879126e-10
1.522015409806536732e-10
6.948323790033834302e-11
3.074183715122516856e-11
1.358926553918503775e-11
6.098187567012803078e-12
2.795017967872505741e-12
1.309227123524461271e-12
6.255457986113784167e-13
3.039511479464881722e-13
1.496341054741025277e-13
7.428734037869961073e-14
3.695457581460238908e-14
1.823637630738948000e-14
8.769499632317782477e-15
3.962470687313297281e-15
1.540867389099971442e-15
3.874949626182831899e-16
3.445126201456704794e-18
1.467330247263978419e-18
1.650489060739366880e-16
6.565392005872851133e-16
1.689299667716526461e-15
3.741662496232863857e-15
7.789257407745934443e-15
1.580643734495067826e-14
3.183174152825257424e-14
6.426441145520489308e-14
1.309218828753922706e-13
2.704541668486377235e-13
5.687891512685379713e-13
1.221986997267811543e-12
2.688518981258560144e-12
6.058499720356673660e-12
1.391414417974835670e-11
3.209712900625039118e-11
7.222727008109893908e-11
1.511492058337052737e-10
2.758693616630672931e-10
4.089999199313590942e-10
4.497302420852647225e-10
5.026794802568257506e-10
6.397670762825507285e-10
5.973589767665923430e-10
4.133670257227155318e-10
2.963332627806533916e-10
2.215024618619060196e-10
1.476645882339027627e-10
1.208804105744230567e-10
1.476645882339229253e-10
2.215024618619426741e-10
2.963332627806981627e-10
4.133670257227589587e-10
5.973589767666418704e-10
6.397670762826042885e-10
5.026794802568522204e-10
4.497302420853026177e-10
4.089999199313765167e-10
2.758693616630906610e-10
1.511492058337240146e-10
7.222727008110344980e-11
3.209712900624978372e-11
1.391414417974914188e-11
6.058499720357014549e-12
2.688518981259083191e-12
1.221986997267634636e-12
5.687891512687154839e-13
2.704541668485668396e-13
1.309218828753597316e-13
6.426441145526816604e-14
3.183174152824832701e-14
1.580643734494988940e-14
7.789257407739995898e-15
3.741662496232330587e-15
1.689299667717223419e-15
6.565392005886002430e-16
1.650489060727584010e-16
1.467330247322718898e-18
2.178932254946847134e-19
2.450980616998204891e-17
9.751216725343336192e-17
2.509699441753704884e-16
5.560912334041108257e-16
1.158244995425274865e-15
2.351951510778116237e-15
4.740527025488795062e-15
9.581005649097349707e-15
1.954601255926701668e-14
4.044977647430934338e-14
8.526645156723871451e-14
1.837414332111296935e-13
4.058757829346721857e-13
9.195543421928439452e-13
2.127296921121412989e-12
4.955921647728073619e-12
1.129901034471294075e-11
2.402102470919335808e-11
4.451991431735279273e-11
6.667650961839189318e-11
7.296203048840740475e-11
8.061201175044416342e-11
1.028862779049010513e-10
9.664705258688916965e-11
6.751764760773293897e-11
4.916031651612399246e-11
3.703987012269805071e-11
2.471556216083787728e-11
2.022215034786612082e-11
2.471556216084252371e-11
3.703987012270705922e-11
4.916031651613418359e-11
6.751764760773892310e-11
9.664705258689555445e-11
1.028862779049131359e-10
8.061201175045028972e-11
7.296203048841552146e-11
6.667650961839442642e-11
4.451991431735785275e-11
2.402102470919791727e-11
1.129901034471341412e-11
4.955921647727767466e-12
2.127296921121431973e-12
9.195543421927993146e-13
4.058757829348018365e-13
1.837414332110408362e-13
8.526645156727900321e-14
4.044977647428800627e-14
1.954601255926028296e-14
9.581005649109493432e-15
4.740527025488227871e-15
2.351951510778188417e-15
1.158244995425032488e-15
5.560912334039241615e-16
2.509699441754156014e-16
9.751216725384803159e-17
2.450980616969620701e-17
2.178932255108831805e-19
