-15.073067
-14.831532
-14.589726
-14.347655
-14.105323
-13.862732
-13.619888
-13.376794
-13.133454
-12.8898735
-12.646055
-12.402004
-12.157724
-11.91322
-11.668495
-11.423554
-11.178402
-10.933042
-10.687479
-10.441716
-10.19576
-9.949614
-9.703281
-9.456768
-9.210078
-8.963216
-8.716186
-8.468991
-8.221639
-7.974132
-7.7264752
-7.478673
-7.23073
-6.9826508
-6.73444
-6.486102
-6.237642
-5.9890637
-5.7403727
-5.491573
-5.242669
-4.9936657
-4.7445683
-4.495381
-4.246108
-3.9967546
-3.7473257
-3.4978254
-3.2482586
-2.99863
-2.7489448
-2.499207
-2.2494218
-1.999594
-1.749728
-1.4998287
-1.2499008
-0.9999492
-0.7499786
-0.49999365
-0.24999921
0.0
0.24999921
0.49999365
0.7499786
0.9999492
1.2499008
1.4998287
1.749728
1.999594
2.2494218
2.499207
2.7489448
2.99863
3.2482586
3.4978254
3.7473257
3.9967546
4.246108
4.495381
4.7445683
4.9936657
5.242669
5.491573
5.7403727
5.9890637
6.237642
6.486102
6.73444
6.9826508
7.23073
7.478673
7.7264752
7.974132
8.221639
8.468991
8.716186
8.963216
9.210078
9.456768
9.703281
9.949614
10.19576
10.441716
10.687479
10.933042
11.178402
11.423554
11.668495
11.91322
12.157724
12.402004
12.646055
12.8898735
13.133454
13.376794
13.619888
13.862732
14.105323
14.347655
14.589726
14.831532
15.073067