2.189199719981084237e-18
3.597454090103530317e-17
1.087000898017623038e-16
2.199267856642665801e-16
3.699499358141883576e-16
5.573401087051662545e-16
7.766582221047846377e-16
1.016586267296599019e-15
1.259120681360230406e-15
1.480595341720218183e-15
1.654934832933796161e-15
1.758690204092151211e-15
1.776448419968645730e-15
1.704738749538909220e-15
1.552997231289993963e-15
1.341324958924814107e-15
1.096001115002766000e-15
8.443105809900039699e-16
6.100544891591357106e-16
4.104946446763328775e-16
2.549194062674886688e-16
1.447235692624641464e-16
7.478109751570723520e-17
3.578264816233709169e-17
1.703776712784009227e-17
9.076794808095829285e-18
5.379210824182194983e-18
2.810757527373648330e-18
8.278802359847677794e-19
1.960458133688575219e-21
6.793180685502826904e-19
2.480654138696578667e-18
4.896841630642820577e-18
8.667705550950897422e-18
1.721118985305694248e-17
3.729942271903944792e-17
7.847705261370280768e-17
1.512246123672726763e-16
2.643332738988795987e-16
4.221823300690725757e-16
6.225676858013573493e-16
8.555384224946093016e-16
1.103514797111436092e-15
1.342856241951119041e-15
1.546944968348122642e-15
1.690573496008091009e-15
1.754891333600764242e-15
1.731593557565180570e-15
1.624885281134471245e-15
1.450362253125385608e-15
1.231125925005508511e-15
9.925462516957989157e-16
7.574614609058280918e-16
5.431278357379614376e-16
3.603109368072422326e-16
2.141132024572350443e-16
1.057996957003658545e-16
3.500921492547706882e-17
2.130276391711877990e-18
1.475863170746572210e-17
2.425269124472914030e-16
7.328216244946647240e-16
1.482695897807809346e-15
2.494167247788732717e-15
3.757645037797158714e-15
5.236524667659726670e-15
6.854568426760511887e-15
8.490432659358302387e-15
9.984523477918371342e-15
1.116090827533257870e-14
1.186129039542238279e-14
1.198155108443348961e-14
1.149817168052836417e-14
1.047478385129347815e-14
9.047036959619308482e-15
7.392278284608551245e-15
5.694610326400157499e-15
4.114588853154472414e-15
2.768627101582278582e-15
1.719347690117825295e-15
9.761373472884981141e-16
5.044108732903404008e-16
2.413780215950899156e-16
1.149411910975730740e-16
6.123796341446300050e-17
3.629246448493022648e-17
1.896413067908601365e-17
5.586141214401118000e-18
1.325556554944244324e-20
4.581531334301193466e-18
1.673072905058903623e-17
3.302496446138084668e-17
5.845462190800331416e-17
1.160734909412905933e-16
2.515534000222298483e-16
5.292599123632709415e-16
1.019870468158233092e-15
1.782675131733888756e-15
2.847218340010064337e-15
4.198655013778645692e-15
5.769901108713442745e-15
7.442413860373975557e-15
9.056739825444886541e-15
1.043329442491348914e-14
1.140197082204126675e-14
1.183555594661887444e-14
1.167803634006676347e-14
1.095786360143202658e-14
9.780365619919858838e-15
8.301476506312593538e-15
6.692361177107364927e-15
5.107029501739353662e-15
3.661791079488183584e-15
2.429165728779457020e-15
1.443494751982275760e-15
7.132652491827909040e-16
2.360182613313994554e-16
1.436135339954269144e-17
3.473153280629681144e-17
5.707503055090960193e-16
1.724615705999752605e-15
3.489458455697408249e-15
5.870160219537278526e-15
8.844382235844517358e-15
1.232630187675514018e-14
1.613683030649353448e-14
1.999055877166781346e-14
2.351168584742080666e-14
2.628547461746519259e-14
2.793832960071952300e-14
2.822415842007612919e-14
2.708699052785125520e-14
2.467664184109561799e-14
2.131301164126318728e-14
1.741438061093907606e-14
1.341481112818680138e-14
9.692646268148948254e-15
6.522051201163715899e-15
4.050412767142192587e-15
2.299739883444353864e-15
1.188519352684626339e-15
5.688502768283183803e-16
2.709333461739391513e-16
1.443626693916568527e-16
8.555533290619928962e-17
4.470534772429470382e-17
1.317019032837421222e-17
3.139260878152454732e-20
1.079076207158120895e-17
3.940968222897037855e-17
7.778830422021438469e-17
1.376861608701934517e-16
2.734161107008304612e-16
5.925517124327072281e-16
1.246671061038263233e-15
2.402205405268826519e-15
4.198782338348949166e-15
6.706018655042026072e-15
9.889048139967122219e-15
1.359001173721421798e-14
1.752980276204303268e-14
2.133277187787673531e-14
2.457559225346273120e-14
2.685709979176080553e-14
2.787727492406514084e-14
2.750419340967564911e-14
2.580534478320360642e-14
2.302955377166913559e-14
1.954475701389935034e-14
1.575441296734515312e-14
1.202116880135891376e-14
8.618605523935332669e-15
5.717094891162510281e-15
3.397164182846590971e-15
1.678577880101629483e-15
5.554293020245944173e-16
3.379640437730848655e-17
6.752560282853001121e-17
1.109692003346275905e-15
3.353202802480339244e-15
6.784885269388208151e-15
1.141460338019439418e-14
1.719957054575892151e-14
2.397382400868556406e-14
3.139008722761104296e-14
3.889390649014022870e-14
4.575403612308105066e-14
5.116216745197704253e-14
5.438894219966057861e-14
5.495287330130460445e-14
5.274332698040435910e-14
4.805170627167327325e-14
4.150181208961376129e-14
3.390947259829973761e-14
2.612090745757505493e-14
1.887315167993401327e-14
1.269984725308412071e-14
7.887599851149403319e-15
4.478991063049232612e-15
2.315233228105888725e-15
1.108426809914136957e-15
5.280788542589586627e-16
2.814151678294123177e-16
1.667651652974269427e-16
8.713251337785188639e-17
2.567247313179380085e-17
6.159623426289439384e-20
2.100418464764681252e-17
7.672687194569937839e-17
1.514507933882576564e-16
2.680880560210878383e-16
5.324117124493095680e-16
1.153851997159084924e-15
2.427429592211465996e-15
4.677014209259623942e-15
8.174314699067311646e-15
1.305489150476009708e-14
1.925113100924927886e-14
2.645614315707917172e-14
3.412687437820666664e-14
4.153180443207631908e-14
4.784587344607539407e-14
5.228674705687666539e-14
5.426934845073482794e-14
5.353695904455899432e-14
5.022235908066823228e-14
4.481203468596710177e-14
3.802406866606502893e-14
3.064468083261924606e-14
2.337950611551402675e-14
1.676005521112524747e-14
1.111674576387461795e-14
6.605330162515823722e-15
3.263652291813516351e-15
1.079893260690041568e-15
6.570693178352294693e-17
1.104248696587019803e-16
1.814749414239119460e-15
5.483896157750106900e-15
1.109673226601580391e-14
1.867022388065807879e-14
2.813585060173078580e-14
3.922423605524355377e-14
5.136956422943490825e-14
6.366620722371542729e-14
7.491709567078879629e-14
8.379605031091988091e-14
8.910357963573390282e-14
9.004535970119075512e-14
8.643615840440053695e-14
7.875255815361377243e-14
6.801866887915135915e-14
5.557445082098343846e-14
4.280901850553789769e-14
3.093106541510455125e-14
2.081476579355021523e-14
1.292904936288216864e-14
7.343173076383815859e-15
3.796831483032714553e-15
1.818442032506199313e-15
8.666819780617643701e-16
4.619238305108777810e-16
2.736921740639127701e-16
1.429787957203872148e-16
4.213325503697765717e-17
1.020183616498420142e-19
3.440538732056123596e-17
1.257193150662779976e-16
2.481780547326528963e-16
4.393730526688871040e-16
8.727011089717309117e-16
1.891332724826708372e-15
3.978497188651084114e-15
7.664514657870454530e-15
1.339424691738117037e-14
2.138978807308700163e-14
3.154086320344465870e-14
4.334553953375366481e-14
5.591469020122989073e-14
6.804926101888698186e-14
7.839538322747454591e-14
8.566835142906975426e-14
8.890754698579721239e-14
8.769288270820592509e-14
8.224525217491462026e-14
7.336645792982174837e-14
6.223694711119267944e-14
5.014642254579150437e-14
3.824999505239094315e-14
2.741589165555639658e-14
1.818255578550748146e-14
1.080285379620928759e-14
5.337359999210241783e-15
1.765994564033615507e-15
1.074495274797157601e-16
1.627385395566168819e-16
2.674607292157508527e-15
8.082617565139360192e-15
1.635640193661978480e-14
2.752255620693882010e-14
4.148286881747923732e-14
5.784424531264011275e-14
7.577690203629918449e-14
9.394840994212139104e-14
1.105924265134311968e-13
1.237463709780126983e-13
1.316295242433782814e-13
1.330576333317669332e-13
1.277488920783193057e-13
1.164051708087671142e-13
1.005430496435124315e-13
8.214842008577879366e-14
6.327884451440155764e-14
4.572254562707473083e-14
3.077111316254133691e-14
1.911643510939896487e-14
1.086009420657778034e-14
5.617339136742921157e-15
2.691644613373812990e-15
1.283454165488592854e-15
6.841450879231808639e-16
4.052651484352842989e-16
2.116695057737644607e-16
6.238700947687718044e-17
1.528805306448354880e-19
5.082042288869724285e-17
1.857756317885455838e-16
3.667853164954621520e-16
6.495142164585556021e-16
1.290388663964824864e-15
2.796587463667348493e-15
5.881905912496781159e-15
1.132935171433694966e-14
1.979559043153644407e-14
3.160860766323852518e-14
4.660619899387908237e-14
6.404815225891968066e-14
8.262167408108975831e-14
1.005539292334357471e-13
1.158405230182970313e-13
1.265779155886117374e-13
1.313434149792476279e-13
1.295179859531725442e-13
1.214349391237995332e-13
1.082882330448173033e-13
9.182938206550631151e-14
7.396654950343749506e-14
5.640410284755578340e-14
4.041957649193567395e-14
2.680278324715344182e-14
1.592283498062971682e-14
7.866487005883845579e-15
2.602709108449986738e-15
1.583513075188236862e-16
2.236244317874662326e-16
3.675469543435274504e-15
1.110781997578349184e-14
2.248027689201977253e-14
3.783211742784562125e-14
5.703315939584955994e-14
7.955001788669046426e-14
1.042497016182614744e-13
1.293055235587251233e-13
1.522870826791320024e-13
1.704839331879016079e-13
1.814267367653479756e-13
1.834640096376858346e-13
1.761921110621368285e-13
1.605734183287675080e-13
1.387037317951326606e-13
1.133310481999736857e-13
8.730109647756515478e-14
6.308383902360042521e-14
4.246056521250213475e-14
2.638411753377260315e-14
1.499373779803852591e-14
7.758974709364455668e-15
3.719976424841245693e-15
1.774709892563583391e-15
9.460867502534954720e-16
5.602431023165414642e-16
2.925372525700622557e-16
8.624236013990776393e-17
2.145755345898069751e-19
7.004511301645178206e-17
2.561799497847672031e-16
5.058937664044536748e-16
8.961922190225611744e-16
1.781106869082889674e-15
3.860275474614270398e-15
8.117663096512796673e-15
1.563197569068835493e-14
2.730743919861244376e-14
4.359569122974639028e-14
6.427386730339213481e-14
8.832324764659875052e-14
1.139348312129043899e-13
1.386618258344057759e-13
1.597336639804845795e-13
1.745170949217608731e-13
1.810458846871213551e-13
1.784707574040527176e-13
1.672643298887307292e-13
1.490891824670398177e-13
1.263725985851095637e-13
1.017491436390080341e-13
7.756383622690183248e-14
5.556831783421800619e-14
3.684127811378144825e-14
2.188373156888573322e-14
1.081054225117761346e-14
3.576596420530395789e-15
2.175919608082788582e-16
2.921026246924339544e-16
4.801281988867202276e-15
1.451115931885109571e-14
2.937107840935184534e-14
4.943669532009921710e-14
7.454560941824496133e-14
1.040120742614429643e-13
1.363681223022857190e-13
1.692352264628467383e-13
1.994345709133264318e-13
2.234047031091556098e-13
2.378841922909160940e-13
2.406758420620152908e-13
2.312238690032861064e-13
2.107796577477750769e-13
1.820982691613437433e-13
1.487997228589686467e-13
1.146315875667814249e-13
8.284204342187475477e-14
5.576976036013713319e-14
3.466403374465422596e-14
1.970709133206518448e-14
1.020359321000501087e-14
4.895209526345477421e-15
2.336610098155303501e-15
1.245596808508420763e-15
7.372551392675804759e-16
3.848428185612659090e-16
1.134888632072728220e-16
2.877451673973076761e-19
9.185049003489526373e-17
3.361314775274000297e-16
6.639740182847268657e-16
1.176903400386032864e-15
2.340311916896861416e-15
5.072865089733474695e-15
1.066537535229091499e-14
2.053173914716816563e-14
3.585621191105788789e-14
5.722983212138299123e-14
8.436058610595062230e-14
1.159139470969644705e-13
1.495173138503967773e-13
1.819560025370788090e-13
2.095839827665905203e-13
2.289336612484278298e-13
2.374201118922995011e-13
2.339385308753294615e-13
2.191319354211741828e-13
1.952084685344136879e-13
1.653716089680439521e-13
1.330819854079556828e-13
1.014065664181936001e-13
7.262647419291727804e-14
4.813972398604523644e-14
2.859068804445199993e-14
1.412241384149892403e-14
4.672017084262394020e-15
2.842170629317691108e-16
3.670712876531786260e-16
6.033990770665454580e-15
1.823827304349370864e-14
3.691943789422739262e-14
6.215398746383371620e-14
9.374943906315865084e-14
1.308608834561391750e-13
1.716623797848295404e-13
2.131776089110669027e-13
2.514072428968517630e-13
2.818452531122150430e-13
3.003385796372444345e-13
3.040632153762623442e-13
2.922734668554311177e-13
2.665290984266332690e-13
2.303162271085549862e-13
1.882301390263109756e-13
1.450281946454898392e-13
1.048280849313710741e-13
7.058946305362687250e-14
4.389159637910698045e-14
2.496554680924262584e-14
1.293439987548042785e-14
6.209676323311671441e-15
2.965413622624867549e-15
1.580433232427710892e-15
9.348226834542688486e-16
4.877873651785435447e-16
1.439017057567279579e-16
3.733735009733552750e-19
1.159861446687162272e-16
4.247558252548909532e-16
8.393740495403670681e-16
1.489054851149594299e-15
2.963599902970521505e-15
6.425491775657356102e-15
1.350617495008297063e-14
2.599060659515942596e-14
4.537195251725420430e-14
7.239391128024329492e-14
1.066865453457719040e-13
1.465646848525205650e-13
1.890294514136901015e-13
2.300101352278018789e-13
2.648820806637681718e-13
2.892454323348263631e-13
2.998292469769653739e-13
2.952562095562426524e-13
2.763772971833245398e-13
2.460249399547344696e-13
2.082748855114346836e-13
1.675039693690431964e-13
1.275705410024061423e-13
9.132946348968303664e-14
6.052022349229107896e-14
3.593707223508323785e-14
1.774912945900741009e-14
5.871384942680977967e-15
3.571535217830534814e-16
4.473244249367192854e-16
7.353831920584961930e-15
2.222965154209749905e-14
4.500565203964974810e-14
7.578453870822059966e-14
1.143486096137824328e-13
1.596930176719062857e-13
2.096209348621891643e-13
2.605257483249932090e-13
3.075297209688962841e-13
3.450995674192861821e-13
3.680948682196458934e-13
3.729791585868916166e-13
3.587684081891386325e-13
3.273378140337804113e-13
2.829661707367584476e-13
2.313203688285192802e-13
1.782707537953296315e-13
1.288919587132681461e-13
8.682532892985689522e-14
5.401261984985785523e-14
3.074088049958940046e-14
1.593793153311445869e-14
7.657078925675363116e-15
3.657715792091394674e-15
1.948293645291802100e-15
1.151348437496349692e-15
6.005078626460339899e-16
1.772420977835695752e-16
4.728949255535046738e-19
1.421795526563229022e-16
5.211007214280393937e-16
1.030317438987590719e-15
1.830027636809731236e-15
3.647025198361879545e-15
7.910917958534075501e-15
1.662494323178589365e-14
3.197747823115645848e-14
5.579569611269027417e-14
8.898617320741651915e-14
1.310911900278114239e-13
1.800416273692180536e-13
2.321532730196347964e-13
2.824158526534112783e-13
3.251282110335402697e-13
3.548673362606071359e-13
3.676186852497659651e-13
3.617268279060860765e-13
3.382977589984454651e-13
3.008704982035437922e-13
2.544848546758530481e-13
2.045131994193286343e-13
1.556609458427173257e-13
1.113880909793199819e-13
7.378817536815035381e-14
4.380619139924528348e-14
2.163270739462527935e-14
7.155449688868798705e-15
4.352268872039595260e-16
5.315712290783580795e-16
8.739647149340699686e-15
2.642158726775685741e-14
5.350158981021282377e-14
9.011492000771623801e-14
1.360265650513175937e-13
1.900777183913723767e-13
2.496991452342578701e-13
3.106367857741584758e-13
3.670929077439674666e-13
4.124366604708069083e-13
4.404481590066484600e-13
4.467858622500634118e-13
4.301641844235200186e-13
3.927642571540323435e-13
3.397064378195105142e-13
2.778185283323270652e-13
2.141840029741991186e-13
1.549203062280692481e-13
1.044103080633666105e-13
6.499129217661145767e-14
3.701582271309697872e-14
1.920630812112847483e-14
9.233368341374506406e-15
4.410654041424390181e-15
2.346781350468731287e-15
1.385053373902170359e-15
7.220457087417374236e-16
2.132505439166493953e-16
5.883149732156246252e-19
1.701290742308627468e-16
6.241073799386757054e-16
1.234855694719894917e-15
2.197188377611499976e-15
4.387404910742777389e-15
9.524587396164227839e-15
2.001283143052686873e-14
3.847313066519764075e-14
6.708790602109037251e-14
1.069331641418108901e-13
1.574513599711575621e-13
2.161561477951671255e-13
2.786206106367357636e-13
3.388138026858966663e-13
3.898639383045495365e-13
4.252412291952748437e-13
4.401422580341205596e-13
4.326433549398455521e-13
4.041660270031550883e-13
3.590440335807942371e-13
3.033688821118187090e-13
2.435755376945783931e-13
1.852563696282343365e-13
1.324932031664615246e-13
8.773538716965571199e-14
5.207315641866829131e-14
2.571108333367802046e-14
8.503605014740042183e-15
5.171802291249766622e-16
6.184567198759228237e-16
1.016922057374897852e-14
3.074718538269281794e-14
6.227271758662297555e-14
1.049210889516454729e-13
1.584512093023170701e-13
2.215637191283782495e-13
2.913281417547017960e-13
3.628431490562342252e-13
4.293680860555292150e-13
4.831183876971757892e-13
5.167061441932189848e-13
5.248822968946225115e-13
5.059764926688122610e-13
4.624441529835955047e-13
4.002798045402671271e-13
3.275542556330358352e-13
2.526637653002952170e-13
1.828564408604473440e-13
1.233187285975121791e-13
7.681920621870326614e-14
4.378923027376272467e-14
2.273976754125507176e-14
1.093769639722323967e-14
5.222067789487371831e-15
2.773285527049973158e-15
1.633841383453631552e-15
8.512768107698079250e-16
2.516295693066356743e-16
7.223397539891109482e-19
1.994880097044505025e-16
7.325478329835648691e-16
1.450758158651830862e-15
2.587832692670887777e-15
5.182602635312110216e-15
1.126578018428457158e-14
2.367008945367455800e-14
4.547577821721295312e-14
7.923798276532726180e-14
1.262043612234070478e-13
1.857018848556453600e-13
2.547915315385412299e-13
3.282449692398267970e-13
3.989285244836210969e-13
4.587070605943499400e-13
4.998680308408499775e-13
5.167897356454942994e-13
5.073110510215415876e-13
4.732478937855389020e-13
4.198254380664962187e-13
3.542703960198375101e-13
2.841333706253666767e-13
2.159155180221732160e-13
1.543205711847747229e-13
1.021433649503431758e-13
6.060686107506683969e-14
2.991909706643735930e-14
9.894217149562599301e-15
6.016942675675971379e-16
7.065833303720839239e-16
1.161963086889847770e-14
3.513741917411017188e-14
7.118020788492496572e-14
1.199718713968150495e-13
1.812800207625195218e-13
2.536861698540134997e-13
3.339236879526601640e-13
4.164635554616987520e-13
4.936205812649192437e-13
5.564167606980682340e-13
5.962114017597194595e-13
6.067325273707657981e-13
5.858154309822582459e-13
5.361286756165485420e-13
4.645522660151355858e-13
3.804743694730637877e-13
2.937066969221433669e-13
2.127230004977246229e-13
1.435821129664053520e-13
8.952545263431262489e-14
5.108187208886127369e-14
2.654951196925496724e-14
1.277346575848708434e-14
6.090617379733924348e-15
3.224761371463003798e-15
1.895072330535034872e-15
9.867904073757677517e-16
2.920119113590018288e-16
8.785060901048428983e-19
2.298369344256249644e-16
8.449185355918624172e-16
1.675325858978930497e-15
2.999054305111140350e-15
6.031804317017092021e-15
1.313889746500373943e-14
2.760922668693210788e-14
5.300725403479517947e-14
9.227483435313017150e-14
1.468285357691241697e-13
2.158588069578884037e-13
2.959332240743834061e-13
3.809575031011084419e-13
4.626073005316215089e-13
5.313896453974574345e-13
5.783416776124782026e-13
5.970149099819200499e-13
5.850695934354715573e-13
5.448194375536455438e-13
4.824891696286272902e-13
4.065197850649613204e-13
3.256143535699398170e-13
2.471840244143489208e-13
1.765359067291620985e-13
1.167867203536831842e-13
6.927204248968582605e-14
3.418952270804136226e-14
1.130496839567386931e-14
6.874084234682942697e-16
7.945330932539520848e-16
1.306761321598317901e-14
3.952221324082868649e-14
8.008309699462167470e-14
1.350325044353304896e-13
2.041652085800938339e-13
2.859735138162561483e-13
3.768947884001586115e-13
4.708134273074686331e-13
5.591224355504223744e-13
6.316300160526676384e-13
6.783626439994845802e-13
6.918938951460857104e-13
6.694211391495747851e-13
6.137258436099240264e-13
5.325563137417509709e-13
4.366833104042614877e-13
3.374441333960401639e-13
2.446475224327508182e-13
1.653068005232804937e-13
1.031877537348920473e-13
5.894282351986431172e-14
3.066090883563712519e-14
1.474953778106741859e-14
7.015899680506614689e-15
3.697415199588003305e-15
2.165230940830174843e-15
1.126704644006385808e-15
3.339098828207628327e-16
1.061298339740489531e-18
2.606417312190937264e-16
9.592824871934033180e-16
1.905124379692705626e-15
3.427555204738672570e-15
6.935833187638523535e-15
1.515493817397157981e-14
3.185854054638730290e-14
6.111979280513178179e-14
1.062784765676395932e-13
1.689119252370414280e-13
2.480455340011847273e-13
3.397031500677665166e-13
4.368476669107891200e-13
5.298633106277345617e-13
6.077990481725806677e-13
6.603843099310177648e-13
6.803634012857310777e-13
6.653140821581563163e-13
6.181829480178799519e-13
5.463168226711319780e-13
4.594447082835945561e-13
3.674399026468619815e-13
2.786012100886775745e-13
1.987999165110862804e-13
1.314366363979210479e-13
7.793138873894791340e-14
3.845412578375095305e-14
1.271321015433323004e-14
7.729424514962517526e-16
8.808900795802602147e-16
1.448992540611197517e-14
4.383153756466029552e-14
8.884045760233373733e-14
1.498681833820064127e-13
2.267588212352095837e-13
3.179541790982776642e-13
4.196518282587281846e-13
5.252143675508196843e-13
6.251635363848711279e-13
7.080966315387775729e-13
7.626339215533101412e-13
7.800440876787944160e-13
7.567002431364532564e-13
6.953451006908376392e-13
6.045393056149298333e-13
4.964893076125908752e-13
3.841809022185910965e-13
2.788914412133951274e-13
1.886935006229400840e-13
1.179445779603400334e-13
6.745642415948432217e-14
3.511709459734518527e-14
1.688170314436144391e-14
7.998651645585990747e-15
4.186337067292436730e-15
2.439495952850642992e-15
1.268411485487436724e-15
3.766420486054422434e-16
1.276228382464505037e-18
2.911957389799739146e-16
1.073057985772218597e-15
2.135649779417930248e-15
3.869451425063182566e-15
7.897603757140870380e-15
1.733327093640839988e-14
3.646604681030767939e-14
6.990335273214700616e-14
1.213926001673486618e-13
1.926583584815982844e-13
2.825224527917039141e-13
3.863989784781117261e-13
4.962094450526507788e-13
6.009236050043937196e-13
6.880217956872410973e-13
7.458819924444055541e-13
7.664991821978207926e-13
7.475139250800902648e-13
6.926807801920989838e-13
6.106081548854726896e-13
5.123794699300221972e-13
4.090332195182339117e-13
3.097066582755264540e-13
2.207733072230041308e-13
1.458643356544577678e-13
8.644766037074150733e-14
4.264473064372011866e-14
1.409631992424768256e-14
8.569183145259860414e-16
9.642627461699640584e-16
1.586371254678592854e-14
4.799649599931425619e-14
9.731355389123733136e-14
1.642475593662254803e-13
2.487177269389735800e-13
3.491629646711542704e-13
4.616140536010004435e-13
5.790023732398318676e-13
6.910606528558160812e-13
7.852064393279605124e-13
8.485906555990314733e-13
8.710059199131916446e-13
8.477622971950400641e-13
7.813450534572397079e-13
6.810177930130551784e-13
5.604577007072719394e-13
4.344404908321731957e-13
3.158833675201473088e-13
2.140590143872735399e-13
1.340081187230172472e-13
7.674966516398830865e-14
3.998300385603535151e-14
1.919456906554713972e-14
9.041212902367366363e-15
4.685188994871225651e-15
2.711248988519328801e-15
1.408255719921525214e-15
4.192354924936459301e-16
1.529840903518341905e-18
3.205471101969371331e-16
1.182765438281922007e-15
2.360977822153715657e-15
4.320193911075883788e-15
8.922889477985899486e-15
1.970384274009046638e-14
4.150380947837930925e-14
7.949332547882998509e-14
1.378380055987281057e-13
2.183916312245941340e-13
3.197209301353422745e-13
4.365397459299841984e-13
5.595945351863251736e-13
6.762826542545891798e-13
7.723901990331564417e-13
8.349200941919180053e-13
8.552286224582511832e-13
8.312284811786966829e-13
7.677062995678304942e-13
6.746900356283694142e-13
5.646731438806867147e-13
4.498266623477778199e-13
3.400464838836235557e-13
2.421216618819085054e-13
1.598444983621941013e-13
9.468579394410121363e-14
4.669428208177808613e-14
1.543205683969877418e-14
9.379819637333993593e-16
1.043305857631686664e-15
1.716686498842863221e-14
5.195039339017276907e-14
1.053679486098292764e-13
1.779461392073459762e-13
2.697083968733800733e-13
3.791470234587722372e-13
5.022162400418374717e-13
6.315345131875382633e-13
7.561638685071164601e-13
8.624079587254345036e-13
9.359012317313441780e-13
9.647684052221665215e-13
9.429551703669861221e-13
8.723842878650682831e-13
7.628389843168097102e-13
6.294735169972915786e-13
4.890187580706246891e-13
3.562581188640941903e-13
2.418606121069307215e-13
1.516779647755939349e-13
8.699971141660399793e-14
4.534975586578879414e-14
2.172404992800414017e-14
1.014852485781639692e-14
5.186161680369638466e-15
2.971626696617203445e-15
1.541178598078865328e-15
4.603074041055531719e-16
1.829585320649712209e-18
3.474182723323166183e-16
1.283769912793933881e-15
2.573510070680526114e-15
4.774823354227085858e-15
1.002167183899279331e-14
2.230997974080153843e-14
4.707256345544596675e-14
9.007833163355957255e-14
1.559267949651572136e-13
2.465807486083728492e-13
3.602833020659798509e-13
4.909200681032878734e-13
6.278745069352378590e-13
7.567625050187769299e-13
8.615314811321614092e-13
9.278172020136675794e-13
9.465206185880972105e-13
9.161182126961689480e-13
8.427110631456565322e-13
7.379228196339409965e-13
6.156961818467561936e-13
4.892683140649014496e-13
3.691792032383380242e-13
2.625201197513442822e-13
1.731585830269481450e-13
1.025149576812424122e-13
5.053788569991397992e-14
1.669891048232804974e-14
1.014824697728601175e-15
1.116741663050366141e-15
1.837836432909464557e-14
5.562976642625164040e-14
1.128755340421470115e-13
1.907495452195198405e-13
2.894114357275412209e-13
4.074713722986576495e-13
5.409144455626527214e-13
6.821938648554427904e-13
8.198599636392814323e-13
9.392110700005858173e-13
1.024342744401536427e-12
1.061502379327929961e-12
1.042897955732475299e-12
9.694750277692764731e-13
8.512508544853220651e-13
7.048162960755993099e-13
5.490495693690209159e-13
4.009040024139623580e-13
2.727240724050106774e-13
1.713552914765809983e-13
9.844101500323185116e-14
5.133912502612040749e-14
2.452062432558583303e-14
1.133006413207489212e-14
5.680565129333676031e-15
3.209326282916900669e-15
1.660404444126163895e-15
4.979409060092498044e-16
2.183466845276904159e-18
3.701354088419757322e-16
1.370103773603582317e-15
2.764031861422992000e-15
5.228915991313088664e-15
1.121043227312141670e-14
2.521188110260235389e-14
5.330630709897048085e-14
1.019075889682533247e-13
1.760773120448352665e-13
2.778692994481441685e-13
4.051115775576872137e-13
5.506763782151975850e-13
7.023147973950067141e-13
8.435808350149546657e-13
9.564190071639878358e-13
1.025156069179172037e-12
1.040521074311999097e-12
1.001949968721360658e-12
9.172073893196190200e-13
7.997037177354110187e-13
6.648453088020696437e-13
5.268276470465411663e-13
3.966811351218915669e-13
2.816578052394470461e-13
1.855980079115798421e-13
1.098105317136906274e-13
5.411381243143317644e-14
1.787643793677774559e-14
1.086203787893007434e-15
1.183380024981855123e-15
1.947861265060026784e-14
5.897536436253844071e-14
1.197164615233440253e-13
2.024565990568760537e-13
3.075258186206627208e-13
4.337238895539723267e-13
5.771908013166213662e-13
7.303925953258374943e-13
8.815723999778148796e-13
1.015184188096755393e-12
1.113799340890583827e-12
1.161568550939619457e-12
1.148509443678779671e-12
1.074039052915381300e-12
9.479826898081710639e-13
7.882512790631418928e-13
6.160874630963422942e-13
4.510225402801323611e-13
3.074774305020115307e-13
1.935576239565898390e-13
1.113711744660974558e-13
5.810744788595350481e-14
2.765336776178605400e-14
1.260319971546796355e-14
6.160613377209159918e-15
3.411034794295968124e-15
1.757328065398754450e-15
5.295900810236512315e-16
2.599351624381912976e-18
3.866045769357229380e-16
1.434528659143321222e-15
2.922443988684755766e-15
5.680741949036254678e-15
1.251579341151162786e-14
2.849071303310537905e-14
6.037617937214786213e-14
1.152971454318373797e-13
1.988302432851971076e-13
3.131114909381705273e-13
4.554294126609215392e-13
6.173703616536440150e-13
7.846644395294727369e-13
9.384283842940108666e-13
1.058424815549104463e-12
1.127809568789217945e-12
1.137559632268762429e-12
1.088594903825803947e-12
9.907655175973065156e-13
8.594668393429854296e-13
7.115465987734903621e-13
5.620002404346975338e-13
4.221512947038302373e-13
2.992419655121399992e-13
1.969671581612998025e-13
1.164559880662699261e-13
5.736445365430417583e-14
1.894558435041132361e-14
1.150962074380745069e-15
1.242137218726888952e-15
2.044974047352858901e-14
6.193306687683372470e-14
1.257809469602383888e-13
2.128822002616705193e-13
3.237728084692359659e-13
4.575197940269786164e-13
6.105573600572990658e-13
7.755731829265441602e-13
9.407577032772061895e-13
1.089945186984546586e-12
1.204251497363601208e-12
1.265515383794280138e-12
1.261029439224377144e-12
1.187964648061048030e-12
1.055337964492044846e-12
8.821424054127851687e-13
6.922148649879616920e-13
5.082075261690224897e-13
3.471944908222878522e-13
2.189350378577814008e-13
1.261545246668015211e-13
6.584777156460200824e-14
3.121438228738557471e-14
1.399842895672904106e-14
6.623158342616318357e-15
3.563064492968295777e-15
1.821879725451023319e-15
5.520814171357050504e-16
3.083757588827994788e-18
3.943994441390229697e-16
1.469103312146285956e-15
3.039712740235236098e-15
6.135296572921459537e-15
1.397981072391569109e-14
3.225278777507704848e-14
6.849247055209042968e-14
1.306343509688187646e-13
2.248674906590977444e-13
3.534197483446968166e-13
5.128647973688132347e-13
6.930971281873210751e-13
8.772665872263006635e-13
1.043557211135028048e-12
1.169371953136991606e-12
1.236958878989418352e-12
1.238146126029171731e-12
1.176017445839290216e-12
1.063004662414992328e-12
9.166797260283229580e-13
7.552567346525045430e-13
5.943115708538694826e-13
4.452157740878289825e-13
3.150017911902831283e-13
2.070861897281657224e-13
1.223446482892449088e-13
6.023721443433122708e-14
1.988898258619909730e-14
1.208046257265454555e-15
1.292053142033289366e-15
2.127588927758230267e-14
6.445472748380326260e-14
1.309709325710913768e-13
2.218599763868014533e-13
3.378995421775675140e-13
4.785056318793751417e-13
6.405590931181183566e-13
8.172079087111825231e-13
9.968982315733560409e-13
1.163145493144772353e-12
1.295754496997381208e-12
1.374063676247184804e-12
1.382029159245320797e-12
1.313662257218409149e-12
1.176301180966601199e-12
9.895939604916439362e-13
7.801845715677489792e-13
5.745544663959752080e-13
3.932558745827851485e-13
2.482908560486728871e-13
1.432229638335626336e-13
7.478852897182077364e-14
3.532253943513566748e-14
1.556661394501619690e-14
7.076206133454043811e-15
3.655002486581952448e-15
1.843801231380788483e-15
5.618259263922672620e-16
3.639926897056036261e-18
3.910632976389891920e-16
1.466654407635181447e-15
3.111750920423554369e-15
6.610848167878343669e-15
1.566678994772545519e-14
3.663262499947983610e-14
7.790334990187926316e-14
1.483809994982335900e-13
2.550383103613921557e-13
4.002330708539404074e-13
5.795652813308861122e-13
7.806287396130199047e-13
9.831960397766607773e-13
1.161880772554559806e-12
1.291583977855096590e-12
1.354100125297083378e-12
1.342953737554992753e-12
1.264253696928598116e-12
1.133577443721597818e-12
9.708363876543409424e-13
7.954625858079537959e-13
6.233199667054440846e-13
4.655316353424598935e-13
3.286919084630777806e-13
2.157936073426613565e-13
1.273812993597880822e-13
6.268533358036904162e-14
2.069122791205176366e-14
1.256523629160390974e-15
1.332306698798019099e-15
2.194346480493195220e-14
6.649893207092814734e-14
1.352015876002241616e-13
2.292446870111952476e-13
3.496822866624018172e-13
4.963628292605657368e-13
6.667761999982640918e-13
8.547968978011241959e-13
1.049491563942388416e-12
1.234447035455020464e-12
1.388404417276277721e-12
1.488074128495421212e-12
1.513405565676246904e-12
1.454114773021710001e-12
1.314659361918845853e-12
1.114628916268196083e-12
8.836122127243574669e-13
6.528176059057130005e-13
4.474419353301992480e-13
2.826149801998227147e-13
1.630761143354435268e-13
8.518734131438562651e-14
4.012458161415872067e-14
1.738748516200911881e-14
7.548768805639974464e-15
3.686306131072394521e-15
1.815434499123818480e-15
5.554173288697660936e-16
4.264989562844602239e-18
3.747684121359044181e-16
1.423660742641236284e-15
3.145958098637290406e-15
7.148217931808539750e-15
1.767057023260160200e-14
4.179300630027832526e-14
8.888983428727980906e-14
1.690792113246832785e-13
2.904034593752383317e-13
4.554227178483044158e-13
6.583639040266565189e-13
8.836073961715338003e-13
1.106430754961050248e-12
1.297085652182713342e-12
1.427927228107187819e-12
1.481034405356847614e-12
1.452785345356050778e-12
1.353377726721566554e-12
1.202147454004165689e-12
1.021447096515197936e-12
8.316793839128934045e-13
6.486188869065818007e-13
4.827903718557664536e-13
3.400955432351915817e-13
2.229485991234372994e-13
1.314836509823985987e-13
6.466862032333873663e-14
2.133912403698431452e-14
1.295597018737693508e-15
1.362229144422052108e-15
2.244135773829443725e-14
6.803166320786709384e-14
1.384026329651493573e-13
2.349143682733158698e-13
3.589293756154464672e-13
5.108108947706651779e-13
6.888259648420105401e-13
8.878651541133859782e-13
1.098037049313907549e-12
1.303492136915330885e-12
1.482290135067428846e-12
1.608493640655259671e-12
1.657352745589596943e-12
1.612915768709123968e-12
1.475136818936863548e-12
1.262412503998635610e-12
1.007237908946005234e-12
7.466402922062431880e-13
5.120828411628325910e-13
3.231486103239918398e-13
1.862905601817906677e-13
9.732199491939494633e-14
4.579159235460642253e-14
1.957725040058863527e-14
8.103565329502998803e-15
3.676525864664570586e-15
1.736714786542747168e-15
5.308562591835587375e-16
4.946206955842230056e-18
3.454976380482560856e-16
1.345044620965222610e-15
3.170710756258380726e-15
7.821772511588287452e-15
2.011981765589248178e-14
4.792069636022259773e-14
1.017613189210273202e-13
1.933736787138410356e-13
3.323205466435105009e-13
5.214638268031908973e-13
7.530225731028747234e-13
1.006806476713927330e-12
1.252064218068901816e-12
1.453752423554173639e-12
1.581838867907895609e-12
1.619834511441328324e-12
1.568519103218529219e-12
1.443454457455338691e-12
1.268360122558041795e-12
1.068025492243930759e-12
8.634479348714829927e-13
6.698387522387569433e-13
4.967210192249138643e-13
3.490273675224369340e-13
2.284331146547804000e-13
1.345836196028267324e-13
6.615409851020219743e-14
2.182189717529261570e-14
1.324617738432524535e-15
1.381315204832734081e-15
2.276112871671083910e-14
6.902686188763944310e-14
1.405194765683219114e-13
2.387722074050159200e-13
3.654838440827352403e-13
5.216103750580141691e-13
7.063644555461231976e-13
9.159591994192549999e-13
1.142020414376060019e-12
1.369866989483796785e-12
1.577430310163789164e-12
1.736275684937055475e-12
1.816301358478754777e-12
1.794285224987280575e-12
1.663538045113522906e-12
1.439528543755379091e-12
1.157280634840186661e-12
8.608953663284627340e-13
5.903082151477106431e-13
3.715193872643124601e-13
2.135664221784661288e-13
1.114927436109690650e-13
5.251302347922487165e-14
2.229202781572480290e-14
8.849833996356330115e-15
3.678663353395996392e-15
1.622838588959598583e-15
4.896671106967968487e-16
5.656926940126191679e-18
3.068576423822387959e-16
1.250945076467163392e-15
3.246620563888958229e-15
8.748671708038301636e-15
2.317815495751042406e-14
5.522215900678900614e-14
1.168707310884105439e-13
2.220856238203263857e-13
3.826167388613207541e-13
6.017198240317762928e-13
8.685901766700746656e-13
1.156480816189681734e-12
1.426563648135540977e-12
1.637479086397676906e-12
1.757330092619061944e-12
1.772779788374195333e-12
1.691029017775142762e-12
1.534478329981038082e-12
1.331807587587301661e-12
1.110073896813068954e-12
8.903314641688376330e-13
6.866486156489844169e-13
5.070930150902798742e-13
3.553360442874584994e-13
2.321536762004792120e-13
1.366284262263071418e-13
6.711655020879397360e-14
2.213137518915482980e-14
1.343096353760391801e-15
1.389231805755583760e-15
2.289715501841886086e-14
6.946687927685893236e-14
1.415141473095821000e-13
2.407481379491464955e-13
3.692257795741776901e-13
5.285656760963021546e-13
7.190884070039260623e-13
9.386440862455334096e-13
1.180897732962943474e-12
1.433060089694071942e-12
1.673695117682186203e-12
1.872270030200914734e-12
1.992814846439736530e-12
2.003047174684122844e-12
1.886887326877128397e-12
1.654312341492601880e-12
1.341911484512352203e-12
1.002184541850739469e-12
6.864629983496914755e-13
4.300213810922471646e-13
2.458789831555141163e-13
1.280825455313837593e-13
6.050785931380795898e-14
2.572698481973227138e-14
9.950192255978366260e-15
3.792086067423799165e-15
1.513942163371967115e-15
4.400257327848839048e-16
6.354702148820964373e-18
2.683417276221616415e-16
1.184082577394951765e-15
3.474877995736504739e-15
1.008960076467022100e-14
2.704039054817557129e-14
6.394409996224539186e-14
1.347054992359745221e-13
2.564182397714041603e-13
4.439338655958337223e-13
7.009116986637390575e-13
1.011923784777166548e-12
1.340828469266427049e-12
1.638074167046692432e-12
1.854994066593135117e-12
1.958949050344549912e-12
1.942248556055765535e-12
1.821076380300062919e-12
1.626297774053556720e-12
1.391989003259712238e-12
1.147068122800284622e-12
9.119128418118664732e-13
6.987580002944000624e-13
5.137189158095781403e-13
3.589064884874133069e-13
2.340429139697448980e-13
1.375814964575497897e-13
6.753895154175735925e-14
2.226212922531011272e-14
1.350711116081363240e-15
1.385824273680033485e-15
2.284673660426883163e-14
6.934281189269709141e-14
1.413660166793235602e-13
2.408001458181641083e-13
3.700744049405522658e-13
5.315278595702533322e-13
7.267376525576476519e-13
9.555016868928993950e-13
1.214080484167917262e-12
1.492417938669479539e-12
1.770713788798412846e-12
2.017077646262461527e-12
2.189428808808797002e-12
2.244547020813035561e-12
2.153544026962718276e-12
1.917235924840504480e-12
1.571870850284205134e-12
1.179556490015862630e-12
8.067861993438496480e-13
5.021698351625591208e-13
2.848784384623584042e-13
1.477965435241468866e-13
7.012370854612130816e-14
3.013079045586560502e-14
1.161427491065926288e-14
4.165135363016468141e-15
1.482648815548626686e-15
4.002672169402007364e-16
6.988550285617339451e-18
2.468917015982738005e-16
1.212347966116861815e-15
3.991253711214022661e-15
1.203362532073900876e-14
3.194877408476234572e-14
7.450058888516742325e-14
1.561927415691956002e-13
2.984557835061230146e-13
5.203905289487269608e-13
8.258743555717914496e-13
1.192429555466924053e-12
1.570582290326966349e-12
1.896759661794386962e-12
2.114236155504737823e-12
2.191681933152907503e-12
2.130555675607207205e-12
1.959168620736333111e-12
1.718526794558540287e-12
1.448268595655425327e-12
1.178443456334688826e-12
9.277930548975592694e-13
7.059192536976890440e-13
5.164570743679675007e-13
3.596618587665414281e-13
2.340608159418750309e-13
1.374231520687002651e-13
6.741279441644516421e-14
2.221157562497641021e-14
1.347313925349864820e-15
1.371119895322353515e-15
2.261015958338174006e-14
6.865471441277037034e-14
1.400722972659166173e-13
2.389152741796378765e-13
3.679898994496270924e-13
5.303975064138695241e-13
7.290984594715916255e-13
9.661312469564803770e-13
1.240923835923624500e-12
1.547101408731192614e-12
1.867770908382817501e-12
2.170868164126946496e-12
2.408418184604060178e-12
2.524478108683619161e-12
2.473258418108699555e-12
2.241326928980703245e-12
1.861246342425427042e-12
1.405507265216370831e-12
9.604778541089295569e-13
5.937355617438616162e-13
3.338096240234956709e-13
1.723552498080618812e-13
8.222131249002638981e-14
3.592304660077584200e-14
1.408738015791836146e-14
4.969438865135217024e-15
1.627017305610750363e-15
3.996897332830291437e-16
7.532390051943896327e-18
2.638584207955945732e-16
1.412207791050777841e-15
4.925761917329255637e-15
1.477690595746080789e-14
3.832653821140076068e-14
8.792440439832174087e-14
1.835213479900596147e-13
3.522565067513272981e-13
6.187850078096961765e-13
9.867296681064472106e-13
1.423079614620357754e-12
1.859737693194235190e-12
2.215155212492752160e-12
2.424365184026140863e-12
2.460763482123675896e-12
2.339721666688748717e-12
2.105383848104184696e-12
1.810446828026866725e-12
1.499834816476230177e-12
1.203583872419797510e-12
9.375918709080787912e-13
7.079307559815290264e-13
5.152143666977552880e-13
3.575652857872946890e-13
2.321956807777043980e-13
1.361510839184902840e-13
6.673828861764849741e-14
2.198003625405209723e-14
1.332933714583352926e-15
1.345328748740649572e-15
2.219071554473588406e-14
6.741168510437373789e-14
1.376483076988143713e-13
2.351103115959664866e-13
3.629749505775054012e-13
5.251277068410031737e-13
7.260080782956170626e-13
9.701532075437600503e-13
1.260720631628372188e-12
1.596047392392843759e-12
1.963696995950879905e-12
2.333160308846099992e-12
2.651476525120168522e-12
2.848577879275483683e-12
2.857113374124544492e-12
2.642578947141099856e-12
2.228409302993671441e-12
1.697316082508967318e-12
1.161290316676977115e-12
7.145408852896387139e-13
3.994154573246941967e-13
2.062021589663419594e-13
9.932438890141514244e-14
4.419348032428295655e-14
1.772696796353236508e-14
6.342430157150253359e-15
2.027953751956531894e-15
4.689423787973560590e-16
8.081546788779318576e-18
3.282923498932572358e-16
1.808433174132547154e-15
6.320732058671270384e-15
1.859057559913061222e-14
4.732421324024990414e-14
1.071572001917661604e-13
2.220871182952887538e-13
4.260442175015660303e-13
7.506443996782815059e-13
1.198613819984728484e-12
1.721744134883346265e-12
2.226399065043339004e-12
2.608481346350146508e-12
2.795648980677440893e-12
2.771360421328411691e-12
2.571160138615303009e-12
2.259162461136833054e-12
1.900904484531381940e-12
1.545665065322533912e-12
1.221816843355588262e-12
9.409516409533149546e-13
7.046412735055811372e-13
5.099490217409288900e-13
3.526213298954389143e-13
2.284647590510226657e-13
1.337805963115840836e-13
6.552443952257244732e-14
2.157075578156701170e-14
1.307777174002039125e-15
1.308841747295218084e-15
2.159467560609952625e-14
6.563181968809226854e-14
1.341274936491005979e-13
2.294321433327860210e-13
3.550760107288577330e-13
5.157271883213605172e-13
7.173607272963668747e-13
9.672172215357641675e-13
1.272703760100535411e-12
1.637941564168215369e-12
2.056762170005442119e-12
2.502570814952460030e-12
2.919294024009217032e-12
3.222144774936176403e-12
3.317271263463768793e-12
3.140275324569228885e-12
2.697073925595367468e-12
2.078736240965025189e-12
1.429745422657393432e-12
8.813239848630453489e-13
4.955133062901411467e-13
2.602858878199559181e-13
1.286375337933218733e-13
5.837413524122351857e-14
2.359329523830466877e-14
8.492000161388436124e-15
2.741152553604331819e-15
6.340569347027103251e-16
9.084351779501965772e-18
4.162489276324593653e-16
2.327377816044069599e-15
8.181924082991403438e-15
2.439529420250871384e-14
6.259733693069369687e-14
1.403506245719005450e-13
2.847047112204255890e-13
5.362536968369062482e-13
9.354596478737553932e-13
1.484058248696413881e-12
2.112835152068343856e-12
2.693687059198529846e-12
3.094834187976913693e-12
3.239148904584886195e-12
3.128084428673921343e-12
2.825273450727735276e-12
2.419072231328381408e-12
1.988213848409510879e-12
1.584501547014248816e-12
1.232416265260826746e-12
9.375451069716161104e-13
6.959556618932678830e-13
5.006735643828452951e-13
3.448771433827770018e-13
2.229145638414783557e-13
1.303446130724275782e-13
6.378899753582241926e-14
2.098987483996442981e-14
1.272226760482358031e-15
1.262225867841084677e-15
2.083121847923156071e-14
6.334203039200496281e-14
1.295611947452283698e-13
2.219577408788539032e-13
3.443842116774187126e-13
5.022635314934348935e-13
7.031150996373399024e-13
9.570150938106861890e-13
1.276059571876061211e-12
1.671209118882998567e-12
2.144585520688598630e-12
2.676545003929991920e-12
3.211028048007854630e-12
3.649320482903878285e-12
3.866412866672814703e-12
3.757095874622092215e-12
3.297389890524219054e-12
2.582001814278329205e-12
1.795970505285622879e-12
1.121843048301322349e-12
6.490407775474140428e-13
3.597672010328138961e-13
1.895497309670033133e-13
8.949995478538269053e-14
3.632005215645213928e-14
1.341035681019566456e-14
4.925890541731604079e-15
1.320786312992313876e-15
1.181444292551057325e-17
8.225280994981744411e-16
3.785308409245505289e-15
1.199192203508028854e-14
3.654875437400163394e-14
9.582506928997926541e-14
2.090096515653966072e-13
4.001483395763559327e-13
7.143659727814131572e-13
1.205337571974096584e-12
1.876009638722858897e-12
2.629182865610042338e-12
3.290586430550834248e-12
3.695114129366824134e-12
3.766098547137563552e-12
3.534287729388298342e-12
3.100954211917269876e-12
2.582560576025429494e-12
2.070075500715035669e-12
1.614844725130794819e-12
1.234615977562858925e-12
9.270878807426040897e-13
6.818419929040157612e-13
4.874578214819866998e-13
3.344232922845266449e-13
2.156208272172303091e-13
1.258934359229379266e-13
6.155827628764635259e-14
2.024635844363253544e-14
1.226835967698693127e-15
1.206216567413044978e-15
1.991231235064957242e-14
6.057772807595700375e-14
1.240181478779976662e-13
2.127937602277652718e-13
3.310358667711453316e-13
4.848663522615745463e-13
6.833033048874815818e-13
9.392990480179774115e-13
1.269954681815978475e-12
1.694030949234851214e-12
2.224076813444598788e-12
2.851092720448795401e-12
3.523674201667641826e-12
4.132082657851403508e-12
4.516717755682451794e-12
4.518801156481357886e-12
4.066900658122329116e-12
3.250033630610054135e-12
2.302970875631538192e-12
1.479981363730654213e-12
9.089726691835837412e-13
5.583789125169049665e-13
3.320581294564155863e-13
1.737967446755679909e-13
7.776155910512215740e-14
3.698003211237560681e-14
2.193810807563863002e-14
8.242593902600935721e-15
1.866685036055964670e-17
6.728565346775783925e-15
1.826198681270358069e-14
3.200412560305096496e-14
7.636330712891454484e-14
1.853504297699598536e-13
3.682905887929416350e-13
6.294240926073026905e-13
1.017295813077004646e-12
1.610951101162361372e-12
2.421276451238107552e-12
3.313950146369585996e-12
4.052518836905899657e-12
4.432484378938079883e-12
4.386840761974331923e-12
3.991098670702669763e-12
3.395004587202971676e-12
2.745717471090411103e-12
2.143527966254216049e-12
1.634971291048648636e-12
1.227636008105172369e-12
9.093559425152136760e-13
6.623400104526321494e-13
4.704318728746697988e-13
3.213941711629200670e-13
2.066880750041816951e-13
1.204942464338710543e-13
5.886683775591527259e-14
1.935187953438184316e-14
1.172321864704208859e-15
1.141707428892486066e-15
1.885255094149985933e-14
5.738236667557796194e-14
1.175837186218425568e-13
2.020757161820443553e-13
3.152124691379001870e-13
4.637302513320354633e-13
6.580409452335536093e-13
9.139052594486884238e-13
1.253577792512199676e-12
1.704392582348972498e-12
2.291430634652728439e-12
3.020566360603471395e-12
3.851370222726335865e-12
4.668908596744371543e-12
5.278199235798909361e-12
5.453185011729173550e-12
5.051081983584462474e-12
4.138652122470534552e-12
3.010019298913119543e-12
2.021060988352645939e-12
1.357332436336218701e-12
9.622791715126232423e-13
6.805540786430095343e-13
4.342349834789771579e-13
2.564268124213638475e-13
1.864893325343972884e-13
1.602253163789070584e-13
7.195701502920063109e-14
2.709995404539679111e-17
6.615129124498629701e-14
1.475491798470370014e-13
1.719856749632043312e-13
2.543692994694333147e-13
4.637356199673407617e-13
7.574567493119093506e-13
1.094690774193611687e-12
1.541402810929134220e-12
2.228158944756221257e-12
3.183944857951851852e-12
4.222222186954512158e-12
5.021278462246896574e-12
5.331055969531367409e-12
5.109164213656087516e-12
4.496173607286412957e-12
3.701508503231160525e-12
2.903084140570386342e-12
2.204950231165633780e-12
1.642983309019294893e-12
1.210722975089123476e-12
8.842080613235607693e-13
6.375706198776630903e-13
4.497887563324416281e-13
3.059679238514409600e-13
1.962487892731942006e-13
1.142303441079971003e-13
5.575704382204836826e-14
1.832065807501738032e-14
1.109554946071572039e-15
1.069737116017353116e-15
1.766894474671033431e-14
5.380685088553859133e-14
1.103588546361712357e-13
1.899666987012510971e-13
2.971400758596966533e-13
4.391172568806321010e-13
6.275377938522152783e-13
8.807820075830119132e-13
1.226197035376477594e-12
1.700171984722323212e-12
2.342195064037229374e-12
3.177531899709907980e-12
4.184701270831378935e-12
5.253111822605957011e-12
6.156186065450839601e-12
6.587847295453290794e-12
6.302989824133839193e-12
5.318536718343227066e-12
3.995957435035499784e-12
2.836653368405691079e-12
2.121178016819452056e-12
1.767481455160890597e-12
1.532444657480596500e-12
1.278907857250984289e-12
1.091586903304156018e-12
1.113352433918354689e-12
1.106422175852489884e-12
5.213001022521134875e-13
2.750717910851036026e-17
5.061609353584448149e-13
1.082245300664185108e-12
1.105471067774292954e-12
1.129034886571752175e-12
1.387927259769891155e-12
1.721705672301865351e-12
2.029857389621182404e-12
2.440325642316252118e-12
3.164463383966717769e-12
4.248059351510239548e-12
5.421642194092799078e-12
6.243744494896574292e-12
6.413380981957987686e-12
5.935877952777190623e-12
5.042184704559651894e-12
4.011224918885421501e-12
3.047554907236859671e-12
2.250135405732391243e-12
1.636893933559957955e-12
1.183204976383753501e-12
8.516124815092492908e-13
6.077458943867073958e-13
4.257866644011634534e-13
2.883657661355640472e-13
1.844621269851637661e-13
1.072001152778550729e-13
5.227847540323896415e-14
1.716925673198221561e-14
1.039546375431128619e-15
9.914737614788172205e-16
1.638066916585732195e-14
4.990881000788479583e-14
1.024587581282309896e-13
1.766555989466933163e-13
2.770879560677308382e-13
4.113584199553501020e-13
5.921083074918912478e-13
8.400211262821028201e-13
1.187231755525438842e-12
1.679269784342846534e-12
2.371436169751623482e-12
3.312796296481036819e-12
4.510122874216076546e-12
5.870935477396214842e-12
7.147767513849251258e-12
7.946168449947455220e-12
7.881233525989671467e-12
6.876543840412955597e-12
5.362705965354150321e-12
4.050020197041163900e-12
3.389935479691059803e-12
3.332555735527944927e-12
3.579542669308270212e-12
3.924657278329777996e-12
4.621764262102872855e-12
5.841000883314184139e-12
6.037600196378479036e-12
2.785201105078681475e-12
7.325824517580096759e-16
2.855905494814528254e-12
6.212268621064877015e-12
6.157192679634732018e-12
5.023954850033742534e-12
4.390558348836868222e-12
4.100577006428195192e-12
3.882182717843400030e-12
3.951274001490671827e-12
4.564947697672298950e-12
5.718501405559711036e-12
6.991020709036250493e-12
7.768466454661965181e-12
7.696226332773900056e-12
6.861511092343820764e-12
5.615141888341906408e-12
4.311112075792747383e-12
3.170429770982548275e-12
2.274454413400404262e-12
1.614752584786948202e-12
1.144559803217767932e-12
8.116765834131662362e-13
5.731788619496060534e-13
3.987503094681464431e-13
2.688505953940485789e-13
1.715121649837934406e-13
9.951573064934781268e-14
4.848722225155907652e-14
1.591633487790071840e-14
9.634327462911537461e-16
9.081969583191371911e-16
1.500877202202959786e-14
4.575174324957238140e-14
9.401127888560822524e-14
1.623548178790680911e-13
2.553663777420868467e-13
3.808541743308721502e-13
5.521809919866219277e-13
7.918907191176377396e-13
1.136335732559496120e-12
1.639781389202075672e-12
2.374014771764371789e-12
3.415661039674393481e-12
4.809671105499722622e-12
6.499621534875265651e-12
8.237141366389672394e-12
9.540701597767382621e-12
9.844944207290898615e-12
8.915547404223159334e-12
7.239824766318742372e-12
5.826559074953206978e-12
5.454791598038256095e-12
6.348662749805072650e-12
8.345562735169254036e-12
1.131205570753992426e-11
1.643640225352220877e-11
2.309053558234678005e-11
2.358787739188030662e-11
1.044990074202359687e-11
5.626043115894894498e-15
1.133695774873788849e-11
2.564117653712127328e-11
2.564279799850500454e-11
1.871141027018485553e-11
1.311721576799212273e-11
9.805223414277657633e-12
7.530156903828900030e-12
6.441220708526595013e-12
6.617197192921687579e-12
7.718139115962161183e-12
9.015156627397466481e-12
9.638840494497526346e-12
9.184069119436643272e-12
7.868172135931745942e-12
6.192769056209311980e-12
4.584137300263851985e-12
3.261679548927116488e-12
2.273123648412329402e-12
1.574808592119764365e-12
1.094493500557829032e-12
7.646775633303412418e-13
5.342921380450987560e-13
3.690710894768115490e-13
2.477247697671611437e-13
1.576056466671273595e-13
9.130157361503861119e-14
4.444504878738185200e-14
1.458236340101190969e-14
8.824585288811676641e-16
8.212775739678682445e-16
1.357584380905907613e-14
4.140404444697601982e-14
8.515503507663194678e-14
1.472974394913177949e-13
2.323234160086337527e-13
3.480730511895447845e-13
5.083054767102433693e-13
7.368664367736895120e-13
1.073486686028537788e-12
1.580204973296996189e-12
2.344981947837833773e-12
3.474466544911553493e-12
5.061175068640278843e-12
7.105863147010571666e-12
9.390106144862215679e-12
1.136315994186252044e-11
1.224351674919935264e-11
1.155058571860625204e-11
9.790258501095678139e-12
8.395069784243851149e-12
8.791432674902169899e-12
1.212678834251256640e-11
1.858310457944805234e-11
2.842189736029884329e-11
4.553924384911100696e-11
6.440289701525471344e-11
6.173606377685250808e-11
2.573959886612667368e-11
2.055134838367936879e-14
2.985834891397828694e-11
7.109429209302256632e-11
7.487333669718525890e-11
5.372811046567653110e-11
3.394699620325748983e-11
2.232523271081291115e-11
1.460497728489842921e-11
1.047560887609650685e-11
9.551024125872632923e-12
1.037756032292538927e-11
1.157323461008592608e-11
1.188131291319581889e-11
1.085994842220806700e-11
8.920906897278239772e-12
6.743315018806166028e-12
4.809562587097724292e-12
3.310479132357221185e-12
2.241580987527724678e-12
1.515707171140473808e-12
1.033024308126572348e-12
7.110915596589441278e-13
4.916243211439380878e-13
3.372056682699677215e-13
2.253269476065764664e-13
1.429692146175680000e-13
8.269240694521175587e-14
4.021844392245763668e-14
1.318930361996862316e-14
7.979564190207185316e-16
7.321556575504779688e-16
1.210565489640945670e-14
3.693791715893556890e-14
7.603727595542344714e-14
1.317338641063433939e-13
2.083406866317386335e-13
3.135483515166373884e-13
4.611560704047275377e-13
6.756580759283145196e-13
9.990747937078843127e-13
1.499672757118568912e-12
2.280084245123439239e-12
3.477470317514723397e-12
5.239203873940932092e-12
7.645259082701127386e-12
1.054850160245910886e-11
1.337057360543932454e-11
1.509776064236150045e-11
1.489583954996632370e-11
1.321274899644445385e-11
1.208074327602605166e-11
1.419736747114632211e-11
2.283096709634495983e-11
3.778278697043335705e-11
6.045969825373736594e-11
9.876252280332257683e-11
1.304222673934191165e-10
1.105048773786574195e-10
3.931054675800068323e-11
3.104342369159315192e-13
5.174325793141488239e-11
1.309282204640492676e-10
1.531912707464543370e-10
1.175654067069927802e-10
7.307188048246149235e-11
4.585927737843580873e-11
2.760532126581168753e-11
1.688081195262849822e-11
1.362097815882944837e-11
1.381113906570638300e-11
1.471745581320134393e-11
1.448721147139329065e-11
1.267395210945200397e-11
9.963390317739905440e-12
7.225347683968512704e-12
4.963905131007936798e-12
3.306043083608647637e-12
2.175960100267066658e-12
1.436705570192461938e-12
9.605650730899099107e-13
6.516181653929928579e-13
4.458329949430566643e-13
3.036725984291941081e-13
2.020278983178457011e-13
1.278461263301949189e-13
7.383129211244296527e-14
3.587756566715512039e-14
1.176025445406924129e-14
7.113258540229282431e-16
6.423167612065576706e-16
1.062276483032823456e-14
3.242819423297374579e-14
6.681150857001050714e-14
1.159279146392029361e-13
1.838279424026512816e-13
2.778724318570339912e-13
4.115305896852032223e-13
6.092279574338557548e-13
9.139811547754544005e-13
1.398186174281814101e-12
2.176349306145693973e-12
3.414059408236484697e-12
5.316945289863706954e-12
8.063552043429114180e-12
1.162622798071372814e-11
1.546856756728939756e-11
1.836858686294024264e-11
1.903132961576321220e-11
1.772373812852306875e-11
1.733156283386643239e-11
2.300007020541770007e-11
4.169706190442512782e-11
6.947204558800918833e-11
1.118599567157015614e-10
1.783920371918393629e-10
2.102185899147606656e-10
1.482991312404248694e-10
3.754019616408870713e-11
2.078083912707689182e-12
6.428814992323255658e-11
1.677136979727828472e-10
2.339413772375744230e-10
2.071801574296775045e-10
1.338865222988540073e-10
8.357812488682244144e-11
4.964089428617048870e-11
2.676294973418022393e-11
1.904963358573193571e-11
1.807064270038173232e-11
1.843875893810399480e-11
1.738799497958930240e-11
1.453093457791834124e-11
1.091541962636948731e-11
7.589191559149808246e-12
5.022733898515393943e-12
3.238758283813384899e-12
2.073634492327309819e-12
1.337891002687553672e-12
8.779956107366313614e-13
5.871970049567841446e-13
3.976932060102599735e-13
2.690466663117811362e-13
1.782252284125258260e-13
1.124924669273376304e-13
6.486728309623867870e-14
3.149509434166857450e-14
1.031907286595293701e-14
6.240100083176161233e-16
5.532670440043759445e-16
9.152109755495990353e-15
2.795107922788698236e-14
5.763491920809329707e-14
1.001524498390782904e-13
1.592165167222179342e-13
2.416883537232123960e-13
3.603433939881496580e-13
5.387975589285236007e-13
8.196360325187730427e-13
1.276829389188653044e-12
2.032700024976150326e-12
3.276234564572668515e-12
5.269104512084230685e-12
8.300443271168193646e-12
1.250935496802501663e-11
1.749560284505601975e-11
2.191203552507442348e-11
2.393286118821165093e-11
2.347833707993909850e-11
2.466560008113582008e-11
3.734753982519334349e-11
7.417980099849449655e-11
1.200032987714000788e-10
1.911581159064407936e-10
2.893025113146438733e-10
2.957670327779455778e-10
1.705493722643725536e-10
3.400297561896753343e-11
3.184330231379694847e-12
6.376976974183338906e-11
1.861240824680560818e-10
3.152059584068229826e-10
3.268239075792467453e-10
2.233363700934214030e-10
1.397453273389473172e-10
8.471751809434948198e-11
4.147026995156810415e-11
2.589326791841305012e-11
2.306689159300901175e-11
2.261886030100046181e-11
2.042667072177495916e-11
1.628103651653909331e-11
1.167422831701887907e-11
7.780638757990055746e-12
4.963360197225756669e-12
3.101551042990692468e-12
1.933782329623889536e-12
1.220376502012932606e-12
7.867155414051617306e-13
5.190130913662046125e-13
3.480904270766378639e-13
2.339507297405508276e-13
1.543370113361564427e-13
9.717289279829752523e-14
5.595292476892825947e-14
2.714501132268680527e-14
8.889973437257678640e-15
5.374716278818186747e-16
4.665075750357713950e-16
7.718574817049922344e-15
2.358283024716123257e-14
4.866562946055933750e-14
8.468454180680802873e-14
1.349516572053951144e-13
2.056787795237133318e-13
3.086118383823422959e-13
4.658392772838872198e-13
7.180466475384424094e-13
1.137931539939279349e-12
1.850523948121540616e-12
3.060226637282469528e-12
5.075715625109502480e-12
8.296527351496445737e-12
1.306330367111570483e-11
1.921605093348544493e-11
2.542919675281901827e-11
2.935480730068121581e-11
3.036800693447410649e-11
3.434872124497403100e-11
6.033587697643756625e-11
1.308192781647971291e-10
2.055865270261030312e-10
3.166338555306806998e-10
4.450228478874099340e-10
3.917973295262190986e-10
1.976779409869189689e-10
5.383829143276693193e-11
3.511956812855237813e-12
5.879321682087436193e-11
2.246409706254320788e-10
4.269125730952872593e-10
4.940774085521617395e-10
3.551724774830845169e-10
2.253877789816240540e-10
1.393293638801481401e-10
6.237900512487862618e-11
3.376371063363722011e-11
2.845721888915753459e-11
2.697473501992042016e-11
2.333327724030274048e-11
1.771857824503501277e-11
1.212177817021566552e-11
7.747312762932095255e-12
4.768303583171142761e-12
2.891357621672967044e-12
1.757904058686449317e-12
1.086447321019286553e-12
6.886681423534618151e-13
4.484880804861458527e-13
2.980072819174391369e-13
1.990449458258199500e-13
1.307943651880998631e-13
8.215596226767645430e-14
4.724159464418183932e-14
2.290132326351126462e-14
7.497113734058618534e-15
4.531681071793314649e-16
3.835082902227708250e-16
6.346559155998264508e-15
1.939840967426241629e-14
4.005983577328608976e-14
6.980029979396431111e-14
1.114838579594201066e-13
1.705521662301957883e-13
2.574357524505687926e-13
3.920510338149866810e-13
6.117854662929537660e-13
9.851474531067559234e-13
1.634109084667273816e-12
2.768028728871097771e-12
4.726489131374236319e-12
8.003288263067396752e-12
1.314960618892521156e-11
2.033297606085328475e-11
2.843667773128225404e-11
3.469359062324374628e-11
3.767300769541131120e-11
4.550074984763260533e-11
9.473141054953714767e-11
2.292204481905477342e-10
3.568849613954635485e-10
5.127005331930458749e-10
6.719611413495315574e-10
5.368305433550591669e-10
2.599930993649131675e-10
8.565461309894763244e-11
4.065443116287850131e-12
5.516088955672564217e-11
2.768265347822555979e-10
5.705545207780971967e-10
7.039531061078727845e-10
5.301194863866460880e-10
3.570032492435991745e-10
2.231541353643460622e-10
8.990381883615655755e-11
4.135730935816511844e-11
3.353091597442787775e-11
3.101600283040532998e-11
2.571811285099029088e-11
1.859571608119848641e-11
1.213962854140505869e-11
7.447537003792042179e-12
4.429181066567302530e-12
2.610499541740020756e-12
1.550211552564738518e-12
9.396301629922431451e-13
5.863269267188068230e-13
3.772553404521494799e-13
2.485036851217602774e-13
1.650134463852774636e-13
1.080330846590540656e-13
6.770913293625729449e-14
3.888473522204967848e-14
1.883675452958512605e-14
6.164172824257145877e-15
3.725262477642280195e-16
3.056820824900629056e-16
5.059541710251709599e-15
1.547012593270064355e-14
3.196888940261010684e-14
5.576944727526396661e-14
8.925936756142669909e-14
1.370265013772489262e-13
2.079700514185625973e-13
3.193126708776579321e-13
5.039325224587572680e-13
8.234302403852119260e-13
1.390853530728971023e-12
2.408567616876876305e-12
4.225029473149363842e-12
7.395127969201710542e-12
1.265283749379252104e-11
2.053045750928105525e-11
3.029659640666633369e-11
3.893187772068781599e-11
4.376779017120252624e-11
5.476264887333337815e-11
1.377990759925189154e-10
3.843662644928334350e-10
6.167389594923828344e-10
8.026940710983337064e-10
1.003763853091826639e-09
8.043859263084760596e-10
3.728120231812977384e-10
1.047151974203220195e-10
3.927499715875570005e-12
5.372400650099998927e-11
3.089803324552973860e-10
7.260289327610298447e-10
9.135820591959904100e-10
7.252656390402953697e-10
5.528889869325236268e-10
3.427397785755144380e-10
1.206577919718846142e-10
4.605482918023574823e-11
3.720926750072420350e-11
3.405121417531273430e-11
2.709848583521496606e-11
1.865610160065192673e-11
1.163154461178870603e-11
6.860778350993128503e-12
3.950423599062489025e-12
2.267714573195575421e-12
1.317805042606853743e-12
7.846611545219210201e-13
4.826391397900652356e-13
3.071179183287399141e-13
2.006905226378525014e-13
1.325486999697309728e-13
8.648449865662451675e-14
5.409352872393639881e-14
3.102903185185154224e-14
1.502143304285015392e-14
4.913930875718155695e-15
2.969171634360381607e-16
2.343595370328451611e-16
3.879656457007003609e-15
1.186629529943532747e-14
2.453638099106448453e-14
4.284978090659788758e-14
6.871011972369560705e-14
1.058110212412614248e-13
1.613911650290283577e-13
2.496246094896840539e-13
3.979692911388697634e-13
6.588775648329798382e-13
1.131168611335425948e-12
1.998218752693553749e-12
3.592022320457931875e-12
6.481261761034433055e-12
1.151474241163115627e-11
1.954828913707193202e-11
3.033701327715142980e-11
4.079740403763023422e-11
4.639712562090058995e-11
5.646881824657812940e-11
1.740858799748883635e-10
5.727451499652265853e-10
1.025992707081632524e-09
1.220683355755500575e-09
1.441300193301191793e-09
1.259495436856276298e-09
5.583142886802484194e-10
1.195129434559776601e-10
5.867007169501414665e-12
5.814681626558011150e-11
3.488326584041424514e-10
9.188496439778912329e-10
1.096224771831778765e-09
9.566938148903558326e-10
8.455999628882401615e-10
4.807857282513182181e-10
1.442115696848409817e-10
4.465955979256519915e-11
3.832382676335462786e-11
3.527193173891623553e-11
2.697141527477757757e-11
1.769060756079660620e-11
1.055159532089432873e-11
5.997851504944945471e-12
3.352032663691046507e-12
1.878580920171157870e-12
1.070566062096709163e-12
6.273364314494883477e-13
3.809240794343534893e-13
2.399899202001081719e-13
1.556975403748475136e-13
1.023339842899405183e-13
6.656579064605484306e-14
4.155860013375295808e-14
2.381359787271622386e-14
1.152159651390680123e-14
3.767858164536992280e-15
2.276318242834351693e-16
1.707648266674183098e-16
2.827285944059015727e-15
8.649953083934379382e-15
1.789529905109647296e-14
3.128165890096125676e-14
5.024339357461105162e-14
7.758654534793819463e-14
1.188585457101571878e-13
1.850309884585495406e-13
2.976264976669862205e-13
4.984466007949957115e-13
8.680243895677113939e-13
1.560413150913545875e-12
2.866406955157231161e-12
5.314391305438040322e-12
9.768052424631875497e-12
1.727873245577839379e-11
2.806069843318823148e-11
3.916808960900054047e-11
4.381727721825130287e-11
4.701840224855071146e-11
1.805796638351588254e-10
7.024934144439498917e-10
1.501037228144015656e-09
1.732384189110272560e-09
1.897286313217637532e-09
1.963062378643960528e-09
9.385719994921419298e-10
1.702562019782689380e-10
8.490066106416552055e-12
8.660695308637027445e-11
5.440592555602082470e-10
1.323251605683569000e-09
1.298448321670187631e-09
1.281252031686366954e-09
1.210575637260781875e-09
5.787579259579673131e-10
1.469252344331932770e-10
3.607619702681001093e-11
3.611373749198891827e-11
3.391193411370618001e-11
2.494043222306817770e-11
1.561114974936302694e-11
8.932345710274210402e-12
4.908335103725003581e-12
2.670526430587510817e-12
1.465113478442044528e-12
8.207218535669190411e-13
4.742414391549685128e-13
2.847286803190590465e-13
1.778234496033410378e-13
1.146366476393154790e-13
7.502457503167977844e-14
4.867007490498872949e-14
3.033681911358500042e-14
1.736723347120949156e-14
8.398347257850414169e-15
2.745722003468512546e-15
1.658577355438206027e-16
1.159932592415010367e-16
1.920681938904535611e-15
5.877643959786016618e-15
1.216533415601944973e-14
2.128268035850731313e-14
3.423155651476363625e-14
5.298523124296713021e-14
8.147304725129721328e-14
1.275312554620132092e-13
2.066935907064915060e-13
3.495490846374150082e-13
6.161320470543798423e-13
1.124196014375379115e-12
2.103718625908660185e-12
3.992780786352407592e-12
7.558914135227060869e-12
1.385837540831324304e-11
2.339641233965582837e-11
3.358028853903009435e-11
3.601201331058902582e-11
3.007685371021028848e-11
1.501424368012042416e-10
6.775229320450994019e-10
1.712797436764949244e-09
2.159498180772780663e-09
2.310367212255261137e-09
2.976581175983105435e-09
1.895635622544597620e-09
3.673070689918861633e-10
8.424229620859518088e-12
2.219490507801814518e-10
1.355958499822229660e-09
2.249025426623896398e-09
1.687645111587264254e-09
1.707791063240350513e-09
1.433035834275762637e-09
5.721023779822602685e-10
1.247262332549070878e-10
2.339987175855202642e-11
3.052531634181722176e-11
2.948221900374465248e-11
2.089717008605316776e-11
1.252794317195412252e-11
6.904698534791587134e-12
3.682358674865912847e-12
1.957367316170955092e-12
1.054411250029664060e-12
5.820782485760941806e-13
3.323700868648515340e-13
1.976477418522737276e-13
1.225248703022738144e-13
7.856233670305770763e-14
5.122841497963608703e-14
3.315656522701240938e-14
2.063856281858098530e-14
1.180582705090227477e-14
5.706484185028570593e-15
1.865220075839327839e-15
1.126572253919504684e-16
7.099099085989830066e-17
1.175621730136789906e-15
3.598320297063542203e-15
7.450401984101629593e-15
1.304272025050539460e-14
2.100227992092359064e-14
3.257065898669056757e-14
5.023443510129792621e-14
7.898561871475554503e-14
1.288029639605133975e-13
2.195546987660143659e-13
3.908149451073961697e-13
7.217645019154481020e-13
1.371247122660425049e-12
2.653110116272453569e-12
5.146380894098192591e-12
9.715642977144392319e-12
1.690409258504922581e-11
2.464632579262262053e-11
2.477308481167579575e-11
1.412947984115171119e-11
1.021795494137002900e-10
5.118478406988426509e-10
1.449553539761060893e-09
2.349607246555578641e-09
2.673416220608708742e-09
4.076856812409127530e-09
4.087320036397183489e-09
1.177895798331245565e-09
5.662355774945775344e-12
9.441789669286365128e-10
3.763396876270901684e-09
3.704585388327628016e-09
2.345726781636260913e-09
2.111765352724407654e-09
1.305805436587463298e-09
4.571390168030178768e-10
8.874103396445677070e-11
1.171373065788739088e-11
2.213478519780461913e-11
2.213341325847873674e-11
1.522533054625719153e-11
8.801127187179934087e-12
4.699431930515325083e-12
2.444397684151047656e-12
1.274550424308646341e-12
6.763837858607250842e-13
3.689697187807473305e-13
2.086603006218866054e-13
1.231210853028335887e-13
7.586549024349283672e-14
4.843135430706004714e-14
3.148712545097776959e-14
2.034120730119782409e-14
1.264734331306099047e-14
7.229969134287536701e-15
3.493439604510841844e-15
1.141648378852371485e-15
6.894783467021648805e-17
3.653734302745350533e-17
6.051079999002150619e-16
1.852376203481516348e-15
3.836454123350810051e-15
6.719486528456765304e-15
1.082961865410399886e-14
1.681923486651489937e-14
2.600052537195577997e-14
4.102095415889838113e-14
6.720599798175045340e-14
1.152470060576341878e-13
2.066759743927737076e-13
3.852160967613039814e-13
7.403247313916880264e-13
1.453455174766759695e-12
2.871300609384157291e-12
5.536494728883863665e-12
9.810745912086479202e-12
1.423902167446688917e-11
1.286695054349653369e-11
4.645439659956421486e-12
6.190161099824428995e-11
3.175830215957370371e-10
9.655117745544357051e-10
2.170671495486486893e-09
2.701144083312216067e-09
3.941005818964731570e-09
6.699446227647967782e-09
3.589232029752750098e-09
2.938363253055996428e-12
3.529385053702979502e-09
7.048380308212168168e-09
4.136799551303443794e-09
2.706296107873080719e-09
2.122125627563982217e-09
9.295722192782217302e-10
2.987206426095840050e-10
5.536235477774723786e-11
4.110791738624607265e-12
1.224587034781225470e-11
1.310777198745814411e-11
8.917299314403290473e-12
5.028137868795645790e-12
2.622155863661702309e-12
1.338244789596601846e-12
6.876083846188156373e-13
3.607655128578576202e-13
1.950257653824299995e-13
1.094869915287269421e-13
6.422357538361877621e-14
3.939285024239729888e-14
2.506397674713911198e-14
1.625829615226267459e-14
1.048814574345396655e-14
6.515541911745738746e-15
3.722844595236261006e-15
1.798347403829362956e-15
5.876113669119329367e-16
3.548522963781798448e-17
1.553309266913766141e-17
2.572625198890601768e-16
7.876238467141474795e-16
1.631573177187191037e-15
2.858703397162720812e-15
4.610187389069382913e-15
7.167488098414596641e-15
1.109845737436398935e-14
1.755286041564924371e-14
2.885384567352405787e-14
4.969288145670604140e-14
8.959271099634636010e-14
1.680919882600254566e-13
3.257116349486611819e-13
6.460527844362076803e-13
1.292042539763001029e-12
2.522207092750231618e-12
4.486465268102738301e-12
6.275849199524497673e-12
4.573712519375566997e-12
1.853871572842541464e-12
4.124395402769295279e-11
1.968849923926820584e-10
6.456232647729357748e-10
1.815766776249534931e-09
2.938027771799269030e-09
2.700164392072661315e-09
7.739039235381385052e-09
7.900442826544692521e-09
3.568972379954887848e-12
8.508183107079764039e-09
8.407917039219165596e-09
2.950364261667365009e-09
2.804709059007311172e-09
1.754059604086272140e-09
6.203062210961031466e-10
1.851716789199217163e-10
3.626483874306210266e-11
1.368790740120832599e-12
4.645915504939197912e-12
5.900899705242943208e-12
4.107731901238464055e-12
2.295220600897542594e-12
1.180066966113538206e-12
5.945763720811965809e-13
3.023597728278380068e-13
1.573510950644755753e-13
8.451208549831561576e-14
4.719643797279086935e-14
2.756791307812263071e-14
1.685383648002439078e-14
1.069767392260080836e-14
6.928013440764609459e-15
4.464639298915477218e-15
2.771861952242668528e-15
1.583226207597492740e-15
7.646396132961069941e-16
2.498207258828235105e-16
1.508564092601268262e-17
2.304580908099065483e-18
3.816993362513660518e-17
1.168653524790230668e-16
2.421112698825356252e-16
4.242798862422068277e-16
6.844350224669613650e-16
1.064629732079947892e-15
1.649827276274754383e-15
2.612350893291842972e-15
4.301120756971049265e-15
7.422741157002849388e-15
1.341677511696398159e-14
2.525122822299875951e-14
4.911935613007348141e-14
9.788965205544071474e-14
1.968058183960645480e-13
3.857307817462311827e-13
6.835147784090637524e-13
9.201311357408011936e-13
5.415171865305018028e-13
5.008994339027425680e-13
9.070730898470043203e-12
4.076448349471437727e-11
1.400560139665915630e-10
4.203643471019225504e-10
8.905019935431342166e-10
5.939717892250873578e-10
1.933657550772177822e-09
2.692481747865470284e-09
5.601805491549035526e-12
2.970309034161337495e-09
2.090038459646631458e-09
6.107479408369188136e-10
7.950656237059322594e-10
3.911061647437125985e-10
1.311514074634523904e-10
3.759937197374416685e-11
7.849126238557934062e-12
3.391440436240279442e-13
5.759972647851505651e-13
8.744785293409101472e-13
6.278510132008199633e-13
3.512998918895364227e-13
1.797494027499270835e-13
9.006925704054143261e-14
4.558614990174756695e-14
2.363254382721862528e-14
1.265376624688253885e-14
7.048927525332076118e-15
4.109042068060922141e-15
2.508148963835298278e-15
1.590177300992099113e-15
1.029028482330413795e-15
6.628137926223295716e-16
4.113857384618277242e-16
2.349348072754529872e-16
1.134542124649582369e-16
3.706557981777098459e-17
2.238182464275366395e-18
