8.978238423546277289e-20
1.043491350996302068e-17
3.851724301563230425e-17
8.725185146326673358e-17
1.617436482003548288e-16
2.674655585163296836e-16
4.079125048294840654e-16
5.817934293539165160e-16
7.804449427049506132e-16
9.866619861845552910e-16
1.176147739055771169e-15
1.321998388711820788e-15
1.401236659882500230e-15
1.401131834966384286e-15
1.322778052097693487e-15
1.180479909857856358e-15
9.973473289795364480e-16
7.990438694843053132e-16
6.080563907329145183e-16
4.401407063077431490e-16
3.033740858626385705e-16
1.992328442193839392e-16
1.246825054303080972e-16
7.436676128702829753e-17
4.234123811893780131e-17
2.316811855030954898e-17
1.243885310546130521e-17
6.903794492407625736e-18
4.395823632347309845e-18
3.691115104528305393e-18
4.395823632361581756e-18
6.903794492421475483e-18
1.243885310545196214e-17
2.316811855030247697e-17
4.234123811892481592e-17
7.436676128703739408e-17
1.246825054303067167e-16
1.992328442193336001e-16
3.033740858627029613e-16
4.401407063076808290e-16
6.080563907329617513e-16
7.990438694841542464e-16
9.973473289797297189e-16
1.180479909858204837e-15
1.322778052097159231e-15
1.401131834966256688e-15
1.401236659883372315e-15
1.321998388711269769e-15
1.176147739055602352e-15
9.866619861851250458e-16
7.804449427051052300e-16
5.817934293542880695e-16
4.079125048293807246e-16
2.674655585163083843e-16
1.617436482002842011e-16
8.725185146320388356e-17
3.851724301563302532e-17
1.043491350996007786e-17
8.978238423756060412e-20
6.057641850670316735e-19
7.040596390287539474e-17
2.599127340719381466e-16
5.888854792782145723e-16
1.091940706628149370e-15
1.806288878483730667e-15
2.755911892834046210e-15
3.932565349209436704e-15
5.278189421360284914e-15
6.676803962725550737e-15
7.964074551957944903e-15
8.957480502349994222e-15
9.500540672191238886e-15
9.505835090833878788e-15
8.979623805431935135e-15
8.018057488884179551e-15
6.777531054318521321e-15
5.432286317437829908e-15
4.135368489320197004e-15
2.994277044770279714e-15
2.064343993060873798e-15
1.355946082363155697e-15
8.486752505914998230e-16
5.062306166213923926e-16
2.882366608000309643e-16
1.577176981270994027e-16
8.467734331579807706e-17
4.699671317193667499e-17
2.992329041011660693e-17
2.512585088533129643e-17
2.992329041013946540e-17
4.699671317196445153e-17
8.467734331579245643e-17
1.577176981270927221e-16
2.882366607999889082e-16
5.062306166213591619e-16
8.486752505914842430e-16
1.355946082362986486e-15
2.064343993060934934e-15
2.994277044769963381e-15
4.135368489320430507e-15
5.432286317437437055e-15
6.777531054319142944e-15
8.018057488885386508e-15
8.979623805430702934e-15
9.505835090833883522e-15
9.500540672193968345e-15
8.957480502348192464e-15
7.964074551956588063e-15
6.676803962727307531e-15
5.278189421361052476e-15
3.932565349210969461e-15
2.755911892833758670e-15
1.806288878483585122e-15
1.091940706627845264e-15
5.888854792780315566e-16
2.599127340719332656e-16
7.040596390287453193e-17
6.057641850792298396e-19
1.427970404201171345e-18
1.659747953369047309e-16
6.128707860722754498e-16
1.389146952602299737e-15
2.577265518523075470e-15
4.266355933868975519e-15
6.514949983674336497e-15
9.305943194133154794e-15
1.250444473170225775e-14
1.583759930749850644e-14
1.891604973255736343e-14
2.130458147494401700e-14
2.262707433381097312e-14
2.266980471243360595e-14
2.144186303905325681e-14
1.916802114204095198e-14
1.621924895399693774e-14
1.301170547786360236e-14
9.912804562458042104e-15
7.181970592255860684e-15
4.953865607293391584e-15
3.255074567055328795e-15
2.037832886173149068e-15
1.215748321173600587e-15
6.922787971604068183e-16
3.788139760852652935e-16
2.033815952101434705e-16
1.128759714278463321e-16
7.186698688479018043e-17
6.034396733639464707e-17
7.186698688478659358e-17
1.128759714278369151e-16
2.033815952101808428e-16
3.788139760852702239e-16
6.922787971603655017e-16
1.215748321173370042e-15
2.037832886173027978e-15
3.255074567055109491e-15
4.953865607292937200e-15
7.181970592255513586e-15
9.912804562458250363e-15
1.301170547786364338e-14
1.621924895399701978e-14
1.916802114204138112e-14
2.144186303905514377e-14
2.266980471243555601e-14
2.262707433380902622e-14
2.130458147494429784e-14
1.891604973255453616e-14
1.583759930749894505e-14
1.250444473170360039e-14
9.305943194134349129e-15
6.514949983674588143e-15
4.266355933868947120e-15
2.577265518523005656e-15
1.389146952602351999e-15
6.128707860722252585e-16
1.659747953369458256e-16
1.427970404223740355e-18
2.782889021445367457e-18
3.234765134686877334e-16
1.194873108581213408e-15
2.709865056628251602e-15
5.031516611516211940e-15
8.337410374160169861e-15
1.274713094241460694e-14
1.823381087099592605e-14
2.454011257000317343e-14
3.113594470926094460e-14
3.725724426017713828e-14
4.204226695584619183e-14
4.473795929916265754e-14
4.490645585142925855e-14
4.254946358560101134e-14
3.809946268117271939e-14
3.228553789183152125e-14
2.593365494478085480e-14
1.977834599893344738e-14
1.434207855116136891e-14
9.899253184513486106e-15
6.507756291268751560e-15
4.075536857811894431e-15
2.431942292112113753e-15
1.384983659549632413e-15
7.579051693057947173e-16
4.069154542023525090e-16
2.258303904397554836e-16
1.437782417738505166e-16
1.207227684772966392e-16
1.437782417738522422e-16
2.258303904396974530e-16
4.069154542022729326e-16
7.579051693057687835e-16
1.384983659549543272e-15
2.431942292111866051e-15
4.075536857811552854e-15
6.507756291268177269e-15
9.899253184512495297e-15
1.434207855116102497e-14
1.977834599893326121e-14
2.593365494478017007e-14
3.228553789183107949e-14
3.809946268117272570e-14
4.254946358560597801e-14
4.490645585143247710e-14
4.473795929915618257e-14
4.204226695584578793e-14
3.725724426017532074e-14
3.113594470926050915e-14
2.454011257000496572e-14
1.823381087099767101e-14
1.274713094241508183e-14
8.337410374160431763e-15
5.031516611516493563e-15
2.709865056628435801e-15
1.194873108581096460e-15
3.234765134687594704e-16
2.782889021477818221e-18
4.565227855215112204e-18
5.306902483869491579e-16
1.961202083739767506e-15
4.451186608396556862e-15
8.273307958812133151e-15
1.372741775533197686e-14
2.102187332855472512e-14
3.012699621621959054e-14
4.063316864259108956e-14
5.167492993983464345e-14
6.198773960318669458e-14
7.012824115660742597e-14
7.481660135434046878e-14
7.528660544570083199e-14
7.150456547591215104e-14
6.416656192736361264e-14
5.448149902872875545e-14
4.383731741338020057e-14
3.348039483078539585e-14
2.430596516219232344e-14
1.679143304207261314e-14
1.104577990623430799e-14
6.920564532555817588e-15
4.130790924144574270e-15
2.352871396193307580e-15
1.287673285913298859e-15
6.913579413322622502e-16
3.836760495967712099e-16
2.442570185284899714e-16
2.050822810024254268e-16
2.442570185284668972e-16
3.836760495966490844e-16
6.913579413320473842e-16
1.287673285913202224e-15
2.352871396193168740e-15
4.130790924144556915e-15
6.920564532555207009e-15
1.104577990623338975e-14
1.679143304207106066e-14
2.430596516219145884e-14
3.348039483078425358e-14
4.383731741337792234e-14
5.448149902872681801e-14
6.416656192736339807e-14
7.150456547591548319e-14
7.528660544570415152e-14
7.481660135433908038e-14
7.012824115660173355e-14
6.198773960318552075e-14
5.167492993983286378e-14
4.063316864259262942e-14
3.012699621622264501e-14
2.102187332855540039e-14
1.372741775533215356e-14
8.273307958812267257e-15
4.451186608396619182e-15
1.961202083739662193e-15
5.306902483869622728e-16
4.565227855251607036e-18
6.754345301736594491e-18
7.852382318504355012e-16
2.903582315486563605e-15
6.596219369056103315e-15
1.227612082218914920e-14
2.040279921560602373e-14
3.130733824500815046e-14
4.497305669930049352e-14
6.081808801448231569e-14
7.757083814741561597e-14
9.334081679737732246e-14
1.059376918544818328e-13
1.133842343218358371e-13
1.144552886747706047e-13
1.090299314842470725e-13
9.811025242182495698e-14
8.350729967894168549e-14
6.733622488531080543e-14
5.151990327426067349e-14
3.745631178334973405e-14
2.590484370176133788e-14
1.705445981773346602e-14
1.069105671726750457e-14
6.383594897204140445e-15
3.636831539526073758e-15
1.990581427260530459e-15
1.068783554494309922e-15
5.931039182111684582e-16
3.775498279483149507e-16
3.169818392164920973e-16
3.775498279483754958e-16
5.931039182111504130e-16
1.068783554494143078e-15
1.990581427260282756e-15
3.636831539525953062e-15
6.383594897204041048e-15
1.069105671726670939e-14
1.705445981773232060e-14
2.590484370176001575e-14
3.745631178334818788e-14
5.151990327425789670e-14
6.733622488530742280e-14
8.350729967893598045e-14
9.811025242182348023e-14
1.090299314842458608e-13
1.144552886747692668e-13
1.133842343218512610e-13
1.059376918544761908e-13
9.334081679736890374e-14
7.757083814741498488e-14
6.081808801448306037e-14
4.497305669930238047e-14
3.130733824501047286e-14
2.040279921560550939e-14
1.227612082218976924e-14
6.596219369056222433e-15
2.903582315486616064e-15
7.852382318503570095e-16
6.754345301767921668e-18
9.324596295731132150e-18
1.084164932303661542e-15
4.011695245413176308e-15
9.123783385216530784e-15
1.700640666527509866e-14
2.832042510518982307e-14
4.356127855642172336e-14
6.275227563352440940e-14
8.513220781591747060e-14
1.089628535338511110e-13
1.316040284253433709e-13
1.499412816798057754e-13
1.611034843393676776e-13
1.632416398956786880e-13
1.560635003833208872e-13
1.409000169462324283e-13
1.202855779662576664e-13
9.724364353466239785e-14
7.456406502501927902e-14
5.430461874939058552e-14
3.760720882153526629e-14
2.478247451429945970e-14
1.554568250483856844e-14
9.286165204510826621e-15
5.291837277985564907e-15
2.896846571442811166e-15
1.555443747049039187e-15
8.631243326429530544e-16
5.493780443994957307e-16
4.612181331962314470e-16
5.493780443994197042e-16
8.631243326429176542e-16
1.555443747048929535e-15
2.896846571442628545e-15
5.291837277985528619e-15
9.286165204510280730e-15
1.554568250483801624e-14
2.478247451429841841e-14
3.760720882153493182e-14
5.430461874938867963e-14
7.456406502501382642e-14
9.724364353465924241e-14
1.202855779662456504e-13
1.409000169462327060e-13
1.560635003833219222e-13
1.632416398956641225e-13
1.611034843393970611e-13
1.499412816798068861e-13
1.316040284253287802e-13
1.089628535338533072e-13
8.513220781591762207e-14
6.275227563352448513e-14
4.356127855642432975e-14
2.832042510518805602e-14
1.700640666527646181e-14
9.123783385217171339e-15
4.011695245413468187e-15
1.084164932303613225e-15
9.324596295728642308e-18
1.224545161735237330e-17
1.423949922622322556e-15
5.273203617717475063e-15
1.200838662546250923e-14
2.242335655306890302e-14
3.742689715741925233e-14
5.772945596487509793e-14
8.343487883006387686e-14
1.136117377962636558e-13
1.460085659067829388e-13
1.771158716039941658e-13
2.027055280756985865e-13
2.187852167367205545e-13
2.226741726294487825e-13
2.137823532172605207e-13
1.937647599494147558e-13
1.659958796486553722e-13
1.346066951814931043e-13
1.034767922378529870e-13
7.551598438824549926e-14
5.237802009358820784e-14
3.455461764955599934e-14
2.169185273671030916e-14
1.296381411242525225e-14
7.389834029283951431e-15
4.046046950756135110e-15
2.172641606809604166e-15
1.205553635838159951e-15
7.672445545800158652e-16
6.440806331186193874e-16
7.672445545798541487e-16
1.205553635838033339e-15
2.172641606809530407e-15
4.046046950756031769e-15
7.389834029283604333e-15
1.296381411242453438e-14
2.169185273670982007e-14
3.455461764955592992e-14
5.237802009358786705e-14
7.551598438824233119e-14
1.034767922378452120e-13
1.346066951814854050e-13
1.659958796486439116e-13
1.937647599494179869e-13
2.137823532172652665e-13
2.226741726294329043e-13
2.187852167367274460e-13
2.027055280757105267e-13
1.771158716039845480e-13
1.460085659067810203e-13
1.136117377962679472e-13
8.343487883006505069e-14
5.772945596487484549e-14
3.742689715741979506e-14
2.242335655306903239e-14
1.200838662546366255e-14
5.273203617717966524e-15
1.423949922622380734e-15
1.224545161729079284e-17
1.548165508799807669e-17
1.800524995491841962e-15
6.673787942299335773e-15
1.522021415630218266e-14
2.847866064531948813e-14
4.765774169486273121e-14
7.374379617494112142e-14
1.069776969059746024e-13
1.462868335181923880e-13
1.888781989066275468e-13
2.302611506443527226e-13
2.648924693559396432e-13
2.873961286045491791e-13
2.939990853317130231e-13
2.836324083024249815e-13
2.582318913202379662e-13
2.221189359083076111e-13
1.807507308896908792e-13
1.393586598411691680e-13
1.019417251247359904e-13
7.083290032958052759e-14
4.678858727847153208e-14
2.939651266878207253e-14
1.757790684337165844e-14
1.002353654731908008e-14
5.489241487029138550e-15
2.947887894890491757e-15
1.635657733585244281e-15
1.040839515200872244e-15
8.736898117415809784e-16
1.040839515200964935e-15
1.635657733585205627e-15
2.947887894890459808e-15
5.489241487028909781e-15
1.002353654731821706e-14
1.757790684337131134e-14
2.939651266878119531e-14
4.678858727847170879e-14
7.083290032957889938e-14
1.019417251247319010e-13
1.393586598411590958e-13
1.807507308896718961e-13
2.221189359083101607e-13
2.582318913202334224e-13
2.836324083024277583e-13
2.939990853317121648e-13
2.873961286045146459e-13
2.648924693559523659e-13
2.302611506443535304e-13
1.888781989066181815e-13
1.462868335182013494e-13
1.069776969059766471e-13
7.374379617493838250e-14
4.765774169486962901e-14
2.847866064531905268e-14
1.522021415630358368e-14
6.673787942300145144e-15
1.800524995491964235e-15
1.548165508789105354e-17
1.899342547131762305e-17
2.209296344086187564e-15
8.197198524585419899e-15
1.872514044971208660e-14
3.511627753378198771e-14
5.893654566144204362e-14
9.152031850044263339e-14
1.333202873981502778e-13
1.831756726171902115e-13
2.377473646112561973e-13
2.914646580720167746e-13
3.372581208291695053e-13
3.680666387710272242e-13
3.787014607529607987e-13
3.673642916334848448e-13
3.361757764659662684e-13
2.904925633947881602e-13
2.373360914294215251e-13
1.835984492104685596e-13
1.346616625235962097e-13
9.375521071374302065e-14
6.201671986822899712e-14
3.900006745438828487e-14
2.333429805025152445e-14
1.331132281227469838e-14
7.291711664682892124e-15
3.916405119447535625e-15
2.172995534807923043e-15
1.382576310194641517e-15
1.160445596706680410e-15
1.382576310194687271e-15
2.172995534807915943e-15
3.916405119447534047e-15
7.291711664682642844e-15
1.331132281227378330e-14
2.333429805025118997e-14
3.900006745438744552e-14
6.201671986822741940e-14
9.375521071373965064e-14
1.346616625235927513e-13
1.835984492104565689e-13
2.373360914294068838e-13
2.904925633947931079e-13
3.361757764659503145e-13
3.673642916334818661e-13
3.787014607529731681e-13
3.680666387709888540e-13
3.372581208291603167e-13
2.914646580720182892e-13
2.377473646112518554e-13
1.831756726171914231e-13
1.333202873981475768e-13
9.152031850044269650e-14
5.893654566144928852e-14
3.511627753378429750e-14
1.872514044971343082e-14
8.197198524586970800e-15
2.209296344086259745e-15
1.899342547119531880e-17
2.273671033229376022e-17
2.645172681701451348e-15
9.825326959569641279e-15
2.248477558895671183e-14
4.227223632245133857e-14
7.117407397880520050e-14
1.109568874992732477e-13
1.623805441383976954e-13
2.242774798373895181e-13
2.927881245250397338e-13
3.611827281015451498e-13
4.206490884963190127e-13
4.620984554828905899e-13
4.785290933581075980e-13
4.670758323637792893e-13
4.298769235500236477e-13
3.733814059705748896e-13
3.064299784364124227e-13
2.379390407853494418e-13
1.750384316491356558e-13
1.221366419989526036e-13
8.091380178440422893e-14
5.093411551266425725e-14
3.049404433571762007e-14
1.740345786920283178e-14
9.536469019691580143e-15
5.123066183966739471e-15
2.842512766106293022e-15
1.808288738188418278e-15
1.517611129158282077e-15
1.808288738188357142e-15
2.842512766106392418e-15
5.123066183966731583e-15
9.536469019691171513e-15
1.740345786920192617e-14
3.049404433571631372e-14
5.093411551266371451e-14
8.091380178440127543e-14
1.221366419989459898e-13
1.750384316491311119e-13
2.379390407853458067e-13
3.064299784364136848e-13
3.733814059705593396e-13
4.298769235500090569e-13
4.670758323637718172e-13
4.785290933581253694e-13
4.620984554828741311e-13
4.206490884962914973e-13
3.611827281015331844e-13
2.927881245250457923e-13
2.242774798373784614e-13
1.623805441383946409e-13
1.109568874992798236e-13
7.117407397880561702e-14
4.227223632245542802e-14
2.248477558895848203e-14
9.825326959572230320e-15
2.645172681701282532e-15
2.273671033217769598e-17
2.666349922035265726e-17
3.102600192540114693e-15
1.153830118463198805e-14
2.645655706981308242e-14
4.987449728633462670e-14
8.426741378851097502e-14
1.319308475128927779e-13
1.940498398253278381e-13
2.695644603573857911e-13
3.541581224575661840e-13
4.398921405681712485e-13
5.159965479249991068e-13
5.709709793303830970e-13
5.955184776992925892e-13
5.852615806915064480e-13
5.420934878915237682e-13
4.735632374859831706e-13
3.905968684136593778e-13
3.045611615328602474e-13
2.247868084921134335e-13
1.572289714384622371e-13
1.043323380390858403e-13
6.574378304852648178e-14
3.938684292942848795e-14
2.248991959240933985e-14
1.232870071842682835e-14
6.624873663158802630e-15
3.675947304504029538e-15
2.338125692750925194e-15
1.962060441431768044e-15
2.338125692750920066e-15
3.675947304504205454e-15
6.624873663158567549e-15
1.232870071842624775e-14
2.248991959240862988e-14
3.938684292942692916e-14
6.574378304852607788e-14
1.043323380390827227e-13
1.572289714384524679e-13
2.247868084921059614e-13
3.045611615328648923e-13
3.905968684136598827e-13
4.735632374859415692e-13
5.420934878915229604e-13
5.852615806915158386e-13
5.955184776992954165e-13
5.709709793303777453e-13
5.159965479249681077e-13
4.398921405681518614e-13
3.541581224575620945e-13
2.695644603573712508e-13
1.940498398253330888e-13
1.319308475128975237e-13
8.426741378851149251e-14
4.987449728633658938e-14
2.645655706981608324e-14
1.153830118463570831e-14
3.102600192539708035e-15
2.666349922024304257e-17
3.072220328965330450e-17
3.575605181806750038e-15
1.331460822779558416e-14
3.059389951659814512e-14
5.784289953895431253e-14
9.809919839383190184e-14
1.542966163340857107e-13
2.281877720872076086e-13
3.189726253938795411e-13
4.219875522802964804e-13
5.280757793269764247e-13
6.243066113522496970e-13
6.963454134895203955e-13
7.320221980728341673e-13
7.248696107420397534e-13
6.761468580587358309e-13
5.944351094436182705e-13
4.930117535246981136e-13
3.861894213530757036e-13
2.860618370000632715e-13
2.006096811378301975e-13
1.333469148847522822e-13
8.411554876803513417e-14
5.042767895367531796e-14
2.881011958985797794e-14
1.580134805329291509e-14
8.494106449423409865e-15
4.713624125969638942e-15
2.997693710259171698e-15
2.515231811916126296e-15
2.997693710258966594e-15
4.713624125969367574e-15
8.494106449422930237e-15
1.580134805329259955e-14
2.881011958985817989e-14
5.042767895367500241e-14
8.411554876803401083e-14
1.333469148847490258e-13
2.006096811378243157e-13
2.860618370000540828e-13
3.861894213530747443e-13
4.930117535246927620e-13
5.944351094435621288e-13
6.761468580587440098e-13
7.248696107420812538e-13
7.320221980728103374e-13
6.963454134895128224e-13
6.243066113522197077e-13
5.280757793269543113e-13
4.219875522802696717e-13
3.189726253938599521e-13
2.281877720872122534e-13
1.542966163340813688e-13
9.809919839383856613e-14
5.784289953895351736e-14
3.059389951660148989e-14
1.331460822779999231e-14
3.575605181806421872e-15
3.072220328955120248e-17
3.485810781364717280e-17
4.057845222051102578e-15
1.513124865227412362e-14
3.484641487560004278e-14
6.608922622958783079e-14
1.125369708977609907e-13
1.778833314654268059e-13
2.646166141255477342e-13
3.723915315923957908e-13
4.963637379136685149e-13
6.262043829770174119e-13
7.466458977404049078e-13
8.400650931962349614e-13
8.907365476252519321e-13
8.893656159381657830e-13
8.360232186169644231e-13
7.401432530215863428e-13
6.176015138471050052e-13
4.862262111354831582e-13
3.615704857969893285e-13
2.542647203376406236e-13
1.693095372498774991e-13
1.069114913854282736e-13
6.413714705799203764e-14
3.666480682474650750e-14
2.012202771528771545e-14
1.082228307011840393e-14
6.006738154533775905e-15
3.819513866758270486e-15
3.204343008349188028e-15
3.819513866758050394e-15
6.006738154533140872e-15
1.082228307011804736e-14
2.012202771528744723e-14
3.666480682474722694e-14
6.413714705799211337e-14
1.069114913854248405e-13
1.693095372498739397e-13
2.542647203376414314e-13
3.615704857969796854e-13
4.862262111354873992e-13
6.176015138470948068e-13
7.401432530215542330e-13
8.360232186169557394e-13
8.893656159382066776e-13
8.907365476252414308e-13
8.400650931962180987e-13
7.466458977403861266e-13
6.262043829769964093e-13
4.963637379136325681e-13
3.723915315923716075e-13
2.646166141255426854e-13
1.778833314654217824e-13
1.125369708977637548e-13
6.608922622958780555e-14
3.484641487560255451e-14
1.513124865227766088e-14
4.057845222051340025e-15
3.485810781362342686e-17
3.901390296137078355e-17
4.542669470471530772e-15
1.696392636289353647e-14
3.916021543736205502e-14
7.451741918479373261e-14
1.274327542875567027e-13
2.024926611861953800e-13
3.031156085779758508e-13
4.296530087728006621e-13
5.773131402512490489e-13
7.347136759885352647e-13
8.841208925524620758e-13
1.004150099851889812e-12
1.074727638002361422e-12
1.082803876539195920e-12
1.026493014427580964e-12
9.157413170869669570e-13
7.692209406201462367e-13
6.089204295257066125e-13
4.547127124403478165e-13
3.206923492330447531e-13
2.139180175211721360e-13
1.352108376221459758e-13
8.116581180449083947e-14
4.643039007354332169e-14
2.550150618456820082e-14
1.372511197916825654e-14
7.620242619183608313e-15
4.844872215294969066e-15
4.063934543802061586e-15
4.844872215295083451e-15
7.620242619183411097e-15
1.372511197916849793e-14
2.550150618456749715e-14
4.643039007354320809e-14
8.116581180448957729e-14
1.352108376221409018e-13
2.139180175211671125e-13
3.206923492330424812e-13
4.547127124403404454e-13
6.089204295257130749e-13
7.692209406201319994e-13
9.157413170869722077e-13
1.026493014427559558e-12
1.082803876539196324e-12
1.074727638002390301e-12
1.004150099851874060e-12
8.841208925524548056e-13
7.347136759885260761e-13
5.773131402512134050e-13
4.296530087727784982e-13
3.031156085779643902e-13
2.024926611861964907e-13
1.274327542875534211e-13
7.451741918479315201e-14
3.916021543736294486e-14
1.696392636289446417e-14
4.542669470472322788e-15
3.901390296152976367e-17
4.313029666014301483e-17
5.023188656025114223e-15
1.878727688658877378e-14
4.347831129760378691e-14
8.302397538462862857e-14
1.426229005741168716e-13
2.278969122849770182e-13
3.434152874851836732e-13
4.905190216178252409e-13
6.647806734172246396e-13
8.539761469427779793e-13
1.037849445469557989e-12
1.190783682607353913e-12
1.287453496241439661e-12
1.309904007426442877e-12
1.253250100113701987e-12
1.127382210190332655e-12
9.538713613922789750e-13
7.595797093445393309e-13
5.697591970692255101e-13
4.030327143628977802e-13
2.692995829730163922e-13
1.703594639205047712e-13
1.023227256574152543e-13
5.857578044270907195e-14
3.220390441780984931e-14
1.734861102525627873e-14
9.636477637413046210e-15
6.126153926968409557e-15
5.137814994054056030e-15
6.126153926968611505e-15
9.636477637413497439e-15
1.734861102525691613e-14
3.220390441780909201e-14
5.857578044270748161e-14
1.023227256574128688e-13
1.703594639205009342e-13
2.692995829730088696e-13
4.030327143628901062e-13
5.697591970692208653e-13
7.595797093445138854e-13
9.538713613922684737e-13
1.127382210190353860e-12
1.253250100113693303e-12
1.309904007426409151e-12
1.287453496241452182e-12
1.190783682607359568e-12
1.037849445469568692e-12
8.539761469427592990e-13
6.647806734171969727e-13
4.905190216177967661e-13
3.434152874851636803e-13
2.278969122849817135e-13
1.426229005741181590e-13
8.302397538462101764e-14
4.347831129760229754e-14
1.878727688658640720e-14
5.023188656025966192e-15
4.313029666044077284e-17
4.714671136744107557e-17
5.492355004548397725e-15
2.057513645348304724e-14
4.774111252175227027e-14
9.149855698152840152e-14
1.579282959816325094e-13
2.538375859025210004e-13
3.851920516026515513e-13
5.546689019545812075e-13
7.586063192436749920e-13
9.842667639199097997e-13
1.208922521250340913e-12
1.402287366697385410e-12
1.532778634709789011e-12
1.576131383922588711e-12
1.523071940477776090e-12
1.382549454387821248e-12
1.178971480587094731e-12
9.448368927457442370e-13
7.120746773607537649e-13
5.052285602362897316e-13
3.381117769320884536e-13
2.140275086266391621e-13
1.286077451077899441e-13
7.368157829748635269e-14
4.055871307212797374e-14
2.187657002055081701e-14
1.215968747069945284e-14
7.729763350327461476e-15
6.481492154391633566e-15
7.729763350327582961e-15
1.215968747069998137e-14
2.187657002055083595e-14
4.055871307212763295e-14
7.368157829748400504e-14
1.286077451077874702e-13
2.140275086266372941e-13
3.381117769320827991e-13
5.052285602362811488e-13
7.120746773607425568e-13
9.448368927457008181e-13
1.178971480587079787e-12
1.382549454387855579e-12
1.523071940477768214e-12
1.576131383922541455e-12
1.532778634709762960e-12
1.402287366697435493e-12
1.208922521250363733e-12
9.842667639198708237e-13
7.586063192436574225e-13
5.546689019545385964e-13
3.851920516026229251e-13
2.538375859025291793e-13
1.579282959816364726e-13
9.149855698151642345e-14
4.774111252174971436e-14
2.057513645347847185e-14
5.492355004549168442e-15
4.714671136770406207e-17
5.100206412413552781e-17
5.943052085464367531e-15
2.230085317943384843e-14
5.188704426699447540e-14
9.982484447987375345e-14
1.731550014258942659e-13
2.800245511857972885e-13
4.280632974627483076e-13
6.216863007237035029e-13
8.584991834002316263e-13
1.125722006293159118e-12
1.398354117354974184e-12
1.641080887122087934e-12
1.814976268394993785e-12
1.887777670162034390e-12
1.844001379408855908e-12
1.690334447173288852e-12
1.453691941736468663e-12
1.172984035719228598e-12
8.883978444026119782e-13
6.322232673681793122e-13
4.236623547438264158e-13
2.682743469951378987e-13
1.612464533072533413e-13
9.246092862502194343e-14
5.097449502722340171e-14
2.753948420229087100e-14
1.532157875856521762e-14
9.739742252747132731e-15
8.165182877410582379e-15
9.739742252746675192e-15
1.532157875856483896e-14
2.753948420229002219e-14
5.097449502722326918e-14
9.246092862502076960e-14
1.612464533072510442e-13
2.682743469951364850e-13
4.236623547438237400e-13
6.322232673681625505e-13
8.883978444025957213e-13
1.172984035719205374e-12
1.453691941736452911e-12
1.690334447173300565e-12
1.844001379408855100e-12
1.887777670161974210e-12
1.814976268394984495e-12
1.641080887122189716e-12
1.398354117354972366e-12
1.125722006293140135e-12
8.584991834001984058e-13
6.216863007236590742e-13
4.280632974627126133e-13
2.800245511858019838e-13
1.731550014258915396e-13
9.982484447986378225e-14
5.188704426699399578e-14
2.230085317942940872e-14
5.943052085464787205e-15
5.100206412431289209e-17
5.463562639145126889e-17
6.368194228115213169e-15
2.393764038628204859e-14
5.585328039123264348e-14
1.078816589542984869e-13
1.880954068634852868e-13
3.061360217355016461e-13
4.715834383538075698e-13
6.910463426351757896e-13
9.640093486128826124e-13
1.278291773854300339e-12
1.607017130907298338e-12
1.909622267569999384e-12
2.138711687082727010e-12
2.252035779131362606e-12
2.225548995217237025e-12
2.061766191959207725e-12
1.789367209396352794e-12
1.454390305236698500e-12
1.107191255389612578e-12
7.902032344985006852e-13
5.300491125243270474e-13
3.356187037445209651e-13
2.017251557141919110e-13
1.157805335544904677e-13
6.395377827203809903e-14
3.462497162512804352e-14
1.928805064591951106e-14
1.226219619425943261e-14
1.027749350794529329e-14
1.226219619425874630e-14
1.928805064591859282e-14
3.462497162512684445e-14
6.395377827203744270e-14
1.157805335544900386e-13
2.017251557141895381e-13
3.356187037445171281e-13
5.300491125243186666e-13
7.902032344984818031e-13
1.107191255389611366e-12
1.454390305236682748e-12
1.789367209396344110e-12
2.061766191959172182e-12
2.225548995217238640e-12
2.252035779131308080e-12
2.138711687082752859e-12
1.909622267570122572e-12
1.607017130907272690e-12
1.278291773854315283e-12
9.640093486128101129e-13
6.910463426351367126e-13
4.715834383537655645e-13
3.061360217354978596e-13
1.880954068634740786e-13
1.078816589542913809e-13
5.585328039123480180e-14
2.393764038627906669e-14
6.368194228114986766e-15
5.463562639157685185e-17
5.798795693727876113e-17
6.760834775036771746e-15
2.545897060369241049e-14
5.957659761660825213e-14
1.155443735781975765e-13
2.025299737347756624e-13
3.318195301267611527e-13
5.152412224239091909e-13
7.621036200233213876e-13
1.074498158351785421e-12
1.441684040128759671e-12
1.835562953090688862e-12
2.210322510867325662e-12
2.508998221107841070e-12
2.677060677983335013e-12
2.678912597438661313e-12
2.510199621557652876e-12
2.200000574615536958e-12
1.802023886773784750e-12
1.379077863183157476e-12
9.868925628908655721e-13
6.623193491973220660e-13
4.191094504457916377e-13
2.518213765346353309e-13
1.446789908235337155e-13
8.010800201387168881e-14
4.348945226450218723e-14
2.426715417506644333e-14
1.543060758840969717e-14
1.292983774622503146e-14
1.543060758841013578e-14
2.426715417506656324e-14
4.348945226450113331e-14
8.010800201387023731e-14
1.446789908235321504e-13
2.518213765346321502e-13
4.191094504457848219e-13
6.623193491973114637e-13
9.868925628908617351e-13
1.379077863183168381e-12
1.802023886773758901e-12
2.200000574615536150e-12
2.510199621557610063e-12
2.678912597438603152e-12
2.677060677983305125e-12
2.508998221107891154e-12
2.210322510867447235e-12
1.835562953090696940e-12
1.441684040128757248e-12
1.074498158351701815e-12
7.621036200232713044e-13
5.152412224238855629e-13
3.318195301267519135e-13
2.025299737347644290e-13
1.155443735781974250e-13
5.957659761660852981e-14
2.545897060369092743e-14
6.760834775036137502e-15
5.798795693732696793e-17
6.100189751094947195e-17
7.114282022189129774e-15
2.683900710028371025e-14
6.299434812406939706e-14
1.226866270932561453e-13
2.162296308569756814e-13
3.566940987609678687e-13
5.584588028591152938e-13
8.340818309770864013e-13
1.189107914196797626e-12
1.615302583082780478e-12
2.084322768092336010e-12
2.545428558084408479e-12
2.931114744213390911e-12
3.172003479683907998e-12
3.217206561286981047e-12
3.051767173029630351e-12
2.702880228872110418e-12
2.232102590307421949e-12
1.717384845414197796e-12
1.231909246170405109e-12
8.266469482938551410e-13
5.223895164687741885e-13
3.136223535936729679e-13
1.803776354457055156e-13
1.001703325262341224e-13
5.457042780554085165e-14
3.051816884588403823e-14
1.941202825272615373e-14
1.626158925348992161e-14
1.941202825272628626e-14
3.051816884588396881e-14
5.457042780554067495e-14
1.001703325262341855e-13
1.803776354457040262e-13
3.136223535936693328e-13
5.223895164687714622e-13
8.266469482938549390e-13
1.231909246170413590e-12
1.717384845414199815e-12
2.232102590307421949e-12
2.702880228872115265e-12
3.051767173029621466e-12
3.217206561286891786e-12
3.172003479683862358e-12
2.931114744213474518e-12
2.545428558084490874e-12
2.084322768092392151e-12
1.615302583082748368e-12
1.189107914196756832e-12
8.340818309770459107e-13
5.584588028591209484e-13
3.566940987609481282e-13
2.162296308569706580e-13
1.226866270932657631e-13
6.299434812406427262e-14
2.683900710028412993e-14
7.114282022188370890e-15
6.100189751089326561e-17
6.362361733027519661e-17
7.422221253911166756e-15
2.805306792937776158e-14
6.604554358112898390e-14
1.291823420840532741e-13
2.289588750064168825e-13
3.803537983878269676e-13
6.005930555945790349e-13
9.060660423116327113e-13
1.306732392949872995e-12
1.798178791286789652e-12
2.353189037357837867e-12
2.916867540299658681e-12
3.410470758073067639e-12
3.747000964676351206e-12
3.855687852844155193e-12
3.705895118897670319e-12
3.319326088585880054e-12
2.764903387699361028e-12
2.138820897662153009e-12
1.537194034129981310e-12
1.030523063834150125e-12
6.497413232605698058e-13
3.895200728466524032e-13
2.242762002921635165e-13
1.250025252340736513e-13
6.839793072962011236e-14
3.836134718206063145e-14
2.441396330578104390e-14
2.044582044534949823e-14
2.441396330578055796e-14
3.836134718205955860e-14
6.839793072962055412e-14
1.250025252340758475e-13
2.242762002921634156e-13
3.895200728466525042e-13
6.497413232605723302e-13
1.030523063834148307e-12
1.537194034129993629e-12
2.138820897662134025e-12
2.764903387699387281e-12
3.319326088585887728e-12
3.705895118897703439e-12
3.855687852844139845e-12
3.747000964676305162e-12
3.410470758073156092e-12
2.916867540299629197e-12
2.353189037357894008e-12
1.798178791286752696e-12
1.306732392949869158e-12
9.060660423116423038e-13
6.005930555945996337e-13
3.803537983877993007e-13
2.289588750064108241e-13
1.291823420840604938e-13
6.604554358112321575e-14
2.805306792937823805e-14
7.422221253910960075e-15
6.362361733008416901e-17
6.580368862670022039e-17
7.678840827903935638e-15
2.907811549871455045e-14
6.867203813985486366e-14
1.349080390407081344e-13
2.404796074603697857e-13
4.023728661462923313e-13
6.409396620349936335e-13
9.769987278394723886e-13
1.425990078846821320e-12
1.988899442641284769e-12
2.641476585031612493e-12
3.326045093483594270e-12
3.952401906939087586e-12
4.413095778443301092e-12
4.611956989868903858e-12
4.495880332128970291e-12
4.075587779439804224e-12
3.425767774374754229e-12
2.664320736409407318e-12
1.917526595211654054e-12
1.282954647628023404e-12
8.060975255920405419e-13
4.821664708609644542e-13
2.779217518644077894e-13
1.555895586706028176e-13
8.560242330901951860e-14
4.818725661102315990e-14
3.069141258680978282e-14
2.569520211339910177e-14
3.069141258681128481e-14
4.818725661102370264e-14
8.560242330902103321e-14
1.555895586706043575e-13
2.779217518644111721e-13
4.821664708609724312e-13
8.060975255920407439e-13
1.282954647628001391e-12
1.917526595211648400e-12
2.664320736409395605e-12
3.425767774374774020e-12
4.075587779439809878e-12
4.495880332128979177e-12
4.611956989868957980e-12
4.413095778443336635e-12
3.952401906939106166e-12
3.326045093483510260e-12
2.641476585031654498e-12
1.988899442641236302e-12
1.425990078846787998e-12
9.769987278395117685e-13
6.409396620350237238e-13
4.023728661462719345e-13
2.404796074603536299e-13
1.349080390407048780e-13
6.867203813985222571e-14
2.907811549871340818e-14
7.678840827904132853e-15
6.580368862637601089e-17
6.749817180426315926e-17
7.878959820423070612e-15
2.989326265159314290e-14
7.081979202945737355e-14
1.397454233398142246e-13
2.505557115818218900e-13
4.223125203463372464e-13
6.787404694074885910e-13
1.045680879098634844e-12
1.545202543961589179e-12
2.185533512001523804e-12
2.947764217220350555e-12
3.773590931219127959e-12
4.561875524551644063e-12
5.182053818409056286e-12
5.506099803968141727e-12
5.449513203863277278e-12
5.003912864398332116e-12
4.246347670148870704e-12
3.320101243749279519e-12
2.391149844487219546e-12
1.594664676502327877e-12
9.969964636915911039e-13
5.943671057026574225e-13
3.429346376878058298e-13
1.930123420844613024e-13
1.069143867874754648e-13
6.046356320006032353e-14
3.855290779915888884e-14
3.226713517007475960e-14
3.855290779916078210e-14
6.046356320006258283e-14
1.069143867874791630e-13
1.930123420844644579e-13
3.429346376878143117e-13
5.943671057026651975e-13
9.969964636915846415e-13
1.594664676502295970e-12
2.391149844487192081e-12
3.320101243749302541e-12
4.246347670148905439e-12
5.003912864398294150e-12
5.449513203863263545e-12
5.506099803968179693e-12
5.182053818409194419e-12
4.561875524551643255e-12
3.773590931219119073e-12
2.947764217220382059e-12
2.185533512001450698e-12
1.545202543961519507e-12
1.045680879098657260e-12
6.787404694075286778e-13
4.223125203463328036e-13
2.505557115817912948e-13
1.397454233398118769e-13
7.081979202945486181e-14
2.989326265159230987e-14
7.878959820422217065e-15
6.749817180388209014e-17
6.866968533463441104e-17
8.018154324145714472e-15
3.048028426108603661e-14
7.244019120506520213e-14
1.435842067476995747e-13
2.589583440945476270e-13
4.397295572765671695e-13
7.131946005735452901e-13
1.110779586233693316e-12
1.662380962781456868e-12
2.385562489077926997e-12
3.269720070431155501e-12
4.259046387445713896e-12
5.243082985726696845e-12
6.066034656014389856e-12
6.560718475784315720e-12
6.599716231801620537e-12
6.143799282887233500e-12
5.266145359417298877e-12
4.138988826750136507e-12
2.980534308985336728e-12
1.978290830878201621e-12
1.228459335221113191e-12
7.288872962119546511e-13
4.208703993102992707e-13
2.383845307822803359e-13
1.331478530921646211e-13
7.573532718027375336e-14
4.836329920204444440e-14
4.046630683068934532e-14
4.836329920204316960e-14
7.573532718027467475e-14
1.331478530921659337e-13
2.383845307822846273e-13
4.208703993103067933e-13
7.288872962119475829e-13
1.228459335221091582e-12
1.978290830878192331e-12
2.980534308985342787e-12
4.138988826750184167e-12
5.266145359417297262e-12
6.143799282887155952e-12
6.599716231801673851e-12
6.560718475784306834e-12
6.066034656014555453e-12
5.243082985726827708e-12
4.259046387445737322e-12
3.269720070431142980e-12
2.385562489077824408e-12
1.662380962781426778e-12
1.110779586233711895e-12
7.131946005735967870e-13
4.397295572765698453e-13
2.589583440945152648e-13
1.435842067476960658e-13
7.244019120506483610e-14
3.048028426108536135e-14
8.018154324144203014e-15
6.866968533426511321e-17
6.928843251696424326e-17
8.092879122847080293e-15
3.082412148397809712e-14
7.349139235252665325e-14
1.463251083244642870e-13
2.654718744192015757e-13
4.541867446304166772e-13
7.434736993345718470e-13
1.170843513098769404e-12
1.775224262469098685e-12
2.585820349422204025e-12
3.603917051397227779e-12
4.780491801086014422e-12
5.998894017019307327e-12
7.077058431114891922e-12
7.800776456150773447e-12
7.985142349300741763e-12
7.543434235435815534e-12
6.534410009409149804e-12
5.162098833265559978e-12
3.713332931491990483e-12
2.448588362594450085e-12
1.506768610843158503e-12
8.881444057418533260e-13
5.129939363815992742e-13
2.927353349788695700e-13
1.651563281076072966e-13
9.461226580472977270e-14
6.053933245244409807e-14
5.064144885424002200e-14
6.053933245243978143e-14
9.461226580472746292e-14
1.651563281076016673e-13
2.927353349788651271e-13
5.129939363815947304e-13
8.881444057418346458e-13
1.506768610843120940e-12
2.448588362594458971e-12
3.713332931492023603e-12
5.162098833265678723e-12
6.534410009409078718e-12
7.543434235435820381e-12
7.985142349300835467e-12
7.800776456150742751e-12
7.077058431114933120e-12
5.998894017019481811e-12
4.780491801085979687e-12
3.603917051397133267e-12
2.585820349422131323e-12
1.775224262469153615e-12
1.170843513098821304e-12
7.434736993346316237e-13
4.541867446303899695e-13
2.654718744191953153e-13
1.463251083244450514e-13
7.349139235253242140e-14
3.082412148397605870e-14
8.092879122846537556e-15
6.928843251667521202e-17
6.933315486923351893e-17
8.100581171056295171e-15
3.091336420131206926e-14
7.393965668882282579e-14
1.478829623403181602e-13
2.699003632641816993e-13
4.652649363631293087e-13
7.687415584509424270e-13
1.224327611079474343e-12
1.881132814019421825e-12
2.782451136364127915e-12
3.945648917149694540e-12
5.334117097134967291e-12
6.830148975442273588e-12
8.226199261649459416e-12
9.253150034927035347e-12
9.650638182531039553e-12
9.261298906092680287e-12
8.112460947492413778e-12
6.440977173676562992e-12
4.623606315310097954e-12
3.022661600480099264e-12
1.838138856912364903e-12
1.073768803264264816e-12
6.199464290755989052e-13
3.568191118409353458e-13
2.037461373613933090e-13
1.177333175167949934e-13
7.553178304107422847e-14
6.317114864211184261e-14
7.553178304107015164e-14
1.177333175167908787e-13
2.037461373613854835e-13
3.568191118409215628e-13
6.199464290755786094e-13
1.073768803264246237e-12
1.838138856912336226e-12
3.022661600480101283e-12
4.623606315310107648e-12
6.440977173676658312e-12
8.112460947492425087e-12
9.261298906092765913e-12
9.650638182531199496e-12
9.253150034926998188e-12
8.226199261649370558e-12
6.830148975442295398e-12
5.334117097134866317e-12
3.945648917149457856e-12
2.782451136364160227e-12
1.881132814019547840e-12
1.224327611079547246e-12
7.687415584509915005e-13
4.652649363630658969e-13
2.699003632641913423e-13
1.478829623403020296e-13
7.393965668882643562e-14
3.091336420130978472e-14
8.100581171055998560e-15
6.933315486915309209e-17
6.879198037582933982e-17
8.039801106309789942e-15
3.074069589760897630e-14
7.376063078069767756e-14
1.481898438468634438e-13
2.720744251306977181e-13
4.725767261037102816e-13
7.881781800569696206e-13
1.269628197517786365e-12
1.977241764354848694e-12
2.970893924015014814e-12
4.288762765807873432e-12
5.913747497757138230e-12
7.734770315318293959e-12
9.522422573374414000e-12
1.094573818026462930e-11
1.164741939499818880e-11
1.136787744197008722e-11
1.007651089742058222e-11
8.040353715425379861e-12
5.753443397205059414e-12
3.720280975973890600e-12
2.228297088703032057e-12
1.286042354863841171e-12
7.413060100931634356e-13
4.308416416373728392e-13
2.495331715321370807e-13
1.456970716611181508e-13
9.378603592738273240e-14
7.843185529255795296e-14
9.378603592738263142e-14
1.456970716611139856e-13
2.495331715321318300e-13
4.308416416373582484e-13
7.413060100931413222e-13
1.286042354863821380e-12
2.228297088703013882e-12
3.720280975973897870e-12
5.753443397205069915e-12
8.040353715425295850e-12
1.007651089742073085e-11
1.136787744197019223e-11
1.164741939499842306e-11
1.094573818026463738e-11
9.522422573374365532e-12
7.734770315318080702e-12
5.913747497756986365e-12
4.288762765807596359e-12
2.970893924015088323e-12
1.977241764354995308e-12
1.269628197517856037e-12
7.881781800569671972e-13
4.725767261036694880e-13
2.720744251306873683e-13
1.481898438468684420e-13
7.376063078069149289e-14
3.074069589760690633e-14
8.039801106308882752e-15
6.879198037595231584e-17
6.766313427066230009e-17
7.910258938307682209e-15
3.030328441095136746e-14
7.294052839896025203e-14
1.471981068775643069e-13
2.718582716805424565e-13
4.757813337080023083e-13
8.010080600494637322e-13
1.305129136405951475e-12
2.060477979220001000e-12
3.145906492214094095e-12
4.625529797057400964e-12
6.510348729776890179e-12
8.706686681982867315e-12
1.097097524807588687e-11
1.290593143905808813e-11
1.403272051736223418e-11
1.394733861801729209e-11
1.252105502833383667e-11
1.004170897656116471e-11
7.155168354539919755e-12
4.564392424283131564e-12
2.682035472183403125e-12
1.523279366425492613e-12
8.750971016501722290e-13
5.141279753069349929e-13
3.027447937725082802e-13
1.789520487225368071e-13
1.156748832640803756e-13
9.674240494118543613e-14
1.156748832640835311e-13
1.789520487225331973e-13
3.027447937725039383e-13
5.141279753069198468e-13
8.750971016501597082e-13
1.523279366425472418e-12
2.682035472183382122e-12
4.564392424283118639e-12
7.155168354539916523e-12
1.004170897656104839e-11
1.252105502833400308e-11
1.394733861801742618e-11
1.403272051736238605e-11
1.290593143905819152e-11
1.097097524807586102e-11
8.706686681982431106e-12
6.510348729776697924e-12
4.625529797057340380e-12
3.145906492214107020e-12
2.060477979220098339e-12
1.305129136405995903e-12
8.010080600494051672e-13
4.757813337080096795e-13
2.718582716805139313e-13
1.471981068775731421e-13
7.294052839895301975e-14
3.030328441094797221e-14
7.910258938307380864e-15
6.766313427077829963e-17
6.595548064340573085e-17
7.712920112386498976e-15
2.960310172499716074e-14
7.147716460950752952e-14
1.448832170126344768e-13
2.691566868275152810e-13
4.746002873635322450e-13
8.065321729913011778e-13
1.329259278418894707e-12
2.127643985074344441e-12
3.301640002091834004e-12
4.946582700085179868e-12
7.111552906069894131e-12
9.734585767892602460e-12
1.257123906151313064e-11
1.515818195153443766e-11
1.686856043896389846e-11
1.709894264604693269e-11
1.556286420426689304e-11
1.254792403973419103e-11
8.894419795962095086e-12
5.581997578612246499e-12
3.202869727853033483e-12
1.781318589553429341e-12
1.017420978144689948e-12
6.048497152491772035e-13
3.630239891996467199e-13
2.176687634798342985e-13
1.414122988687445734e-13
1.182909345933457207e-13
1.414122988687462647e-13
2.176687634798328344e-13
3.630239891996421255e-13
6.048497152491641778e-13
1.017420978144678841e-12
1.781318589553411570e-12
3.202869727853000768e-12
5.581997578612212571e-12
8.894419795961981995e-12
1.254792403973412317e-11
1.556286420426699644e-11
1.709894264604710717e-11
1.686856043896403094e-11
1.515818195153460245e-11
1.257123906151297393e-11
9.734585767892028927e-12
7.111552906069727725e-12
4.946582700085333349e-12
3.301640002091844101e-12
2.127643985074385234e-12
1.329259278418907833e-12
8.065321729912442284e-13
4.746002873635318411e-13
2.691566868274929657e-13
1.448832170126379352e-13
7.147716460950607802e-14
2.960310172499192901e-14
7.712920112386928116e-15
6.595548064347513828e-17
6.368886503613296051e-17
7.450038349510037077e-15
2.864715636208429409e-14
6.938079223756403485e-14
1.412462504310313621e-13
2.639216432897960063e-13
4.688333293355384724e-13
8.041627727352354881e-13
1.340560535840716689e-12
2.175531143885643660e-12
3.431776867949992103e-12
5.240954077583399889e-12
7.701267366752411990e-12
1.080054933404458555e-11
1.431397929417631241e-11
1.772035645896390609e-11
2.021909538234996938e-11
2.093773668635413363e-11
1.934555647656916263e-11
1.568937684982823738e-11
1.105453115117446885e-11
6.805684939278488561e-12
3.793038907440425322e-12
2.053474145374859294e-12
1.162614369404914927e-12
7.001436531535925318e-13
4.294422127362308485e-13
2.617027866413238992e-13
1.710082849650912463e-13
1.430906844291786039e-13
1.710082849650866773e-13
2.617027866413218292e-13
4.294422127362225181e-13
7.001436531535850597e-13
1.162614369404889684e-12
2.053474145374827386e-12
3.793038907440392203e-12
6.805684939278549953e-12
1.105453115117431214e-11
1.568937684982793042e-11
1.934555647656912709e-11
2.093773668635449229e-11
2.021909538234999846e-11
1.772035645896415166e-11
1.431397929417597798e-11
1.080054933404404756e-11
7.701267366752340904e-12
5.240954077583641419e-12
3.431776867950125793e-12
2.175531143885646487e-12
1.340560535840717093e-12
8.041627727351986326e-13
4.688333293354991934e-13
2.639216432897931791e-13
1.412462504310371934e-13
6.938079223756048813e-14
2.864715636207935897e-14
7.450038349510414152e-15
6.368886503631427526e-17
6.089423141955014981e-17
7.125172031331499588e-15
2.744762304346522411e-14
6.667469185153276383e-14
1.363159267769533037e-13
2.561582379059135748e-13
4.583738466472606721e-13
7.934597350820565411e-13
1.337764998233689497e-12
2.201062474726580183e-12
3.529742366677590879e-12
5.496254569089640989e-12
8.259452933312816980e-12
1.187867962417983893e-11
1.617797658152958456e-11
2.059850831651964367e-11
2.414580182866114765e-11
2.559379662668806149e-11
2.404458842293488235e-11
1.963198511087310481e-11
1.374287628470454714e-11
8.276252422786500412e-12
4.454236111219135448e-12
2.331599549356834786e-12
1.304788297250686273e-12
7.974099025423584694e-13
5.012861089214745541e-13
3.109880382952368185e-13
2.044668115198807794e-13
1.711247879855112411e-13
2.044668115198740142e-13
3.109880382952305581e-13
5.012861089214622352e-13
7.974099025423473623e-13
1.304788297250654971e-12
2.331599549356799647e-12
4.454236111219135448e-12
8.276252422786537570e-12
1.374287628470454875e-11
1.963198511087272676e-11
2.404458842293460447e-11
2.559379662668850093e-11
2.414580182866110564e-11
2.059850831651993125e-11
1.617797658152902557e-11
1.187867962417964829e-11
8.259452933312710351e-12
5.496254569089930179e-12
3.529742366677819081e-12
2.201062474726530907e-12
1.337764998233686266e-12
7.934597350820345287e-13
4.583738466472185658e-13
2.561582379059238742e-13
1.363159267769621137e-13
6.667469185152087411e-14
2.744762304346318885e-14
7.125172031331657360e-15
6.089423141989843190e-17
5.761349152640178744e-17
6.743171429985729522e-15
2.602185615006453304e-14
6.339546975112170016e-14
1.301500442869060081e-13
2.459296031458283173e-13
4.432230202101747495e-13
7.741667796025106565e-13
1.319878377402192576e-12
2.201463014439920203e-12
3.588996805034499014e-12
5.699029947916246586e-12
8.762182170042352143e-12
1.293390300001013313e-11
1.812614191384609109e-11
2.377970596316496148e-11
2.869943686813947442e-11
3.120877556838882004e-11
2.987224145417915150e-11
2.458791362938016293e-11
1.710028095530149754e-11
1.004716952800389066e-11
5.189732868813479428e-12
2.609466685971052658e-12
1.442433493081129500e-12
8.985055840996583635e-13
5.809875807002369519e-13
3.672532995242230811e-13
2.427816076086398342e-13
2.031241810084816003e-13
2.427816076086411469e-13
3.672532995242209101e-13
5.809875807002306915e-13
8.985055840996529109e-13
1.442433493081126471e-12
2.609466685971049830e-12
5.189732868813454387e-12
1.004716952800372426e-11
1.710028095530157186e-11
2.458791362938012416e-11
2.987224145417875730e-11
3.120877556838894929e-11
2.869943686813965536e-11
2.377970596316502287e-11
1.812614191384556763e-11
1.293390300001032862e-11
8.762182170042080724e-12
5.699029947916536583e-12
3.588996805034713483e-12
2.201463014439879410e-12
1.319878377402173794e-12
7.741667796025092429e-13
4.432230202101587451e-13
2.459296031458364962e-13
1.301500442869079266e-13
6.339546975110495107e-14
2.602185615006438473e-14
6.743171429985341403e-15
5.761349152683338063e-17
5.389913042623932807e-17
6.310134773637782933e-15
2.439227615231132728e-14
5.959302426686307389e-14
1.228361935578057495e-13
2.333604486548542102e-13
4.235018098007027137e-13
7.462455534536034898e-13
1.286265878427168588e-12
2.174452440140032634e-12
3.603408886152372588e-12
5.835331222987640657e-12
9.182106782669206357e-12
1.392123144132560135e-11
2.010140747944969151e-11
2.722266669045482896e-11
3.390738208797548229e-11
3.792770898077800357e-11
3.708162325675303904e-11
3.083001013823466714e-11
2.131548941574364554e-11
1.219233549209168761e-11
6.009166664068193504e-12
2.890740100291423966e-12
1.589361657961585677e-12
1.020381735110155994e-12
6.822859412584002185e-13
4.392100139208339217e-13
2.911028111860046133e-13
2.430835930819803320e-13
2.911028111860105203e-13
4.392100139208402326e-13
6.822859412584028438e-13
1.020381735110173967e-12
1.589361657961597390e-12
2.890740100291434063e-12
6.009166664068092530e-12
1.219233549209146142e-11
2.131548941574351952e-11
3.083001013823453143e-11
3.708162325675289687e-11
3.792770898077758351e-11
3.390738208797566324e-11
2.722266669045455431e-11
2.010140747944979814e-11
1.392123144132568536e-11
9.182106782669041568e-12
5.835331222987806255e-12
3.603408886152625023e-12
2.174452440140060099e-12
1.286265878427134458e-12
7.462455534535957148e-13
4.235018098007163957e-13
2.333604486548510295e-13
1.228361935577968638e-13
5.959302426684987152e-14
2.439227615230950343e-14
6.310134773637226786e-15
5.389913042659079026e-17
4.981353932871737645e-17
5.833331977256392364e-15
2.258612154936440609e-14
5.533014901502336464e-14
1.144916416932231966e-13
2.186389025486268078e-13
3.994598605776410591e-13
7.099052819531198316e-13
1.236735433779790163e-12
2.118451032999962094e-12
3.567702142984422997e-12
5.891518446297675526e-12
9.489467894087775800e-12
1.478586384051412212e-11
2.202298212127181009e-11
3.084627311487111057e-11
3.975468024699291790e-11
4.588272098147867764e-11
4.596748881686309316e-11
3.871148594842972156e-11
2.664853415711151903e-11
1.482035614772443004e-11
6.938835656812524482e-12
3.206242344345331558e-12
1.798398984654799709e-12
1.219258152905576248e-12
8.502374891654274756e-13
5.560642211040741002e-13
3.672435936932684183e-13
3.050734942685284249e-13
3.672435936932723058e-13
5.560642211040828850e-13
8.502374891654375730e-13
1.219258152905593413e-12
1.798398984654786582e-12
3.206242344345278244e-12
6.938835656812394427e-12
1.482035614772424587e-11
2.664853415711128316e-11
3.871148594842929505e-11
4.596748881686325472e-11
4.588272098147810249e-11
3.975468024699244615e-11
3.084627311487094255e-11
2.202298212127241755e-11
1.478586384051389270e-11
9.489467894087924434e-12
5.891518446297596362e-12
3.567702142984741672e-12
2.118451033000027122e-12
1.236735433779755832e-12
7.099052819530857023e-13
3.994598605776599917e-13
2.186389025486186542e-13
1.144916416932067631e-13
5.533014901502037328e-14
2.258612154935979599e-14
5.833331977256356865e-15
4.981353932887741044e-17
4.542807471802791953e-17
5.321095831668150895e-15
2.063506289174512594e-14
5.068175249305798771e-14
1.052623015386872817e-13
2.020163598721883326e-13
3.714804410464378696e-13
6.656255332954558006e-13
1.171612245471469459e-12
2.032786259256773985e-12
3.477955219032498054e-12
5.855295813567584327e-12
9.653763210936083473e-12
1.546459109167292936e-11
2.378396120699250653e-11
3.451675369142299415e-11
4.615708241583514622e-11
5.516328740307737464e-11
5.685895548000217776e-11
4.869247418017266370e-11
3.347057254295427374e-11
1.810297380672424988e-11
8.044692125897867942e-12
3.651379936868862507e-12
2.211115272950465427e-12
1.642263757692114131e-12
1.206601125793204584e-12
7.997180629393127169e-13
5.224169067786850778e-13
4.299221330690242571e-13
5.224169067786964878e-13
7.997180629393263484e-13
1.206601125793229222e-12
1.642263757692110092e-12
2.211115272950419787e-12
3.651379936868733260e-12
8.044692125897716076e-12
1.810297380672411740e-11
3.347057254295433190e-11
4.869247418017290281e-11
5.685895548000228762e-11
5.516328740307696751e-11
4.615708241583409286e-11
3.451675369142327203e-11
2.378396120699294274e-11
1.546459109167282919e-11
9.653763210936251494e-12
5.855295813567437309e-12
3.477955219032668095e-12
2.032786259256877787e-12
1.171612245471483191e-12
6.656255332954131895e-13
3.714804410464240361e-13
2.020163598721846975e-13
1.052623015386652189e-13
5.068175249305931931e-14
2.063506289174003937e-14
5.321095831667868483e-15
4.542807471801951323e-17
4.082185181218416726e-17
4.782681504324098819e-15
1.857468002955683837e-14
4.573368630077088761e-14
9.532073097797471844e-14
1.838051062799709625e-13
3.400806113054881886e-13
6.141696507565150304e-13
1.091797911850482939e-12
1.917883729907478026e-12
3.332124225398870852e-12
5.716942349766566861e-12
9.646130488546013196e-12
1.588898986034524707e-11
2.525173682278261654e-11
3.803556506435422918e-11
5.292532807217563413e-11
6.576512560550778209e-11
7.009323256844842226e-11
6.137291602645563381e-11
4.233417903728323981e-11
2.233577467863398066e-11
9.487312431575940141e-12
4.472269531396706437e-12
3.164179223072289015e-12
2.633965805100392358e-12
2.046877666270710620e-12
1.376380923386837627e-12
8.881946271882072740e-13
7.231265118477935079e-13
8.881946271882260552e-13
1.376380923386858831e-12
2.046877666270749394e-12
2.633965805100392358e-12
3.164179223072201774e-12
4.472269531396586884e-12
9.487312431575894905e-12
2.233577467863396773e-11
4.233417903728345953e-11
6.137291602645714600e-11
7.009323256844838349e-11
6.576512560550747190e-11
5.292532807217517530e-11
3.803556506435463631e-11
2.525173682278276517e-11
1.588898986034552818e-11
9.646130488545914645e-12
5.716942349766574131e-12
3.332124225398781590e-12
1.917883729907638777e-12
1.091797911850543120e-12
6.141696507564638365e-13
3.400806113054581993e-13
1.838051062799690440e-13
9.532073097795211284e-14
4.573368630076776373e-14
1.857468002955403003e-14
4.782681504322830331e-15
4.082185181204166077e-17
3.608028967024259156e-17
4.228096323920318506e-15
1.644380867520094211e-14
4.058118888245979732e-14
8.486314406188869348e-14
1.643735678272152271e-13
3.059059794411205970e-13
5.565866087614335460e-13
9.988072332419784245e-13
1.775423628839033267e-12
3.130542879653094258e-12
5.470660769932514741e-12
9.442409844663024493e-12
1.599079556648069799e-11
2.627302715096304619e-11
4.113189814665255819e-11
5.972274842578495002e-11
7.750778542816431749e-11
8.594775248047536071e-11
7.752058983328612797e-11
5.409521814226963522e-11
2.807162935136269770e-11
1.166073038072770305e-11
6.284084411350047838e-12
5.434456185572061782e-12
4.954205316822834038e-12
4.036535324661132024e-12
2.764905401161703226e-12
1.775276448033920784e-12
1.434928039469022572e-12
1.775276448033934719e-12
2.764905401161720593e-12
4.036535324661158681e-12
4.954205316822816266e-12
5.434456185571925265e-12
6.284084411349957365e-12
1.166073038072792115e-11
2.807162935136290773e-11
5.409521814226944781e-11
7.752058983328773064e-11
8.594775248047503759e-11
7.750778542816396852e-11
5.972274842578516974e-11
4.113189814665242894e-11
2.627302715096324652e-11
1.599079556648101465e-11
9.442409844662683604e-12
5.470660769932532512e-12
3.130542879652971474e-12
1.775423628839167158e-12
9.988072332420079089e-13
5.565866087613657923e-13
3.059059794411105500e-13
1.643735678272112639e-13
8.486314406187244926e-14
4.058118888245420587e-14
1.644380867520045302e-14
4.228096323919155725e-15
3.608028966993959501e-17
3.129343460559371557e-17
3.667902946175746460e-15
1.428376752725748585e-14
3.532696735096016157e-14
7.410545785297737697e-14
1.441391401612686479e-13
2.697196327402503132e-13
4.941994709037375429e-13
8.947762318453225488e-13
1.608442490245328021e-12
2.876345664433122987e-12
5.115921769584964397e-12
9.026708578619324732e-12
1.570958297037683171e-11
2.668539004048662494e-11
4.346596628190598704e-11
6.602448762042564937e-11
8.991351584045993372e-11
1.044894317460183815e-10
9.804955741939320726e-11
7.009992539993046304e-11
3.640337597657574638e-11
1.554715047496178280e-11
1.068373199256860907e-11
1.087918396397197029e-11
1.023555607796453233e-11
8.581965445842872800e-12
5.995252457051568235e-12
3.861402907528093755e-12
3.113869724413184605e-12
3.861402907528102641e-12
5.995252457051569043e-12
8.581965445842842104e-12
1.023555607796444509e-11
1.087918396397176995e-11
1.068373199256820841e-11
1.554715047496176664e-11
3.640337597657601133e-11
7.009992539993026917e-11
9.804955741939296169e-11
1.044894317460175543e-10
8.991351584045942966e-11
6.602448762042522285e-11
4.346596628190513401e-11
2.668539004048702560e-11
1.570958297037674770e-11
9.026708578618970918e-12
5.115921769584875539e-12
2.876345664433118140e-12
1.608442490245322770e-12
8.947762318453038685e-13
4.941994709036850363e-13
2.697196327402444062e-13
1.441391401612654420e-13
7.410545785297347684e-14
3.532696735095475314e-14
1.428376752725745429e-14
3.667902946175658108e-15
3.129343460513936867e-17
2.655409768617108119e-17
3.113000096571766977e-15
1.213748227051685195e-14
3.007895617027230203e-14
6.327844390276514256e-14
1.235586691635034629e-13
2.323851194997016901e-13
4.285792759396139791e-13
7.824360696496434302e-13
1.421361051875436062e-12
2.575753224778596354e-12
4.658639774423933226e-12
8.395124555765532555e-12
1.500242326911949919e-11
2.633649721608959704e-11
4.465089570700322030e-11
7.109679468202000791e-11
1.020552223500348813e-10
1.252827469518428067e-10
1.238262958320032443e-10
9.237537633846550601e-11
4.948233808035629806e-11
2.356452253576795255e-11
2.205663196621363687e-11
2.430890821415108708e-11
2.200204007471286237e-11
1.845631195226014709e-11
1.308117563638715179e-11
8.487288090591417887e-12
6.853580142666770482e-12
8.487288090591387190e-12
1.308117563638708555e-11
1.845631195226004692e-11
2.200204007471277513e-11
2.430890821415080597e-11
2.205663196621274506e-11
2.356452253576729340e-11
4.948233808035593617e-11
9.237537633846579035e-11
1.238262958320020810e-10
1.252827469518418761e-10
1.020552223500343255e-10
7.109679468201897393e-11
4.465089570700220571e-11
2.633649721608978768e-11
1.500242326911911791e-11
8.395124555765366150e-12
4.658639774423841138e-12
2.575753224778646841e-12
1.421361051875354879e-12
7.824360696496038483e-13
4.285792759396117072e-13
2.323851194996799301e-13
1.235586691635036144e-13
6.327844390276750283e-14
3.007895617026835142e-14
1.213748227051635812e-14
3.113000096572470641e-15
2.655409768570548685e-17
2.195585047392795825e-17
2.574386102595099865e-15
1.004852753158927750e-14
2.494780731204277020e-14
5.262209925113746152e-14
1.031167830427147972e-13
1.948436955351984056e-13
3.615040232513145634e-13
6.650494468619137062e-13
1.219922174297444930e-12
2.238160206296027012e-12
4.111988743616599771e-12
7.559117964282637471e-12
1.385455365941902592e-11
2.511095858456086639e-11
4.430049458401672448e-11
7.402646386639694380e-11
1.124197812230271841e-10
1.469175389812232096e-10
1.550594853401372483e-10
1.235077310685594020e-10
7.115612457142557097e-11
4.117147670152785539e-11
5.199871405689165587e-11
5.838522086656054722e-11
4.789285472222376350e-11
3.855170653611965401e-11
2.738472846159791643e-11
1.791450522296515653e-11
1.452752021039426150e-11
1.791450522296503698e-11
2.738472846159772579e-11
3.855170653611946660e-11
4.789285472222367949e-11
5.838522086656036627e-11
5.199871405689145554e-11
4.117147670152736425e-11
7.115612457142456284e-11
1.235077310685593503e-10
1.550594853401366796e-10
1.469175389812227701e-10
1.124197812230262147e-10
7.402646386639631049e-11
4.430049458401620749e-11
2.511095858456062728e-11
1.385455365941859456e-11
7.559117964282555076e-12
4.111988743616535148e-12
2.238160206296166761e-12
1.219922174297411205e-12
6.650494468618751340e-13
3.615040232513335466e-13
1.948436955351952249e-13
1.031167830427087766e-13
5.262209925113491192e-14
2.494780731204204129e-14
1.004852753158866061e-14
2.574386102596030721e-15
2.195585047366400108e-17
1.759093004349681822e-17
2.062911275396367102e-15
8.060112231287934869e-15
2.004418071834771871e-14
4.237939686029294793e-14
8.331240391150871062e-14
1.580864188608636980e-13
2.949034223698830580e-13
5.463086468993969288e-13
1.011028649564988839e-12
1.875975533066417433e-12
3.496663932121174478e-12
6.547898753039091947e-12
1.228940153762539157e-11
2.296204503643408958e-11
4.210559414172800818e-11
7.383576668679794160e-11
1.188944337779183971e-10
1.664435656697104257e-10
1.899843072455635165e-10
1.653897216168545331e-10
1.067953172034356625e-10
7.831535122140882911e-11
1.217822240325347288e-10
1.370534257733539416e-10
1.015878174267305177e-10
7.532344586580589814e-11
5.285259392119320588e-11
3.483979213970937937e-11
2.844577331005117720e-11
3.483979213970909502e-11
5.285259392119284399e-11
7.532344586580552333e-11
1.015878174267302592e-10
1.370534257733537348e-10
1.217822240325355043e-10
7.831535122140872571e-11
1.067953172034354945e-10
1.653897216168538869e-10
1.899843072455613193e-10
1.664435656697096243e-10
1.188944337779170787e-10
7.383576668679746338e-11
4.210559414172756227e-11
2.296204503643345627e-11
1.228940153762500868e-11
6.547898753038932812e-12
3.496663932121188614e-12
1.875975533066593532e-12
1.011028649565039124e-12
5.463086468993993522e-13
2.949034223698922467e-13
1.580864188608907338e-13
8.331240391149211298e-14
4.237939686028901625e-14
2.004418071834789541e-14
8.060112231287783408e-15
2.062911275396791509e-15
1.759093004354603267e-17
1.354811025687553405e-17
1.589025914358918433e-15
6.214037120640155913e-15
1.547591664875749580e-14
3.278961428512732290e-14
6.464389139078229550e-14
1.231220394941898048e-13
2.307911637913898221e-13
4.301974445920928990e-13
8.024790044066852184e-13
1.504184246281957834e-12
2.840426855222584980e-12
5.409167227069880216e-12
1.037574984671951600e-11
1.994265395276428242e-11
3.793199250444797799e-11
6.970538813327245583e-11
1.190348537372518934e-10
1.790835228392962181e-10
2.229516285312758245e-10
2.156886835215255141e-10
1.597980441219340109e-10
1.461556864364826785e-10
2.450710841886089595e-10
2.731965255233846528e-10
1.915077148439007551e-10
1.304732242260370443e-10
9.004447711832049595e-11
5.976909177786331876e-11
4.918513711618828095e-11
5.976909177786300856e-11
9.004447711832008236e-11
1.304732242260366307e-10
1.915077148438998245e-10
2.731965255233831018e-10
2.450710841886071500e-10
1.461556864364815153e-10
1.597980441219355360e-10
2.156886835215245835e-10
2.229516285312700084e-10
1.790835228392939692e-10
1.190348537372503942e-10
6.970538813327109874e-11
3.793199250444683416e-11
1.994265395276327752e-11
1.037574984671942876e-11
5.409167227069832556e-12
2.840426855222614060e-12
1.504184246282035988e-12
8.024790044067728640e-13
4.301974445921368733e-13
2.307911637914014846e-13
1.231220394942051782e-13
6.464389139076969897e-14
3.278961428512719669e-14
1.547591664875717079e-14
6.214037120640665517e-15
1.589025914358793201e-15
1.354811025714557099e-17
9.910599806050077233e-18
1.162531158361973883e-15
4.549655817588706049e-15
1.134518077022518049e-14
2.408147223811456249e-14
4.759337598583191321e-14
9.094197458985862474e-14
1.711875344898711644e-13
3.208224284901520034e-13
6.026092927383774881e-13
1.139628076248174106e-12
2.176838620407037094e-12
4.207654356481199848e-12
8.229652430692467107e-12
1.622726156169711838e-11
3.191952481439120593e-11
6.128789574881610196e-11
1.107418553896445277e-10
1.789025285333210644e-10
2.432799298966864959e-10
2.624818659787280545e-10
2.220440000964712817e-10
2.395150436300736364e-10
3.918794087012180811e-10
4.228907040970135183e-10
2.913428244581508626e-10
1.890872535467984646e-10
1.297610310513223244e-10
8.669721177308423568e-11
7.179600577057187512e-11
8.669721177308484314e-11
1.297610310513232808e-10
1.890872535467986456e-10
2.913428244581491048e-10
4.228907040970090205e-10
3.918794087012122908e-10
2.395150436300706896e-10
2.220440000964724966e-10
2.624818659787271756e-10
2.432799298966798268e-10
1.789025285333178590e-10
1.107418553896415551e-10
6.128789574881415033e-11
3.191952481438963558e-11
1.622726156169647861e-11
8.229652430692615741e-12
4.207654356481427646e-12
2.176838620406973682e-12
1.139628076248166230e-12
6.026092927384404960e-13
3.208224284901972398e-13
1.711875344898887844e-13
9.094197458985868785e-14
4.759337598583056268e-14
2.408147223811496638e-14
1.134518077022619023e-14
4.549655817589275606e-15
1.162531158362014706e-15
9.910599806373104989e-18
6.754028903083085381e-18
7.923400910175586398e-16
3.102872045031710528e-15
7.745678449309803856e-15
1.646633773768661301e-14
3.261092029523179745e-14
6.248394362384115540e-14
1.180361584148031754e-13
2.222225151650386568e-13
4.198594594808743031e-13
8.000358172380613651e-13
1.543188409865703493e-12
3.021172334975772610e-12
6.009139584109007959e-12
1.211571121299334354e-11
2.454930969239090202e-11
4.903103614168807204e-11
9.329370182557206208e-11
1.610069546551557713e-10
2.376187146687057029e-10
2.827703456402886481e-10
2.650944108232965976e-10
3.143392409055997106e-10
4.834752991001622416e-10
4.966691539906601149e-10
3.412708170582982949e-10
2.202962729292574897e-10
1.529130523774287577e-10
1.027854606496641288e-10
8.538666142838540752e-11
1.027854606496662485e-10
1.529130523774315753e-10
2.202962729292576707e-10
3.412708170582940556e-10
4.966691539906513261e-10
4.834752991001550037e-10
3.143392409055954713e-10
2.650944108232935474e-10
2.827703456402872523e-10
2.376187146687033764e-10
1.610069546551529278e-10
9.329370182556864996e-11
4.903103614168699283e-11
2.454930969238970326e-11
1.211571121299312382e-11
6.009139584108998266e-12
3.021172334976039585e-12
1.543188409865697435e-12
8.000358172380150179e-13
4.198594594809167123e-13
2.222225151650631936e-13
1.180361584148189779e-13
6.248394362384686044e-14
3.261092029523500338e-14
1.646633773768661301e-14
7.745678449311662412e-15
3.102872045031886444e-15
7.923400910177788306e-16
6.754028903359351558e-18
4.144586265338750544e-18
4.862564728126672691e-16
1.905205576792955071e-15
4.760036920596191587e-15
1.013175586955417954e-14
2.009919774404223067e-14
3.859602811617393910e-14
7.311940145631258548e-14
1.381681453434071367e-13
2.622928671504018031e-13
5.028697544912798408e-13
9.777467200780209778e-13
1.934283856369508735e-12
3.900885865510141335e-12
8.011714741659453382e-12
1.664232779698909142e-11
3.437060575731245985e-11
6.837417162957652435e-11
1.249223476653460710e-10
1.975131124223088786e-10
2.537437371257569661e-10
2.532030053043769891e-10
3.102947815463980917e-10
4.515729276704572488e-10
4.433049696897452025e-10
3.046448999624366481e-10
2.012564056103717117e-10
1.428880588825914390e-10
9.653069007950269321e-11
8.022340611146697898e-11
9.653069007950416662e-11
1.428880588825930934e-10
2.012564056103706519e-10
3.046448999624316333e-10
4.433049696897369307e-10
4.515729276704504246e-10
3.102947815463933354e-10
2.532030053043692860e-10
2.537437371257533472e-10
1.975131124223120840e-10
1.249223476653441581e-10
6.837417162957462442e-11
3.437060575731206565e-11
1.664232779698836118e-11
8.011714741659291823e-12
3.900885865509984623e-12
1.934283856369538623e-12
9.777467200780872168e-13
5.028697544912381384e-13
2.622928671504398199e-13
1.381681453434075154e-13
7.311940145632578785e-14
3.859602811618091894e-14
2.009919774404115150e-14
1.013175586955518455e-14
4.760036920597681745e-15
1.905205576793053284e-15
4.862564728127782026e-16
4.144586265516385996e-18
2.137364353308385222e-18
2.507780629891653586e-16
9.829582548076510797e-16
2.457450615937511501e-15
5.235573002980027231e-15
1.039938566427571796e-14
2.000301476244621658e-14
3.797740019139265085e-14
7.196359511957010217e-14
1.371053052076061671e-13
2.640858946485765796e-13
5.165949342724803375e-13
1.030168509606297440e-12
2.099700860305231465e-12
4.374321208096958573e-12
9.263912426297694153e-12
1.964179695538040077e-11
4.047406549024359981e-11
7.733531534136932657e-11
1.287600320043091672e-10
1.740939579518080313e-10
1.782901260268599963e-10
2.172400428962641032e-10
3.056583530768895723e-10
2.923698084427547171e-10
2.013931325679999696e-10
1.371594416401034047e-10
9.958381992912331523e-11
6.750580355903858702e-11
5.605646865746676569e-11
6.750580355903790202e-11
9.958381992912224248e-11
1.371594416401026810e-10
2.013931325679995043e-10
2.923698084427527008e-10
3.056583530768865221e-10
2.172400428962617509e-10
1.782901260268561706e-10
1.740939579518044641e-10
1.287600320043105114e-10
7.733531534136878373e-11
4.047406549024294711e-11
1.964179695537994517e-11
9.263912426297314490e-12
4.374321208096893949e-12
2.099700860305141800e-12
1.030168509606157692e-12
5.165949342724546901e-13
2.640858946485787001e-13
1.371053052076178296e-13
7.196359511956418256e-14
3.797740019140291866e-14
2.000301476244882613e-14
1.039938566426966582e-14
5.235573002980887878e-15
2.457450615938596185e-15
9.829582548076368802e-16
2.507780629894108422e-16
2.137364353372217859e-18
9.099462105560129794e-19
1.067691619438193729e-16
4.186125054210803481e-16
1.047039186734353593e-15
2.232193861185959073e-15
4.437805920164182631e-15
8.546218477517418184e-15
1.625086761157587920e-14
3.085551773607031437e-14
5.893799146992748434e-14
1.139039693165875623e-13
2.237896183222436509e-13
4.488472348016949089e-13
9.219016624966487574e-13
1.940645767994002557e-12
4.168588502734691876e-12
9.012232965977077084e-12
1.906650055281206139e-11
3.766752969390310674e-11
6.504803303987745278e-11
9.072265692253662960e-11
9.318119829881293630e-11
1.118625832762535999e-10
1.562989732907804172e-10
1.489944667620585702e-10
1.034363948297846607e-10
7.228378529902742202e-11
5.337412922645223234e-11
3.626359548791934756e-11
3.008458171126574718e-11
3.626359548791788061e-11
5.337412922645057151e-11
7.228378529902749957e-11
1.034363948297875946e-10
1.489944667620599919e-10
1.562989732907823818e-10
1.118625832762558100e-10
9.318119829881530152e-11
9.072265692253568610e-11
6.504803303987332980e-11
3.766752969390357849e-11
1.906650055281291765e-11
9.012232965976910679e-12
4.168588502734674912e-12
1.940645767994013058e-12
9.219016624965358683e-13
4.488472348015788390e-13
2.237896183221580500e-13
1.139039693166152797e-13
5.893799146990881674e-14
3.085551773607010611e-14
1.625086761158389087e-14
8.546218477515534384e-15
4.437805920160045845e-15
2.232193861185950396e-15
1.047039186735162176e-15
4.186125054207555346e-16
1.067691619442607529e-16
9.099462105496649217e-19
1.350962200824512130e-19
1.585194039195929970e-17
6.215933958491518819e-17
1.555080723307859719e-16
3.316346856424270431e-16
6.596045957865162829e-16
1.270973051147084284e-15
2.418576398658481490e-15
4.596535466699869397e-15
8.790798389162180292e-15
1.701632698365065727e-14
3.350221729665067724e-14
6.737973818081447576e-14
1.389042643930304035e-13
2.938628512151811811e-13
6.355634070003378534e-13
1.387081423892731506e-12
2.972436498658751076e-12
5.967984444854045115e-12
1.048189753011610218e-11
1.480249903894011037e-11
1.514089912224242878e-11
1.804842257270683221e-11
2.534815638520271511e-11
2.425123277500244462e-11
1.692966529763410897e-11
1.197519703821782678e-11
8.912694857507036891e-12
6.061828710281886808e-12
5.026094536159643318e-12
6.061828710281553997e-12
8.912694857506699233e-12
1.197519703821789787e-11
1.692966529763491676e-11
2.425123277500286145e-11
2.534815638520356167e-11
1.804842257270771755e-11
1.514089912224333027e-11
1.480249903894015238e-11
1.048189753011466269e-11
5.967984444854213944e-12
2.972436498659127104e-12
1.387081423892746450e-12
6.355634070003675398e-13
2.938628512151875425e-13
1.389042643929930178e-13
6.737973818079407897e-14
3.350221729663044454e-14
1.701632698365779488e-14
8.790798389155687967e-15
4.596535466700274872e-15
2.418576398660250116e-15
1.270973051146196816e-15
6.596045957859890280e-16
3.316346856423583136e-16
1.555080723309588310e-16
6.215933958481022038e-17
1.585194039207345650e-17
1.350962200769850145e-19
