5.208077965280712988e-20
5.787950705622622945e-18
2.134483745091074822e-17
4.854119270566643804e-17
9.045839079203951042e-17
1.503145096285471402e-16
2.299648017684816569e-16
3.281117167110814658e-16
4.387390375585725097e-16
5.506145361581429252e-16
6.486305452333106921e-16
7.170922465056489862e-16
7.440349289959901833e-16
7.248736685663611814e-16
6.637763049161461417e-16
5.721733132577178421e-16
4.651660433351589013e-16
3.574357197100664782e-16
2.601718673114406528e-16
1.797629988276291774e-16
1.181087023058608354e-16
7.388615742971076051e-17
4.404406142264898735e-17
2.503405886011926279e-17
1.359131677953913248e-17
7.094386570560447346e-18
3.633469688497697992e-18
1.925387984101154278e-18
1.179209762445901555e-18
9.741616774710991342e-19
1.179209762507341609e-18
1.925387984162315650e-18
3.633469688560356197e-18
7.094386570577866997e-18
1.359131677949315206e-17
2.503405886012168175e-17
4.404406142271282346e-17
7.388615742970001228e-17
1.181087023057577412e-16
1.797629988274580193e-16
2.601718673114092463e-16
3.574357197100153008e-16
4.651660433343643212e-16
5.721733132572227333e-16
6.637763049169494979e-16
7.248736685661737284e-16
7.440349289960799162e-16
7.170922465056207844e-16
6.486305452328279093e-16
5.506145361585671351e-16
4.387390375586950296e-16
3.281117167106670673e-16
2.299648017683541572e-16
1.503145096284996114e-16
9.045839079198744560e-17
4.854119270574783246e-17
2.134483745079453606e-17
5.787950705746535737e-18
5.208077963814344234e-20
3.514752241493544030e-19
3.906182823380947435e-17
1.440744289419126103e-16
3.277263941046788257e-16
6.109371696138377369e-16
1.015628052998024706e-15
1.554603117480575571e-15
2.219423127170827189e-15
2.969726041548663490e-15
3.729708227896982752e-15
4.397026635965794709e-15
4.864963571025718976e-15
5.051723036305489285e-15
4.925378760971180665e-15
4.513477127297242487e-15
3.893171205713653956e-15
3.166937499361991191e-15
2.434732022267686433e-15
1.772965678604679282e-15
1.225441811326229916e-15
8.053674611823724072e-16
5.039238919934881912e-16
3.004358391540050218e-16
1.707789800151187633e-16
9.272226265295996220e-17
4.839967823623803192e-17
2.478818336525748518e-17
1.313496882443852438e-17
8.044225637113982954e-18
6.645300311122241654e-18
8.044225637344814132e-18
1.313496882474819543e-17
2.478818336552686577e-17
4.839967823627807277e-17
9.272226265290395308e-17
1.707789800150345770e-16
3.004358391544262735e-16
5.039238919931875366e-16
8.053674611821102095e-16
1.225441811325974128e-15
1.772965678604626428e-15
2.434732022267322374e-15
3.166937499358091851e-15
3.893171205711302362e-15
4.513477127300815238e-15
4.925378760970094404e-15
5.051723036305899492e-15
4.864963571025857816e-15
4.397026635964407103e-15
3.729708227899441631e-15
2.969726041549007434e-15
2.219423127169180047e-15
1.554603117480435745e-15
1.015628052998129427e-15
6.109371696136255333e-16
3.277263941047928161e-16
1.440744289415934914e-16
3.906182823422281281e-17
3.514752240773865417e-19
8.289533249675460599e-19
9.213188798406447524e-17
3.399252989728334270e-16
7.736284250578366173e-16
1.443196659636222978e-15
2.401343733684650768e-15
3.679682194529301162e-15
5.259898141555758026e-15
7.048008627339475254e-15
8.865251803734619687e-15
1.046835100945800248e-14
1.160164127097038281e-14
1.206695215585484575e-14
1.178403049203859784e-14
1.081488588408095974e-14
9.341495767224467067e-15
7.608334877962304664e-15
5.855537520135132801e-15
4.267827647726891188e-15
2.952000160522437942e-15
1.941175388377087269e-15
1.215118368810834793e-15
7.246563570145973097e-16
4.119973735511070330e-16
2.237105271997365088e-16
1.167775592519453330e-16
5.980753920386859892e-17
3.168981745950390460e-17
1.940653875759655322e-17
1.603115692879247744e-17
1.940653875756330396e-17
3.168981745964094453e-17
5.980753920391414332e-17
1.167775592519371732e-16
2.237105271999672013e-16
4.119973735508412362e-16
7.246563570154504627e-16
1.215118368810276280e-15
1.941175388376970912e-15
2.952000160523473322e-15
4.267827647727196477e-15
5.855537520133303433e-15
7.608334877957491035e-15
9.341495767223277465e-15
1.081488588408268262e-14
1.178403049203570745e-14
1.206695215585571981e-14
1.160164127097262791e-14
1.046835100945859254e-14
8.865251803736908961e-15
7.048008627340077155e-15
5.259898141554648099e-15
3.679682194529111835e-15
2.401343733684868888e-15
1.443196659635898362e-15
7.736284250576903822e-16
3.399252989730005669e-16
9.213188798406229354e-17
8.289533248714113408e-19
1.616643121549750882e-18
1.796904233539118200e-16
6.632746605312388297e-16
1.510625257777761200e-15
2.820859089408987002e-15
4.699566807745326417e-15
7.212311324470984752e-15
1.032780680039888029e-14
1.386619657464602490e-14
1.747903939388844947e-14
2.068676201632567577e-14
2.297983109451698355e-14
2.395715353942502547e-14
2.344828756764592023e-14
2.156569008877586573e-14
1.866404754043857795e-14
1.522773934127474729e-14
1.173728054215321437e-14
8.565573224860943820e-15
5.930743440051189164e-15
3.903014298847011458e-15
2.444585942470806714e-15
1.458451188488003562e-15
8.294000105495286177e-16
4.504195122755672180e-16
2.351335870169820767e-16
1.204224616268861792e-16
6.380387618825236980e-17
3.907007028638807442e-17
3.227348201820730069e-17
3.907007028593719111e-17
6.380387618784921257e-17
1.204224616264239560e-16
2.351335870171304811e-16
4.504195122757723219e-16
8.294000105489190255e-16
1.458451188489425878e-15
2.444585942471007873e-15
3.903014298847042223e-15
5.930743440051909394e-15
8.565573224860588832e-15
1.173728054214842283e-14
1.522773934126886239e-14
1.866404754044033238e-14
2.156569008877237896e-14
2.344828756763995644e-14
2.395715353942618351e-14
2.297983109452375828e-14
2.068676201632668236e-14
1.747903939388526878e-14
1.386619657464791501e-14
1.032780680039956817e-14
7.212311324469153017e-15
4.699566807744412128e-15
2.820859089408660413e-15
1.510625257777998844e-15
6.632746605314976747e-16
1.796904233535601853e-16
1.616643121430062424e-18
2.654532948538687816e-18
2.950800813203311797e-16
1.089851196019235437e-15
2.484551685602344807e-15
4.645643681371648878e-15
7.752646476829339358e-15
1.192188370485699894e-14
1.711189950874050737e-14
2.303521681536672822e-14
2.912048048359174221e-14
3.456924661769589943e-14
3.852080707436152143e-14
4.028392875028055132e-14
3.954719772290990493e-14
3.647559861327363546e-14
3.165032143249948691e-14
2.588325076671643209e-14
1.999061867068558565e-14
1.461329921357767469e-14
1.013192415398385566e-14
6.674800894991586157e-15
4.183850790859984792e-15
2.497417495749538082e-15
1.420720489624611319e-15
7.716927716814029004e-16
4.028814639058693339e-16
2.063326297433816364e-16
1.093139832112420267e-16
6.693124645857023304e-17
5.528515297124674314e-17
6.693124645857156424e-17
1.093139832113686882e-16
2.063326297429624308e-16
4.028814639060228166e-16
7.716927716810971182e-16
1.420720489623307332e-15
2.497417495751110676e-15
4.183850790861312445e-15
6.674800894993716081e-15
1.013192415398136128e-14
1.461329921357470226e-14
1.999061867067997212e-14
2.588325076670810487e-14
3.165032143249875485e-14
3.647559861327084605e-14
3.954719772290164398e-14
4.028392875027855077e-14
3.852080707436951101e-14
3.456924661769604458e-14
2.912048048358242734e-14
2.303521681536889917e-14
1.711189950874498495e-14
1.192188370485470177e-14
7.752646476828157644e-15
4.645643681371677277e-15
2.484551685602605131e-15
1.089851196018925415e-15
2.950800813202882854e-16
2.654532948388036953e-18
3.932006301175738052e-18
4.371363826706840592e-16
1.615719757574511460e-15
3.687788319973552080e-15
6.906799211299807967e-15
1.155011833561827636e-14
1.780635201864035952e-14
2.563297154922946295e-14
3.461949989719539774e-14
4.392201976214796074e-14
5.233813696309390799e-14
5.854814064740660313e-14
6.146620553344536160e-14
6.057008678235182892e-14
5.606499436929424550e-14
4.880769313040765761e-14
4.003107170239112612e-14
3.099580000367149049e-14
2.270619585285398872e-14
1.576988180380323515e-14
1.040265319222466403e-14
6.526744031339644470e-15
3.898479661691921512e-15
2.218674182443569876e-15
1.205406095040581481e-15
6.293798124582157316e-16
3.223317115193403264e-16
1.707540934885496705e-16
1.045361153076076355e-16
8.634083536996205693e-17
1.045361153082671356e-16
1.707540934893974002e-16
3.223317115195000708e-16
6.293798124584274421e-16
1.205406095039861645e-15
2.218674182442981386e-15
3.898479661691749541e-15
6.526744031342253233e-15
1.040265319222953919e-14
1.576988180379891850e-14
2.270619585284998446e-14
3.099580000366969819e-14
4.003107170238136949e-14
4.880769313040180741e-14
5.606499436930005783e-14
6.057008678234506365e-14
6.146620553343778853e-14
5.854814064740863524e-14
5.233813696309571291e-14
4.392201976213947890e-14
3.461949989719592785e-14
2.563297154923706441e-14
1.780635201863785410e-14
1.155011833561850671e-14
6.906799211299567365e-15
3.687788319972910737e-15
1.615719757573774861e-15
4.371363826711227151e-16
3.932006301023664313e-18
5.435776252116098998e-18
6.044008767908455608e-16
2.235927379970468702e-15
5.110654895628552767e-15
9.590424057392089948e-15
1.607785473642647338e-14
2.486123923699637917e-14
3.591416060896087031e-14
4.869630292614840708e-14
6.204696069276461140e-14
7.427258860981782484e-14
8.347402375716606257e-14
8.804436007249653840e-14
8.715517555332784795e-14
8.101933350175187864e-14
7.081031641154730481e-14
5.828193253463097593e-14
4.526510438164822729e-14
3.324399988280155889e-14
2.313602073470644658e-14
1.528579318827320128e-14
9.601440551905117206e-15
5.739488962803249467e-15
3.268037177586239718e-15
1.776039110515834889e-15
9.274505874994000772e-16
4.749895136832768056e-16
2.515975655771684845e-16
1.540039741787428079e-16
1.271878370839622249e-16
1.540039741784732886e-16
2.515975655764814360e-16
4.749895136833975999e-16
9.274505875003847728e-16
1.776039110516004691e-15
3.268037177588404747e-15
5.739488962800576807e-15
9.601440551908687591e-15
1.528579318827839514e-14
2.313602073470393485e-14
3.324399988279929328e-14
4.526510438165179926e-14
5.828193253462172417e-14
7.081031641154156190e-14
8.101933350176592667e-14
8.715517555332890818e-14
8.804436007248329815e-14
8.347402375716589849e-14
7.427258860981892294e-14
6.204696069276073651e-14
4.869630292614886147e-14
3.591416060896441702e-14
2.486123923699370020e-14
1.607785473642846447e-14
9.590424057391185913e-15
5.110654895626782563e-15
2.235927379969435294e-15
6.044008767911678105e-16
5.435776252045754021e-18
7.149886851492569066e-18
7.951206225682061731e-16
2.944486039726637382e-15
6.741318996627049914e-15
1.267917932181976839e-14
2.131739027313722312e-14
3.307836070110969816e-14
4.797896986722091752e-14
6.535331079775976518e-14
8.368757567415295247e-14
1.007089001174917978e-13
1.138040014354251281e-13
1.206913668192403124e-13
1.201080670700091269e-13
1.122142089015118663e-13
9.852838519901168793e-14
8.143128123662810827e-14
6.347080287073854629e-14
4.675449259591309004e-14
3.261688070988686381e-14
2.158935429515164399e-14
1.357888449618560455e-14
8.124407664370511323e-15
4.628652851416357417e-15
2.516331180331756433e-15
1.314253075522442901e-15
6.731027509353729151e-16
3.564960765618054978e-16
2.181727763701564544e-16
1.801656960005140985e-16
2.181727763690994548e-16
3.564960765599352072e-16
6.731027509348719884e-16
1.314253075523185417e-15
2.516331180332901859e-15
4.628652851420021676e-15
8.124407664367627248e-15
1.357888449618748835e-14
2.158935429515357827e-14
3.261688070988798083e-14
4.675449259591125357e-14
6.347080287074377171e-14
8.143128123662331199e-14
9.852838519900806548e-14
1.122142089015320612e-13
1.201080670700098842e-13
1.206913668192261003e-13
1.138040014354297224e-13
1.007089001174918104e-13
8.368757567414921643e-14
6.535331079776442262e-14
4.797896986721738973e-14
3.307836070110894085e-14
2.131739027313950451e-14
1.267917932181889749e-14
6.741318996624239992e-15
2.944486039725639473e-15
7.951206225678935869e-16
7.149886851527637939e-18
9.055726708125958841e-18
1.007248908908668078e-15
3.734357317061174321e-15
8.565699268189399810e-15
1.615196669633878476e-14
2.724513819474371125e-14
4.244429634836205154e-14
6.184883052664725629e-14
8.468555142585986019e-14
1.090624422327745075e-13
1.320403560883587548e-13
1.501421697279388173e-13
1.602261106233774217e-13
1.604246653901513419e-13
1.507472035586165336e-13
1.330660240187477693e-13
1.104989502430231885e-13
8.648231294650251534e-14
6.392498849904478579e-14
4.471848690640399373e-14
2.966169021477328390e-14
1.868418659461125587e-14
1.119032111387413985e-14
6.379499496737040670e-15
3.469524959473073176e-15
1.812470942158326073e-15
9.283083018571051849e-16
4.916044214659300971e-16
3.007963082932349427e-16
2.483681127204919729e-16
3.007963082936850372e-16
4.916044214658219245e-16
9.283083018571639550e-16
1.812470942158026306e-15
3.469524959473146540e-15
6.379499496738567905e-15
1.119032111387243907e-14
1.868418659461012307e-14
2.966169021476916920e-14
4.471848690640981868e-14
6.392498849904489939e-14
8.648231294650651645e-14
1.104989502430275556e-13
1.330660240187520102e-13
1.507472035586310991e-13
1.604246653901411182e-13
1.602261106233791130e-13
1.501421697279319510e-13
1.320403560883646870e-13
1.090624422327725006e-13
8.468555142586262436e-14
6.184883052664648636e-14
4.244429634836238601e-14
2.724513819474395738e-14
1.615196669633835562e-14
8.565699268185493371e-15
3.734357317061190887e-15
1.007248908907599369e-15
9.055726708219865645e-18
1.113206076761105910e-17
1.238447896910282713e-15
4.597441748347769978e-15
1.056737002240107287e-14
1.998358382655815619e-14
3.383151460230316277e-14
5.293862265387963674e-14
7.754017819184372377e-14
1.067915202526119384e-13
1.384127811490549887e-13
1.687162574456294168e-13
1.931964948904510562e-13
2.076287233006333297e-13
2.093188590155198302e-13
1.979775348279072559e-13
1.758094948674750852e-13
1.467804861508885504e-13
1.154149058278457843e-13
8.564400396761593473e-14
6.009876580703198709e-14
3.995748389456923175e-14
2.521184798889064149e-14
1.511679810753056892e-14
8.624119247423381826e-15
4.692364961123742894e-15
2.451903284428486510e-15
1.255907895514107470e-15
6.650184731666085528e-16
4.068104944025704988e-16
3.358617681162304066e-16
4.068104944045524625e-16
6.650184731684379212e-16
1.255907895515442223e-15
2.451903284428360292e-15
4.692364961122491760e-15
8.624119247420925313e-15
1.511679810753036067e-14
2.521184798888918683e-14
3.995748389456300921e-14
6.009876580704185731e-14
8.564400396762594380e-14
1.154149058278481571e-13
1.467804861509007178e-13
1.758094948674947751e-13
1.979775348279000868e-13
2.093188590155128882e-13
2.076287233006488040e-13
1.931964948904238184e-13
1.687162574456370908e-13
1.384127811490606180e-13
1.067915202526063596e-13
7.754017819184898705e-14
5.293862265388213585e-14
3.383151460230216565e-14
1.998358382655834867e-14
1.056737002239693924e-14
4.597441748348131276e-15
1.238447896909113424e-15
1.113206076773681616e-17
1.335508689055288113e-17
1.486093934804374463e-15
5.524575997683911739e-15
1.272747521183418203e-14
2.414437251006513018e-14
4.103999222433302295e-14
6.453192080885328997e-14
9.506102217338494361e-14
1.317684002417372365e-13
1.719975311816649938e-13
2.112397137744912285e-13
2.437837806758015605e-13
2.640576876942345343e-13
2.682552834935092187e-13
2.555746689460454500e-13
2.284878336676113169e-13
1.919129695005018022e-13
1.516930767038614172e-13
1.130560305966998239e-13
7.961042440929865097e-14
5.306839575537551420e-14
3.354594698666320562e-14
2.013828540904263618e-14
1.149780258749809245e-14
6.259072456359346684e-15
3.271581934352774584e-15
1.675970683360593774e-15
8.873629307291392553e-16
5.426915361638258882e-16
4.479807789494047018e-16
5.426915361637941366e-16
8.873629307288659150e-16
1.675970683360747602e-15
3.271581934353205302e-15
6.259072456359608586e-15
1.149780258749436587e-14
2.013828540904518577e-14
3.354594698666366000e-14
5.306839575537363986e-14
7.961042440931011154e-14
1.130560305967152099e-13
1.516930767038652543e-13
1.919129695005250262e-13
2.284878336676368634e-13
2.555746689460251541e-13
2.682552834935175996e-13
2.640576876942427637e-13
2.437837806757816686e-13
2.112397137744843118e-13
1.719975311816717591e-13
1.317684002417297644e-13
9.506102217338833887e-14
6.453192080885830081e-14
4.103999222433234137e-14
2.414437251006567607e-14
1.272747521183108181e-14
5.524575997682782090e-15
1.486093934804261261e-15
1.335508689067714058e-17
1.569852421334946630e-17
1.747286343112354961e-15
6.505541245884182294e-15
1.502466071927342966e-14
2.859987772482520580e-14
4.882611129065022005e-14
7.718358700854786653e-14
1.144069962132061561e-13
1.597062603756073478e-13
2.100868553945642015e-13
2.601636707485199795e-13
3.028336449159669790e-13
3.308682756139778859e-13
3.389874037252440536e-13
3.255772490758519889e-13
2.932485168519824773e-13
2.479589411181515406e-13
1.971326501834419967e-13
1.476332921386382636e-13
1.043574861176343272e-13
6.976355928064607126e-14
4.418678190557934277e-14
2.656042720416999574e-14
1.517703798254854903e-14
8.266584976231873561e-15
4.322576843953430759e-15
2.214802618428500664e-15
1.172577444810957453e-15
7.169351574328915579e-16
5.917205191094753200e-16
7.169351574300343037e-16
1.172577444806977847e-15
2.214802618427359577e-15
4.322576843954426302e-15
8.266584976235174155e-15
1.517703798254702810e-14
2.656042720417311016e-14
4.418678190558199334e-14
6.976355928065128405e-14
1.043574861176431245e-13
1.476332921386402579e-13
1.971326501834515640e-13
2.479589411181929400e-13
2.932485168520057013e-13
3.255772490758388623e-13
3.389874037252651068e-13
3.308682756139807637e-13
3.028336449159645556e-13
2.601636707484974623e-13
2.100868553945695783e-13
1.597062603755992951e-13
1.144069962132048939e-13
7.718358700855175403e-14
4.882611129064985402e-14
2.859987772482491550e-14
1.502466071927141333e-14
6.505541245881926151e-15
1.747286343113333543e-15
1.569852421346773072e-17
1.813374040704321352e-17
2.018860486740606346e-15
7.529086375143044245e-15
1.743503474673164076e-14
3.331053814559775053e-14
5.713648148270822183e-14
9.083948270100609681e-14
1.355568942993359299e-13
1.906811206763579317e-13
2.529537390115344209e-13
3.160845318038259379e-13
3.713906578310043007e-13
4.096316338659956185e-13
4.236010010687711244e-13
4.104638088924814034e-13
3.727513095414480360e-13
3.175130222023824301e-13
2.540469234316213369e-13
1.912696075054827600e-13
1.357697171554325638e-13
9.104296680376226555e-14
5.778591181073048672e-14
3.478144924224195741e-14
1.989187288520460587e-14
1.084142853817338094e-14
5.671700150022935554e-15
2.906900648283354897e-15
1.538966402350823538e-15
9.406964483824270368e-16
7.762628252928300984e-16
9.406964483816346260e-16
1.538966402350116127e-15
2.906900648285009532e-15
5.671700150023331563e-15
1.084142853817643541e-14
1.989187288520362453e-14
3.478144924224159769e-14
5.778591181073362954e-14
9.104296680377573298e-14
1.357697171554369814e-13
1.912696075054670585e-13
2.540469234316376442e-13
3.175130222024273132e-13
3.727513095414704523e-13
4.104638088924878153e-13
4.236010010687921775e-13
4.096316338659967797e-13
3.713906578310060678e-13
3.160845318038077626e-13
2.529537390115374501e-13
1.906811206763539180e-13
1.355568942993331784e-13
9.083948270100958042e-14
5.713648148271152873e-14
3.331053814559559852e-14
1.743503474673212670e-14
7.529086375141392370e-15
2.018860486741265834e-15
1.813374040725391642e-17
2.062992479844780752e-17
2.297405938592993935e-15
8.582969597485597361e-15
1.993216672531241773e-14
3.823143135188675437e-14
6.590781599866472560e-14
1.054294773688947708e-13
1.584677171898579749e-13
2.247467877483317873e-13
3.008633126313149082e-13
3.796326100472576313e-13
4.506135365404198588e-13
5.021534832240069835e-13
5.245628778786788854e-13
5.132368036795924046e-13
4.702840541554641948e-13
4.038370040407846723e-13
3.253837242832886943e-13
2.464031065316456747e-13
1.757005391978082313e-13
1.182077348904704304e-13
7.519209478011827645e-14
4.532004197626421188e-14
2.594198842221594776e-14
1.414868319711300772e-14
7.406379123688903335e-15
3.797547494516642842e-15
2.010600692039682944e-15
1.228644817143146052e-15
1.013677186746800784e-15
1.228644817145669815e-15
2.010600692045733901e-15
3.797547494520671554e-15
7.406379123686678747e-15
1.414868319711281839e-14
2.594198842221411760e-14
4.532004197626228075e-14
7.519209478011956387e-14
1.182077348904895146e-13
1.757005391978163092e-13
2.464031065316336082e-13
3.253837242833121708e-13
4.038370040408118848e-13
4.702840541554790380e-13
5.132368036796320875e-13
5.245628778786722211e-13
5.021534832240131429e-13
4.506135365404353078e-13
3.796326100472487455e-13
3.008633126313053157e-13
2.247467877483420109e-13
1.584677171898557282e-13
1.054294773688940892e-13
6.590781599867512594e-14
3.823143135188412273e-14
1.993216672531565837e-14
8.582969597485253417e-15
2.297405938592181803e-15
2.062992479878834583e-17
2.315431384756375677e-17
2.579290491534681619e-15
9.654022113817425962e-15
2.248713554241220926e-14
4.331209920873905911e-14
7.506604620670887798e-14
1.208649538398749750e-13
1.830692849554956158e-13
2.619253950848548297e-13
3.540595236566377698e-13
4.514585194810910738e-13
5.417699788179324003e-13
6.104909232029443492e-13
6.447741546207276963e-13
6.375214301542450022e-13
5.899048006129514209e-13
5.110306267694097616e-13
4.149022751593563448e-13
3.161766684610756846e-13
2.265558071989775792e-13
1.529524535790760333e-13
9.751130646081895192e-14
5.885151267085637832e-14
3.371745845614032497e-14
1.840360551682421018e-14
9.641040461183631441e-15
4.946251625238317997e-15
2.619190229752928986e-15
1.600108139314717539e-15
1.319858685230763660e-15
1.600108139315550970e-15
2.619190229757574588e-15
4.946251625239902819e-15
9.641040461181204904e-15
1.840360551682281232e-14
3.371745845613975699e-14
5.885151267085530547e-14
9.751130646082387441e-14
1.529524535790948902e-13
2.265558071989937351e-13
3.161766684610905278e-13
4.149022751593863846e-13
5.110306267694250087e-13
5.899048006129745439e-13
6.375214301542928639e-13
6.447741546207122472e-13
6.104909232029746414e-13
5.417699788179568360e-13
4.514585194810876406e-13
3.540595236566193925e-13
2.619253950848679564e-13
1.830692849554949342e-13
1.208649538398708855e-13
7.506604620671834431e-14
4.331209920874137520e-14
2.248713554241136044e-14
9.654022113818686562e-15
2.579290491533325961e-15
2.315431384781865745e-17
2.567247465571292173e-17
2.860690688491767192e-15
1.072823717690492700e-14
2.506863792056857921e-14
4.849648072262929646e-14
8.452557283327778419e-14
1.370363659866785755e-13
2.092585090435400415e-13
3.021966305887468391e-13
4.127487910427698724e-13
5.322144935462659606e-13
6.462253534199665352e-13
7.369652123878454384e-13
7.876268686421237707e-13
7.876804468657735712e-13
7.366153113567430587e-13
6.442469969604965575e-13
5.274013205169432210e-13
4.046477296044823983e-13
2.914631673957663095e-13
1.974863768662755703e-13
1.261848424423242279e-13
7.625433726221376635e-14
4.372532713862310226e-14
2.388657729401864580e-14
1.252543321058005406e-14
6.431299233378966905e-15
3.406585435213553754e-15
2.080604746690485000e-15
1.715783197323822769e-15
2.080604746687956700e-15
3.406585435212035197e-15
6.431299233376823570e-15
1.252543321058004301e-14
2.388657729401868998e-14
4.372532713862168862e-14
7.625433726221509164e-14
1.261848424423365468e-13
1.974863768662911455e-13
2.914631673957767099e-13
4.046477296045194558e-13
5.274013205169875487e-13
6.442469969605078667e-13
7.366153113568052588e-13
7.876804468657780141e-13
7.876268686421413402e-13
7.369652123878947138e-13
6.462253534199806716e-13
5.322144935462739375e-13
4.127487910427617945e-13
3.021966305887447692e-13
2.092585090435494068e-13
1.370363659866826144e-13
8.452557283327731719e-14
4.849648072263770887e-14
2.506863792056107556e-14
1.072823717690682184e-14
2.860690688491599165e-15
2.567247465566365490e-17
2.814865098712553999e-17
3.137629411215039631e-15
1.179088754652814647e-14
2.764316740552204247e-14
5.372298081616810519e-14
9.418871668459944843e-14
1.538109604457145972e-13
2.368934644681771037e-13
3.454857038141785415e-13
4.770803242694065661e-13
6.225295185904266401e-13
7.654230496359324150e-13
8.841675901102372658e-13
9.570616070940112758e-13
9.689456348430004843e-13
9.165715133670973942e-13
8.099636289180494039e-13
6.690132330554187646e-13
5.170627375993816158e-13
3.744947739725889026e-13
2.546921916688401374e-13
1.630904717112506358e-13
9.866959375056855073e-14
5.662326229647155039e-14
3.096213942837925959e-14
1.625541043886519945e-14
8.355762577029176106e-15
4.428117426488654216e-15
2.703894176460295408e-15
2.229186167512821889e-15
2.703894176458619473e-15
4.428117426486887956e-15
8.355762577026538155e-15
1.625541043886472298e-14
3.096213942837956251e-14
5.662326229646568758e-14
9.866959375057587136e-14
1.630904717112643178e-13
2.546921916688568487e-13
3.744947739725854694e-13
5.170627375994212986e-13
6.690132330554782384e-13
8.099636289180616218e-13
9.165715133671668645e-13
9.689456348429909927e-13
9.570616070940351057e-13
8.841675901102954269e-13
7.654230496359464505e-13
6.225295185904269430e-13
4.770803242694155528e-13
3.454857038141734423e-13
2.368934644681978034e-13
1.538109604457281277e-13
9.418871668459601531e-14
5.372298081617382916e-14
2.764316740551593037e-14
1.179088754652756114e-14
3.137629411216136542e-15
2.814865098680605132e-17
3.054617470948461973e-17
3.406020895050735108e-15
1.282667375230818644e-14
3.017527355290826934e-14
5.892470367838885742e-14
1.039454379449123559e-13
1.710307967633111392e-13
2.657874585764073723e-13
3.916502010975475711e-13
5.471228793167785829e-13
7.229771118566166217e-13
9.008538401645880996e-13
1.054954193094253640e-12
1.157622516588174888e-12
1.187565489480479179e-12
1.137336773521172150e-12
1.016322421639888390e-12
8.475829213351939479e-13
6.602162788806043067e-13
4.809601707125778887e-13
3.283336255651852373e-13
2.106727110755321295e-13
1.275760370033012231e-13
7.326156255911329938e-14
4.010290704144335160e-14
2.108677853685488506e-14
1.085540251803020326e-14
5.757054757467985136e-15
3.514722163722947446e-15
2.896807478906941205e-15
3.514722163726569501e-15
5.757054757470274410e-15
1.085540251802805756e-14
2.108677853685198205e-14
4.010290704144238604e-14
7.326156255910756909e-14
1.275760370033083165e-13
2.106727110755468969e-13
3.283336255652071487e-13
4.809601707125847549e-13
6.602162788806558036e-13
8.475829213352462525e-13
1.016322421639919894e-12
1.137336773521182651e-12
1.187565489480526838e-12
1.157622516588196901e-12
1.054954193094308974e-12
9.008538401646181899e-13
7.229771118565945083e-13
5.471228793168023119e-13
3.916502010975660494e-13
2.657874585764228214e-13
1.710307967633281029e-13
1.039454379449196639e-13
5.892470367838592917e-14
3.017527355290537896e-14
1.282667375230480223e-14
3.406020895052352667e-15
3.054617470900904754e-17
3.282794359864007082e-17
3.661723319767009993e-15
1.381990480834812163e-14
3.262790947307775167e-14
6.402987836666189499e-14
1.136733974243878152e-13
1.885112228739396080e-13
2.957033564289105341e-13
4.404661010930183170e-13
6.228378768507710659e-13
8.340345880698798369e-13
1.054011158952567012e-12
1.252424881716801506e-12
1.394504104733485832e-12
1.450966979630853829e-12
1.408183712048690870e-12
1.273554431246416117e-12
1.073155494932638123e-12
8.429211195991527455e-13
6.177914643020685730e-13
4.233263830057455840e-13
2.721095196455333916e-13
1.648836791755105710e-13
9.473461293552999540e-14
5.191908537068431492e-14
2.735288437942512832e-14
1.410900948603519078e-14
7.490542234766862437e-15
4.572495828000833206e-15
3.767394954105262684e-15
4.572495828002795892e-15
7.490542234765813252e-15
1.410900948603135534e-14
2.735288437942610020e-14
5.191908537068388578e-14
9.473461293553336542e-14
1.648836791755126662e-13
2.721095196455447512e-13
4.233263830057677478e-13
6.177914643021007838e-13
8.429211195992265577e-13
1.073155494932682955e-12
1.273554431246475894e-12
1.408183712048649066e-12
1.450966979630933800e-12
1.394504104733553686e-12
1.252424881716836241e-12
1.054011158952610027e-12
8.340345880698707492e-13
6.228378768508078205e-13
4.404661010930582523e-13
2.957033564289121497e-13
1.885112228739539968e-13
1.136733974244077197e-13
6.402987836665600062e-14
3.262790947307309423e-14
1.381990480834502457e-14
3.661723319768396811e-15
3.282794359818137285e-17
3.495696413129365374e-17
3.900598866816174469e-15
1.475471205011802850e-14
3.496287384465843524e-14
6.896250189569176985e-14
1.232384349299573540e-13
2.060399832747342098e-13
3.263484920620911653e-13
4.916133779531066723e-13
7.040490364351127651e-13
9.560327855165956878e-13
1.226328790492737026e-12
1.479879325333244901e-12
1.673581641462878487e-12
1.767926433099801709e-12
1.740449276669616716e-12
1.594507891523050899e-12
1.358602980058846984e-12
1.076623533092801016e-12
7.940499943880169986e-13
5.460910802561415516e-13
3.515240582384884436e-13
2.130485236668236744e-13
1.224423419081459967e-13
6.719401594428671588e-14
3.548660167922780783e-14
1.835183579621726641e-14
9.757494068405029721e-15
5.956201436759843533e-15
4.905722452136710937e-15
5.956201436753232090e-15
9.757494068397953639e-15
1.835183579621361557e-14
3.548660167923582897e-14
6.719401594428651393e-14
1.224423419081558922e-13
2.130485236668294804e-13
3.515240582384930884e-13
5.460910802561573036e-13
7.940499943880466850e-13
1.076623533092869072e-12
1.358602980058909386e-12
1.594507891523117138e-12
1.740449276669593491e-12
1.767926433099867948e-12
1.673581641462964921e-12
1.479879325333285897e-12
1.226328790492782868e-12
9.560327855166233547e-13
7.040490364351511353e-13
4.916133779531413064e-13
3.263484920620810174e-13
2.060399832747411518e-13
1.232384349299731060e-13
6.896250189568810954e-14
3.496287384465360110e-14
1.475471205011580707e-14
3.900598866816849734e-15
3.495696413102817123e-17
3.689695524259366007e-17
4.118580835430349468e-15
1.561529559360727825e-14
3.714135080302325241e-14
7.364322090223192082e-14
1.324955383148914871e-13
2.233771534692721275e-13
3.573705662516145013e-13
5.446618038288436155e-13
7.904090007623493120e-13
1.089095511900051424e-12
1.419097189733472950e-12
1.740742040606538664e-12
2.001413531125360149e-12
2.148740387524382251e-12
2.147945416650291611e-12
1.995300218338121121e-12
1.720428062559206486e-12
1.376208933493969385e-12
1.021593216703227738e-12
7.050123725157797205e-13
4.542516443375326443e-13
2.752103708480367491e-13
1.581611077228718079e-13
8.692552044351609228e-14
4.604722173046791769e-14
2.389285800450869610e-14
1.272903292239878752e-14
7.770966065032755135e-15
6.397951787868890128e-15
7.770966065031295742e-15
1.272903292240016487e-14
2.389285800451010027e-14
4.604722173047576213e-14
8.692552044351353006e-14
1.581611077228812995e-13
2.752103708480440697e-13
4.542516443375491536e-13
7.050123725157919384e-13
1.021593216703252375e-12
1.376208933494024718e-12
1.720428062559289688e-12
1.995300218338163530e-12
2.147945416650312614e-12
2.148740387524468281e-12
2.001413531125416694e-12
1.740742040606600057e-12
1.419097189733532525e-12
1.089095511900097064e-12
7.904090007623835423e-13
5.446618038288599733e-13
3.573705662516088972e-13
2.233771534692690478e-13
1.324955383148875996e-13
7.364322090222809642e-14
3.714135080302254559e-14
1.561529559360461190e-14
4.118580835430848817e-15
3.689695524251593261e-17
3.861300611571201839e-17
4.311747080228598909e-15
1.638620156631584052e-14
3.912454774206162162e-14
7.799046691858881179e-14
1.412903708164928658e-13
2.402561035589687673e-13
3.883549997152924148e-13
5.990577723124002238e-13
8.813638483636149018e-13
1.233068482096733102e-12
1.633354620656304913e-12
2.038446325749362589e-12
2.385199624900428699e-12
2.605381036060214742e-12
2.647423080098846511e-12
2.496116055319991321e-12
2.179791907043390642e-12
1.761056761352800980e-12
1.315953451592386327e-12
9.110359837287571975e-13
5.871737871540391571e-13
3.553541567365444370e-13
2.041214275688790718e-13
1.123715319887956701e-13
5.975231413079656895e-14
3.113661735473748086e-14
1.663218292273125643e-14
1.015676091412743428e-14
8.358747312239760786e-15
1.015676091413579936e-14
1.663218292274080795e-14
3.113661735474370971e-14
5.975231413080559352e-14
1.123715319887924768e-13
2.041214275688921480e-13
3.553541567365461536e-13
5.871737871540652085e-13
9.110359837287796138e-13
1.315953451592428535e-12
1.761056761352854092e-12
2.179791907043467787e-12
2.496116055320028076e-12
2.647423080098907903e-12
2.605381036060320967e-12
2.385199624900505844e-12
2.038446325749421154e-12
1.633354620656379634e-12
1.233068482096793282e-12
8.813638483636321683e-13
5.990577723123971946e-13
3.883549997153149826e-13
2.402561035589596796e-13
1.412903708164728729e-13
7.799046691858556799e-14
3.912454774206540184e-14
1.638620156631242002e-14
4.311747080230025170e-15
3.861300611579857738e-17
4.007227798508298899e-17
4.476398680856796193e-15
1.705262675863191419e-14
4.087442706579561748e-14
8.192185219371713996e-14
1.494614131518031602e-13
2.563856932678932686e-13
4.188242689941362863e-13
6.541131908779404119e-13
9.761169286377443702e-13
1.387438320628328082e-12
1.869749681667011517e-12
2.376265373672420845e-12
2.832674000264656368e-12
3.151612021620409108e-12
3.259079175688802153e-12
3.122172645961166793e-12
2.763823366432589655e-12
2.256421733322535943e-12
1.697497976477241408e-12
1.178445958680119901e-12
7.591335831997762449e-13
4.584929463033268988e-13
2.630867032961483418e-13
1.450962678797660851e-13
7.751367420345494928e-14
4.061021384865657082e-14
2.176760267995682806e-14
1.329983825084313759e-14
1.094063377615546090e-14
1.329983825084967094e-14
2.176760267995826379e-14
4.061021384866127243e-14
7.751367420346325441e-14
1.450962678797615665e-13
2.630867032961634879e-13
4.584929463033288173e-13
7.591335831997929056e-13
1.178445958680159281e-12
1.697497976477304012e-12
2.256421733322577949e-12
2.763823366432624794e-12
3.122172645961245553e-12
3.259079175688941093e-12
3.151612021620516545e-12
2.832674000264782788e-12
2.376265373672515357e-12
1.869749681667077352e-12
1.387438320628399370e-12
9.761169286377298300e-13
6.541131908779259726e-13
4.188242689941718797e-13
2.563856932678868567e-13
1.494614131517777147e-13
8.192185219371904585e-14
4.087442706579960596e-14
1.705262675862910584e-14
4.476398680859556417e-15
4.007227798535542333e-17
4.124473677918839656e-17
4.609142391631497820e-15
1.760074573580449718e-14
4.235452336341036914e-14
8.535582284059746719e-14
1.568427597829914069e-13
2.714538870247335866e-13
4.482397917376879754e-13
7.089977181235286278e-13
1.073594095127451017e-12
1.551243357296823804e-12
2.128372794303393467e-12
2.757077599804888399e-12
3.351904304421249217e-12
3.803028004133864050e-12
4.007082827113955720e-12
3.904869058530876385e-12
3.507277688906835761e-12
2.895242115176921351e-12
2.192964807400180228e-12
1.525879989982501042e-12
9.814506537408893781e-13
5.908675639952582971e-13
3.384222958100720577e-13
1.870096029924984552e-13
1.004746848914383339e-13
5.299548519284190149e-14
2.853210130748932205e-14
1.744755246793629376e-14
1.434615108873471485e-14
1.744755246793326453e-14
2.853210130747534344e-14
5.299548519284255151e-14
1.004746848914340299e-13
1.870096029924963600e-13
3.384222958100864465e-13
5.908675639952641536e-13
9.814506537409053320e-13
1.525879989982537393e-12
2.192964807400289684e-12
2.895242115176985975e-12
3.507277688906812739e-12
3.904869058530992707e-12
4.007082827114201289e-12
3.803028004133993297e-12
3.351904304421393812e-12
2.757077599805023300e-12
2.128372794303477478e-12
1.551243357296876512e-12
1.073594095127397905e-12
7.089977181235480148e-13
4.482397917377134714e-13
2.714538870247215201e-13
1.568427597829713383e-13
8.535582284060071098e-14
4.235452336341204783e-14
1.760074573580497365e-14
4.609142391634267511e-15
4.124473677961772178e-17
4.210390033344048813e-17
4.706975060862886744e-15
1.801805379232544864e-14
4.353083247996903260e-14
8.821355396856962429e-14
1.632675853057234799e-13
2.851329479005567922e-13
4.760069384179906019e-13
7.627358282998943292e-13
1.172413140904065359e-12
1.722979508799580788e-12
2.408556136369680493e-12
3.183052894491560257e-12
3.950962646097093556e-12
4.576964819136603208e-12
4.920076252148289459e-12
4.883123974220983847e-12
4.454622595813005753e-12
3.720505833732608613e-12
2.837503522331220894e-12
1.977664101264379312e-12
1.268560931322269788e-12
7.601545458676739970e-13
4.341380040876919864e-13
2.403870691480948797e-13
1.300434123832089740e-13
6.916519500818651838e-14
3.744635020627195688e-14
2.292714579612859193e-14
1.884333205167051047e-14
2.292714579611453443e-14
3.744635020625077754e-14
6.916519500818656887e-14
1.300434123831988766e-13
2.403870691481013420e-13
4.341380040877016799e-13
7.601545458676977260e-13
1.268560931322288367e-12
1.977664101264391025e-12
2.837503522331369932e-12
3.720505833732759671e-12
4.454622595813038065e-12
4.883123974221115517e-12
4.920076252148654582e-12
4.576964819136730032e-12
3.950962646097289042e-12
3.183052894491610744e-12
2.408556136369802874e-12
1.722979508799613302e-12
1.172413140903986397e-12
7.627358282999612751e-13
4.760069384180172591e-13
2.851329479005279136e-13
1.632675853057151243e-13
8.821355396856586300e-14
4.353083247996925348e-14
1.801805379233089178e-14
4.706975060863995883e-15
4.210390033403265766e-17
4.262758101798391588e-17
4.767367872394870861e-15
1.829371749286868464e-14
4.437275369109775279e-14
9.042105764607657672e-14
1.685722669368609966e-13
2.970863205401467746e-13
5.014837172131273265e-13
8.142103411448322410e-13
1.270861009709186396e-12
1.900506535193759835e-12
2.708644605608975911e-12
3.655247856449277801e-12
4.637425959500872970e-12
5.492205480202770863e-12
6.031573628554036016e-12
6.104883018714631627e-12
5.662635201532174217e-12
4.788343067638168006e-12
3.677399985891332481e-12
2.565583931339485056e-12
1.638819996684246392e-12
9.756723020697407302e-13
5.548801439369598191e-13
3.078513510916665321e-13
1.679113653601545738e-13
9.021987611832540265e-14
4.918733402207252077e-14
3.016870290764311790e-14
2.478475985322226574e-14
3.016870290764093433e-14
4.918733402207578350e-14
9.021987611832643764e-14
1.679113653601467736e-13
3.078513510916626446e-13
5.548801439369584055e-13
9.756723020697984874e-13
1.638819996684258913e-12
2.565583931339499596e-12
3.677399985891456881e-12
4.788343067638372378e-12
5.662635201532392321e-12
6.104883018714896583e-12
6.031573628554408409e-12
5.492205480202920305e-12
4.637425959501104807e-12
3.655247856449274569e-12
2.708644605609103138e-12
1.900506535193776799e-12
1.270861009709150449e-12
8.142103411448652595e-13
5.014837172131760971e-13
2.970863205401190572e-13
1.685722669368558216e-13
9.042105764608024966e-14
4.437275369109336041e-14
1.829371749287813835e-14
4.767367872393694669e-15
4.262758101874733602e-17
4.279860210958609970e-17
4.788347964478686169e-15
1.841892300951004025e-14
4.485406089150883100e-14
9.191145948013223093e-14
1.726011129452503642e-13
3.069772438971473680e-13
5.239935964699364881e-13
8.621741221071950174e-13
1.366883094839674037e-12
2.080962354103278092e-12
3.025745008493980101e-12
4.173102120211746354e-12
5.417658178334122223e-12
6.568380563220479816e-12
7.380134166393194172e-12
7.628733464938697202e-12
7.203588771616171836e-12
6.172059792825434964e-12
4.773733800186695905e-12
3.331265316864178983e-12
2.115533164257996880e-12
1.248578275238552074e-12
7.058446990339358801e-13
3.922902507083882379e-13
2.160429336024431800e-13
1.175189097237601162e-13
6.462350190287844366e-14
3.973159854503782749e-14
3.262976289473845296e-14
3.973159854505014634e-14
6.462350190290157938e-14
1.175189097237601162e-13
2.160429336024375507e-13
3.922902507083805134e-13
7.058446990339403230e-13
1.248578275238603167e-12
2.115533164258017883e-12
3.331265316864253300e-12
4.773733800186804957e-12
6.172059792825597331e-12
7.203588771616478798e-12
7.628733464939170569e-12
7.380134166393470438e-12
6.568380563220773853e-12
5.417658178334286205e-12
4.173102120211907913e-12
3.025745008494077036e-12
2.080962354103295056e-12
1.366883094839703118e-12
8.621741221071785586e-13
5.239935964699935385e-13
3.069772438971456515e-13
1.726011129452537216e-13
9.191145948015039366e-14
4.485406089150686832e-14
1.841892300951687178e-14
4.788347964476677730e-15
4.279860211035658877e-17
4.260546426062140005e-17
4.768574742913017231e-15
1.838721112513249456e-14
4.495387365108720993e-14
9.262738393238594578e-14
1.752116055320074665e-13
3.144790440779515081e-13
5.428427846002995117e-13
9.052715939801823420e-13
1.458089537788206038e-12
2.260695765112324654e-12
3.355467011989729255e-12
4.733835984554689393e-12
6.295824897995388095e-12
7.824930598039764311e-12
9.009118326390025854e-12
9.525490214403011957e-12
9.169083174278479350e-12
7.967379189059457456e-12
6.207315720439171071e-12
4.329421939156768300e-12
2.728318054080763797e-12
1.592062471737967411e-12
8.925861727980923134e-13
4.966866123190977007e-13
2.766189886738820853e-13
1.526972702125878356e-13
8.484886767462861589e-14
5.233251384951040427e-14
4.296821567622046473e-14
5.233251384950079910e-14
8.484886767463028197e-14
1.526972702125849074e-13
2.766189886738837514e-13
4.966866123191169868e-13
8.925861727980983719e-13
1.592062471737973671e-12
2.728318054080807418e-12
4.329421939156926628e-12
6.207315720439323744e-12
7.967379189059644864e-12
9.169083174278833163e-12
9.525490214403448166e-12
9.009118326390386130e-12
7.824930598040234447e-12
6.295824897995507648e-12
4.733835984554966467e-12
3.355467011989818516e-12
2.260695765112373929e-12
1.458089537788264200e-12
9.052715939801940550e-13
5.428427846003127393e-13
3.144790440779828101e-13
1.752116055320370267e-13
9.262738393239585388e-14
4.495387365109847486e-14
1.838721112513159526e-14
4.768574742912458717e-15
4.260546426118285947e-17
4.204293714664129699e-17
4.707408045888393126e-15
1.819478672404011540e-14
4.465759449388534028e-14
9.252337304413932825e-14
1.762800217413699864e-13
3.192869472118160407e-13
5.573420733545223961e-13
9.420714614533348875e-13
1.541783759763059353e-12
2.435230636180440006e-12
3.691677519583212265e-12
5.331763213113077885e-12
7.272597346073552574e-12
9.279466176718174144e-12
1.096574363741859315e-11
1.187949554504381476e-11
1.167450858183056759e-11
1.029921175606113514e-11
8.085389937597649022e-12
5.632357310169665110e-12
3.514975197966763487e-12
2.021571525736040809e-12
1.120718155618205305e-12
6.238561673778441223e-13
3.519316109195111611e-13
1.976652342520406474e-13
1.112138891785112843e-13
6.887310155660526430e-14
5.654408119185841445e-14
6.887310155659059780e-14
1.112138891785085580e-13
1.976652342520339326e-13
3.519316109195104038e-13
6.238561673778537148e-13
1.120718155618179860e-12
2.021571525736017383e-12
3.514975197966792568e-12
5.632357310169850902e-12
8.085389937597823506e-12
1.029921175606139363e-11
1.167450858183112173e-11
1.187949554504414918e-11
1.096574363741910852e-11
9.279466176718739599e-12
7.272597346073697169e-12
5.331763213113290335e-12
3.691677519583327779e-12
2.435230636180528863e-12
1.541783759763160530e-12
9.420714614533696227e-13
5.573420733544853386e-13
3.192869472118712736e-13
1.762800217414097450e-13
9.252337304414709065e-14
4.465759449389726786e-14
1.819478672403712404e-14
4.707408045888868020e-15
4.204293714693148687e-17
4.111255095894451878e-17
4.604965255390185226e-15
1.784078992877981298e-14
4.395777515547357236e-14
9.156824900464651800e-14
1.757072497870966586e-13
3.211311255298384740e-13
5.668330650994081783e-13
9.711115949071955868e-13
1.615018333471181857e-12
2.599276935256534371e-12
4.026299734574021218e-12
5.957553600732878239e-12
8.343522074309449956e-12
1.094533576910527334e-11
1.329903544943066795e-11
1.478918226674999329e-11
1.486399671408638600e-11
1.333031814575566866e-11
1.055077847778785345e-11
7.336305587465254522e-12
4.524151774823521418e-12
2.555149494556809253e-12
1.395558167757252116e-12
7.761580247015888057e-13
4.442847721905809443e-13
2.546235420762320953e-13
1.453678131305433272e-13
9.047306419998981636e-14
7.428205167709417390e-14
9.047306420000441976e-14
1.453678131305514303e-13
2.546235420762264913e-13
4.442847721905708973e-13
7.761580247015509404e-13
1.395558167757206677e-12
2.555149494556744226e-12
4.524151774823548076e-12
7.336305587465341764e-12
1.055077847778803440e-11
1.333031814575593523e-11
1.486399671408704193e-11
1.478918226675050382e-11
1.329903544943119463e-11
1.094533576910593734e-11
8.343522074309672907e-12
5.957553600733076956e-12
4.026299734574194086e-12
2.599276935256638172e-12
1.615018333471292525e-12
9.711115949072406213e-13
5.668330650993907097e-13
3.211311255298789141e-13
1.757072497871232906e-13
9.156824900467078967e-14
4.395777515547522581e-14
1.784078992878051980e-14
4.604965255390149727e-15
4.111255095895596343e-17
3.982296298410926549e-17
4.462164500145910763e-15
1.732751585647625886e-14
4.285487221962120017e-14
8.974731908081546057e-14
1.734245737023475880e-13
3.197905528336128658e-13
5.707182531472523065e-13
9.909563205226871758e-13
1.674682550055616937e-12
2.746805392389504434e-12
4.349198409048019783e-12
6.597508617402215050e-12
9.497073313724726054e-12
1.282820551410450113e-11
1.605612037021626696e-11
1.836615300551063136e-11
1.891545314427652564e-11
1.727223442746949151e-11
1.379441635417616513e-11
9.570502411206741323e-12
5.819253786954123030e-12
3.214064757232617319e-12
1.721888336275072434e-12
9.554156063096770324e-13
5.561256390739267762e-13
3.262471521142531165e-13
1.893943950620155101e-13
1.185499094663603245e-13
9.734682216979989994e-14
1.185499094663771367e-13
1.893943950620061952e-13
3.262471521142512485e-13
5.561256390739199100e-13
9.554156063096267473e-13
1.721888336275042747e-12
3.214064757232490495e-12
5.819253786954224004e-12
9.570502411206801100e-12
1.379441635417637515e-11
1.727223442746995034e-11
1.891545314427706848e-11
1.836615300551121944e-11
1.605612037021708121e-11
1.282820551410535740e-11
9.497073313725154185e-12
6.597508617402461427e-12
4.349198409048250811e-12
2.746805392389608639e-12
1.674682550055677522e-12
9.909563205227697727e-13
5.707182531473139007e-13
3.197905528336149863e-13
1.734245737023515260e-13
8.974731908084399840e-14
4.285487221962482893e-14
1.732751585647774823e-14
4.462164500145902086e-15
3.982296298378760130e-17
3.819017617674827764e-17
4.280751270037007595e-15
1.666057033476970705e-14
4.135785175575644759e-14
8.706431300348100648e-14
1.693991600155138167e-13
3.151071069948964908e-13
5.684940204963945917e-13
1.000265413191715969e-12
1.717624490909070274e-12
2.871202348111377699e-12
4.648202070916925739e-12
7.232949704956080530e-12
1.071247501645656760e-11
1.492149322326482419e-11
1.927615185981575840e-11
2.273158666866144197e-11
2.404478406054334342e-11
2.239874054162851846e-11
1.807261834753641344e-11
1.251037967168073187e-11
7.484341857953107584e-12
4.024023854816941555e-12
2.104234360867095292e-12
1.163672314835560767e-12
6.910603210685576392e-13
4.165339477114134403e-13
2.463337253182146763e-13
1.551061688747299326e-13
1.273553653613245931e-13
1.551061688747397019e-13
2.463337253182015496e-13
4.165339477114004651e-13
6.910603210685287606e-13
1.163672314835517954e-12
2.104234360867048844e-12
4.024023854816797767e-12
7.484341857953194826e-12
1.251037967168103883e-11
1.807261834753666547e-11
2.239874054162928102e-11
2.404478406054398642e-11
2.273158666866198481e-11
1.927615185981712842e-11
1.492149322326579354e-11
1.071247501645728492e-11
7.232949704956393146e-12
4.648202070917060641e-12
2.871202348111482712e-12
1.717624490909174883e-12
1.000265413191815934e-12
5.684940204965084905e-13
3.151071069948873527e-13
1.693991600155020532e-13
8.706431300349809636e-14
4.135785175577249618e-14
1.666057033476687031e-14
4.280751270038429911e-15
3.819017617613804443e-17
3.623758943674916053e-17
4.063306068833214837e-15
1.584894989252447295e-14
3.948460366028878031e-14
8.354293912481346911e-14
1.636389501367085823e-13
3.069992282552107323e-13
5.597851909201579054e-13
9.978729103200112704e-13
1.740807961119747130e-12
2.965518708990299453e-12
4.909318963696977738e-12
7.839859614634332631e-12
1.195748677745921839e-11
1.720061712003695775e-11
2.298103296770597990e-11
2.800815651259077872e-11
3.050756990656947102e-11
2.906184132981215880e-11
2.373100210322461676e-11
1.639717171389823561e-11
9.633272853237128349e-12
5.017517452450549982e-12
2.548520017081200616e-12
1.406225455786006161e-12
8.574091571915766988e-13
5.336997028222094544e-13
3.219696187589493151e-13
2.037335794619781500e-13
1.671321438789986916e-13
2.037335794619859503e-13
3.219696187589327048e-13
5.336997028221659346e-13
8.574091571914849133e-13
1.406225455785934066e-12
2.548520017081033403e-12
5.017517452450449008e-12
9.633272853237170355e-12
1.639717171389871705e-11
2.373100210322502389e-11
2.906184132981295367e-11
3.050756990657043391e-11
2.800815651259180623e-11
2.298103296770724652e-11
1.720061712003792710e-11
1.195748677746013604e-11
7.839859614634799536e-12
4.909318963696990662e-12
2.965518708990355595e-12
1.740807961119961397e-12
9.978729103200981082e-13
5.597851909202462578e-13
3.069992282552215365e-13
1.636389501367116620e-13
8.354293912481387301e-14
3.948460366030727752e-14
1.584894989251992911e-14
4.063306068834949542e-15
3.623758943608140827e-17
3.399586324974002653e-17
3.813231172090194673e-15
1.490503595353739632e-14
3.726212955987196351e-14
7.922794755741886364e-14
1.561966452955576285e-13
2.954743360303926059e-13
5.443793419273421277e-13
9.828725207762993437e-13
1.741501261721097900e-12
3.022821174312223665e-12
5.117202859900284913e-12
8.388955750213193890e-12
1.318649392713903548e-11
1.961626786447602095e-11
2.716210871857808127e-11
3.430482339175498634e-11
3.859492509825913601e-11
3.770939663379702837e-11
3.123786093047903644e-11
2.156794956473094948e-11
1.242451970228873190e-11
6.238445718354574236e-12
3.066945241525186927e-12
1.700107991337720166e-12
1.078187679818426168e-12
6.986465633822121466e-13
4.302775903989982248e-13
2.727754545565929391e-13
2.231248071909335576e-13
2.727754545565650198e-13
4.302775903989341567e-13
6.986465633821082442e-13
1.078187679818294498e-12
1.700107991337583447e-12
3.066945241524927625e-12
6.238445718354491841e-12
1.242451970228879975e-11
2.156794956473125321e-11
3.123786093047977961e-11
3.770939663379797834e-11
3.859492509826044787e-11
3.430482339175681519e-11
2.716210871857894722e-11
1.961626786447710662e-11
1.318649392713997252e-11
8.388955750213819122e-12
5.117202859900364077e-12
3.022821174312287077e-12
1.741501261721285106e-12
9.828725207763520522e-13
5.443793419273859505e-13
2.954743360304428406e-13
1.561966452955714872e-13
7.922794755741363823e-14
3.726212955987840062e-14
1.490503595353746889e-14
3.813231172090474719e-15
3.399586324914308686e-17
3.150258937406166480e-17
3.534715123612040323e-15
1.384449541220553447e-14
3.472647347040393445e-14
7.418559689575127533e-14
1.471724709058064320e-13
2.806391377577405837e-13
5.222587157597534004e-13
9.547049993249432938e-13
1.717490596663697991e-12
3.036644548994701789e-12
5.255914263864123828e-12
8.846399438667457218e-12
1.433941588906557174e-11
2.208734294598283689e-11
3.176232578616384726e-11
4.169095765717841770e-11
4.861769856000398725e-11
4.890146869009374163e-11
4.123092816321094400e-11
2.850363115577639533e-11
1.608702205163340486e-11
7.751987033660508180e-12
3.690457245817121759e-12
2.094974209181953912e-12
1.416247969273834526e-12
9.675097919237938871e-13
6.086354384756668140e-13
3.844255848394080284e-13
3.124338204764978427e-13
3.844255848393403252e-13
6.086354384755550355e-13
9.675097919236561583e-13
1.416247969273712348e-12
2.094974209181757618e-12
3.690457245816939197e-12
7.751987033660450019e-12
1.608702205163340809e-11
2.850363115577660212e-11
4.123092816321190043e-11
4.890146869009581604e-11
4.861769856000577086e-11
4.169095765718095095e-11
3.176232578616492001e-11
2.208734294598401627e-11
1.433941588906668326e-11
8.846399438667953203e-12
5.255914263864308813e-12
3.036644548994908988e-12
1.717490596663787657e-12
9.547049993249622770e-13
5.222587157597936891e-13
2.806391377578163648e-13
1.471724709058102943e-13
7.418559689575034132e-14
3.472647347040349900e-14
1.384449541220896286e-14
3.534715123611794593e-15
3.150258937352564614e-17
2.880175924065116837e-17
3.232674283483365356e-15
1.268608261877142089e-14
3.192237191811362544e-14
6.850343645237383684e-14
1.367154272707118380e-13
2.627069445518645148e-13
4.936272930188751714e-13
9.132415397349585430e-13
1.667306232770786234e-12
3.001531035394411981e-12
5.309998564942826080e-12
9.175340799509554211e-12
1.534211535569428246e-11
2.449482386483380592e-11
3.665429713642487866e-11
5.015564897343590897e-11
6.086901323892601253e-11
6.331750519700790852e-11
5.458222189273866641e-11
3.790969828698105457e-11
2.097003801522996768e-11
9.668540557127343417e-12
4.500683489453415044e-12
2.722511473053668173e-12
2.033807954939089200e-12
1.487881421691021007e-12
9.575198319132563230e-13
5.990927112986073773e-13
4.817901070089172807e-13
5.990927112985933419e-13
9.575198319131702930e-13
1.487881421690974155e-12
2.033807954938998727e-12
2.722511473053529233e-12
4.500683489453393234e-12
9.668540557127357958e-12
2.097003801523020679e-11
3.790969828698166203e-11
5.458222189274007520e-11
6.331750519701104922e-11
6.086901323892837775e-11
5.015564897343906905e-11
3.665429713642648132e-11
2.449482386483493037e-11
1.534211535569574295e-11
9.175340799509922564e-12
5.309998564942897973e-12
3.001531035394752466e-12
1.667306232770823797e-12
9.132415397350132710e-13
4.936272930189136426e-13
2.627069445519239381e-13
1.367154272707184266e-13
6.850343645237165328e-14
3.192237191811541143e-14
1.268608261877449114e-14
3.232674283483219416e-15
2.880175924031572376e-17
2.594303254142752202e-17
2.912671517131855752e-15
1.145134114955658070e-14
2.890260982214714895e-14
6.228933814583738266e-14
1.250227757241182379e-13
2.420011515574209345e-13
4.589304753920612101e-13
8.588561920651370569e-13
1.590444848816185807e-12
2.913626663521599225e-12
5.265863578522473498e-12
9.338447907892030923e-12
1.610909318064102664e-11
2.667867995827067920e-11
4.161663463742292075e-11
5.954881322242322862e-11
7.554930953792310879e-11
8.173524405885971799e-11
7.248264598641808900e-11
5.085763678693274225e-11
2.764952765474877592e-11
1.220950738791042805e-11
5.718341302644860320e-12
3.916494306478708843e-12
3.329024134277655573e-12
2.631955203100880883e-12
1.738231013649762810e-12
1.076719778489380990e-12
8.556350346421751358e-13
1.076719778489429659e-12
1.738231013649763012e-12
2.631955203100995185e-12
3.329024134277661228e-12
3.916494306478792046e-12
5.718341302644953216e-12
1.220950738791042643e-11
2.764952765474949647e-11
5.085763678693420920e-11
7.248264598642099705e-11
8.173524405886283284e-11
7.554930953792667601e-11
5.954881322242653734e-11
4.161663463742530535e-11
2.667867995827195874e-11
1.610909318064201861e-11
9.338447907892761169e-12
5.265863578522466228e-12
2.913626663521950211e-12
1.590444848816225389e-12
8.588561920652538841e-13
4.589304753920739329e-13
2.420011515574448149e-13
1.250227757241371958e-13
6.228933814583903612e-14
2.890260982214658097e-14
1.145134114955963044e-14
2.912671517130876381e-15
2.594303254143777721e-17
2.298081476412042413e-17
2.580812954313122326e-15
1.016420749992265614e-14
2.572707971188562211e-14
5.566974106149819541e-14
1.123375734005140903e-13
2.189541556007078166e-13
4.188649020502268702e-13
7.924797374352607192e-13
1.487567478625525807e-12
2.771288133515639549e-12
5.113385574110837544e-12
9.301456131072475872e-12
1.654920526638635626e-11
2.844065528639051150e-11
4.631406913480213093e-11
6.950478767434517447e-11
9.263237314879923347e-11
1.049392560965550467e-10
9.652986858979050727e-11
6.903300301123723701e-11
3.716999684909556438e-11
1.590186379380395640e-11
7.976740322067556661e-12
6.534083650973890514e-12
6.249622362561530375e-12
5.297208069953413394e-12
3.599040050756179202e-12
2.221486381836678849e-12
1.750392559304526817e-12
2.221486381836689350e-12
3.599040050756331471e-12
5.297208069953708238e-12
6.249622362561792100e-12
6.534083650974184551e-12
7.976740322067550199e-12
1.590186379380412765e-11
3.716999684909617184e-11
6.903300301124002875e-11
9.652986858979484996e-11
1.049392560965594281e-10
9.263237314880395099e-11
6.950478767434849612e-11
4.631406913480564645e-11
2.844065528639205277e-11
1.654920526638632394e-11
9.301456131073498538e-12
5.113385574111208321e-12
2.771288133515805955e-12
1.487567478625683125e-12
7.924797374353549281e-13
4.188649020502272741e-13
2.189541556007141527e-13
1.123375734005379707e-13
5.566974106150798991e-14
2.572707971188258657e-14
1.016420749992659886e-14
2.580812954311698826e-15
2.298081476442051483e-17
1.997315985209188251e-17
2.243624605600156225e-15
8.850522894106497845e-15
2.246155430221354757e-14
4.878710631750057620e-14
9.894415460565870344e-14
1.941011709176592524e-13
3.743762361651269014e-13
7.156275332869300771e-13
1.360649892302469675e-12
2.575637725947238950e-12
4.847610635951415854e-12
9.037592733967921447e-12
1.657484647357081707e-11
2.955616101178819586e-11
5.029094802716877261e-11
7.935927399883006173e-11
1.116522375991548891e-10
1.334786293570179937e-10
1.287409447732553271e-10
9.513231618074499120e-11
5.158952190200635724e-11
2.215926151315123903e-11
1.326104058536068126e-11
1.295776525677973599e-11
1.304670910455573573e-11
1.154967333500210267e-11
8.055408136161607268e-12
4.994774969039414635e-12
3.924402875400940827e-12
4.994774969039618199e-12
8.055408136162287430e-12
1.154967333500268105e-11
1.304670910455636258e-11
1.295776525678007042e-11
1.326104058536029352e-11
2.215926151315138766e-11
5.158952190200708748e-11
9.513231618074938560e-11
1.287409447732607813e-10
1.334786293570259812e-10
1.116522375991602787e-10
7.935927399883335753e-11
5.029094802717307007e-11
2.955616101178955296e-11
1.657484647357052304e-11
9.037592733968805173e-12
4.847610635952054818e-12
2.575637725947293072e-12
1.360649892302702926e-12
7.156275332869711736e-13
3.743762361651261441e-13
1.941011709176694256e-13
9.894415460567950413e-14
4.878710631750855316e-14
2.246155430221485077e-14
8.850522894110142382e-15
2.243624605599333443e-15
1.997315985253578625e-17
1.698052183453214026e-17
1.907911501920150947e-15
7.537463400985750521e-15
1.917619596500416777e-14
4.179661759604699196e-14
8.516156111530824336e-14
1.680686569406124235e-13
3.266433265254163293e-13
6.303947045679468979e-13
1.213061977153743461e-12
2.330992783424555782e-12
4.470356543283618134e-12
8.532496350510402908e-12
1.611444255570225397e-11
2.979795017557894885e-11
5.299125207290877350e-11
8.808840376882294791e-11
1.314149981704092792e-10
1.671532080581959588e-10
1.712580016550762911e-10
1.333194859425253055e-10
7.506671928304343908e-11
3.489123233639364541e-11
2.830150984475661130e-11
3.066532866789749263e-11
2.924386123355858178e-11
2.588454275967180836e-11
1.835705565368478595e-11
1.149191164663919485e-11
9.050014303940847356e-12
1.149191164663987178e-11
1.835705565368623675e-11
2.588454275967270986e-11
2.924386123355938311e-11
3.066532866789662668e-11
2.830150984475514758e-11
3.489123233639328352e-11
7.506671928304642469e-11
1.333194859425319488e-10
1.712580016550845630e-10
1.671532080582074618e-10
1.314149981704168789e-10
8.808840376882686409e-11
5.299125207291291587e-11
2.979795017557982127e-11
1.611444255570260294e-11
8.532496350510910202e-12
4.470356543284065652e-12
2.330992783424709263e-12
1.213061977153893307e-12
6.303947045679868837e-13
3.266433265254013851e-13
1.680686569406227734e-13
8.516156111532443709e-14
4.179661759604932698e-14
1.917619596501012209e-14
7.537463400987170470e-15
1.907911501919302527e-15
1.698052183501023003e-17
1.406438617899243266e-17
1.580602838575739411e-15
6.252902480297183474e-15
1.594383990243512129e-14
3.486220315408636121e-14
7.133503831062815487e-14
1.415573886414120941e-13
2.770479395855310245e-13
5.394138273278521519e-13
1.049555181988796352e-12
2.045093333697448332e-12
3.991472142147934503e-12
7.788999291486310219e-12
1.512717949977913701e-11
2.897229809980506625e-11
5.381865068148853264e-11
9.432057847630172610e-11
1.497075570960829971e-10
2.041309749099001509e-10
2.252601300527010114e-10
1.891503497653908431e-10
1.153903117426182684e-10
6.399884439243083582e-11
7.449169026257014453e-11
8.336808714871569347e-11
6.876683746508712206e-11
5.713688823070143152e-11
4.047316797730428056e-11
2.562660252591432106e-11
2.032071110974884130e-11
2.562660252591512562e-11
4.047316797730547610e-11
5.713688823070242672e-11
6.876683746508778122e-11
8.336808714871232012e-11
7.449169026256714600e-11
6.399884439243121063e-11
1.153903117426241750e-10
1.891503497654008210e-10
2.252601300527145048e-10
2.041309749099131790e-10
1.497075570960927165e-10
9.432057847630740004e-11
5.381865068149158287e-11
2.897229809980592574e-11
1.512717949978038101e-11
7.788999291486468547e-12
3.991472142148258429e-12
2.045093333697606659e-12
1.049555181988889450e-12
5.394138273279125344e-13
2.770479395855096180e-13
1.415573886414145175e-13
7.133503831063852997e-14
3.486220315408812826e-14
1.594383990244143218e-14
6.252902480297107743e-15
1.580602838574420239e-15
1.406438617935602666e-17
1.128581737711528686e-17
1.268587282779350109e-15
5.024723848708330421e-15
1.283809992708763135e-14
2.815199596530490563e-14
5.782583251298342055e-14
1.153205570254622609e-13
2.271302420287586949e-13
4.457728519018837721e-13
8.761428429853940726e-13
1.729059238653041578e-12
3.429493228845199165e-12
6.830929856858260451e-12
1.361782846527187442e-11
2.696481236341492177e-11
5.224415198472178469e-11
9.648442820152213152e-11
1.631889795140224075e-10
2.398264435667575137e-10
2.884595214294527156e-10
2.672873974737024311e-10
1.841676559064737252e-10
1.293906251113943685e-10
1.942147029732634043e-10
2.193801758457670510e-10
1.592810973773113002e-10
1.182211697540659399e-10
8.212997038707662195e-11
5.259972810352403436e-11
4.216802929418128644e-11
5.259972810352380818e-11
8.212997038707557505e-11
1.182211697540666120e-10
1.592810973773123858e-10
2.193801758457638715e-10
1.942147029732604058e-10
1.293906251113964623e-10
1.841676559064805236e-10
2.672873974737159245e-10
2.884595214294725162e-10
2.398264435667717826e-10
1.631889795140319459e-10
9.648442820152794764e-11
5.224415198472385911e-11
2.696481236341644366e-11
1.361782846527328160e-11
6.830929856858480978e-12
3.429493228845577213e-12
1.729059238653142957e-12
8.761428429855155445e-13
4.457728519019337038e-13
2.271302420287666466e-13
1.153205570254511032e-13
5.782583251298348366e-14
2.815199596530815259e-14
1.283809992709236452e-14
5.024723848708376175e-15
1.268587282778890401e-15
1.128581737718855694e-17
8.703965111069981696e-18
9.785432638676823934e-16
3.880105253256502147e-15
9.931357708203517731e-15
2.183338324278546786e-14
4.499964704764209119e-14
9.013764318112595667e-14
1.785313536112721850e-13
3.528942268078926305e-13
6.998672005281937213e-13
1.397028262916221454e-12
2.811460400974678110e-12
5.704997446526859820e-12
1.164857296145538520e-11
2.378824125075009806e-11
4.795430005121711123e-11
9.313976012175589843e-11
1.677496548059716852e-10
2.662091636540839889e-10
3.513064977201840639e-10
3.644330516340982389e-10
2.901036641432263300e-10
2.560794873264193029e-10
4.146109212283454686e-10
4.624448149089331035e-10
3.178780756631784065e-10
2.135642016799867166e-10
1.453096479632235925e-10
9.407106413719777736e-11
7.631534189818965436e-11
9.407106413719508902e-11
1.453096479632195859e-10
2.135642016799867166e-10
3.178780756631832662e-10
4.624448149089404447e-10
4.146109212283504834e-10
2.560794873264226633e-10
2.901036641432374970e-10
3.644330516341184014e-10
3.513064977202092929e-10
2.662091636541024453e-10
1.677496548059813270e-10
9.313976012175968537e-11
4.795430005121906286e-11
2.378824125075207231e-11
1.164857296145617360e-11
5.704997446527208787e-12
2.811460400975040002e-12
1.397028262916378772e-12
6.998672005282743997e-13
3.528942268079013143e-13
1.785313536113127008e-13
9.013764318110736479e-14
4.499964704763502300e-14
2.183338324278745895e-14
9.931357708206149371e-15
3.880105253257399871e-15
9.785432638682909995e-16
8.703965110900492158e-18
6.374574157908643524e-18
7.167694331982267166e-16
2.844796259281971588e-15
7.292704406681338247e-15
1.606782942625509340e-14
3.321421531167093166e-14
6.678516911347163708e-14
1.329254091205804639e-13
2.643799089983864731e-13
5.284580738583133949e-13
1.065459155372785364e-12
2.171740590052486034e-12
4.479921711330612928e-12
9.344282982868237250e-12
1.962016786371617721e-11
4.101092439230866748e-11
8.347570336043477533e-11
1.595821477906075569e-10
2.727980640436968995e-10
3.945184602272461739e-10
4.581357501482260836e-10
4.180355800010487546e-10
4.363513451191336975e-10
6.766854408380868040e-10
7.222527992620177120e-10
4.909885611610722460e-10
3.151869545393198582e-10
2.138023680167949955e-10
1.397528653095982986e-10
1.143464405258487817e-10
1.397528653095933355e-10
2.138023680167891277e-10
3.151869545393179453e-10
4.909885611610823789e-10
7.222527992620480075e-10
6.766854408381221660e-10
4.363513451191546872e-10
4.180355800010745523e-10
4.581357501482569995e-10
3.945184602272744014e-10
2.727980640437155628e-10
1.595821477906168627e-10
8.347570336043845887e-11
4.101092439231038647e-11
1.962016786371777341e-11
9.344282982868823709e-12
4.479921711330729251e-12
2.171740590052734027e-12
1.065459155372998218e-12
5.284580738583039034e-13
2.643799089983688026e-13
1.329254091206176982e-13
6.678516911346310476e-14
3.321421531166253187e-14
1.606782942625571503e-14
7.292704406681049524e-15
2.844796259283454646e-15
7.167694331987814830e-16
6.374574157693546423e-18
4.348545009159815258e-18
4.890206910269908762e-16
1.942414548361911705e-15
4.985909432585131009e-15
1.100567956883323081e-14
2.280653317448170859e-14
4.600572779279158175e-14
9.194463052227572172e-14
1.838306101715654470e-13
3.699007528988993375e-13
7.521250182609330972e-13
1.549820669872958202e-12
3.242288384804458893e-12
6.888108270602870264e-12
1.481631073628494956e-11
3.197164807288712493e-11
6.785461560721563118e-11
1.369082505674362648e-10
2.504210109496388613e-10
3.932790092549369107e-10
5.035637693421450254e-10
5.090791576333756195e-10
5.803594120770464937e-10
8.320218577788013701e-10
8.359159664556862561e-10
5.685017416686996232e-10
3.669519304572383778e-10
2.537105580673170643e-10
1.671677973764640535e-10
1.372453232698649469e-10
1.671677973764582374e-10
2.537105580673104468e-10
3.669519304572352241e-10
5.685017416687105834e-10
8.359159664557244098e-10
8.320218577788663038e-10
5.803594120771050167e-10
5.090791576334207008e-10
5.035637693421825587e-10
3.932790092549644145e-10
2.504210109496527683e-10
1.369082505674424428e-10
6.785461560722078813e-11
3.197164807288844325e-11
1.481631073628556348e-11
6.888108270603245080e-12
3.242288384804515439e-12
1.549820669873062407e-12
7.521250182611123264e-13
3.699007528988821214e-13
1.838306101715423492e-13
9.194463052229811275e-14
4.600572779279187836e-14
2.280653317447498434e-14
1.100567956883332705e-14
4.985909432583978483e-15
1.942414548362136925e-15
4.890206910273857997e-16
4.348545009004022933e-18
2.670592993989717119e-18
3.003552634600745154e-16
1.193785179984675291e-15
3.067494468917873011e-15
6.781160345495369018e-15
1.408035261118981488e-14
2.847690434082091482e-14
5.710178807259812214e-14
1.146508248848189547e-13
2.319429538251265060e-13
4.748667980204059848e-13
9.872021244987985128e-13
2.089144891189444965e-12
4.505761811908306373e-12
9.887448727153626836e-12
2.191096245212028683e-11
4.817458153103180200e-11
1.017774245409421503e-10
1.971607062174521358e-10
3.312273063690311064e-10
4.563563457441030555e-10
4.897718927043146026e-10
5.703678503662586214e-10
7.652093548433621929e-10
7.313161395169325023e-10
4.976998140333204961e-10
3.324272869879177867e-10
2.371014458894673785e-10
1.571493770601937172e-10
1.289790770388283301e-10
1.571493770601913390e-10
2.371014458894658275e-10
3.324272869879230600e-10
4.976998140333457251e-10
7.313161395169708628e-10
7.652093548434114101e-10
5.703678503663082522e-10
4.897718927043602009e-10
4.563563457441354707e-10
3.312273063690521478e-10
1.971607062174634061e-10
1.017774245409460277e-10
4.817458153103603484e-11
2.191096245212157930e-11
9.887448727153843325e-12
4.505761811908230440e-12
2.089144891189680033e-12
9.872021244988211310e-13
4.748667980205036269e-13
2.319429538251276673e-13
1.146508248848118613e-13
5.710178807261211968e-14
2.847690434082008178e-14
1.408035261118428181e-14
6.781160345495058996e-15
3.067494468918072987e-15
1.193785179983724910e-15
3.003552634602776964e-16
2.670592993917209323e-18
1.378050480586739890e-18
1.549979850475732648e-16
6.163469556402746176e-16
1.584988274924605664e-15
3.507799852927285672e-15
7.294550522961351574e-15
1.478183032584248034e-14
2.971493615147722401e-14
5.985364218961899365e-14
1.215804591786045181e-13
2.502183194445367254e-13
5.236908494097358995e-13
1.118007187148843444e-12
2.439275026805101602e-12
5.435706215673620898e-12
1.229673486048908095e-11
2.779329516013392777e-11
6.088061639225797184e-11
1.232991176741864538e-10
2.175739400673369005e-10
3.140967141115189226e-10
3.450598224896484869e-10
3.950201421060857983e-10
5.086831550662146064e-10
4.745367562958680926e-10
3.242282898992224756e-10
2.251161883174724009e-10
1.651310797232805094e-10
1.098454085338639177e-10
9.002234851481489358e-11
1.098454085338691910e-10
1.651310797232901254e-10
2.251161883174887894e-10
3.242282898992541669e-10
4.745367562959051089e-10
5.086831550662410761e-10
3.950201421061030657e-10
3.450598224896743880e-10
3.140967141115371206e-10
2.175739400673501870e-10
1.232991176741951650e-10
6.088061639226146151e-11
2.779329516013533979e-11
1.229673486049006645e-11
5.435706215674015909e-12
2.439275026805121393e-12
1.118007187149002377e-12
5.236908494097844681e-13
2.502183194445513667e-13
1.215804591785952790e-13
5.985364218964100602e-14
2.971493615147984303e-14
1.478183032584095626e-14
7.294550522955791683e-15
3.507799852927113306e-15
1.584988274925318991e-15
6.163469556399885569e-16
1.549979850473132858e-16
1.378050480582681956e-18
5.869320989055914063e-19
6.601956242957466782e-17
2.626156802349140552e-16
6.757198670866106435e-16
1.496664998493145543e-15
3.115702963098373856e-15
6.322574937980271935e-15
1.273269661130103064e-14
2.570576458208195913e-14
5.236875315015691454e-14
1.081816667394550919e-13
2.275156605074151986e-13
4.887947989071246979e-13
1.075407592503424058e-12
2.423399888142669545e-12
5.565657671899342359e-12
1.283885160250015550e-11
2.889090803243957499e-11
6.045968233348210433e-11
1.103477446652269354e-10
1.635999679725436429e-10
1.798920968341058787e-10
2.010717921027303106e-10
2.559068305130203018e-10
2.389435907066369475e-10
1.653468102890862179e-10
1.185333051122613515e-10
8.860098474476241302e-11
5.906583529356110251e-11
4.835216422976921751e-11
5.906583529356918044e-11
8.860098474477706962e-11
1.185333051122792909e-10
1.653468102891035887e-10
2.389435907066567482e-10
2.559068305130417051e-10
2.010717921027408830e-10
1.798920968341210523e-10
1.635999679725506222e-10
1.103477446652362670e-10
6.045968233348960065e-11
2.889090803244137475e-11
1.283885160249991478e-11
5.565657671899656590e-12
2.423399888142806062e-12
1.075407592503633276e-12
4.887947989070539150e-13
2.275156605074861835e-13
1.081816667394267182e-13
5.236875315014388887e-14
2.570576458210726578e-14
1.273269661129932986e-14
6.322574937979955601e-15
3.115702963095998990e-15
1.496664998492932156e-15
6.757198670868893086e-16
2.626156802354400775e-16
6.601956242910336041e-17
5.869320989290875590e-19
8.715729019787389257e-20
9.803922467992818949e-18
3.900486690137334354e-17
1.003879776701481978e-16
2.224364933616443303e-16
4.632979981701099460e-16
9.407806043112464947e-16
1.896210810195517946e-15
3.832402259638939252e-15
7.818405023706806987e-15
1.617991058972373672e-14
3.410658062689548959e-14
7.349657328445187741e-14
1.623503131738688793e-13
3.678217368771375781e-13
8.509187684485652362e-13
1.982368659091229690e-12
4.519604137885175979e-12
9.608409883677342911e-12
1.780796572694112032e-11
2.667060384735675533e-11
2.918481219536296319e-11
3.224480470017767054e-11
4.115451116196042052e-11
3.865882103475566398e-11
2.700705904309317365e-11
1.966412660644959569e-11
1.481594804907922093e-11
9.886224864335152529e-12
8.088860139146447682e-12
9.886224864337008838e-12
1.481594804908282692e-11
1.966412660645367343e-11
2.700705904309557118e-11
3.865882103475822307e-11
4.115451116196525435e-11
3.224480470018011330e-11
2.918481219536620729e-11
2.667060384735776992e-11
1.780796572694313981e-11
9.608409883679166908e-12
4.519604137885365810e-12
1.982368659091106905e-12
8.509187684485728092e-13
3.678217368771197561e-13
1.623503131739207296e-13
7.349657328441632187e-14
3.410658062691160129e-14
1.617991058971520125e-14
7.818405023704113816e-15
3.832402259643797057e-15
1.896210810195291149e-15
9.407806043112752881e-16
4.632979981700130148e-16
2.224364933615696843e-16
1.003879776701662430e-16
3.900486690153920771e-17
9.803922467878483422e-18
8.715729020435327461e-20
