0.000000000000000000e+00
0.000000000000000000e+00
0.000000000000000000e+00
0.000000000000000000e+00
0.000000000000000000e+00
0.000000000000000000e+00
0.000000000000000000e+00
0.000000000000000000e+00
0.000000000000000000e+00
0.000000000000000000e+00
0.000000000000000000e+00
0.000000000000000000e+00
0.000000000000000000e+00
0.000000000000000000e+00
0.000000000000000000e+00
0.000000000000000000e+00
0.000000000000000000e+00
0.000000000000000000e+00
0.000000000000000000e+00
0.000000000000000000e+00
0.000000000000000000e+00
0.000000000000000000e+00
0.000000000000000000e+00
0.000000000000000000e+00
0.000000000000000000e+00
0.000000000000000000e+00
0.000000000000000000e+00
0.000000000000000000e+00
0.000000000000000000e+00
0.000000000000000000e+00
0.000000000000000000e+00
0.000000000000000000e+00
0.000000000000000000e+00
0.000000000000000000e+00
0.000000000000000000e+00
0.000000000000000000e+00
0.000000000000000000e+00
0.000000000000000000e+00
0.000000000000000000e+00
0.000000000000000000e+00
0.000000000000000000e+00
0.000000000000000000e+00
0.000000000000000000e+00
0.000000000000000000e+00
0.000000000000000000e+00
0.000000000000000000e+00
0.000000000000000000e+00
0.000000000000000000e+00
0.000000000000000000e+00
0.000000000000000000e+00
0.000000000000000000e+00
0.000000000000000000e+00
0.000000000000000000e+00
0.000000000000000000e+00
0.000000000000000000e+00
0.000000000000000000e+00
0.000000000000000000e+00
0.000000000000000000e+00
0.000000000000000000e+00
2.425793314511170947e-19
2.629263015644903849e-17
9.249675808795127450e-17
1.964894050698019357e-16
3.366563880847560057e-16
5.085915087095431417e-16
7.024524407668150631e-16
9.018960057841027444e-16
1.085216542246982866e-15
1.228826897753225986e-15
1.312355375402397292e-15
1.323769314478751220e-15
1.262627410714596003e-15
1.140144298473374129e-15
9.760276830936066185e-16
7.933525553094729897e-16
6.133705193965010457e-16
4.518608185214208086e-16
3.177196229016217900e-16
2.135309627119201507e-16
1.373053329760038806e-16
8.451007781038321740e-17
4.978079725913622142e-17
2.805477253088715686e-17
1.513969308338416460e-17
7.868647336426789103e-18
4.017435704064130069e-18
2.124110586249247726e-18
1.299164092269754263e-18
1.072792436665720002e-18
1.299164092378389423e-18
2.124110586360485973e-18
4.017435704056942499e-18
7.868647336389889826e-18
1.513969308317890053e-17
2.805477253082344402e-17
4.978079725948807803e-17
8.451007781011539913e-17
1.373053329758254501e-16
2.135309627115903082e-16
3.177196229022943433e-16
4.518608185211461864e-16
6.133705193952022848e-16
7.933525553103738689e-16
9.760276830929520611e-16
1.140144298472751324e-15
1.262627410715402416e-15
1.323769314479467506e-15
1.312355375405754881e-15
1.228826897749547724e-15
1.085216542244817837e-15
9.018960057844877085e-16
7.024524407660549956e-16
5.085915087071525974e-16
3.366563880842178547e-16
1.964894050696715271e-16
9.249675808832015325e-17
2.629263015709253020e-17
2.425793313176664237e-19
3.878703832329822662e-19
4.204033624141714639e-17
1.479266147879866678e-16
3.143417804196480391e-16
5.388230741420268781e-16
8.144722555017513182e-16
1.125696364865956749e-15
1.446450330286833775e-15
1.741990917171545302e-15
1.974394596743385049e-15
2.110712814183679066e-15
2.131242016186060189e-15
2.034855739872467297e-15
1.839240642667921436e-15
1.575912634228576985e-15
1.282003706248916154e-15
9.918694435273142146e-16
7.311343684336167953e-16
5.143392744815047263e-16
3.458074958169520941e-16
2.224272880438540621e-16
1.369307347592204028e-16
8.067074533145641508e-17
4.546708948685184447e-17
2.453701052668915504e-17
1.275270154898573846e-17
6.510926682474899536e-18
3.442478720066818504e-18
2.105578590694089393e-18
1.738732105747830112e-18
2.105578590776359728e-18
3.442478720125768909e-18
6.510926682500882642e-18
1.275270154906604203e-17
2.453701052665694733e-17
4.546708948690901223e-17
8.067074533158067300e-17
1.369307347588877993e-16
2.224272880441971180e-16
3.458074958166124401e-16
5.143392744816521447e-16
7.311343684336544634e-16
9.918694435270318024e-16
1.282003706248834704e-15
1.575912634229284791e-15
1.839240642666516475e-15
2.034855739873451006e-15
2.131242016187800811e-15
2.110712814186208548e-15
1.974394596743093170e-15
1.741990917169428197e-15
1.446450330286821350e-15
1.125696364868064783e-15
8.144722554990027296e-16
5.388230741414311895e-16
3.143417804188612983e-16
1.479266147886276173e-16
4.204033624166789939e-17
3.878703831455436986e-19
5.812180421926331495e-19
6.299666889829029128e-17
2.217330201847099857e-16
4.714144004660080416e-16
8.086194629615049399e-16
1.223347074736265836e-15
1.692563206610467476e-15
2.177442771457878488e-15
2.625846086877594441e-15
2.980475070038650996e-15
3.191102432370230489e-15
3.227138279041185451e-15
3.085920965183628363e-15
2.793377919349544764e-15
2.396731328141605773e-15
1.952156567866883804e-15
1.511995538388221615e-15
1.115556700075873756e-15
7.853633284001449197e-16
5.283409255353532091e-16
3.399902663472376872e-16
2.093753770198854543e-16
1.233791040931483148e-16
6.954777059727485304e-17
3.753461291647701781e-17
1.950769998331854066e-17
9.959089862445538083e-18
5.265215843413369239e-18
3.220293942296326584e-18
2.659199687265761980e-18
3.220293942367884126e-18
5.265215843435891835e-18
9.959089862485776153e-18
1.950769998336352422e-17
3.753461291657347454e-17
6.954777059742963001e-17
1.233791040933141975e-16
2.093753770195303189e-16
3.399902663474470311e-16
5.283409255352019451e-16
7.853633283999250248e-16
1.115556700075719336e-15
1.511995538387896407e-15
1.952156567866416010e-15
2.396731328142931060e-15
2.793377919346990432e-15
3.085920965184511888e-15
3.227138279044101081e-15
3.191102432372835702e-15
2.980475070039966027e-15
2.625846086875530780e-15
2.177442771457863499e-15
1.692563206612080697e-15
1.223347074733914242e-15
8.086194629603969847e-16
4.714144004657226712e-16
2.217330201854207494e-16
6.299666889817329334e-17
5.812180421312963252e-19
7.738487948469020845e-19
8.387509878517539565e-17
2.953460781364058668e-16
6.283571644800727586e-16
1.078856294841013189e-15
1.634158844582019608e-15
2.264225905066724283e-15
2.917759686851197367e-15
3.525214100042016701e-15
4.009436458667410970e-15
4.301955258193052822e-15
4.360029583031110511e-15
4.178252191643997173e-15
3.790016925089036920e-15
3.258150875690406470e-15
2.658432694349063928e-15
2.062176632519178914e-15
1.523456205359885446e-15
1.073671134071603744e-15
7.229088856427849186e-16
4.655021067033581515e-16
2.868105784309955605e-16
1.690684362180882981e-16
9.532284133903670398e-17
5.144971526185690957e-17
2.673895154092802719e-17
1.364917556302455537e-17
7.214904443293262445e-18
4.412080782395779055e-18
3.643099930729655038e-18
4.412080782372936755e-18
7.214904443228589718e-18
1.364917556299567874e-17
2.673895154090574186e-17
5.144971526207933137e-17
9.532284133921824060e-17
1.690684362183119895e-16
2.868105784306600974e-16
4.655021067032967190e-16
7.229088856429433810e-16
1.073671134070954709e-15
1.523456205359219648e-15
2.062176632518521004e-15
2.658432694348725506e-15
3.258150875691310899e-15
3.790016925087593305e-15
4.178252191643982185e-15
4.360029583034056117e-15
4.301955258194582424e-15
4.009436458668890873e-15
3.525214100039964873e-15
2.917759686851747203e-15
2.264225905064687444e-15
1.634158844582362368e-15
1.078856294839637415e-15
6.283571644802863426e-16
2.953460781368038471e-16
8.387509878488239546e-17
7.738487947793674250e-19
9.655038374984390910e-19
1.046474858779527912e-16
3.686928569934453547e-16
7.851067244386207936e-16
1.349644202637126911e-15
2.047502729205266954e-15
2.842236124153531462e-15
3.670510944889155958e-15
4.445395225181612432e-15
5.069268561907387469e-15
5.454129454876941090e-15
5.543362158531421649e-15
5.327125918594562445e-15
4.845160489230916564e-15
4.175693438320425191e-15
3.414828302688367584e-15
2.654191134185456975e-15
1.964120942840009978e-15
1.386153733417094950e-15
9.343403886592978004e-16
6.021698177563046694e-16
3.712593273722953162e-16
2.189518165075857223e-16
1.234836076062973091e-16
6.665694687220866738e-17
3.464067573816620975e-17
1.767956507479392353e-17
9.343011586709979145e-18
5.712127130254201000e-18
4.716091831108570216e-18
5.712127130217321753e-18
9.343011586631293351e-18
1.767956507470182710e-17
3.464067573803241770e-17
6.665694687225583880e-17
1.234836076063919970e-16
2.189518165078333753e-16
3.712593273719749400e-16
6.021698177563733003e-16
9.343403886596565349e-16
1.386153733416726749e-15
1.964120942839304736e-15
2.654191134184892940e-15
3.414828302688385333e-15
4.175693438323217759e-15
4.845160489230432993e-15
5.327125918594209035e-15
5.543362158532414825e-15
5.454129454878034451e-15
5.069268561909068532e-15
4.445395225181568256e-15
3.670510944889439159e-15
2.842236124149569014e-15
2.047502729206633656e-15
1.349644202636290127e-15
7.851067244387403060e-16
3.686928569937965457e-16
1.046474858778261914e-16
9.655038374089484450e-19
1.155907263759323535e-18
1.252838184404482831e-16
4.416930777907070988e-16
9.415821954723925970e-16
1.621061730044324163e-15
2.463927940991428711e-15
3.428099831650167504e-15
4.438798759014893864e-15
5.391788349335820432e-15
6.168260328356531868e-15
6.659082051469350221e-15
6.791550190858968997e-15
6.549160647829422386e-15
5.976451998809221514e-15
5.166678058180431705e-15
4.237122771253016412e-15
3.301435316754051861e-15
2.448192162364842148e-15
1.730753993971489898e-15
1.168230211196194376e-15
7.537260583293304975e-16
4.650861041136218267e-16
2.744521938987236527e-16
1.548429374230373804e-16
8.359709279429087009e-17
4.344109579251306932e-17
2.216559105060069227e-17
1.170977951891872943e-17
7.156962042420756168e-18
5.908257131930284724e-18
7.156962042461716846e-18
1.170977951897797412e-17
2.216559105067445693e-17
4.344109579239487577e-17
8.359709279412062405e-17
1.548429374227827262e-16
2.744521938988120051e-16
4.650861041138629223e-16
7.537260583291587231e-16
1.168230211196208970e-15
1.730753993971521847e-15
2.448192162364921429e-15
3.301435316753724483e-15
4.237122771253468429e-15
5.166678058184151973e-15
5.976451998809251490e-15
6.549160647828948280e-15
6.791550190859454147e-15
6.659082051472564040e-15
6.168260328357300219e-15
5.391788349338538058e-15
4.438798759014917530e-15
3.428099831647626584e-15
2.463927940990973539e-15
1.621061730043387193e-15
9.415821954724219821e-16
4.416930777906595206e-16
1.252838184407977731e-16
1.155907263659070022e-18
1.344761686967894526e-18
1.457517357330537639e-16
5.142571926085396786e-16
1.097680373956999717e-15
1.893146016062625551e-15
2.883922974844545875e-15
4.023259097620363990e-15
5.225704234976620253e-15
6.369899826179458737e-15
7.315058745727950999e-15
7.929011608215983510e-15
8.120231966325913717e-15
7.862699329512317383e-15
7.203670676273167506e-15
6.250788984515591419e-15
5.143464446724289160e-15
4.019471540688875480e-15
2.988134722271346537e-15
2.116840469671178530e-15
1.431216899559060062e-15
9.246242131683411574e-16
5.711265468254410009e-16
3.372838149234265868e-16
1.903832089873446923e-16
1.028034128030015634e-16
5.341594602264825673e-17
2.724613233782325619e-17
1.438741187624591218e-17
8.790155415615229068e-18
7.255393305104283620e-18
8.790155415578514680e-18
1.438741187625490704e-17
2.724613233805135408e-17
5.341594602265964591e-17
1.028034128029033255e-16
1.903832089870543915e-16
3.372838149233109200e-16
5.711265468262529360e-16
9.246242131678506832e-16
1.431216899558711780e-15
2.116840469671003403e-15
2.988134722272198901e-15
4.019471540689669863e-15
5.143464446725491384e-15
6.250788984517477585e-15
7.203670676274098362e-15
7.862699329512210098e-15
8.120231966327576635e-15
7.929011608219593338e-15
7.315058745727348309e-15
6.369899826184550834e-15
5.225704234975956821e-15
4.023259097619503343e-15
2.883922974841291824e-15
1.893146016062006690e-15
1.097680373956970135e-15
5.142571926080265246e-16
1.457517357336070265e-16
1.344761686887506210e-18
1.531743832689560193e-18
1.660160485497325035e-16
5.862844231824591745e-16
1.253270733299429488e-15
2.165882699619727934e-15
3.307898770549777473e-15
4.629069439253073562e-15
6.034266032695455731e-15
7.385340995650599656e-15
8.518715427282422046e-15
9.276993606500730802e-15
9.546532756358186193e-15
9.288221733988558608e-15
8.549285227982177225e-15
7.450729039413943062e-15
6.155059308968467729e-15
4.826684455929669970e-15
3.598808658461740210e-15
2.555667766875478918e-15
1.731329703515560327e-15
1.120285377888608414e-15
6.928541408395074038e-16
4.095583598675107050e-16
2.313194037751350695e-16
1.249363351055975460e-16
6.490611421014130946e-17
3.309207556315286850e-17
1.746416452907691017e-17
1.066463151838752214e-17
8.800869368264169442e-18
1.066463151834721011e-17
1.746416452901916308e-17
3.309207556322798285e-17
6.490611420996062334e-17
1.249363351053537633e-16
2.313194037753536333e-16
4.095583598674353687e-16
6.928541408399901867e-16
1.120285377888322649e-15
1.731329703515423854e-15
2.555667766875257642e-15
3.598808658462984243e-15
4.826684455930761754e-15
6.155059308971940295e-15
7.450729039414302782e-15
8.549285227981983166e-15
9.288221733990838416e-15
9.546532756359973752e-15
9.276993606501786298e-15
8.518715427283692112e-15
7.385340995654709622e-15
6.034266032694664504e-15
4.629069439252698064e-15
3.307898770545827646e-15
2.165882699618734364e-15
1.253270733299401089e-15
5.862844231822105847e-16
1.660160485498749668e-16
1.531743832657727267e-18
1.716500131791830671e-18
1.860382610778226560e-16
6.576607681812138151e-16
1.408190195422221505e-15
2.439194972211158178e-15
3.736169510081641005e-15
5.246771908236467042e-15
6.867449412485990328e-15
8.443811359427548874e-15
9.788716718974688326e-15
1.071710439433380119e-14
1.108933277203842622e-14
1.084879093354446165e-14
1.003907879821528350e-14
8.792980645152046857e-15
7.296993062912931718e-15
5.745079920951030866e-15
4.298176584447880773e-15
3.060954862120352488e-15
2.078431062662205913e-15
1.347418630275278497e-15
8.346001385669392732e-16
4.939271392958039302e-16
2.791844635902753069e-16
1.508304440634164556e-16
7.834137902194851164e-17
3.991764662670095965e-17
2.104988252191318859e-17
1.284587212275711234e-17
1.059822523446885100e-17
1.284587212282607912e-17
2.104988252197161360e-17
3.991764662655418222e-17
7.834137902171934755e-17
1.508304440630203488e-16
2.791844635905664952e-16
4.939271392958567839e-16
8.346001385669911408e-16
1.347418630275129403e-15
2.078431062662161736e-15
3.060954862120394298e-15
4.298176584449523970e-15
5.745079920951424508e-15
7.296993062917595464e-15
8.792980645150601664e-15
1.003907879821546336e-14
1.084879093354739621e-14
1.108933277203946278e-14
1.071710439433430448e-14
9.788716718978981307e-15
8.443811359426600664e-15
6.867449412485386849e-15
5.246771908237047644e-15
3.736169510078981755e-15
2.439194972209622266e-15
1.408190195421575823e-15
6.576607681809948076e-16
1.860382610776550230e-16
1.716500131802633598e-18
1.898642363047167209e-18
2.057760995284826268e-16
7.282569959317687513e-16
1.562237698533239897e-15
2.712931753722512899e-15
4.168930832542059627e-15
5.877459191792952259e-15
7.728103903925814788e-15
9.551064046043193897e-15
1.113499221453329284e-14
1.226452787017682960e-14
1.276953646597083639e-14
1.257053650551152027e-14
1.170285833492732591e-14
1.030870011199837206e-14
8.599223300519039247e-15
6.801269931950779051e-15
5.108191507647676347e-15
3.649622984438726831e-15
2.484790944046503942e-15
1.614444641947154654e-15
1.001850162772068531e-15
5.937761879296472277e-16
3.359477572713807885e-16
1.815599533391831259e-16
9.427335687390243667e-17
4.799596112392526420e-17
2.528347474841424083e-17
1.541618113801338906e-17
1.271461652712462531e-17
1.541618113795903470e-17
2.528347474838851041e-17
4.799596112380025440e-17
9.427335687398225953e-17
1.815599533391239613e-16
3.359477572715215016e-16
5.937761879299882128e-16
1.001850162772160236e-15
1.614444641947083262e-15
2.484790944046739811e-15
3.649622984438942190e-15
5.108191507648875415e-15
6.801269931951899233e-15
8.599223300522737427e-15
1.030870011199643777e-14
1.170285833493071486e-14
1.257053650551356342e-14
1.276953646596980456e-14
1.226452787017871182e-14
1.113499221453755585e-14
9.551064046039374232e-15
7.728103903925377759e-15
5.877459191793636990e-15
4.168930832539502140e-15
2.712931753722150812e-15
1.562237698532409029e-15
7.282569959312641762e-16
2.057760995285927222e-16
1.898642363045664984e-18
2.077743414135851286e-18
2.251830551055492291e-16
7.979266486220073603e-16
1.715168607487136120e-15
2.986855022596758417e-15
4.606235344957566907e-15
6.522035108312002401e-15
8.618907844454796788e-15
1.071284984889422739e-14
1.256789549038011163e-14
1.393563704164207385e-14
1.461033670648849423e-14
1.448317467642942757e-14
1.357526112949895995e-14
1.203477407380378688e-14
1.009778594241287178e-14
8.027698095018806656e-15
6.055923147410826204e-15
4.342748982341144318e-15
2.965843367558261987e-15
1.932065626989197432e-15
1.201651983411483564e-15
7.134995478237514148e-16
4.041831528506784684e-16
2.185320543721102033e-16
1.134222863798286665e-16
5.768078239508473110e-17
3.034309217201375584e-17
1.848030076435488130e-17
1.523527610356401110e-17
1.848030076425552180e-17
3.034309217191858100e-17
5.768078239513637684e-17
1.134222863800081816e-16
2.185320543725748917e-16
4.041831528508566524e-16
7.134995478243030258e-16
1.201651983411319876e-15
1.932065626989349288e-15
2.965843367558939619e-15
4.342748982341587657e-15
6.055923147410940589e-15
8.027698095020707810e-15
1.009778594241475085e-14
1.203477407380364646e-14
1.357526112950335075e-14
1.448317467642799499e-14
1.461033670648693544e-14
1.393563704164559532e-14
1.256789549038506725e-14
1.071284984889101357e-14
8.618907844456555948e-15
6.522035108310794655e-15
4.606235344955717817e-15
2.986855022595648096e-15
1.715168607487188580e-15
7.979266486218751275e-16
2.251830551059347356e-16
2.077743414132826035e-18
2.253333250636927878e-18
2.442079510975713185e-16
8.665040938836659047e-16
1.866689041399771102e-15
3.260626396094230294e-15
5.047965424564282833e-15
7.181167032345081954e-15
9.542298106698733085e-15
1.193483580683219774e-14
1.409814968798422825e-14
1.574804011721282681e-14
1.663746373112997983e-14
1.662056208922714434e-14
1.569667004710590946e-14
1.401507032892150794e-14
1.183626938953571065e-14
9.464174788998912675e-15
7.174999165778428405e-15
5.166810236569504240e-15
3.541195891054617874e-15
2.314044019417006641e-15
1.443185853926957914e-15
8.588891106420738114e-16
4.873119262731424895e-16
2.636224812001218821e-16
1.367446712538352213e-16
6.943751495104536693e-17
3.646025996960767408e-17
2.217298669608535123e-17
1.826945082324247666e-17
2.217298669621967329e-17
3.646025996982343986e-17
6.943751495139840684e-17
1.367446712540276047e-16
2.636224812005974666e-16
4.873119262729543462e-16
8.588891106424824414e-16
1.443185853926490514e-15
2.314044019417065411e-15
3.541195891055308128e-15
5.166810236569229717e-15
7.174999165778560934e-15
9.464174788999696803e-15
1.183626938953612085e-14
1.401507032892218636e-14
1.569667004710809303e-14
1.662056208922147085e-14
1.663746373113423652e-14
1.574804011721581186e-14
1.409814968798963984e-14
1.193483580683261426e-14
9.542298106697600281e-15
7.181167032344495042e-15
5.047965424563130308e-15
3.260626396091740255e-15
1.866689041399823167e-15
8.665040938836837527e-16
2.442079510980861489e-16
2.253333250695896772e-18
2.424895203281379689e-18
2.627945460909736745e-16
9.338026698185381489e-16
2.016450223575963891e-15
3.533793129012810398e-15
5.493803449203596422e-15
7.855230990993929504e-15
1.050038349488004641e-14
1.322249406924633656e-14
1.573674932880556450e-14
1.772057786180071632e-14
1.887940411228982253e-14
1.902127477017450222e-14
1.811424626252928718e-14
1.630191839265742068e-14
1.386762079141210615e-14
1.115981001028065560e-14
8.507462543440388791e-15
6.155325576131362796e-15
4.235992681140236849e-15
2.778281459561926989e-15
1.738574776989644165e-15
1.037699789266853105e-15
5.899595081242586834e-16
3.193755229207783009e-16
1.655326601946081535e-16
8.388814215358707441e-17
4.393995535862335433e-17
2.666955976399638716e-17
2.195860489253429420e-17
2.666955976421928967e-17
4.393995535898614406e-17
8.388814215390784497e-17
1.655326601947414217e-16
3.193755229211480794e-16
5.899595081241709226e-16
1.037699789267145772e-15
1.738574776989033586e-15
2.778281459561776317e-15
4.235992681141654432e-15
6.155325576130037510e-15
8.507462543440675937e-15
1.115981001028235481e-14
1.386762079140876138e-14
1.630191839265981882e-14
1.811424626253047994e-14
1.902127477017026761e-14
1.887940411229669824e-14
1.772057786180029664e-14
1.573674932880979595e-14
1.322249406924825981e-14
1.050038349487577078e-14
7.855230990995324210e-15
5.493803449202425753e-15
3.533793129011953301e-15
2.016450223575638092e-15
9.338026698182971519e-16
2.627945460915036904e-16
2.424895203399396054e-18
2.591862703946211894e-18
2.808811874145921240e-16
9.996129796253817321e-16
2.164042990394195580e-15
3.805773778873963005e-15
5.943199757870098493e-15
8.544249443337713928e-15
1.149484057111177592e-14
1.458095670765228603e-14
1.749480852623805512e-14
1.987325558662053311e-14
2.136756904062281871e-14
2.172919666958139605e-14
2.088308337571342638e-14
1.895785712355205734e-14
1.625636152972724530e-14
1.317545597893280023e-14
1.010617990499764100e-14
7.351036779799731310e-15
5.082775582527881240e-15
3.348333788709417866e-15
2.104052213490808053e-15
1.260480780611124411e-15
7.184868990896538565e-16
3.893033358768835101e-16
2.015622463875163583e-16
1.018774790100359438e-16
5.318969916897991493e-17
3.220094604437412396e-17
2.648803817985710580e-17
3.220094604408837142e-17
5.318969916871353878e-17
1.018774790097736722e-16
2.015622463876235448e-16
3.893033358777755145e-16
7.184868990903636341e-16
1.260480780611674247e-15
2.104052213490169075e-15
3.348333788709180419e-15
5.082775582529677476e-15
7.351036779800040544e-15
1.010617990499774039e-14
1.317545597893425331e-14
1.625636152972124995e-14
1.895785712355528220e-14
2.088308337571330016e-14
2.172919666958228588e-14
2.136756904062682612e-14
1.987325558662107269e-14
1.749480852623861048e-14
1.458095670765030441e-14
1.149484057111287875e-14
8.544249443337813324e-15
5.943199757870205778e-15
3.805773778874725045e-15
2.164042990393568436e-15
9.996129796253714769e-16
2.808811874147613346e-16
2.591862704072184660e-18
2.753616619154557159e-18
2.984005308441970626e-16
1.063701401550848724e-15
2.308992627530861418e-15
4.075843870663748033e-15
6.395338832770438988e-15
9.247822094041990039e-15
1.252679110320694201e-14
1.601483228015032882e-14
1.938334467714708047e-14
2.222708941974585480e-14
2.413638386862353361e-14
2.479409220346036611e-14
2.406747851784470404e-14
2.205768677374657603e-14
1.908130310852792845e-14
1.558680206584743895e-14
1.203798092741602995e-14
8.808832063943303881e-15
6.124052063731281524e-15
4.055564706282063760e-15
2.561666987551510074e-15
1.541813979701092886e-15
8.817922147690269232e-16
4.783395382620034286e-16
2.473172704844651613e-16
1.245723161574364891e-16
6.476238014021667977e-17
3.907544227573309944e-17
3.210357779466024660e-17
3.907544227531868862e-17
6.476238013990096285e-17
1.245723161571206735e-16
2.473172704846870284e-16
4.783395382625996102e-16
8.817922147696471651e-16
1.541813979701360310e-15
2.561666987551958147e-15
4.055564706282193922e-15
6.124052063731054332e-15
8.808832063945659419e-15
1.203798092741687719e-14
1.558680206584550151e-14
1.908130310852649903e-14
2.205768677374551580e-14
2.406747851784174423e-14
2.479409220346759523e-14
2.413638386862605797e-14
2.222708941974470622e-14
1.938334467714461291e-14
1.601483228014905086e-14
1.252679110320790758e-14
9.247822094039759141e-15
6.395338832772069564e-15
4.075843870664418565e-15
2.308992627528618292e-15
1.063701401551403293e-15
2.984005308440418542e-16
2.753616619230891007e-18
2.909483344974967901e-18
3.152793441855154500e-16
1.125808888441529402e-15
2.450754232570332731e-15
4.343121982408381986e-15
6.849104405406944154e-15
9.965050506603277344e-15
1.359666093810755283e-14
1.752798041399800191e-14
2.141298593644566652e-14
2.480384256535944041e-14
2.722326192765631099e-14
2.827212377540200597e-14
2.774230299960585258e-14
2.569085906029171336e-14
2.243886932396766608e-14
1.848830265732752049e-14
1.438777000915888326e-14
1.059969354308834649e-14
7.415874132350087228e-15
4.942242705705826909e-15
3.141801920475360031e-15
1.902179855198574142e-15
1.092532827466694598e-15
5.935342073797718142e-16
3.063320650265303911e-16
1.536117784834341582e-16
7.942019424255824740e-17
4.771063131074792261e-17
3.913584804414799567e-17
4.771063131127705106e-17
7.942019424344371911e-17
1.536117784836152018e-16
3.063320650265160930e-16
5.935342073792129062e-16
1.092532827466664029e-15
1.902179855197937531e-15
3.141801920476643507e-15
4.942242705706269460e-15
7.415874132349372520e-15
1.059969354308988951e-14
1.438777000916111732e-14
1.848830265732592699e-14
2.243886932396794691e-14
2.569085906028784478e-14
2.774230299960312312e-14
2.827212377540933291e-14
2.722326192765485002e-14
2.480384256535468832e-14
2.141298593644436964e-14
1.752798041399815337e-14
1.359666093810315888e-14
9.965050506601014891e-15
6.849104405409039368e-15
4.343121982408926300e-15
2.450754232567772483e-15
1.125808888442286511e-15
3.152793441851460166e-16
2.909483345000316221e-18
3.058733838714755672e-18
3.314384135026543468e-16
1.185650138218429060e-15
2.588708831118517621e-15
4.606556761056819054e-15
7.303044418017712880e-15
1.069445777173874434e-14
1.470402092757980953e-14
1.912324154642948935e-14
2.359359051936038918e-14
2.762562337109909664e-14
3.066841511863519961e-14
3.222625747146624515e-14
3.199443524427709117e-14
2.996422882112198581e-14
2.644714419849891769e-14
2.199816521681231715e-14
1.726393323422909030e-14
1.281606502338048761e-14
9.032873307878368638e-15
6.066041637124175185e-15
3.886933640611093831e-15
2.370796297570991628e-15
1.369006210189914936e-15
7.451289365639178641e-16
3.837211730304884850e-16
1.913382100035556879e-16
9.823147296259358333e-17
5.868086012903843233e-17
4.803605132401897515e-17
5.868086012940302165e-17
9.823147296312453603e-17
1.913382100038657102e-16
3.837211730305992214e-16
7.451289365636159276e-16
1.369006210189875887e-15
2.370796297570584970e-15
3.886933640611702043e-15
6.066041637124571193e-15
9.032873307880015780e-15
1.281606502338045921e-14
1.726393323423251395e-14
2.199816521681300188e-14
2.644714419849662999e-14
2.996422882111763130e-14
3.199443524427594259e-14
3.222625747146676264e-14
3.066841511863343888e-14
2.762562337109936485e-14
2.359359051935947094e-14
1.912324154642556397e-14
1.470402092757564435e-14
1.069445777173849506e-14
7.303044418020188326e-15
4.606556761056397802e-15
2.588708831117800940e-15
1.185650138218862342e-15
3.314384135015863770e-16
3.058733838726269652e-18
3.200583768676637435e-18
3.467925713575133511e-16
1.242913221552178620e-15
2.722160497392842664e-15
4.864915462482565981e-15
7.755337011445119085e-15
1.143390504789323233e-14
1.584741158652650402e-14
2.080212036240367221e-14
2.593376641352129681e-14
3.071431360160000760e-14
3.451444186122130940e-14
3.672647715460167502e-14
3.692418966941513244e-14
3.500517074397009936e-14
3.125077465361034216e-14
2.626468145195380768e-14
2.080547272238233423e-14
1.557919874639358258e-14
1.107540589260743200e-14
7.506643689367769955e-15
4.857296994539947375e-15
2.989974397997708858e-15
1.738067817486080409e-15
9.482337403610897837e-16
4.870062154050064055e-16
2.411559721896353414e-16
1.227195147990996483e-16
7.278908270993687848e-17
5.942965296572447161e-17
7.278908270956241607e-17
1.227195147982229033e-16
2.411559721896203530e-16
4.870062154052711669e-16
9.482337403615329263e-16
1.738067817486280780e-15
2.989974397998149437e-15
4.857296994540232943e-15
7.506643689369284567e-15
1.107540589261011413e-14
1.557919874639459232e-14
2.080547272238564744e-14
2.626468145195583031e-14
3.125077465360730662e-14
3.500517074396494336e-14
3.692418966941047501e-14
3.672647715460099344e-14
3.451444186122565760e-14
3.071431360160443153e-14
2.593376641351786053e-14
2.080212036240053570e-14
1.584741158652529864e-14
1.143390504789347530e-14
7.755337011447867477e-15
4.864915462480182832e-15
2.722160497392895518e-15
1.242913221552102101e-15
3.467925713560805331e-16
3.200583768638209740e-18
3.334194963166352230e-18
3.612508663494203320e-16
1.297259755328991232e-15
2.850334748105626903e-15
5.116774685219964063e-15
8.203758951914520456e-15
1.218050741231116215e-14
1.702415445898883132e-14
2.256442349444212083e-14
2.844028174845846917e-14
3.409079297579992998e-14
3.880562017294690551e-14
4.184969833990616373e-14
4.264663370150530778e-14
4.096502908780420719e-14
3.702685697507374240e-14
3.147424820596547595e-14
2.519144436882983665e-14
1.904926946512666237e-14
1.367977330145885114e-14
9.375509344615698611e-15
6.139487421159115501e-15
3.821850833316416426e-15
2.239689971768904143e-15
1.225462732195950425e-15
6.274183688233371887e-16
3.080955680535377082e-16
1.550949248142032616e-16
9.117772785421649250e-17
7.419867686613174335e-17
9.117772785421767579e-17
1.550949248136945450e-16
3.080955680536289202e-16
6.274183688234793808e-16
1.225462732195587352e-15
2.239689971769523004e-15
3.821850833316852666e-15
6.139487421160019536e-15
9.375509344618522733e-15
1.367977330146121457e-14
1.904926946513078338e-14
2.519144436883273650e-14
3.147424820596444097e-14
3.702685697507368560e-14
4.096502908780206149e-14
4.264663370149896534e-14
4.184969833991109253e-14
3.880562017295637184e-14
3.409079297580273833e-14
2.844028174845301025e-14
2.256442349444259099e-14
1.702415445898975271e-14
1.218050741231261681e-14
8.203758951914731870e-15
5.116774685216242217e-15
2.850334748106842932e-15
1.297259755327718010e-15
3.612508663489429232e-16
3.334194963024366511e-18
3.458678333267023553e-18
3.747168923906305199e-16
1.348325709652849673e-15
2.972378488357104345e-15
5.360514029481634838e-15
8.645658140077130573e-15
1.293055212305342010e-14
1.823015469507989560e-14
2.440785479192472903e-14
3.111735923857457230e-14
3.777392561138393148e-14
4.358682092837846481e-14
4.767923820744608648e-14
4.929262754090955120e-14
4.802280954762147781e-14
4.399191801809308565e-14
3.786149279364099710e-14
3.065346225928524678e-14
2.343936843430030244e-14
1.703294311237633902e-14
1.183044049856523686e-14
7.859615795848720926e-15
4.958860758702005250e-15
2.934131229518798386e-15
1.611107463243601713e-15
8.219687700841528687e-16
3.997111013214028965e-16
1.986240671985647784e-16
1.155033193352139208e-16
9.361076515535165198e-17
1.155033193355860906e-16
1.986240671988495079e-16
3.997111013216961555e-16
8.219687700843964295e-16
1.611107463242473839e-15
2.934131229520244763e-15
4.958860758702232442e-15
7.859615795850098277e-15
1.183044049856739361e-14
1.703294311237742765e-14
2.343936843430427199e-14
3.065346225928701383e-14
3.786149279363758922e-14
4.399191801809699209e-14
4.802280954762941691e-14
4.929262754090923565e-14
4.767923820744881910e-14
4.358682092838683305e-14
3.777392561138549658e-14
3.111735923857262224e-14
2.440785479192590601e-14
1.823015469507822006e-14
1.293055212305763420e-14
8.645658140075851041e-15
5.360514029480717393e-15
2.972378488358643412e-15
1.348325709650867660e-15
3.747168923912142277e-16
3.458678333040058102e-18
3.573098428272868262e-18
3.870892944472285715e-16
1.395722931637393806e-15
3.087361788348470207e-15
5.594313455171345470e-15
9.077932051051912097e-15
1.367942306559817781e-14
1.945970107290933643e-14
2.632757497858519478e-14
3.396585317747524567e-14
4.177927662963753948e-14
4.890194539386537763e-14
5.430365741588328895e-14
5.700934364664320564e-14
5.638892985416817244e-14
5.241005169261224920e-14
4.572198124309751251e-14
3.749227186024557968e-14
2.903494472747596218e-14
2.139387953259791277e-14
1.509742534100908851e-14
1.020354436580405608e-14
6.540123279724650924e-15
3.913282160226928425e-15
2.157795917278474470e-15
1.096772022600420516e-15
5.275260580890618980e-16
2.582227143173982519e-16
1.482168468260003449e-16
1.195258209376091140e-16
1.482168468259929493e-16
2.582227143172388527e-16
5.275260580889648681e-16
1.096772022599904010e-15
2.157795917278283566e-15
3.913282160227881369e-15
6.540123279724878904e-15
1.020354436580604875e-14
1.509742534101030966e-14
2.139387953259751834e-14
2.903494472747925646e-14
3.749227186024527045e-14
4.572198124309726638e-14
5.241005169261540465e-14
5.638892985417907134e-14
5.700934364664912526e-14
5.430365741588121898e-14
4.890194539386955544e-14
4.177927662964255663e-14
3.396585317747641318e-14
2.632757497858707858e-14
1.945970107291082264e-14
1.367942306559971451e-14
9.077932051054207682e-15
5.594313455175116226e-15
3.087361788347611926e-15
1.395722931635896351e-15
3.870892944481986732e-16
3.573098428002839017e-18
3.676479758845038873e-18
3.982624648565547526e-16
1.439041460668863667e-15
3.194281758291754831e-15
5.816155128895557968e-15
9.497014116801364786e-15
1.442153580339354513e-14
2.070527157376536426e-14
2.831573679437154082e-14
3.698231477458190170e-14
4.611753414146922723e-14
5.479178452320112799e-14
6.181474496328968389e-14
6.595992149629208442e-14
6.630870531075243910e-14
6.260216647654016415e-14
5.542802948924217289e-14
4.609968943160674674e-14
3.622089393081195012e-14
2.712460098647691134e-14
1.950357604600678335e-14
1.344817050535662121e-14
8.777210676258724968e-15
5.318734010363699998e-15
2.947206935479908048e-15
1.492440741373182715e-15
7.093953541233701328e-16
3.414286354919744422e-16
1.930222426751674212e-16
1.547330886561325414e-16
1.930222426745592587e-16
3.414286354910320493e-16
7.093953541230018334e-16
1.492440741372292683e-15
2.947206935481059785e-15
5.318734010363424685e-15
8.777210676258120700e-15
1.344817050535741796e-14
1.950357604600933294e-14
2.712460098647930948e-14
3.622089393081686630e-14
4.609968943160537097e-14
5.542802948924471617e-14
6.260216647654338271e-14
6.630870531075497607e-14
6.595992149629916524e-14
6.181474496329400053e-14
5.479178452319926627e-14
4.611753414147835909e-14
3.698231477458171237e-14
2.831573679437204569e-14
2.070527157377359365e-14
1.442153580339369028e-14
9.497014116803587796e-15
5.816155128899515684e-15
3.194281758290618871e-15
1.439041460667367395e-15
3.982624648577339024e-16
3.676479758559149210e-18
3.767814990543055049e-18
4.081274407612864250e-16
1.477852696921208268e-15
3.292068764313003612e-15
6.023830534360882062e-15
9.898870162896885614e-15
1.515028822135991636e-14
2.195735454370827586e-14
3.036101167807624315e-14
4.015796144543669407e-14
5.079262465108764645e-14
6.129119890860390265e-14
7.030437345854573723e-14
7.632178584388343325e-14
7.806503954561780884e-14
7.495610685726503864e-14
6.744812359408002420e-14
5.698755300359278565e-14
4.551936331756797256e-14
3.473556547437344855e-14
2.552699231393202340e-14
1.800998471955581133e-14
1.199486498487223936e-14
7.370740231241455941e-15
4.107471030375570638e-15
2.072953797587599056e-15
9.734267450454667056e-16
4.600248783211744603e-16
2.556409487565310538e-16
2.035118595228161531e-16
2.556409487568172131e-16
4.600248783213331200e-16
9.734267450451233538e-16
2.072953797586823211e-15
4.107471030375227484e-15
7.370740231240269494e-15
1.199486498487102293e-14
1.800998471955543583e-14
2.552699231393510627e-14
3.473556547437859193e-14
4.551936331756968281e-14
5.698755300359185164e-14
6.744812359408388646e-14
7.495610685727163983e-14
7.806503954562348864e-14
7.632178584388604596e-14
7.030437345855055874e-14
6.129119890860285504e-14
5.079262465109342091e-14
4.015796144543599987e-14
3.036101167807414794e-14
2.195735454371593412e-14
1.515028822136311598e-14
9.898870162894900840e-15
6.023830534363104283e-15
3.292068764314287877e-15
1.477852696919700163e-15
4.081274407620813010e-16
3.767814990391367266e-18
3.846075069057023625e-18
4.165730086900771723e-16
1.511713467549529650e-15
3.379595189252056136e-15
6.214953567396418119e-15
1.027900703078449565e-14
1.585803218761435273e-14
2.320429732255554733e-14
3.244812950330250214e-14
4.347757805806459476e-14
5.579953005756411006e-14
6.842553256951343663e-14
7.985991651984767652e-14
8.828300502961364796e-14
9.197949865308157790e-14
8.993708078442211906e-14
8.237032584706497345e-14
7.082570626302938953e-14
5.764251510295459275e-14
4.495214774375454421e-14
3.387246080720516879e-14
2.452066973240171876e-14
1.669559876315079051e-14
1.041494776433405917e-14
5.841724392523925550e-15
2.940447708693750770e-15
1.364610600179797366e-15
6.328064571326446034e-16
3.451160101496300554e-16
2.725858641747789307e-16
3.451160101507012299e-16
6.328064571342114783e-16
1.364610600180811842e-15
2.940447708693153602e-15
5.841724392521353075e-15
1.041494776433148906e-14
1.669559876314932008e-14
2.452066973240159885e-14
3.387246080720748489e-14
4.495214774375643117e-14
5.764251510295543841e-14
7.082570626303062646e-14
8.237032584707022411e-14
8.993708078443119412e-14
9.197949865308971894e-14
8.828300502962197833e-14
7.985991651984294335e-14
6.842553256952691669e-14
5.579953005756418579e-14
4.347757805805984266e-14
3.244812950330428181e-14
2.320429732256672076e-14
1.585803218761293278e-14
1.027900703078099784e-14
6.214953567401246737e-15
3.379595189252808710e-15
1.511713467549377399e-15
4.165730086898415987e-16
3.846075069267788154e-18
3.910221288378400652e-18
4.234870169256521171e-16
1.540171013193600383e-15
3.455686888475143821e-15
6.386980241570244452e-15
1.063249543461608737e-14
1.653607189912032086e-14
2.443219582895119094e-14
3.455745852366184493e-14
4.691839286481293448e-14
6.112184308972736047e-14
7.620620681938200875e-14
9.055790503809444616e-14
1.020358988333210870e-13
1.084105477890178173e-13
1.080972849203920870e-13
1.009296960369609701e-13
8.849137401004953468e-14
7.356602969314815697e-14
5.881209691203915521e-14
4.558655267127728127e-14
3.394502836186766487e-14
2.366255185934631984e-14
1.499831806728543247e-14
8.475504051136499902e-15
4.260291436138231020e-15
1.956257355849586278e-15
8.904051979234769854e-16
4.760922754864097567e-16
3.727899871512504032e-16
4.760922754857481982e-16
8.904051979233036332e-16
1.956257355850766413e-15
4.260291436139312548e-15
8.475504051135595868e-15
1.499831806728317633e-14
2.366255185934786601e-14
3.394502836186054619e-14
4.558655267127819004e-14
5.881209691203789303e-14
7.356602969315191826e-14
8.849137401005233672e-14
1.009296960369793095e-13
1.080972849204046836e-13
1.084105477890121375e-13
1.020358988333441217e-13
9.055790503808176128e-14
7.620620681939625874e-14
6.112184308973079359e-14
4.691839286481004409e-14
3.455745852366838301e-14
2.443219582896459211e-14
1.653607189911073462e-14
1.063249543461401267e-14
6.386980241578699463e-15
3.455686888471430258e-15
1.540171013195561097e-15
4.234870169241432234e-16
3.910221288942839874e-18
3.959219255022469317e-18
4.287578901177456496e-16
1.562768891474169571e-15
3.519137422095184093e-15
6.537235489777164667e-15
1.095400890143237822e-14
1.717469455680447415e-14
2.562483976539376241e-14
3.666465807290176570e-14
5.044898727824072172e-14
6.672913565519967829e-14
8.462549861823966091e-14
1.024556230088376517e-13
1.177669447173008782e-13
1.277472089522843936e-13
1.300827720052837200e-13
1.240390181602450463e-13
1.111324361856969409e-13
9.463107210349614559e-14
7.780831814908852496e-14
6.223266079116562014e-14
4.776508325106351832e-14
3.412371292174495198e-14
2.199332321062121771e-14
1.253640042617708605e-14
6.304360332306244019e-15
2.870164614508880087e-15
1.283907301564716733e-15
6.729034805178015073e-16
5.220552901427424154e-16
6.729034805170945893e-16
1.283907301563388685e-15
2.870164614506742669e-15
6.304360332304937665e-15
1.253640042617489459e-14
2.199332321061784770e-14
3.412371292175099781e-14
4.776508325105609672e-14
6.223266079116356279e-14
7.780831814908798222e-14
9.463107210349714271e-14
1.111324361857084015e-13
1.240390181602680684e-13
1.300827720052950796e-13
1.277472089522879782e-13
1.177669447173098902e-13
1.024556230088400751e-13
8.462549861824539120e-14
6.672913565521019223e-14
5.044898727824484273e-14
3.666465807291320734e-14
2.562483976539832518e-14
1.717469455679590081e-14
1.095400890143540113e-14
6.537235489782037461e-15
3.519137422091774636e-15
1.562768891476312314e-15
4.287578901154893102e-16
3.959219255705692195e-18
3.992054638852200019e-18
4.322763337655779961e-16
1.579053764589909281e-15
3.568725061997482599e-15
6.662947360244433688e-15
1.123788031147111618e-14
1.776323867324468009e-14
2.676372863889789366e-14
3.874044113347117913e-14
5.402831566720034515e-14
7.257426049564846651e-14
9.365059666871979106e-14
1.155804309457678223e-13
1.356419192760698176e-13
1.503957634230314764e-13
1.566343262365289501e-13
1.528207094173127114e-13
1.402467565825747999e-13
1.226847224380111769e-13
1.040975714394285252e-13
8.615691122327287008e-14
6.826736363653213942e-14
5.001460586704458503e-14
3.280247339761784764e-14
1.888967796333027421e-14
9.527149089224494877e-15
4.312997345299539319e-15
1.900616993916125091e-15
9.770691969606777545e-16
7.508766417284714522e-16
9.770691969618939808e-16
1.900616993917149032e-15
4.312997345296923456e-15
9.527149089217346219e-15
1.888967796332495098e-14
3.280247339761283048e-14
5.001460586704563263e-14
6.826736363653726386e-14
8.615691122326801069e-14
1.040975714394319961e-13
1.226847224380068855e-13
1.402467565825921170e-13
1.528207094173158163e-13
1.566343262365363212e-13
1.503957634230610114e-13
1.356419192760566910e-13
1.155804309458048294e-13
9.365059666871650940e-14
7.257426049565461332e-14
5.402831566720926875e-14
3.874044113348188871e-14
2.676372863888993563e-14
1.776323867324682580e-14
1.123788031147621064e-14
6.662947360243662182e-15
3.568725062000444772e-15
1.579053764590678223e-15
4.322763337638910170e-16
3.992054639404632223e-18
4.007750532585970316e-18
4.339372089103415172e-16
1.588583005647127569e-15
3.603232476414629874e-15
6.761288673473527432e-15
1.147817708393458932e-14
1.829020459935628757e-14
2.782817346718246860e-14
4.075048695943309675e-14
5.760492733045670306e-14
7.859075829045440618e-14
1.032171508550359440e-13
1.299167843372407776e-13
1.557852196154544798e-13
1.767564245545997951e-13
1.885772672620835577e-13
1.886352530961680080e-13
1.777782614159879937e-13
1.602711748268075743e-13
1.408042658275029718e-13
1.208912893808803635e-13
9.899060657682816472e-14
7.439887136865873145e-14
4.969718638055779794e-14
2.897217957120828783e-14
1.470221802482903852e-14
6.643424541575903639e-15
2.893566202536373680e-15
1.461339700561178936e-15
1.112527097756546328e-15
1.461339700560479808e-15
2.893566202537110082e-15
6.643424541574852876e-15
1.470221802482308736e-14
2.897217957120573823e-14
4.969718638055562700e-14
7.439887136865279921e-14
9.899060657683215320e-14
1.208912893808687010e-13
1.408042658275111507e-13
1.602711748268007586e-13
1.777782614159860752e-13
1.886352530961698256e-13
1.885772672620857286e-13
1.767564245546204443e-13
1.557852196154692220e-13
1.299167843372749574e-13
1.032171508550186522e-13
7.859075829044851182e-14
5.760492733047954848e-14
4.075048695942590234e-14
2.782817346716576999e-14
1.829020459936935111e-14
1.147817708393680602e-14
6.761288673471998619e-15
3.603232476419770092e-15
1.588583005647808159e-15
4.339372089097052023e-16
4.007750532862156374e-18
4.005386170980291207e-18
4.336415498683802332e-16
1.590933023950007248e-15
3.621468889085831950e-15
6.829425933687029538e-15
1.166879544292803064e-14
1.874341072901276313e-14
2.879549766319099348e-14
4.265554478286556133e-14
6.111649564662108216e-14
8.469059545476108644e-14
1.132226838422615369e-13
1.453912140275091025e-13
1.782525445175457847e-13
2.071862871207739906e-13
2.267925896958753011e-13
2.330971649610296004e-13
2.262267268328386336e-13
2.108874513549216820e-13
1.924599740008695261e-13
1.717632166832676385e-13
1.454222985694506703e-13
1.121418755617906502e-13
7.638214660039952681e-14
4.520046552682742453e-14
2.317113371309640213e-14
1.049866389305918226e-14
4.537959665812888174e-15
2.256526507474844256e-15
1.702488641207650228e-15
2.256526507472809783e-15
4.537959665810954676e-15
1.049866389305557085e-14
2.317113371309161217e-14
4.520046552682370111e-14
7.638214660039812579e-14
1.121418755617850714e-13
1.454222985694497867e-13
1.717632166832614538e-13
1.924599740008790429e-13
2.108874513549068893e-13
2.262267268328305556e-13
2.330971649610265712e-13
2.267925896958771691e-13
2.071862871207845172e-13
1.782525445175879919e-13
1.453912140275225320e-13
1.132226838422461888e-13
8.469059545475507848e-14
6.111649564663236603e-14
4.265554478285381046e-14
2.879549766317746294e-14
1.874341072902478852e-14
1.166879544292995388e-14
6.829425933686314830e-15
3.621468889088420991e-15
1.590933023950179220e-15
4.336415498687046522e-16
4.005386170988002630e-18
3.984116690762055099e-18
4.312986903834610129e-16
1.585708174409505878e-15
3.622294397542592507e-15
6.864574981786475832e-15
1.180357345813279897e-14
1.911019728745501569e-14
2.964134801325098011e-14
4.441176753079628793e-14
6.448976662836990821e-14
9.076250573880136343e-14
1.235204069286061912e-13
1.618559710718288561e-13
2.029967188561365950e-13
2.419446083036031087e-13
2.721587101792253768e-13
2.880624343900930958e-13
2.887600627904644006e-13
2.793157595414306587e-13
2.656337612294430576e-13
2.468152830129751839e-13
2.160817755507378403e-13
1.709904346219720887e-13
1.189393298403420027e-13
7.168972357398839814e-14
3.730421722776033146e-14
1.703727215495022491e-14
7.341178398281753070e-15
3.603674847067591375e-15
2.696046456285011367e-15
3.603674847067834344e-15
7.341178398279935534e-15
1.703727215494482594e-14
3.730421722775593908e-14
7.168972357398453588e-14
1.189393298403375094e-13
1.709904346219662322e-13
2.160817755507500329e-13
2.468152830129892698e-13
2.656337612294428052e-13
2.793157595414239944e-13
2.887600627904544041e-13
2.880624343900700232e-13
2.721587101792484494e-13
2.419446083036161848e-13
2.029967188561669630e-13
1.618559710718398371e-13
1.235204069286080845e-13
9.076250573880843163e-14
6.448976662835453489e-14
4.441176753079561898e-14
2.964134801324357113e-14
1.911019728745991294e-14
1.180357345813556156e-14
6.864574981786077457e-15
3.622294397542602763e-15
1.585708174407748296e-15
4.312986903843625823e-16
3.984116690553447612e-18
3.943193544938344345e-18
4.268284564873657393e-16
1.572550081811401609e-15
3.604646020206535457e-15
6.864062546609811184e-15
1.187642170540993503e-14
1.937767764673865514e-14
3.034012280130685532e-14
4.597130883807177443e-14
6.764103809880484603e-14
9.667124296865825652e-14
1.339141547787873698e-13
1.790725992243473776e-13
2.298275685087688103e-13
2.811171012429882211e-13
3.254497712288139283e-13
3.555604639271572341e-13
3.693014085731791146e-13
3.720348080555048831e-13
3.698245417535463086e-13
3.581918940776433367e-13
3.242091712186438620e-13
2.633094220594351095e-13
1.874143203434314012e-13
1.155285824303188566e-13
6.136151287886794882e-14
2.841073512845124274e-14
1.226015300490290354e-14
5.956970800224575383e-15
4.422072795570388223e-15
5.956970800224200674e-15
1.226015300489971339e-14
2.841073512844545250e-14
6.136151287887159651e-14
1.155285824303357698e-13
1.874143203434303663e-13
2.633094220594315754e-13
3.242091712186762243e-13
3.581918940776692871e-13
3.698245417535345956e-13
3.720348080555460806e-13
3.693014085731641704e-13
3.555604639271305769e-13
3.254497712288542170e-13
2.811171012429947339e-13
2.298275685087905702e-13
1.790725992243467718e-13
1.339141547787996129e-13
9.667124296867516970e-14
6.764103809879025526e-14
4.597130883806927532e-14
3.034012280130371881e-14
1.937767764674310431e-14
1.187642170541370894e-14
6.864062546610561391e-15
3.604646020203651382e-15
1.572550081809106023e-15
4.268284564877729887e-16
3.943193544530991673e-18
3.881985125098860652e-18
4.201633779774465170e-16
1.551147178366744439e-15
3.567564929965177148e-15
6.825392510781148806e-15
1.188146946354148796e-14
1.953303479366251486e-14
3.086551898413734279e-14
4.728320709441538382e-14
7.047726904141767066e-14
1.022580633675917508e-13
1.441552952056793719e-13
1.966973269947731392e-13
2.583684978602906324e-13
3.245181877339514849e-13
3.871741845339826066e-13
4.376279563683008184e-13
4.725320551030184405e-13
4.976828090854509013e-13
5.186978204517689676e-13
5.242327375547304818e-13
4.904234486407649599e-13
4.089013692615101710e-13
2.985000481732169737e-13
1.890490686618968635e-13
1.031075174098065137e-13
4.868404718467330749e-14
2.113373777790450750e-14
1.018831302734427879e-14
7.509062407994730710e-15
1.018831302734419833e-14
2.113373777790212199e-14
4.868404718467256912e-14
1.031075174098108556e-13
1.890490686619189516e-13
2.985000481732205583e-13
4.089013692615090098e-13
4.904234486407744514e-13
5.242327375547571390e-13
5.186978204517931005e-13
4.976828090854977534e-13
4.725320551030167239e-13
4.376279563683031408e-13
3.871741845339924515e-13
3.245181877339922280e-13
2.583684978602902285e-13
1.966973269947793996e-13
1.441552952056966638e-13
1.022580633675982131e-13
7.047726904141681238e-14
4.728320709440365188e-14
3.086551898414328134e-14
1.953303479366451226e-14
1.188146946354596553e-14
6.825392510780524817e-15
3.567564929962004350e-15
1.551147178366416470e-15
4.201633779772639943e-16
3.881985124563381253e-18
3.799997093626523263e-18
4.112508650692577168e-16
1.521244224529931072e-15
3.510224227675960257e-15
6.746315374221107520e-15
1.181322339240670347e-14
1.956385799712020363e-14
3.119119400596754063e-14
4.829456673907360904e-14
7.289789469113416357e-14
1.073427342629811338e-13
1.539425442707223909e-13
2.142707554114570511e-13
2.880147296834843628e-13
3.715749831211963928e-13
4.573385602656883577e-13
5.359828704171127961e-13
6.036951857572417140e-13
6.674703946436229536e-13
7.317323925621274648e-13
7.726408972564454136e-13
7.469832137458390665e-13
6.396763097358289127e-13
4.801339507651504001e-13
3.138798107772043863e-13
1.768308760191363606e-13
8.562556931904990189e-14
3.753999920409985247e-14
1.799318855916732366e-14
1.317379494216079310e-14
1.799318855917204421e-14
3.753999920410278073e-14
8.562556931906162752e-14
1.768308760191493610e-13
3.138798107771997415e-13
4.801339507651509050e-13
6.396763097358325478e-13
7.469832137458162464e-13
7.726408972564371337e-13
7.317323925622019837e-13
6.674703946436216409e-13
6.036951857572873543e-13
5.359828704171804488e-13
4.573385602656664463e-13
3.715749831212750012e-13
2.880147296834645719e-13
2.142707554114801490e-13
1.539425442707136061e-13
1.073427342629857786e-13
7.289789469113591799e-14
4.829456673907076914e-14
3.119119400596747752e-14
1.956385799711837031e-14
1.181322339240696853e-14
6.746315374216813750e-15
3.510224227675763042e-15
1.521244224531691218e-15
4.112508650692020035e-16
3.799997093075722707e-18
3.696891886477731139e-18
4.000552926074738142e-16
1.482651560751475660e-15
3.431956516861339093e-15
6.624899093055548781e-15
1.166673467196427480e-14
1.945851200725004781e-14
3.129153062798338966e-14
4.895202975050632686e-14
7.479738627520543381e-14
1.117273037204386006e-13
1.629255858844152600e-13
2.312146977555615466e-13
3.179006878868748883e-13
4.212048613681634692e-13
5.351320441280973021e-13
6.514593304138737306e-13
7.679929956004014689e-13
8.952707082006860424e-13
1.036227810021012272e-12
1.145265684734854726e-12
1.144810708637197254e-12
1.007658675802179212e-12
7.795598255175259362e-13
5.282155035088300544e-13
3.089378741287123233e-13
1.541356866443174992e-13
6.846969017246516634e-14
3.268402122302102598e-14
2.378372346444210970e-14
3.268402122302334839e-14
6.846969017247190637e-14
1.541356866443455701e-13
3.089378741287616492e-13
5.282155035088339924e-13
7.795598255175338122e-13
1.007658675802175981e-12
1.144810708637209371e-12
1.145265684734868256e-12
1.036227810021068817e-12
8.952707082007366305e-13
7.679929956005281915e-13
6.514593304139406765e-13
5.351320441281409229e-13
4.212048613681981538e-13
3.179006878868989706e-13
2.312146977555559930e-13
1.629255858843687109e-13
1.117273037204442047e-13
7.479738627520508040e-14
4.895202975051584368e-14
3.129153062797401168e-14
1.945851200725193792e-14
1.166673467195903203e-14
6.624899093050802205e-15
3.431956516862846606e-15
1.482651560753114519e-15
4.000552926076299100e-16
3.696891886019435309e-18
3.572506819510160729e-18
3.865599313905271162e-16
1.435253823405488373e-15
3.332280467051622603e-15
6.459599209286963252e-15
1.143776969193221750e-14
1.920652838549417444e-14
3.114248551308351463e-14
4.920350986209504132e-14
7.606854609212627616e-14
1.152017595705910409e-13
1.707132249781811477e-13
2.468390304971965586e-13
3.468860226057687589e-13
4.717093979780757114e-13
6.185507515399446915e-13
7.831258981002114723e-13
9.692371213803264779e-13
1.196751340406104090e-12
1.469215535873923387e-12
1.705154558008256265e-12
1.765448081909781570e-12
1.599435408810847044e-12
1.278076048350875988e-12
9.000229157780829423e-13
5.481533158689606622e-13
2.826258840158763619e-13
1.274878360505375405e-13
6.069159655646307054e-14
4.391843176517904429e-14
6.069159655647104750e-14
1.274878360505565236e-13
2.826258840159264956e-13
5.481533158690299305e-13
9.000229157781227261e-13
1.278076048350937380e-12
1.599435408810867845e-12
1.765448081909831249e-12
1.705154558008351585e-12
1.469215535873912078e-12
1.196751340406258783e-12
9.692371213804359339e-13
7.831258981003026520e-13
6.185507515400624274e-13
4.717093979780621809e-13
3.468860226058557482e-13
2.468390304971436986e-13
1.707132249781449737e-13
1.152017595705788735e-13
7.606854609214647100e-14
4.920350986208669833e-14
3.114248551308325588e-14
1.920652838549605824e-14
1.143776969193261824e-14
6.459599209281998161e-15
3.332280467053690602e-15
1.435253823405993046e-15
3.865599313907433627e-16
3.572506819229589713e-18
3.426870237104824471e-18
3.707686664672910967e-16
1.379017846387578196e-15
3.210925519365511988e-15
6.249325954805896891e-15
1.112297868180724344e-14
1.879900592573531076e-14
3.072249479279488481e-14
4.900013981948520469e-14
7.660647062315258720e-14
1.175515617606383947e-13
1.768864718044326681e-13
2.603608961539446063e-13
3.735703261525536800e-13
5.207187696060009934e-13
7.040266149141030336e-13
9.270645438823055675e-13
1.207273938410308847e-12
1.586218444909961866e-12
2.077624091330143629e-12
2.546063382115050673e-12
2.741830307500065206e-12
2.563898565276686977e-12
2.119942731994574949e-12
1.551865517104393812e-12
9.837684820941801125e-13
5.242866582251452078e-13
2.403479365257145765e-13
1.142380030615149829e-13
8.225760289149383949e-14
1.142380030615344709e-13
2.403479365257517350e-13
5.242866582252230589e-13
9.837684820942594782e-13
1.551865517104471158e-12
2.119942731994665422e-12
2.563898565276772604e-12
2.741830307500189202e-12
2.546063382115150839e-12
2.077624091330094353e-12
1.586218444910070716e-12
1.207273938410352871e-12
9.270645438825521465e-13
7.040266149141856305e-13
5.207187696059911989e-13
3.735703261526147189e-13
2.603608961539104770e-13
1.768864718043825344e-13
1.175515617606611139e-13
7.660647062316780906e-14
4.900013981947289846e-14
3.072249479279584406e-14
1.879900592573292840e-14
1.112297868181374839e-14
6.249325954804466686e-15
3.210925519367667156e-15
1.379017846387652940e-15
3.707686664671371703e-16
3.426870237037840628e-18
3.260215167691724234e-18
3.527074454770329977e-16
1.313999465928135038e-15
3.067853881818699525e-15
5.993505881649070919e-15
1.072005608407826732e-14
1.822900510025960551e-14
3.001340233178378581e-14
4.829836102736976732e-14
7.631304827580870523e-14
1.185668624072096112e-13
1.810164710914126267e-13
2.709374631950486111e-13
3.963448028825739828e-13
5.652270114440907183e-13
7.861861506648317804e-13
1.074948473644760802e-12
1.473701858970190848e-12
2.068728841267356483e-12
2.912008200550833221e-12
3.801644779669730488e-12
4.293538325231189854e-12
4.168610807676520027e-12
3.574706436306995314e-12
2.711092281861908289e-12
1.777714950127252665e-12
9.751194449932842383e-13
4.537561505361104025e-13
2.155285410035767285e-13
1.545558920809905011e-13
2.155285410035951816e-13
4.537561505361559923e-13
9.751194449933844047e-13
1.777714950127342128e-12
2.711092281861982606e-12
3.574706436306993698e-12
4.168610807676527297e-12
4.293538325231290829e-12
3.801644779669812075e-12
2.912008200550896633e-12
2.068728841267300746e-12
1.473701858970243355e-12
1.074948473645031211e-12
7.861861506649582001e-13
5.652270114440551754e-13
3.963448028825724177e-13
2.709374631950953622e-13
1.810164710913632756e-13
1.185668624072458357e-13
7.631304827579795147e-14
4.829836102737763069e-14
3.001340233177135336e-14
1.822900510025133509e-14
1.072005608407972198e-14
5.993505881655709183e-15
3.067853881819300243e-15
1.313999465928037811e-15
3.527074454763976689e-16
3.260215167891526370e-18
3.072989875299287850e-18
3.324253946737194390e-16
1.240348996774571906e-15
2.903278883573638034e-15
5.692135735545211960e-15
1.022788579662989450e-14
1.749192050929531959e-14
2.900136953627425948e-14
4.706206598868763115e-14
7.510179442427088537e-14
1.180530358781173253e-13
1.826866340670340067e-13
2.777116596394017737e-13
4.134846582441854719e-13
6.017532908413949890e-13
8.579198473139029782e-13
1.212865793983719777e-12
1.745864056428561065e-12
2.623858041200564699e-12
4.002596266858243186e-12
5.640288771927552009e-12
6.778297669923325380e-12
6.916488285710083307e-12
6.185769629976371871e-12
4.823465344481790474e-12
3.220349804058663448e-12
1.796619844104003397e-12
8.448054470234021886e-13
4.013245650984927351e-13
2.869900944332963472e-13
4.013245650985197457e-13
8.448054470234708511e-13
1.796619844104101342e-12
3.220349804058698991e-12
4.823465344481819554e-12
6.185769629976219198e-12
6.916488285709918517e-12
6.778297669923220367e-12
5.640288771927541508e-12
4.002596266858327196e-12
2.623858041200488767e-12
1.745864056428643258e-12
1.212865793983739972e-12
8.579198473141085617e-13
6.017532908414087214e-13
4.134846582441788581e-13
2.777116596394832094e-13
1.826866340670634659e-13
1.180530358780776424e-13
7.510179442426409486e-14
4.706206598869755187e-14
2.900136953625868421e-14
1.749192050927990840e-14
1.022788579663056188e-14
5.692135735554820286e-15
2.903278883572759637e-15
1.240348996774419655e-15
3.324253946733014907e-16
3.072989875711059376e-18
2.865864929653317649e-18
3.099955582534982623e-16
1.158315112985914601e-15
2.717678969078200456e-15
5.345825998878085438e-15
9.646665174183010193e-15
1.658581286850493492e-14
2.767772477852107942e-14
4.526468093379010664e-14
7.290278375419590327e-14
1.158419324994745343e-13
1.815177842929707356e-13
2.798681360895209759e-13
4.232786762854950481e-13
6.266438294921575250e-13
9.109461659838850908e-13
1.321243272561011521e-12
1.980566735026996183e-12
3.178080425227999298e-12
5.295928726955295937e-12
8.199092241199666701e-12
1.072566906599208365e-11
1.176665273114189451e-11
1.114290003749871453e-11
8.835087597002778802e-12
5.823459742865098863e-12
3.221010047316219221e-12
1.514475580412273136e-12
7.200897903999954578e-13
5.147195018998562192e-13
7.200897904000183790e-13
1.514475580412329076e-12
3.221010047316198218e-12
5.823459742864951036e-12
8.835087597002497689e-12
1.114290003749821370e-11
1.176665273114152616e-11
1.072566906599212566e-11
8.199092241199752327e-12
5.295928726955241007e-12
3.178080425228319184e-12
1.980566735027182783e-12
1.321243272560831181e-12
9.109461659838873123e-13
6.266438294922410306e-13
4.232786762855168585e-13
2.798681360895968580e-13
1.815177842930495964e-13
1.158419324994009998e-13
7.290278375420552106e-14
4.526468093379010033e-14
2.767772477851787033e-14
1.658581286850056779e-14
9.646665174184733065e-15
5.345825998884767089e-15
2.717678969078416604e-15
1.158315112985325519e-15
3.099955582536871452e-16
2.865864930082619759e-18
2.639736486485589148e-18
2.855152297622131879e-16
1.068246887409184875e-15
2.511806707487667231e-15
4.955831776386865182e-15
8.978001691259414895e-15
1.551168311073204071e-14
2.603970606693584925e-14
4.289107267030719360e-14
6.966737971925451353e-14
1.118031629412765308e-13
1.771944872059288011e-13
2.766949584924639102e-13
4.241829182335462551e-13
6.364944419586778679e-13
9.369596796146761427e-13
1.376969947750563012e-12
2.111743319338415559e-12
3.569414655466953084e-12
6.524281597123343164e-12
1.134329458095019695e-11
1.667213751997048123e-11
2.038258058919069629e-11
2.104782879310724421e-11
1.676402524300729065e-11
1.040550096943092029e-11
5.435962491993432107e-12
2.501449388265163533e-12
1.191570874999483659e-12
8.552656690415334795e-13
1.191570874999433576e-12
2.501449388265008436e-12
5.435962491992971664e-12
1.040550096943024982e-11
1.676402524300613712e-11
2.104782879310639441e-11
2.038258058919073507e-11
1.667213751997077850e-11
1.134329458095064286e-11
6.524281597123460294e-12
3.569414655467497133e-12
2.111743319338733022e-12
1.376969947750529287e-12
9.369596796144669242e-13
6.364944419587811645e-13
4.241829182335902799e-13
2.766949584925123778e-13
1.771944872059786066e-13
1.118031629412382111e-13
6.966737971926965965e-14
4.289107267031588369e-14
2.603970606694257666e-14
1.551168311073503838e-14
8.978001691257919215e-15
4.955831776389283829e-15
2.511806707488738899e-15
1.068246887408110841e-15
2.855152297629763615e-16
2.639736486798765387e-18
2.395725031699747253e-18
2.591058081112573027e-16
9.705939805249817392e-16
2.286691836592499298e-15
4.524069979406646608e-15
8.224974984849579909e-15
1.427367546844326630e-14
2.409104624263263942e-14
3.993916913795990420e-14
6.537242679953176542e-14
1.058546342137933183e-13
1.694903732252061014e-13
2.676449030085611634e-13
4.149780022885471524e-13
6.286271936651751262e-13
9.292584767602198950e-13
1.358455194117392695e-12
2.059199090340075993e-12
3.526630933839319091e-12
7.010375975977744409e-12
1.407380693439114227e-11
2.426147725336002074e-11
3.456364449297122187e-11
3.894060588637089489e-11
3.044235266930428851e-11
1.736175753608584015e-11
7.951123861836146724e-12
3.444368323501825294e-12
1.647509262636369381e-12
1.198544644954804430e-12
1.647509262636092105e-12
3.444368323501041734e-12
7.951123861834679770e-12
1.736175753608408239e-11
3.044235266930248552e-11
3.894060588636993846e-11
3.456364449297155792e-11
2.426147725335966531e-11
1.407380693439165926e-11
7.010375975978509390e-12
3.526630933839558197e-12
2.059199090340351450e-12
1.358455194117569400e-12
9.292584767602013157e-13
6.286271936654168584e-13
4.149780022885429620e-13
2.676449030085401608e-13
1.694903732252517165e-13
1.058546342137899483e-13
6.537242679952497491e-14
3.993916913798907943e-14
2.409104624264100765e-14
1.427367546843390094e-14
8.224974984847035044e-15
4.524069979407064704e-15
2.286691836592495748e-15
9.705939805250752193e-16
2.591058081117208571e-16
2.395725031870606513e-18
2.135170096758957698e-18
2.309122048357391782e-16
8.659046476561113137e-16
2.043638496731632604e-15
4.053120020332616766e-15
7.392162357841268887e-15
1.287918982284669468e-14
2.184237102508032476e-14
3.642115529141475855e-14
6.002363951505651216e-14
9.797139882822062032e-14
1.582904050404013626e-13
2.523890644767835071e-13
3.949063337728993366e-13
6.015149145455919439e-13
8.844824936816886434e-13
1.253138654533630806e-12
1.754807092506510462e-12
2.712735133791650390e-12
5.537934302492759737e-12
1.356467201246975919e-11
2.975921997177035294e-11
5.232615093000200203e-11
5.512777763893753473e-11
3.683512776690802317e-11
2.027053850415254575e-11
7.514776340620218894e-12
2.821012622003596608e-12
1.371811081616490293e-12
1.037862341436330310e-12
1.371811081615739045e-12
2.821012622001520578e-12
7.514776340616940868e-12
2.027053850414895269e-11
3.683512776690545115e-11
5.512777763893591914e-11
5.232615093000158198e-11
2.975921997177041757e-11
1.356467201247056052e-11
5.537934302494359976e-12
2.712735133792181110e-12
1.754807092506748761e-12
1.253138654533763082e-12
8.844824936819088681e-13
6.015149145457785442e-13
3.949063337728948937e-13
2.523890644767932006e-13
1.582904050404562421e-13
9.797139882822805455e-14
6.002363951503784456e-14
3.642115529143769232e-14
2.184237102508837430e-14
1.287918982283883131e-14
7.392162357839296735e-15
4.053120020330407167e-15
2.043638496732708610e-15
8.659046476579819001e-16
2.309122048350068195e-16
2.135170096821579696e-18
1.859620244807327177e-18
2.011017649168992048e-16
7.548216681811966779e-16
1.784215960088322807e-15
3.546208096877221964e-15
6.485622046046487385e-15
1.133889723112545071e-14
1.931136533962278458e-14
3.236416632868718375e-14
5.365785335495337615e-14
8.819214361720860925e-14
1.436077131515298124e-13
2.308571446383736055e-13
3.637646027754713976e-13
5.550433082542512692e-13
8.038555626816542272e-13
1.065157045042064182e-12
1.184067169971036122e-12
8.861206497901952466e-13
6.492316507354021312e-13
4.714815922035435947e-12
2.227812187801191513e-11
5.744129858042244841e-11
3.432534283782908828e-11
-3.678427206324419912e-12
-2.205660296160224654e-12
-3.427140257620462804e-12
-2.333421565944697191e-12
-1.040379122286242105e-12
-6.693010201507915610e-13
-1.040379122287692902e-12
-2.333421565948606912e-12
-3.427140257626556799e-12
-2.205660296166389734e-12
-3.678427206328387794e-12
3.432534283782489422e-11
5.744129858042056787e-11
2.227812187801559867e-11
4.714815922037352034e-12
6.492316507370581081e-13
8.861206497913855304e-13
1.184067169971325312e-12
1.065157045042085588e-12
8.038555626817080464e-13
5.550433082542536926e-13
3.637646027755519245e-13
2.308571446384471652e-13
1.436077131515424089e-13
8.819214361721911057e-14
5.365785335495837437e-14
3.236416632868298070e-14
1.931136533963882370e-14
1.133889723112766583e-14
6.485622046045416112e-15
3.546208096872030864e-15
1.784215960090892521e-15
7.548216681833358714e-16
2.011017649155580919e-16
1.859620244748880595e-18
1.570818574038336470e-18
1.698627004883435250e-16
6.380762072700009956e-16
1.510242845625492686e-15
3.007174514557359386e-15
5.512832878129509387e-15
9.666650236765656248e-15
1.652268692779835473e-14
2.781039286777352898e-14
4.634392566343089932e-14
7.662262266552223829e-14
1.255933878898716289e-13
2.032596207853399118e-13
3.219369464187060846e-13
4.905243483336723239e-13
6.933222701840912829e-13
8.192321714658074992e-13
4.260865570340122113e-13
-1.837790462275873890e-12
-8.247800508534120063e-12
-1.726345511373766499e-11
-1.433970876214612683e-11
1.450731648570073113e-11
-5.761378477691179537e-11
-1.116253851817385583e-10
-6.358661790220846836e-11
-2.949959562428420113e-11
-1.387863702907967318e-11
-6.485472119003759102e-12
-4.603375965438168772e-12
-6.485472119005610565e-12
-1.387863702908488183e-11
-2.949959562429280251e-11
-6.358661790221642997e-11
-1.116253851817426554e-10
-5.761378477691414767e-11
1.450731648570089915e-11
-1.433970876214001991e-11
-1.726345511373375204e-11
-8.247800508533074778e-12
-1.837790462275105275e-12
4.260865570341588259e-13
8.192321714658563707e-13
6.933222701840551341e-13
4.905243483337200847e-13
3.219369464187479384e-13
2.032596207853679321e-13
1.255933878898968219e-13
7.662262266554138553e-14
4.634392566344891690e-14
2.781039286776133319e-14
1.652268692781274355e-14
9.666650236781420844e-15
5.512832878127682385e-15
3.007174514550064789e-15
1.510242845627878596e-15
6.380762072710313466e-16
1.698627004876725495e-16
1.570818573725274247e-18
1.270684252020113399e-18
1.374020938140754163e-16
5.164795388580028945e-16
1.223765350687416956e-15
2.440423528501532361e-15
4.482591625505729099e-15
7.879282858700233321e-15
1.350761966358758482e-14
2.281654285121456818e-14
3.818214767646734778e-14
6.343555769958732527e-14
1.045381660094738195e-13
1.700895911569495588e-13
2.703665070756800256e-13
4.104436878999066610e-13
5.622600768855359033e-13
5.569597826809298226e-13
-3.376956353337688408e-13
-4.778329545706653568e-12
-1.931768081869423317e-11
-4.987533831594099223e-11
-8.153977398727526971e-11
-8.764793872434690284e-11
-2.000548933776815143e-10
-2.410244404913668835e-10
-1.364134620485601990e-10
-6.135306566356081585e-11
-2.856765496587698524e-11
-1.344681173318469682e-11
-9.624281311047384221e-12
-1.344681173318712020e-11
-2.856765496588383533e-11
-6.135306566357262903e-11
-1.364134620485731237e-10
-2.410244404913722085e-10
-2.000548933776744316e-10
-8.764793872433627874e-11
-8.153977398726852301e-11
-4.987533831593677231e-11
-1.931768081869399406e-11
-4.778329545705277088e-12
-3.376956353335143858e-13
5.569597826808348059e-13
5.622600768857718800e-13
4.104436878999340755e-13
2.703665070756654349e-13
1.700895911569727072e-13
1.045381660095116596e-13
6.343555769959314391e-14
3.818214767645699161e-14
2.281654285120983186e-14
1.350761966360244854e-14
7.879282858717182786e-15
4.482591625504597873e-15
2.440423528493014241e-15
1.223765350687825980e-15
5.164795388590961571e-16
1.374020938146403393e-16
1.270684251416587814e-18
9.612896273328653637e-19
1.039434547751805220e-16
3.909129979992244396e-16
9.270292849728102611e-16
1.850857899713546311e-15
3.404867044473635900e-15
5.996308109979630183e-15
1.030345743257429932e-14
1.745266973512523690e-14
2.930206809122308508e-14
4.886688456952361178e-14
8.086545583103535739e-14
1.321051230893019881e-13
2.104759348961567070e-13
3.180135242597915827e-13
4.209971139231641658e-13
3.244647717043589514e-13
-8.714096092375416021e-13
-6.777456614584700066e-12
-2.780994313030068719e-11
-7.841412057818353568e-11
-1.463796291336764213e-10
-1.892485739026169150e-10
-3.092507021706073937e-10
-3.184005327823579995e-10
-1.769342363439417174e-10
-8.099744763789587561e-11
-3.871149565206757379e-11
-1.827777850100409471e-11
-1.306052559828663367e-11
-1.827777850100834047e-11
-3.871149565207854686e-11
-8.099744763791323348e-11
-1.769342363439626037e-10
-3.184005327823701487e-10
-3.092507021706055325e-10
-1.892485739026087207e-10
-1.463796291336738622e-10
-7.841412057818440164e-11
-2.780994313030145621e-11
-6.777456614582900302e-12
-8.714096092364785458e-13
3.244647717043132606e-13
4.209971139233071957e-13
3.180135242597384703e-13
2.104759348961108142e-13
1.321051230893344261e-13
8.086545583105338128e-14
4.886688456949821677e-14
2.930206809119611866e-14
1.745266973511837066e-14
1.030345743259722520e-14
5.996308109978909164e-15
3.404867044475807634e-15
1.850857899709835115e-15
9.270292849708850460e-16
3.909129980001542108e-16
1.039434547764332084e-16
9.612896266268306165e-19
6.448344014865189255e-19
6.972393027414921578e-17
2.623161061927922032e-16
6.224472268287995659e-16
1.243798017044244465e-15
2.290617659438113470e-15
4.039513410079696465e-15
6.952649085899106631e-15
1.180036398186304175e-14
1.985883697387162166e-14
3.320828125378825194e-14
5.511630911720748111e-14
9.029415772633434041e-14
1.440592008558190520e-13
2.166693119264973460e-13
2.779634887187719765e-13
1.551127500140702035e-13
-9.850049359792562785e-13
-6.705911014264068303e-12
-2.812575334143497137e-11
-8.267308774031234278e-11
-1.602753938035162267e-10
-2.111442875548754500e-10
-3.072366160300918242e-10
-2.964965217612446616e-10
-1.619643891980364698e-10
-7.559629552074784811e-11
-3.718014472849121255e-11
-1.757788523110841743e-11
-1.251693298532211884e-11
-1.757788523111363900e-11
-3.718014472850427942e-11
-7.559629552076583929e-11
-1.619643891980575370e-10
-2.964965217612653412e-10
-3.072366160301051108e-10
-2.111442875548819123e-10
-1.602753938035247570e-10
-8.267308774031702152e-11
-2.812575334143430898e-11
-6.705911014264965762e-12
-9.850049359790416074e-13
1.551127500145928207e-13
2.779634887187086152e-13
2.166693119265505342e-13
1.440592008557432457e-13
9.029415772632180699e-14
5.511630911723505338e-14
3.320828125375030458e-14
1.985883697386596395e-14
1.180036398186065623e-14
6.952649085899421387e-15
4.039513410076451092e-15
2.290617659438934279e-15
1.243798017045212398e-15
6.224472268278948410e-16
2.623161061923813546e-16
6.972393027520437887e-17
6.448344008995671230e-19
4.046708868642534824e-19
4.375518070000321859e-17
1.646563883152269608e-16
3.908689555291405019e-16
7.814872990061943105e-16
1.440255995270736263e-15
2.542192822128412872e-15
4.380342604032133956e-15
7.444346261815420833e-15
1.254763506007849542e-14
2.102002971762577101e-14
3.495616384429228657e-14
5.737833069003566908e-14
9.166741893160479381e-14
1.377190364358500826e-13
1.744358812066103098e-13
7.905573367519485670e-14
-7.669920775600671803e-13
-5.167022001979135308e-12
-2.235715411608125974e-11
-6.757178029217458954e-11
-1.326553950420622326e-10
-1.747446201550238446e-10
-2.441268170720855130e-10
-2.295920312477887202e-10
-1.237919373783654597e-10
-5.874901066159705913e-11
-2.967078388404898788e-11
-1.402299532590211967e-11
-9.942862954644430106e-12
-1.402299532590669502e-11
-2.967078388406049086e-11
-5.874901066161063007e-11
-1.237919373783819774e-10
-2.295920312478115970e-10
-2.441268170720961113e-10
-1.747446201550291696e-10
-1.326553950420744594e-10
-6.757178029217796288e-11
-2.235715411607770545e-11
-5.167022001980687080e-12
-7.669920775628660841e-13
7.905573367587225472e-14
1.744358812069370876e-13
1.377190364359942485e-13
9.166741893167984288e-14
5.737833068999140451e-14
3.495616384431704418e-14
2.102002971758611971e-14
1.254763506008887367e-14
7.444346261811725808e-15
4.380342604022251896e-15
2.542192822124350632e-15
1.440255995268617974e-15
7.814872990066092514e-16
3.908689555295146192e-16
1.646563883152873087e-16
4.375518070014945368e-17
4.046708864751031593e-19
0.000000000000000000e+00
0.000000000000000000e+00
0.000000000000000000e+00
0.000000000000000000e+00
0.000000000000000000e+00
0.000000000000000000e+00
0.000000000000000000e+00
0.000000000000000000e+00
0.000000000000000000e+00
0.000000000000000000e+00
0.000000000000000000e+00
0.000000000000000000e+00
0.000000000000000000e+00
0.000000000000000000e+00
0.000000000000000000e+00
0.000000000000000000e+00
0.000000000000000000e+00
0.000000000000000000e+00
0.000000000000000000e+00
0.000000000000000000e+00
0.000000000000000000e+00
0.000000000000000000e+00
0.000000000000000000e+00
0.000000000000000000e+00
0.000000000000000000e+00
0.000000000000000000e+00
0.000000000000000000e+00
0.000000000000000000e+00
0.000000000000000000e+00
0.000000000000000000e+00
0.000000000000000000e+00
0.000000000000000000e+00
0.000000000000000000e+00
0.000000000000000000e+00
0.000000000000000000e+00
0.000000000000000000e+00
0.000000000000000000e+00
0.000000000000000000e+00
0.000000000000000000e+00
0.000000000000000000e+00
0.000000000000000000e+00
0.000000000000000000e+00
0.000000000000000000e+00
0.000000000000000000e+00
0.000000000000000000e+00
0.000000000000000000e+00
0.000000000000000000e+00
0.000000000000000000e+00
0.000000000000000000e+00
0.000000000000000000e+00
0.000000000000000000e+00
0.000000000000000000e+00
0.000000000000000000e+00
0.000000000000000000e+00
0.000000000000000000e+00
0.000000000000000000e+00
0.000000000000000000e+00
0.000000000000000000e+00
0.000000000000000000e+00
