0.000000000000000000e+00
0.000000000000000000e+00
0.000000000000000000e+00
0.000000000000000000e+00
0.000000000000000000e+00
0.000000000000000000e+00
0.000000000000000000e+00
0.000000000000000000e+00
0.000000000000000000e+00
0.000000000000000000e+00
0.000000000000000000e+00
0.000000000000000000e+00
0.000000000000000000e+00
0.000000000000000000e+00
0.000000000000000000e+00
0.000000000000000000e+00
0.000000000000000000e+00
0.000000000000000000e+00
0.000000000000000000e+00
0.000000000000000000e+00
0.000000000000000000e+00
0.000000000000000000e+00
0.000000000000000000e+00
0.000000000000000000e+00
0.000000000000000000e+00
0.000000000000000000e+00
0.000000000000000000e+00
0.000000000000000000e+00
0.000000000000000000e+00
0.000000000000000000e+00
0.000000000000000000e+00
0.000000000000000000e+00
0.000000000000000000e+00
0.000000000000000000e+00
0.000000000000000000e+00
0.000000000000000000e+00
0.000000000000000000e+00
0.000000000000000000e+00
0.000000000000000000e+00
0.000000000000000000e+00
0.000000000000000000e+00
0.000000000000000000e+00
0.000000000000000000e+00
0.000000000000000000e+00
0.000000000000000000e+00
0.000000000000000000e+00
0.000000000000000000e+00
0.000000000000000000e+00
0.000000000000000000e+00
0.000000000000000000e+00
0.000000000000000000e+00
0.000000000000000000e+00
0.000000000000000000e+00
0.000000000000000000e+00
0.000000000000000000e+00
0.000000000000000000e+00
0.000000000000000000e+00
0.000000000000000000e+00
0.000000000000000000e+00
8.140063721892610830e-19
-7.859553559848540911e-15
-1.473456856052337626e-14
-2.054069562397861472e-14
-2.520386761279805680e-14
-2.866953937178578402e-14
-3.092146554168293095e-14
-3.199996145028906542e-14
-3.201070358099652403e-14
-3.111810521349128654e-14
-2.952324857834240969e-14
-2.743318246102577255e-14
-2.503250858931097697e-14
-2.246689302264957430e-14
-1.984195866793633644e-14
-1.723365413183229309e-14
-1.470196440741704967e-14
-1.230058951700645889e-14
-1.007945572908225962e-14
-8.081437800940008459e-15
-6.337030823182229589e-15
-4.860482449878557230e-15
-3.649164544372534009e-15
-2.686120220918513658e-15
-1.944612811070855946e-15
-1.393266222918787467e-15
-1.000726267989389263e-15
-7.392989345757324586e-16
-5.874616383747759295e-16
-5.313968553113793649e-16
-5.657785990954805007e-16
-6.940011886583262960e-16
-9.279268169110333462e-16
-1.287091491280626049e-15
-1.797195767187842680e-15
-2.487665009947026179e-15
-3.388142130360200476e-15
-4.524020076056936829e-15
-5.911541981420871265e-15
-7.553494026287778808e-15
-9.436826943353582316e-15
-1.153329574010414764e-14
-1.380313240060721413e-14
-1.620001355838060156e-14
-1.867397270999220951e-14
-2.116875023898076394e-14
-2.361236792789403910e-14
-2.590400447523755881e-14
-2.790421971259844364e-14
-2.943622226423478884e-14
-3.030181013823377199e-14
-3.030861989133446852e-14
-2.929947421154641077e-14
-2.717342091609555063e-14
-2.389198617358019181e-14
-1.947067585216193429e-14
-1.396143815433454402e-14
-7.434658585140624965e-15
3.044200355518678540e-17
8.087660786737186114e-15
1.719805649567646370e-16
-6.607143366247620302e-15
-1.216396948506785113e-14
-1.638823094120039375e-14
-1.912466078756284903e-14
-2.020978012358785771e-14
-1.953695429952386297e-14
-1.712106220393743688e-14
-1.313821264206085935e-14
-7.926212895547613179e-15
-1.946130928143533954e-15
4.281379747487857666e-15
1.024524807048961060e-14
1.550193186883206095e-14
1.971399146211849821e-14
2.266924983996621362e-14
2.428431407585226208e-14
2.459608102683215955e-14
2.374354736885763348e-14
2.194204733087896907e-14
1.945312089435142922e-14
1.655431455296488378e-14
1.351317740811151717e-14
1.056837821104709876e-14
7.918913129478278317e-15
5.720607784358225452e-15
4.087970464988946440e-15
3.098975224651338262e-15
2.800436233740155303e-15
3.212120064827961869e-15
4.328434719079915187e-15
6.117274536647658348e-15
8.516336105128561220e-15
1.142795788674091111e-14
1.471422453940523780e-14
1.819455600957292441e-14
2.164808161442728721e-14
2.482265159244289640e-14
2.745129445020137844e-14
2.927534138772766751e-14
3.007168743838981875e-14
2.968046917550399793e-14
2.802941998820137840e-14
2.515213086919971814e-14
2.119828228332646924e-14
1.643346745428502740e-14
1.122475052401865775e-14
6.007822300487839719e-15
1.235234203940905512e-15
-2.686997607469487368e-15
-5.458796910344877404e-15
-6.922686208251926414e-15
-7.064451532432173704e-15
-5.977024066506120357e-15
-3.800604982754849167e-15
-6.618310578078901976e-16
3.361281854492792142e-15
8.221528169588872160e-15
1.565009144548457832e-14
7.655084051013732608e-15
9.063117056700006862e-16
-4.546767957653282277e-15
-8.582541252828774543e-15
-1.095839057235555371e-14
-1.136357569080042870e-14
-9.527859453335515590e-15
-5.340313791140315304e-15
1.062733312873295695e-15
9.268430380670862840e-15
1.862389959681286826e-14
2.832443901345906690e-14
3.752643982183752140e-14
4.545735356592945044e-14
5.150348477361227336e-14
5.526684496278045153e-14
5.658951389523582059e-14
5.554740548055176158e-14
5.241751204656205314e-14
4.762547245336867030e-14
4.168320111389211188e-14
3.512751014301997521e-14
2.846901474468767167e-14
2.215672648431501833e-14
1.655936545184290840e-14
1.196106359729871434e-14
8.567233943934219196e-15
6.515701437180738415e-15
5.888460778976206946e-15
6.720433202466142920e-15
9.002992590227905378e-15
1.268146670361895655e-14
1.764720479119569778e-14
2.372623841481137058e-14
3.066796226905534800e-14
3.813825657650047776e-14
4.572171562524837696e-14
5.293699309602087338e-14
5.926755909704951858e-14
6.420716858942201608e-14
6.731540065969646084e-14
6.827507629079569102e-14
6.694182172024268840e-14
6.337704325395809172e-14
5.785799864182878121e-14
5.086080428736335160e-14
4.301380116450400600e-14
3.502166362237598489e-14
2.756742860153931870e-14
2.120976741115399107e-14
1.630125843218279039e-14
1.295331648913470031e-14
1.106168031944373893e-14
1.038665396379169164e-14
1.066276016289360225e-14
1.169988310371130553e-14
1.343358883823271496e-14
1.588187337058691847e-14
2.269014124041404047e-14
1.470295397860890817e-14
8.008165476272440676e-15
2.569213269640710140e-15
-1.513140595260454914e-15
-3.925678853624893693e-15
-4.209222843634247157e-15
-1.907056822217593367e-15
3.263832173007364598e-15
1.127367360639354111e-14
2.171350757385533456e-14
3.381726130647913446e-14
4.656087963444887283e-14
5.880789434386824687e-14
6.946569581022917026e-14
7.762338610460261293e-14
8.265295088543689759e-14
8.426458555874251791e-14
8.251344678787338201e-14
7.776111276562213892e-14
7.060185466890302183e-14
6.176983287261963511e-14
5.204561305473466970e-14
4.217749626742833969e-14
3.282651864276583413e-14
2.453683777909350431e-14
1.772806210386459723e-14
1.270328627007607978e-14
9.665486469233821850e-15
8.735154260208865890e-15
9.963508270143923310e-15
1.333781063344024565e-14
1.877755980474777889e-14
2.612247390811549761e-14
3.511543710923558968e-14
4.538579251054413554e-14
5.643981311711940122e-14
6.766533359545379887e-14
7.835640691489077207e-14
8.776132892784572375e-14
9.515282048149273998e-14
9.991273886093286542e-14
1.016175786143351558e-13
1.001082563218143427e-13
9.552961904946955275e-14
8.833033885167863418e-14
7.921961325232825755e-14
6.908206276612761447e-14
5.885784688253538383e-14
4.940360297574684165e-14
4.136049361839267642e-14
3.506261654485074043e-14
3.051499478580884433e-14
2.745289876995123526e-14
2.546888474122101759e-14
2.417064173095451136e-14
2.331893915608799812e-14
2.289089804296075278e-14
2.301321568604846758e-14
2.924151686724078236e-14
2.156520512470999985e-14
1.513703713760757978e-14
9.775722428797535157e-15
5.522473864412726263e-15
2.740327338672344518e-15
2.037025361740721711e-15
4.081229593864984099e-15
9.380949625571171963e-15
1.809017806016899096e-14
2.989590990113237384e-14
4.401146098493557341e-14
5.927069580552317852e-14
7.429310577784385771e-14
8.767935048381787404e-14
9.819976355515617847e-14
1.049473204631918857e-13
1.074357240692459144e-13
1.056318318484350295e-13
9.992180247124907985e-14
9.102245371624736332e-14
7.986008304133640377e-14
6.744365162927080361e-14
5.475549957773055849e-14
4.267305005890764168e-14
3.192459943538432102e-14
2.307513670463789893e-14
1.653434185481289959e-14
1.257707044137521076e-14
1.136644089488475452e-14
1.297142683685619603e-14
1.737396678175262960e-14
2.446384045376919502e-14
3.402261421618234482e-14
4.570123925206117326e-14
5.899906971900594504e-14
7.325384727089098390e-14
8.765184656940062784e-14
1.012654396381705253e-13
1.131219231131654820e-13
1.223012470458790929e-13
1.280510226437698966e-13
1.298982009308472882e-13
1.277331736690834763e-13
1.218461114187278789e-13
1.129048983266347924e-13
1.018745446434071862e-13
8.988659440166851367e-14
7.807455863702968169e-14
6.740010072424242086e-14
5.850384349553548495e-14
5.161841375855305896e-14
4.657265274645222220e-14
4.289343906886053939e-14
3.998239888525181389e-14
3.731996883851735632e-14
3.463601496030339199e-14
3.198326799123667507e-14
2.964896142969129449e-14
3.535399077947942741e-14
2.855574068959631967e-14
2.284456677611844636e-14
1.782981134556679327e-14
1.344937380882737993e-14
1.009105178638714587e-14
8.508237750178285713e-15
9.605975588153229242e-15
1.417198031132874107e-14
2.262636024092985823e-14
3.485252902674424337e-14
5.014655567271661262e-14
6.728910914676146163e-14
8.471502914928724019e-14
1.007394045866989547e-13
1.137962852415921847e-13
1.226508416407415102e-13
1.265528709782188262e-13
1.253090631490200372e-13
1.192658357218496877e-13
1.092132572712689787e-13
9.623801755510238456e-14
8.156203853344519441e-14
6.639928240584560092e-14
5.185006705139827191e-14
3.883805262345620985e-14
2.808583609933781630e-14
2.012031944907840026e-14
1.529603736151053496e-14
1.382342390138998572e-14
1.579088446357035913e-14
2.117377462904198530e-14
2.982788620904959094e-14
4.146922205636134773e-14
5.564644408861789942e-14
7.171678379811839742e-14
8.883810127229934598e-14
1.059882545818845383e-13
1.220196967083927998e-13
1.357529607092473707e-13
1.461049104118815104e-13
1.522351037549743891e-13
1.536812874208370822e-13
1.504509265472587881e-13
1.430433181251564154e-13
1.323925031714526087e-13
1.197376903768917165e-13
1.064402931294119528e-13
9.377498677235365557e-14
8.272904962083033173e-14
7.384962197730712309e-14
6.717727488340998281e-14
6.229036128753710851e-14
5.845805042018466140e-14
5.486906350906549366e-14
5.087918814744120923e-14
4.620970541198989894e-14
4.102779076488704054e-14
3.583859128329865324e-14
4.108318865017738519e-14
3.600112597461646022e-14
3.170614249343951249e-14
2.753112461602636240e-14
2.326367079143075098e-14
1.928714902827490913e-14
1.649300370240633471e-14
1.604269566687237727e-14
1.905541133429163121e-14
2.629947128002981848e-14
3.795846868714297884e-14
5.352155939735409626e-14
7.181493297946120550e-14
9.115925231862916990e-14
1.096155584975226539e-13
1.252719838184582677e-13
1.365215143752579019e-13
1.422836438722394713e-13
1.421316181492623487e-13
1.363053333429563599e-13
1.256164797423982681e-13
1.112788632937327144e-13
9.471147599735181959e-14
7.735818106805769716e-14
6.055041507440336557e-14
4.542069878814250954e-14
3.286361510551067368e-14
2.353544894851464479e-14
1.787903138098190729e-14
1.615714416137833616e-14
1.847943482650910405e-14
2.481344997771393566e-14
3.497655614934055924e-14
4.861113564142574114e-14
6.515181875714318709e-14
8.379951231298364980e-14
1.035186191226250826e-13
1.230700674357284382e-13
1.410875405140349139e-13
1.561995242275253481e-13
1.671908380865926235e-13
1.731810431916846631e-13
1.737807397695423374e-13
1.691826099625994751e-13
1.601570881965517909e-13
1.479464024980771272e-13
1.340743536332981868e-13
1.201050888635328437e-13
1.073917493441880447e-13
9.685869585785636343e-14
8.886035469527784267e-14
8.315188774339548013e-14
7.898743028549739026e-14
7.533218840632766452e-14
7.114437339686882982e-14
6.566228598742512785e-14
5.862490635355419917e-14
5.035573250497936049e-14
4.163747282008355970e-14
4.648135723906777755e-14
4.419020519950349719e-14
4.223277530846435364e-14
3.959969594776201667e-14
3.588023357107266290e-14
3.142057412452404564e-14
2.723678720087947606e-14
2.475951050643585838e-14
2.548387038528755441e-14
3.060298939366716511e-14
4.070241956149227172e-14
5.557736059684965893e-14
7.420544852888257292e-14
9.487421929318138745e-14
1.154340163720931710e-13
1.336281454709928811e-13
1.474408229703959413e-13
1.553989798968114209e-13
1.567700879630929032e-13
1.516196883092114825e-13
1.407276435154037226e-13
1.253998771599270375e-13
1.072355106783102344e-13
8.790667242616741929e-14
6.898553901892594041e-14
5.182927254364496664e-14
3.752110029434961790e-14
2.686039449120420110e-14
2.038757862050358919e-14
1.842297872037989537e-14
2.109935025837230221e-14
2.837531889704920737e-14
4.002540284115519076e-14
5.560979626641341193e-14
7.443592146106322846e-14
9.553189785017552008e-14
1.176527823849249437e-13
1.393326769695337016e-13
1.589876534247053179e-13
1.750699908404329653e-13
1.862650974762078543e-13
1.917019549975097125e-13
1.911263860248302074e-13
1.849826580232961596e-13
1.743695464397535904e-13
1.608713847073855116e-13
1.462963393738661758e-13
1.323727943213393567e-13
1.204597509758412666e-13
1.113235868453204474e-13
1.050246812277640352e-13
1.009416949768626098e-13
9.793636055593906637e-14
9.463082397597760746e-14
8.974222912793049501e-14
8.240415011308575260e-14
7.240293449231182283e-14
6.026122996150599191e-14
4.709766435146562961e-14
5.158673137497552652e-14
5.331632325754158398e-14
5.476974183090253939e-14
5.453468961828358416e-14
5.195549088068103736e-14
4.730588507681905263e-14
4.170680546490351896e-14
3.686139320837598175e-14
3.467418286800585271e-14
3.682935372130244299e-14
4.440898395689728082e-14
5.762515339097163030e-14
7.571664534503705307e-14
9.702788379332060755e-14
1.192539513327497073e-13
1.398068310011967293e-13
1.562355418275442080e-13
1.666185921875673458e-13
1.698479165349819135e-13
1.657465836468874155e-13
1.550073018512102375e-13
1.389906782811245691e-13
1.194569422374122314e-13
9.830407921656746018e-14
7.735574108992626952e-14
5.821208878047579500e-14
4.216442472895313470e-14
3.017075295746350541e-14
2.287906388254266037e-14
2.067245227767314005e-14
2.370863286123617416e-14
3.193639371672971083e-14
4.508314513809762782e-14
6.261781551232389544e-14
8.370567296208784373e-14
1.071827434432844907e-13
1.315761312292141276e-13
1.551820450015326674e-13
1.762009799508550478e-13
1.929270678550241926e-13
2.039812947626224949e-13
2.085529011526129867e-13
2.065848255290795152e-13
1.988359228297395547e-13
1.867835706790432770e-13
1.723778698120097872e-13
1.576990770722834463e-13
1.445899195487341080e-13
1.343344803413819628e-13
1.274429784669543526e-13
1.235829146943262957e-13
1.216726158007849637e-13
1.201233299283985826e-13
1.171856571559744583e-13
1.113341355933852979e-13
1.016163738563604544e-13
8.789807550934762847e-14
7.094241941176572636e-14
5.225732042160376924e-14
5.641137746800271390e-14
6.341502018207041901e-14
6.938756667967181902e-14
7.246204620902100197e-14
7.169530805574982156e-14
6.725238126363909209e-14
6.033316775334042774e-14
5.290591046298195080e-14
4.730418312196137532e-14
4.575498763903502634e-14
4.991935420173304511e-14
6.053003231990527591e-14
7.719633635907920239e-14
9.841594123594207791e-14
1.217952876334234168e-13
1.444415013382054602e-13
1.634534757327099242e-13
1.764131940979202016e-13
1.817706479431979520e-13
1.790379951185572630e-13
1.687627079883397745e-13
1.523186512002362713e-13
1.316042423064985340e-13
1.087387394716592337e-13
8.580868833184295927e-14
6.467870265030361079e-14
4.687123669561117054e-14
3.352091267032360349e-14
2.539408237018142679e-14
2.294175563481974043e-14
2.634837485215062114e-14
3.555225720568241881e-14
5.022973542340246875e-14
6.974874369317009432e-14
9.311502024665761895e-14
1.189493385888689578e-13
1.455288373918754399e-13
1.708999175462651160e-13
1.930518217630930370e-13
2.101427156875308999e-13
2.207681351723379018e-13
2.242307241665713660e-13
2.207319788245260457e-13
2.114042404556723444e-13
1.981456282293748245e-13
1.832843649584141490e-13
1.691482546992455642e-13
1.576342592171490246e-13
1.498653601920166949e-13
1.459984206650802893e-13
1.452165112778867572e-13
1.459057371645357458e-13
1.459827616593054345e-13
1.433113484488826627e-13
1.361320166275093778e-13
1.234308641580858635e-13
1.051857269857880559e-13
8.243765307671712677e-14
5.712856262395076872e-14
6.092942595415116561e-14
7.430959473247708925e-14
8.578734706281580518e-14
9.300170038348816116e-14
9.468625895185676226e-14
9.086195575938788671e-14
8.277651302324059167e-14
7.264476031281834429e-14
6.323325584988551882e-14
5.734581252586543290e-14
5.728830728834591165e-14
6.440605745625328940e-14
7.878349386547130443e-14
9.917089882896709639e-14
1.231620892623152074e-13
1.475984796022801798e-13
1.691260530030403884e-13
1.847906704131117959e-13
1.925374883664966011e-13
1.914981992388484466e-13
1.820123838546717010e-13
1.654190671850196019e-13
1.437250468455915712e-13
1.192617442850872910e-13
9.438982034081284843e-14
7.126347424114519563e-14
5.166422827142161736e-14
3.692462763027122642e-14
2.794124374257337681e-14
2.523795193168541973e-14
2.902752184668456281e-14
3.923756213953626865e-14
5.548979227989932077e-14
7.704052535242533156e-14
1.027151981537222668e-13
1.308909254850314577e-13
1.595686341864552915e-13
1.865328782031247040e-13
2.095706171955312729e-13
2.267334605536016738e-13
2.366372304021655262e-13
2.387552743205506775e-13
2.336094505310220205e-13
2.227603474911696356e-13
2.085603792409731621e-13
1.937167020506523493e-13
1.807685641902104719e-13
1.715989521376441189e-13
1.670816710894216515e-13
1.669284553898834920e-13
1.697583233323422081e-13
1.733693132142771781e-13
1.751563558178456380e-13
1.725958521753757762e-13
1.637131966310343711e-13
1.474621345035997059e-13
1.239643009409761758e-13
9.456928282883788733e-14
6.168571322382852388e-14
6.506887141675352689e-14
8.558157450718162913e-14
1.032502489101869502e-13
1.151958855836610246e-13
1.198023310080079556e-13
1.169139840417355061e-13
1.077914199416953384e-13
9.486688765360275379e-14
8.132733877007286878e-14
7.056726869858374737e-14
6.558306915864008535e-14
6.840808111667252206e-14
7.969703583882908525e-14
9.855141701967102061e-14
1.226356099507873385e-13
1.485766013059560380e-13
1.725774561383131523e-13
1.911176854293252707e-13
2.015784051803068584e-13
2.026390875424799565e-13
1.943616559297214008e-13
1.779916869603587549e-13
1.556032309435127311e-13
1.297225438595674845e-13
1.029936874116374878e-13
7.788958796201131917e-14
5.648490859749890318e-14
4.033577221123833243e-14
3.048214922777276745e-14
2.752533955214412885e-14
3.170774175532740731e-14
4.294657514095827420e-14
6.080606894088830730e-14
8.441911712501343464e-14
1.124055213372293684e-13
1.428634816754439189e-13
1.734865636095243417e-13
2.017868359654749339e-13
2.253662961550846401e-13
2.422112240629269842e-13
2.510142170793659447e-13
2.514833962853545157e-13
2.445243292533762653e-13
2.321765496965665374e-13
2.172713170006727417e-13
2.028839214844364370e-13
1.917184669464773093e-13
1.855702373857455736e-13
1.849777655792194436e-13
1.891257876899579227e-13
1.960058247307412026e-13
2.027913496481142766e-13
2.063473139487740139e-13
2.037775208023702512e-13
1.929207592812969398e-13
1.727307397932162117e-13
1.435013792859429736e-13
1.069123928536110318e-13
6.585706023452323105e-14
6.871023395280206109e-14
9.658135211465325841e-14
1.206576074921032171e-13
1.375353645661663948e-13
1.452335372373859080e-13
1.433925556042300511e-13
1.332488689478662231e-13
1.174134886565370787e-13
9.946468339234885294e-14
8.337995698859838059e-14
7.286866848363366641e-14
7.070699558543966667e-14
7.820113091951123653e-14
9.489762146641056191e-14
1.186194704205853042e-13
1.458424550542112849e-13
1.723509986955235920e-13
1.940394808487394030e-13
2.076707875146355159e-13
2.113978525685176362e-13
2.049255708554024395e-13
1.893323857109930441e-13
1.667013618279121833e-13
1.397227475447581100e-13
1.113282888777041586e-13
8.434236380804717072e-14
6.117405523942245441e-14
4.363401801020236506e-14
3.292026619600995049e-14
2.971535407107125775e-14
3.429211960077317998e-14
4.655849925460411692e-14
6.601938149245371246e-14
9.167109410917314365e-14
1.218967657651640145e-13
1.544721429212380030e-13
1.867473623753434971e-13
2.159555729707614613e-13
2.395448014042568775e-13
2.554950384786891974e-13
2.626476656396979676e-13
2.610190655179766403e-13
2.519639957476039723e-13
2.380466858167082407e-13
2.225913798948273906e-13
2.090183259295483981e-13
2.001402186679805979e-13
1.975880319682758465e-13
2.014848657224812434e-13
2.104208154271620833e-13
2.217163617443621890e-13
2.319057175150453673e-13
2.373354549402543944e-13
2.347664158202413515e-13
2.218875395099014347e-13
1.976860828889932538e-13
1.626515169662565865e-13
1.188042391161266706e-13
6.952344730108579859e-14
7.169429691601418050e-14
1.064866630749626976e-13
1.365946064792057297e-13
1.581017980735968549e-13
1.686598882749863903e-13
1.676847751401067235e-13
1.563517906526836499e-13
1.374042539171560281e-13
1.147669921467552006e-13
9.297065051585893154e-14
7.643438498337850671e-14
6.870737934410975069e-14
7.180959724072379771e-14
8.581741416407032579e-14
1.088029041041602176e-13
1.371662000387340425e-13
1.663147660137562578e-13
1.915550011927916010e-13
2.089863602778497861e-13
2.161602583326857934e-13
2.123345435183868664e-13
1.983276051255441408e-13
1.761497016055364049e-13
1.486039209372740344e-13
1.189041245693795237e-13
9.026053057828644354e-14
6.546525357832123801e-14
4.662022203563745927e-14
3.509749346787674780e-14
3.166346877473584714e-14
3.662148700032953240e-14
4.987239625031211980e-14
7.086145552038256947e-14
9.843398131592150026e-14
1.306989428574692257e-13
1.650572030634744600e-13
1.984758756644505179e-13
2.279115134810983560e-13
2.507096804703795128e-13
2.649276496100066762e-13
2.696475300545432263e-13
2.652781739172444214e-13
2.536896678747555824e-13
2.380084824970186410e-13
2.220520153893706558e-13
2.095476890049896212e-13
2.033510347770974518e-13
2.048518475109299435e-13
2.136876778005566496e-13
2.278048347471580820e-13
2.438324201014369359e-13
2.576742184179329409e-13
2.651899559135836445e-13
2.628408357947118310e-13
2.482090490866282849e-13
2.203482069226369195e-13
1.799596179675931176e-13
1.294025625230675539e-13
7.252591477517767583e-14
7.383915739311499659e-14
1.144056156000709934e-13
1.495313250535429078e-13
1.748178878317203763e-13
1.875610910831410141e-13
1.869401977898596589e-13
1.740344878894369576e-13
1.516674210954839537e-13
1.240513617653458200e-13
9.621802859586543557e-14
7.326556581218936177e-14
5.951758016719982801e-14
5.774573788552161992e-14
6.862648061344190221e-14
9.057051570456088248e-14
1.199908320268668387e-13
1.519819029045684964e-13
1.812830069908026706e-13
2.033020835511956048e-13
2.149194508316529037e-13
2.148477013451833097e-13
2.035312108741105045e-13
1.827963909162579729e-13
1.554800747287691763e-13
1.250558495265659246e-13
9.515142232488474019e-14
6.899609260527162223e-14
4.902505933642812937e-14
3.680128112865823566e-14
3.317573267682603581e-14
3.848128382382178782e-14
5.261530812456764326e-14
7.496535540947865429e-14
1.042103937579890202e-13
1.381415116544614403e-13
1.737246038168065504e-13
2.075044704763772627e-13
2.361788303826568416e-13
2.570705102242913618e-13
2.684280584961037252e-13
2.696882845269535976e-13
2.617453855284568471e-13
2.470462143399030035e-13
2.293017475156651584e-13
2.128021438905654587e-13
2.015256860323159657e-13
1.982953508345914771e-13
2.041857695718157701e-13
2.182936804224393977e-13
2.378956000029864740e-13
2.589352982480084590e-13
2.767197037288209319e-13
2.866725916535813307e-13
2.850107822334195619e-13
2.692569635259028477e-13
2.385611174380987024e-13
1.938442664443665716e-13
1.377897890197372170e-13
7.468264793853693751e-14
7.496441909637480509e-14
1.195098877713101906e-13
1.580558292144614397e-13
1.857704967091928065e-13
1.996193169572607300e-13
1.985426075882766209e-13
1.834928222993714948e-13
1.573180976829322470e-13
1.244470178265219482e-13
9.033866057960870729e-14
6.070994599631125908e-14
4.062702469105692568e-14
3.361992685719270611e-14
4.101326928649782684e-14
6.163948652472713292e-14
9.202520526131951382e-14
1.270439408844452039e-13
1.609235917792399080e-13
1.883830357783810622e-13
2.055794926294727170e-13
2.105823346779762371e-13
2.033302061435798829e-13
1.853230632181459625e-13
1.593174256277428428e-13
1.289982536815890102e-13
9.843154966395742355e-14
7.133839519138030050e-14
5.053217516402632705e-14
3.778345467968024687e-14
3.402605048465725718e-14
3.962014135457495847e-14
5.446492589482342103e-14
7.789496866782270597e-14
1.084075390771615367e-13
1.434278622174339655e-13
1.794236513935876332e-13
2.124859725764276857e-13
2.390958109344643281e-13
2.566682783048794427e-13
2.637901487061270702e-13
2.603859500238074423e-13
2.479289385804069597e-13
2.294883830559435255e-13
2.093547818722259615e-13
1.922403224160171977e-13
1.822943801018502407e-13
1.822230781902274774e-13
1.927197241217492176e-13
2.123063492182957362e-13
2.375924832915357416e-13
2.638724414382446193e-13
2.859155506481943723e-13
2.987788404191610244e-13
2.984997703029905623e-13
2.825905258089515498e-13
2.503227548468781883e-13
2.028355891104293209e-13
1.431086740794019243e-13
7.581308223613920872e-14
7.491805292386743920e-14
1.211756823942522352e-13
1.611206264952890835e-13
1.895536673463212844e-13
2.031496005701971129e-13
2.006185040587598372e-13
1.827615846295667788e-13
1.523956403393027465e-13
1.140843612797767733e-13
7.361993146276374192e-14
3.724687119165529120e-14
1.070349919389486881e-14
-1.755301914169141319e-15
1.858149566695690150e-15
2.086473278928161950e-14
5.201346551191529109e-14
9.008162206445236354e-14
1.288899448193885642e-13
1.625203852035874031e-13
1.863925677310427777e-13
1.978518920006740510e-13
1.961933471723742661e-13
1.824204844736204077e-13
1.590564182644627351e-13
1.299123277295376212e-13
9.948942020692055458e-14
7.204545279469430254e-14
5.081462026675276108e-14
3.778994054905425240e-14
3.398353968529096352e-14
3.977940182868470770e-14
5.508558976279618439e-14
7.919150928416356465e-14
1.103988913066771799e-13
1.457196928375578710e-13
1.810667706889495318e-13
2.120665771012836850e-13
2.350604748789454511e-13
2.477101933467536645e-13
2.491164065886249410e-13
2.398321532919388507e-13
2.219882518375973270e-13
1.992879372810730728e-13
1.765517515544512876e-13
1.588207149888802193e-13
1.503079774101613964e-13
1.535133771238244401e-13
1.686991805731707830e-13
1.938096897788600506e-13
2.248264779976808779e-13
2.564641675000046168e-13
2.830402730494780564e-13
2.993311932451746411e-13
3.012673395814011585e-13
2.863986253672603012e-13
2.541370584772727400e-13
2.058279097587198644e-13
1.447064260305932841e-13
7.576470052505398865e-14
7.360002684084450867e-14
1.191076132269001290e-13
1.582603993077275803e-13
1.855740962662805217e-13
1.974871571434984185e-13
1.925005403753230211e-13
1.712485568074969399e-13
1.364631986679196664e-13
9.275535697031704193e-14
4.613716723232857850e-14
3.257243308942241111e-15
-2.958877475629087987e-14
-4.750625167054367553e-14
-4.787864067446151999e-14
-3.086286517637898862e-14
6.180591081227183103e-16
4.140288917257061479e-14
8.507194686862713786e-14
1.251966166335121706e-13
1.565107494958683894e-13
1.755998568608050245e-13
1.809939622671164312e-13
1.730173747179321211e-13
1.537698587976656763e-13
1.270558054696654248e-13
9.776586776748203213e-14
7.071261552214592103e-14
4.958190199080910164e-14
3.659936385355483056e-14
3.284814354594417094e-14
3.873150722296807913e-14
5.417484760181224302e-14
7.843316282144878580e-14
1.096028816350151689e-13
1.442450363596866721e-13
1.776843158722125726e-13
2.051109197013550907e-13
2.228496480108414655e-13
2.289999419003628605e-13
2.233659466836921370e-13
2.072552514791130884e-13
1.834933428677173854e-13
1.563684183626399273e-13
1.311149266669122665e-13
1.129544219886430913e-13
1.060285279862874679e-13
1.125459906787802380e-13
1.323193086230719122e-13
1.627567323831156001e-13
1.992969295722824484e-13
2.361834286214513159e-13
2.673951848630295927e-13
2.875293704214394723e-13
2.924862499163899881e-13
2.798982552563276322e-13
2.493278706700598677e-13
2.023031617813391470e-13
1.422614667943836563e-13
7.443661620758881007e-14
7.097778861372010062e-14
1.134245263263857503e-13
1.497451892527881366e-13
1.742697989842560435e-13
1.832704559741636864e-13
1.750745313057656207e-13
1.501454601657455639e-13
1.110830772853982760e-13
6.245431234424514900e-14
1.036137204416575850e-14
-3.829999855774107964e-14
-7.684286056610902083e-14
-9.988367825344258733e-14
-1.042820204872434604e-13
-8.969747291047075546e-14
-5.864437894387330743e-14
-1.603979967776658814e-14
3.169694748483977576e-14
7.785623175575993481e-14
1.166423863768151082e-13
1.439291462045764607e-13
1.574125203302604761e-13
1.565696065016113213e-13
1.428627201608739813e-13
1.199008266846932633e-13
9.285208791157218207e-14
6.705013332227931277e-14
4.663616002547881972e-14
3.406903905693548964e-14
3.049304518180843724e-14
3.632569477866454402e-14
5.151887001619477728e-14
7.530635337943808494e-14
1.055781012170272448e-13
1.384315535332454743e-13
1.686186854526439654e-13
1.909849603383722808e-13
2.020152218134831371e-13
2.004607830165125402e-13
1.870040452988110025e-13
1.637832298290863519e-13
1.342773216786998304e-13
1.032151873475735818e-13
7.603627953473520024e-14
5.792876735663993856e-14
5.280640548671525236e-14
6.252587720079336409e-14
8.648500633422632606e-14
1.216616952798488102e-13
1.630953856858581613e-13
2.047119300383782587e-13
2.402935146054313223e-13
2.643729904534601621e-13
2.728990248636449720e-13
2.636249725899554517e-13
2.362629714311101083e-13
1.924875711670909483e-13
1.358709810226372782e-13
7.179501791916904077e-14
6.709383907578420526e-14
1.046922981345905847e-13
1.366393060620974368e-13
1.571974803629232480e-13
1.625605611868076995e-13
1.509352374407898305e-13
1.226255476011374591e-13
8.006245814483628935e-14
2.767919873490690340e-14
-2.847503657545709791e-14
-8.144763256400050264e-14
-1.243837897621455960e-13
-1.516435910388402183e-13
-1.597659507523311871e-13
-1.480331678180487010e-13
-1.185314779875347858e-13
-7.574788768029422061e-14
-2.578204268097032087e-14
2.473907414742541195e-14
6.979690305656819205e-14
1.047340295983882050e-13
1.264417926847571100e-13
1.334386982991545381e-13
1.263398258310917923e-13
1.083173556119585718e-13
8.461597968461723570e-14
6.097296256117964465e-14
4.193887627182621723e-14
3.018831751841557158e-14
2.691348055052894894e-14
3.254099759717908672e-14
4.705816416313543129e-14
6.969332912481334936e-14
9.814553342979174833e-14
1.280836514867305115e-13
1.537840222638682652e-13
1.699259262849768505e-13
1.733809934553558651e-13
1.637591678156011752e-13
1.427378448278514498e-13
1.132667872206562320e-13
7.931416218295089217e-14
4.576859677188920397e-14
1.794509833084235747e-14
7.145799650810655888e-16
-2.395210513736727248e-15
1.011582903019759419e-14
3.735281112812382708e-14
7.605802870986794124e-14
1.210886856593331962e-13
1.662572144412149274e-13
2.053196605187798347e-13
2.328702400317419993e-13
2.449824181165862591e-13
2.395587428209692635e-13
2.164460451306976170e-13
1.774135046872295931e-13
1.260851702718662769e-13
6.788077056946942033e-14
6.207319227135621162e-14
9.388770847576476396e-14
1.207257990104157527e-13
1.369218347042181715e-13
1.386996725463425338e-13
1.242191089018508121e-13
9.365668067194830486e-14
4.925501228722119962e-14
-4.766753203045614280e-15
-6.256064025035822215e-14
-1.173349401179598833e-13
-1.623483727133790337e-13
-1.920310415888706291e-13
-2.029317201017441927e-13
-1.942172045798861513e-13
-1.676423021409950484e-13
-1.271182023228921288e-13
-7.803830805480547689e-14
-2.642367032839096636e-14
2.198770162174714075e-14
6.236819155939749405e-14
9.097785365682114844e-14
1.053723708261095785e-13
1.051640165435581441e-13
9.282141257467476966e-14
7.336721798022218721e-14
5.271025376602971381e-14
3.568621151665169354e-14
2.513541886215263291e-14
2.227773101179039617e-14
2.754315702553668476e-14
4.096267923292289550e-14
6.178042469652736381e-14
8.755078135816039023e-14
1.136263071990803774e-13
1.340195618911357148e-13
1.435193124916199347e-13
1.396323226145244175e-13
1.229734877941756715e-13
9.622157061687761638e-14
6.297988442945077348e-14
2.737563280665105330e-14
-6.001276934589764843e-15
-3.243322215373566906e-14
-4.771082844283726303e-14
-4.881373425504700321e-14
-3.449690188936062408e-14
-5.696512240432775735e-15
3.440486049382035656e-14
8.078426254423681739e-14
1.273969799016747166e-13
1.681678083635202017e-13
1.978820610645897471e-13
2.128055233345018973e-13
2.110024072996306891e-13
1.924207896815827945e-13
1.588538768140956276e-13
1.138762870346942881e-13
6.281716273044637106e-14
5.613876478731030405e-14
8.226799634476325924e-14
1.042364786835704246e-13
1.166079306312798698e-13
1.157644953205653881e-13
9.991550608424709446e-14
6.916754862293895477e-14
2.558225335949799545e-14
-2.689198126366810161e-14
-8.274311347546191414e-14
-1.355651409525315328e-13
-1.790523283285152693e-13
-2.081194251162344231e-13
-2.197995949345067844e-13
-2.135945377958344977e-13
-1.912124348423314409e-13
-1.559560646258515720e-13
-1.121004313958765559e-13
-6.437439295595949138e-14
-1.750703193680133357e-14
2.406858975476521383e-14
5.631880014836501631e-14
7.598368571935115945e-14
8.164643199683213315e-14
7.485135467259131508e-14
6.003231037819693039e-14
4.290876618809059056e-14
2.836944658619854571e-14
1.931629978715484887e-14
1.696000323355105943e-14
2.172500660751879954e-14
3.369499973656159385e-14
5.216513563240655612e-14
7.464381931215793831e-14
9.638825347187853072e-14
1.114911859529259193e-13
1.151955994092476281e-13
1.058394769768834658e-13
8.504996893621475231e-14
5.635837017219574140e-14
2.370810173499217066e-14
-9.128146390168988689e-15
-3.851867857839722794e-14
-6.096310426333527172e-14
-7.328191142301342753e-14
-7.298135755919641930e-14
-5.879840058779219781e-14
-3.128626218481694807e-14
6.890472446540357096e-15
5.121149863390132132e-14
9.606816777074857975e-14
1.357550933936798486e-13
1.653659882712764885e-13
1.814048698454692509e-13
1.820857754686882335e-13
1.674013998500689438e-13
1.390779657418969542e-13
1.005216829493199060e-13
5.682608110636372635e-14
4.962543728885740609e-14
7.113123781303457606e-14
8.936599928090435288e-14
9.928628490762820498e-14
9.757141946953400987e-14
8.259520757288508459e-14
5.447984219363756087e-14
1.515098540391681089e-14
-3.172528101699781162e-14
-8.106103273912912045e-14
-1.270240278981378419e-13
-1.640572334936016248e-13
-1.880188528821218037e-13
-1.970246550642854276e-13
-1.915736998511352333e-13
-1.738746429274718746e-13
-1.468051688296760071e-13
-1.131705474877877813e-13
-7.560025473443966903e-14
-3.688069072494550630e-14
-3.187472974056829974e-16
3.021706398068804888e-14
5.096331109343153233e-14
5.967570073508386186e-14
5.693346109702506215e-14
4.623963935451839078e-14
3.265709544206672931e-14
2.076564836022877321e-14
1.334164343855027931e-14
1.151513267539933493e-14
1.568702273701153945e-14
2.600831213411216820e-14
4.189210344881262258e-14
6.098203788403139634e-14
7.879470314995223767e-14
8.995954869321608497e-14
9.049377732250814488e-14
7.957248491704640016e-14
5.960333345284798104e-14
3.465645793230194609e-14
8.595155866073099891e-15
-1.581793920130882217e-14
-3.674986948272969798e-14
-5.264793141061601842e-14
-6.167898175058867712e-14
-6.170075483153334022e-14
-5.091972742382598887e-14
-2.888684507428575401e-14
2.808398891872773777e-15
4.057202634512861408e-14
7.951655066612765476e-14
1.144737870265172344e-13
1.409206655996938974e-13
1.556043579518018849e-13
1.568427749677848418e-13
1.445913488748442473e-13
1.204017042408134285e-13
8.738310790563415943e-14
5.024325311606464779e-14
4.296083436553616469e-14
6.152434634256421072e-14
7.771493955173144229e-14
8.702815050574306934e-14
8.657154702294566313e-14
7.500410589604478221e-14
5.257234470137522534e-14
2.115482357849064662e-14
-1.581003393661954912e-14
-5.365986510617137648e-14
-8.722559329470684986e-14
-1.119211805726609209e-13
-1.249593184643404812e-13
-1.261815217055260644e-13
-1.179275945173704739e-13
-1.037604942475835064e-13
-8.664372339962872014e-14
-6.775008288551644683e-14
-4.678018801171746985e-14
-2.352740357532513988e-14
5.977981262115072493e-16
2.233316199548704967e-14
3.784891864360875777e-14
4.461965780066651347e-14
4.260153721029303553e-14
3.421664243387189828e-14
2.336559065722759034e-14
1.381674421063016949e-14
7.913398848470714026e-15
6.570326938020841244e-15
1.012796912890450071e-14
1.883448535009730337e-14
3.234897859430344921e-14
4.875387688349064313e-14
6.432780435177002221e-14
7.473795948109714794e-14
7.689787422280261469e-14
7.042723188185405901e-14
5.793166362524844865e-14
4.359380824591431364e-14
3.081713331137389444e-14
2.068444015520049657e-14
1.228943349943852821e-14
4.481046768265322777e-15
-2.406449869930450383e-15
-6.112245468520374522e-15
-3.519281310683632014e-15
7.610481555801846620e-15
2.736203826066685125e-14
5.344767167859984595e-14
8.190238897699606089e-14
1.081717799128637019e-13
1.281112672971885929e-13
1.386556869398929765e-13
1.381411787427187598e-13
1.263833532073526151e-13
1.046468444768057076e-13
7.562304257816959204e-14
4.349982386255852301e-14
3.659122127936991429e-14
5.405247603190695271e-14
6.998985817792644168e-14
8.054218247747516697e-14
8.334717255387327446e-14
7.745745593560220079e-14
6.336259354681601476e-14
4.302154473336127368e-14
1.977366475758765414e-14
-2.031662301306504276e-15
-1.782494795429030586e-14
-2.403559136856927876e-14
-1.947631131044614748e-14
-6.272675603595936452e-15
1.047027819841279819e-14
2.469326959021238018e-14
3.242743856168614373e-14
3.397063759512462954e-14
3.327034096828117937e-14
3.454576925471050127e-14
3.886754942384892687e-14
4.375520657495199339e-14
4.577788711014895447e-14
4.315957466764610698e-14
3.622994024742235946e-14
2.660480311661470259e-14
1.658052908068427986e-14
8.461244173854088269e-15
3.677045489761186646e-15
2.686331698484579366e-15
5.698086753043434106e-15
1.311865004045738341e-14
2.508791303987686877e-14
4.060952043901101570e-14
5.738626769074807086e-14
7.255989591871361587e-14
8.361696838324825891e-14
8.955373152316881438e-14
9.211864482592210253e-14
9.519057005697227388e-14
1.016313485637299254e-13
1.103751320432193521e-13
1.168653455783191899e-13
1.165773478608224614e-13
1.084766337769182603e-13
9.578075859793889483e-14
8.398828711263890184e-14
7.798963451727026390e-14
8.006654374553159415e-14
8.946469617498375494e-14
1.031783266494985229e-13
1.172020105780946132e-13
1.276600008828887664e-13
1.315517268052045225e-13
1.271110526029132764e-13
1.139027432238553913e-13
9.280395847356427087e-14
6.599462562819775583e-14
3.704768580308888020e-14
3.089022505214898050e-14
4.892586934414497979e-14
6.619158960498626760e-14
7.951942929191700004e-14
8.713676833472072156e-14
8.857108046597728689e-14
8.466689212661837093e-14
7.761275936324073399e-14
7.083826520546053394e-14
6.860388206258332782e-14
7.511483412707011409e-14
9.311318344935391019e-14
1.222058450160144326e-13
1.576528282336080032e-13
1.907299279506327049e-13
2.115448879925736546e-13
2.137800970589944519e-13
1.986189046914509584e-13
1.741452955836242790e-13
1.494070554789367900e-13
1.280392750554375732e-13
1.078841914080468479e-13
8.625449573614862965e-14
6.382872176302154634e-14
4.332736940196829348e-14
2.656538163707368485e-14
1.398332133805038308e-14
5.592364422720274826e-15
1.171570402462789974e-15
3.062738220150089535e-16
2.944735435556962458e-15
9.769253944372117222e-15
2.181496299036512431e-14
3.975797076281040701e-14
6.357069699267032877e-14
9.209763105266595447e-14
1.222992637725147546e-13
1.504379877943546874e-13
1.757247492771389574e-13
2.015192139496446090e-13
2.307340375103975912e-13
2.601805876059006703e-13
2.809148428036137257e-13
2.845513445966849926e-13
2.691838505125467056e-13
2.402077180692185814e-13
2.067425731066121108e-13
1.771330319800713115e-13
1.561706318332320958e-13
1.446160747360522401e-13
1.402449532641030093e-13
1.393769838675575449e-13
1.381928280359098174e-13
1.335780000635115362e-13
1.235243274506547756e-13
1.072417129000263764e-13
8.514511847656006519e-14
5.884894256171089183e-14
3.126640090023637747e-14
2.614300366948526820e-14
4.620923553486305282e-14
6.612360761705761557e-14
8.340584764676826667e-14
9.688545723465674381e-14
1.066087985405902618e-13
1.138642074716596198e-13
1.212178726397238778e-13
1.324119569990515827e-13
1.519264113153926343e-13
1.839933516477335028e-13
2.309577129803467197e-13
2.911966348671999164e-13
3.573891294781880724e-13
4.165984211760801026e-13
4.537404858837685719e-13
4.584502502421147892e-13
4.317462071932937527e-13
3.860125338766328059e-13
3.355358576736887373e-13
2.856450778416502361e-13
2.328575598692208109e-13
1.752374119778055738e-13
1.185837073696762053e-13
7.156852437326641783e-14
3.837030171887844884e-14
1.769111366447372148e-14
6.204627688124523852e-15
9.108494379546835523e-16
-1.814211690091026306e-16
2.388259425634553386e-15
9.794572918473881119e-15
2.467934146245339896e-14
5.054944389471248519e-14
9.070607036095643378e-14
1.455043916977544473e-13
2.090425194070650690e-13
2.711878206513985652e-13
3.260914126354757502e-13
3.768545635054648564e-13
4.282564954871065800e-13
4.759144924954700422e-13
5.060938289580298517e-13
5.063107146886077162e-13
4.746841004970374990e-13
4.203311881813314304e-13
3.572590154922885760e-13
2.978330385192237292e-13
2.493328210912203406e-13
2.137089882322383388e-13
1.891136449954170163e-13
1.718235109857392368e-13
1.577857095925726584e-13
1.435635321060641450e-13
1.267688635729494059e-13
1.061746708412592132e-13
8.169368509768785432e-14
5.436424548788217257e-14
2.644612103168173125e-14
2.267671376629892432e-14
4.617691397223023328e-14
6.994779961837737903e-14
9.212591807407671235e-14
1.120959327507004819e-13
1.304131538217552218e-13
1.488528681563262109e-13
1.704768641331498816e-13
1.995613924600584915e-13
2.411644434195996021e-13
3.000684043507493308e-13
3.789040802667214235e-13
4.755697505935841000e-13
5.807282196013627935e-13
6.771692284270234024e-13
7.435371556780232408e-13
7.635548355523902003e-13
7.365696178784064355e-13
6.789857582151528243e-13
6.100215546569036055e-13
5.341785442056115451e-13
4.429755377358123557e-13
3.345915696758000780e-13
2.239867894222319345e-13
1.315934615732334123e-13
6.784303460110785797e-14
3.044080388633771605e-14
1.143813915048522073e-14
3.372113705889367707e-15
1.531650524949622804e-15
4.508552269004528388e-15
1.434707840118913436e-14
3.646997686848993801e-14
7.895354815930645791e-14
1.497013287780262947e-13
2.496573206168709478e-13
3.658846287925910958e-13
4.759849119594857009e-13
5.653796033461260504e-13
6.380226470088160074e-13
7.044005125663263147e-13
7.613828545348862019e-13
7.906239195445842822e-13
7.756413271569894387e-13
7.158647752076094807e-13
6.258320769907143054e-13
5.254580038218092164e-13
4.312103926268670107e-13
3.523451789417077219e-13
2.913070464864855340e-13
2.459869334203836841e-13
2.121288727941698022e-13
1.851113866534668741e-13
1.609693718128883595e-13
1.368257615909098377e-13
1.109774331557242973e-13
8.284494951390311081e-14
5.293472260518022548e-14
2.291903012935087276e-14
2.112403228053067522e-14
4.998588623436308325e-14
7.921629208562760832e-14
1.073980788817833500e-13
1.343293316548840201e-13
1.609715142068233121e-13
1.895404345655386777e-13
2.236324589841073130e-13
2.682269479235894719e-13
3.293208056863684154e-13
4.128718791399479968e-13
5.227436919131745294e-13
6.576040238712181947e-13
8.074358884483174263e-13
9.516497372927913970e-13
1.062351455960772789e-12
1.115741466941234779e-12
1.107641532885743390e-12
1.057568877311466216e-12
9.881516979225978463e-13
8.978732753792162286e-13
7.663850374050732415e-13
5.903344051702347477e-13
3.998377704739907739e-13
2.359666530295194465e-13
1.215866566832445077e-13
5.500669989341926064e-14
2.212362148005222505e-14
8.619792733907205868e-15
5.319609592074160409e-15
9.349253178559493872e-15
2.423405992098864073e-14
6.000358795348046302e-14
1.317927401707324950e-13
2.535669490096357521e-13
4.249080234062593653e-13
6.192551624087786626e-13
7.931170908506417786e-13
9.179016280403101019e-13
1.000776651814256477e-12
1.064884427884209495e-12
1.113213907796927399e-12
1.123990955494479448e-12
1.077322243368552588e-12
9.755251990137240811e-13
8.400328921834567000e-13
6.969539776089390080e-13
5.660658711118462872e-13
4.573785375071669261e-13
3.726768564124206150e-13
3.087119346605621044e-13
2.601150273992489405e-13
2.213625450371611222e-13
1.878063586381026406e-13
1.560464752208393625e-13
1.239482529824506819e-13
9.053586645478713250e-14
5.591448735196954588e-14
2.132508276118935070e-14
2.275274632422766835e-14
6.133920704690626699e-14
9.978813188920700261e-14
1.368256038771159106e-13
1.723876266249483282e-13
2.075966694515888466e-13
2.449095613016792020e-13
2.883375304445130370e-13
3.435839171401224282e-13
4.178411609019622110e-13
5.188662195416831620e-13
6.528961042522579967e-13
8.211344794881074337e-13
1.015199354575474822e-12
1.213476209342234407e-12
1.382881357625891393e-12
1.491561111084077215e-12
1.530057592387865034e-12
1.519427138254247438e-12
1.482391013356661328e-12
1.402108798792741694e-12
1.234550114661897408e-12
9.717023207879613017e-13
6.678138829028237696e-13
3.977721609665657412e-13
2.058711496481570984e-13
9.342086759407418046e-14
3.822739426180198920e-14
1.586006930760413782e-14
1.017050527899116024e-14
1.592659344111285169e-14
3.904878922532194140e-14
9.687229990810680243e-14
2.150782821668276703e-13
4.155161515307470287e-13
6.934592095757801240e-13
9.991896914571118183e-13
1.255109831141545630e-12
1.410668908400998022e-12
1.480263174777616259e-12
1.511385703763263071e-12
1.521793483717346796e-12
1.489009288523269195e-12
1.390832860086299976e-12
1.233922975490058224e-12
1.047101822855601001e-12
8.614863627860192225e-13
6.980358073348351805e-13
5.653995251765001908e-13
4.630825375784984834e-13
3.856508740905365026e-13
3.260555789310520631e-13
2.776425490756586580e-13
2.350687338724375972e-13
1.945267883397827410e-13
1.536368110933160751e-13
1.112518227101958403e-13
6.732591198994428859e-14
2.294133466779817792e-14
2.979025813845791515e-14
8.992796984624492685e-14
1.482903768456762077e-13
2.033711458088380293e-13
2.548708605051176342e-13
3.036919774335365043e-13
3.521491787636311928e-13
4.043126975576037017e-13
4.663472162855940256e-13
5.465899928236976570e-13
6.549455334346056026e-13
8.010303248440757038e-13
9.905402044515011960e-13
1.219828285280687224e-12
1.470258470288479969e-12
1.707346781712186713e-12
1.893125060972924432e-12
2.012666701693994263e-12
2.087330777200452896e-12
2.134549053275858868e-12
2.105879308834569155e-12
1.912453200639989624e-12
1.535369831279083248e-12
1.067863798235877833e-12
6.403258798533033185e-13
3.321163556131881789e-13
1.500919496446641655e-13
6.064896864959327608e-14
2.451822348961084113e-14
1.488126438557431672e-14
2.271190629294955820e-14
5.762681293688430154e-14
1.484188150104043107e-13
3.368364519854810357e-13
6.561239449280218072e-13
1.094005991905677646e-12
1.563053937251501434e-12
1.929671923350812386e-12
2.107422736525822250e-12
2.125036571916004147e-12
2.075216496863695145e-12
2.005904323870718970e-12
1.898562472044534719e-12
1.729347881418264900e-12
1.509185394335025832e-12
1.272487060369702844e-12
1.051962861927394651e-12
8.661411841653926752e-13
7.195146720421995375e-13
6.075547029233326800e-13
5.217557671722557442e-13
4.531004616201948903e-13
3.938754035361107898e-13
3.383001470087759324e-13
2.824943898409543028e-13
2.241839971298660850e-13
1.623920722886427747e-13
9.724861162309466628e-14
2.999942496115479865e-14
4.560515954545591169e-14
1.564879993338340561e-13
2.619862088390870389e-13
3.602066088357700247e-13
4.503851955442705809e-13
5.328766183996909435e-13
6.094125417144656077e-13
6.835724513980486141e-13
7.613626006474503663e-13
8.516737532745857897e-13
9.661866480841188696e-13
1.118066020137957596e-12
1.318678089510113409e-12
1.571878389141108403e-12
1.866801006852710590e-12
2.173999179755257529e-12
2.455911401520961169e-12
2.697533010777056939e-12
2.923991135667363778e-12
3.140513225984767968e-12
3.235019176205555573e-12
3.028009904975058086e-12
2.473401602687388295e-12
1.734228620625023147e-12
1.043721509956036302e-12
5.433702324593451926e-13
2.466301997136080440e-13
9.968057042886499724e-14
3.942025077021787846e-14
2.177494821379247294e-14
3.103610204158970067e-14
8.243565148655868470e-14
2.240399707092144946e-13
5.256549756808337940e-13
1.042498083132878304e-12
1.752678112534024145e-12
2.501316353544672491e-12
3.049171413390624345e-12
3.242907981280571562e-12
3.142753934971365780e-12
2.932447297036532304e-12
2.721656663875957625e-12
2.502174042806912463e-12
2.244510563215726928e-12
1.958300034778601904e-12
1.677388031177159900e-12
1.430246565058833065e-12
1.228736293872772055e-12
1.070820439997776797e-12
9.469975596270907723e-13
8.456442886914507500e-13
7.561910750774383695e-13
6.704535456549626818e-13
5.828022565126587135e-13
4.897860662859768104e-13
3.896203292287595347e-13
2.817623829403199178e-13
1.666774633931306989e-13
4.585142101053839727e-14
7.448139876078411113e-14
2.958411432739197259e-13
5.051678971503327567e-13
7.008217847934738796e-13
8.819956317074736720e-13
1.048674480623254959e-12
1.201904193003499139e-12
1.344346316231729927e-12
1.481062679548703025e-12
1.620354349847694707e-12
1.774260596333070881e-12
1.958035901631729335e-12
2.187710385241079200e-12
2.475016178684899295e-12
2.820168520549984031e-12
3.206927237466025787e-12
3.612376037522220520e-12
4.041351845072985720e-12
4.542285425462350149e-12
5.100647986977837523e-12
5.466677769711679869e-12
5.254254663494217396e-12
4.342999917931987568e-12
3.044776365722864291e-12
1.823251909777255269e-12
9.498285804281584906e-13
4.374828022101813811e-13
1.826573194559833232e-13
7.497365400676859682e-14
3.879639852108672941e-14
4.521636520919472923e-14
1.179562629503495559e-13
3.423492274323511043e-13
8.495355755212365774e-13
1.752252213012146368e-12
3.022799230088348992e-12
4.362517248078532848e-12
5.290987109984664325e-12
5.506387315786826792e-12
5.149195712980558271e-12
4.611807207388629581e-12
4.140605209765550646e-12
3.745598735413769102e-12
3.371846700011483724e-12
3.007735901527905506e-12
2.672854121911709292e-12
2.384038392831698748e-12
2.143823405368675605e-12
1.943694442450943253e-12
1.770408078545681853e-12
1.610766453864324059e-12
1.454066090972986309e-12
1.292749189547403338e-12
1.122054863411473901e-12
9.393100437878430972e-13
7.432404205596296611e-13
5.334755590968626658e-13
3.103075844499959450e-13
7.472840260582158317e-14
1.210987118227799502e-13
5.508015485306672456e-13
9.577476328452928141e-13
1.342460118437092059e-12
1.705609695382419799e-12
2.047945592147157076e-12
2.370528145050970458e-12
2.675278410379923346e-12
2.965843561786246377e-12
3.248674196907286933e-12
3.533994490744839444e-12
3.836041177143047002e-12
4.171731186815246233e-12
4.557244144107484041e-12
5.003629688718025853e-12
5.516766559007473578e-12
6.114828783342470500e-12
6.871138382209551136e-12
7.911745684538751591e-12
9.192058029572219008e-12
1.015112353183998242e-11
9.913774001355208166e-12
8.169935528288492132e-12
5.592178481207536553e-12
3.212854490112492195e-12
1.596368090355638005e-12
7.072813509424214153e-13
2.891418172055190540e-13
1.140096672319844805e-13
4.376827575150867015e-14
2.431173780299237868e-14
9.004408608752066865e-14
4.054056490812381135e-13
1.259871686274408257e-12
2.939874940237407315e-12
5.446901996844767706e-12
8.153415633803168398e-12
9.982216626104134172e-12
1.026544929899690179e-11
9.342939680811533478e-12
8.103159188614677486e-12
7.106763817218373198e-12
6.394529210222796175e-12
5.832059561449771671e-12
5.337902766405231232e-12
4.891538381125345791e-12
4.490072093449913846e-12
4.127617109043520883e-12
3.792992509958866235e-12
3.473141527751666748e-12
3.156404860294770960e-12
2.834047750689784963e-12
2.500295954857846595e-12
2.151614625336644133e-12
1.785820804641961514e-12
1.401345706014371086e-12
9.967581387194871951e-13
5.705587591273498138e-13
1.212344918955430814e-13
1.917751413656791881e-13
9.620238377031206701e-13
1.693604072238047876e-12
2.392024214673984684e-12
3.061751324302960901e-12
3.706146627060277882e-12
4.327625990214651184e-12
4.928103971417442242e-12
5.509777655135490886e-12
6.076223896605701073e-12
6.633586680364473783e-12
7.191349081251469904e-12
7.762100917965537672e-12
8.360665623777649659e-12
9.006303806113002331e-12
9.737976472208878606e-12
1.065786555908218055e-11
1.199625843899088595e-11
1.405901091560044097e-11
1.674525184254828309e-11
1.882610243874563113e-11
1.835570635283929731e-11
1.462131623633767027e-11
9.183747606924289475e-12
4.446313230263431934e-12
1.606515479822469956e-12
3.745760442095438077e-13
-8.252280576120021513e-15
-1.107161028272774108e-13
-1.943796751836288856e-13
-3.484935850815447330e-13
-5.389139818102858694e-13
-4.305820535062695191e-13
7.105833201253906101e-13
3.712294449324460689e-12
8.767949132393873777e-12
1.453486711521457432e-11
1.850876769321198019e-11
1.911764752649848212e-11
1.711909803108965853e-11
1.449125040144660106e-11
1.247785806527571360e-11
1.118323594389651456e-11
1.029222750517070018e-11
9.564594415688275041e-12
8.897073937441164381e-12
8.256836837640151353e-12
7.632850656934384026e-12
7.017404159272437324e-12
6.402902952617880223e-12
5.782866105383966889e-12
5.152625490759057936e-12
4.509026005750068416e-12
3.849610895605420340e-12
3.171783833829301047e-12
2.472186101579750948e-12
1.746335159344787048e-12
9.884840410344072025e-13
1.916507254069938244e-13
3.013227330509884640e-13
1.588121522662405536e-12
2.812452461245481247e-12
3.987449612047686207e-12
5.123416252993554772e-12
6.227771706985172323e-12
7.305086352505493563e-12
8.357317959607252273e-12
9.384373060912115014e-12
1.038505819825693289e-11
1.135831738200364668e-11
1.230442072647461484e-11
1.322593651978043389e-11
1.413040822635152220e-11
1.504339112941352477e-11
1.605185109482918851e-11
1.739879686016034462e-11
1.958889281499630725e-11
2.323303651586695117e-11
2.808295006278965664e-11
3.160575000427633989e-11
2.978029296616362839e-11
2.121463024870586885e-11
9.583554551348045192e-12
4.585184963699747217e-13
-3.628479702419412145e-12
-3.890674011218698761e-12
-2.731488439865524923e-12
-1.821713724459710957e-12
-1.681524045787446419e-12
-2.402736516167421896e-12
-4.022418792124101432e-12
-5.814743338661598090e-12
-5.695744851020528926e-12
-1.147012184544742193e-12
8.753918135066979957e-12
2.115553295335894390e-11
3.029013906179054912e-11
3.243210574558793534e-11
2.904115600028178983e-11
2.422638012333139584e-11
2.058894203993348830e-11
1.840374319494852263e-11
1.704791716997253751e-11
1.600055922595039679e-11
1.501729668949127490e-11
1.402085133949985569e-11
1.299766166421547639e-11
1.194974711065758645e-11
1.088063767408875013e-11
9.793238265094013145e-12
8.689718940465611372e-12
7.571067627275203302e-12
6.436383998708458419e-12
5.282270078363509747e-12
4.102463664438769148e-12
2.887687084829541624e-12
1.625612458900149541e-12
3.008408380026903782e-13
4.819958892694222451e-13
2.564990756308099534e-12
4.547478457683092475e-12
6.452544553984625633e-12
8.297739809257250086e-12
1.009493563254706272e-11
1.185007671805289258e-11
1.356301896403168031e-11
1.522767129823390984e-11
1.683263887819102431e-11
1.836244558564552595e-11
1.979926762629275905e-11
2.112563099667116722e-11
2.233217661690908868e-11
2.344607577100691583e-11
2.461461484005180840e-11
2.627211155233981214e-11
2.928794097971295955e-11
3.460454204123070155e-11
4.147915808210386712e-11
4.494469442853196442e-11
3.732123963149406009e-11
1.637378172747194718e-11
-9.258236460910153932e-12
-2.662618798137483229e-11
-3.013847494730527068e-11
-2.369759352157760061e-11
-1.490266765183737030e-11
-9.189952711693378526e-12
-7.773970637383476796e-12
-1.054694877122846243e-11
-1.787793988665888898e-11
-2.797783821844499598e-11
-3.442239688302593056e-11
-2.952972487557910791e-11
-1.027166761706517570e-11
1.708269256279575307e-11
3.925200262478851506e-11
4.745674990407083817e-11
4.405495182404271661e-11
3.699270967884290747e-11
3.146665373789447463e-11
2.829736846283019788e-11
2.650906162584652027e-11
2.519019042898572613e-11
2.389669258949898081e-11
2.249321189456252251e-11
2.096870647341168742e-11
1.934467059695519921e-11
1.764541212841028356e-11
1.589143058974430277e-11
1.409815866230733135e-11
1.227534784507628795e-11
1.042658789115997038e-11
8.549105007186957997e-12
6.633844953812802159e-12
4.665705834104283775e-12
2.623738744564083217e-12
4.811404275298581424e-13
7.735967294969355763e-13
4.086588642607775133e-12
7.238995016145494113e-12
1.026735308082027708e-11
1.319848145326087295e-11
1.604903573830622807e-11
1.882467348130729093e-11
2.151911323529464867e-11
2.411343393342243905e-11
2.657599920660538716e-11
2.886335625902762763e-11
3.092245866057311702e-11
3.269558045074786879e-11
3.413487464051879502e-11
3.525039760723543076e-11
3.624100088232171737e-11
3.773141748059192850e-11
4.088881492997755342e-11
4.658369727181999294e-11
5.236666350385438917e-11
4.851166315168436703e-11
2.113958568320643131e-11
-3.239747687139340611e-11
-9.179648819107628925e-11
-1.262726584271918860e-10
-1.227314542582808890e-10
-9.197114564717502378e-11
-5.652814590491738525e-11
-3.397279130961795758e-11
-2.777035660154539359e-11
-3.692832578423159010e-11
-6.287006117112390826e-11
-1.006060493149605108e-10
-1.303690552541988984e-10
-1.299932845052128286e-10
-9.115207495998553108e-11
-2.824914668205737447e-11
2.752725570735819475e-11
5.559101237442474030e-11
5.889868623199443728e-11
5.209290997773290297e-11
4.551485703040017885e-11
4.176091469338611697e-11
3.983482450835266572e-11
3.844548786435985379e-11
3.692670211617951845e-11
3.508734934295030310e-11
3.293599336131198610e-11
3.053401096074971654e-11
2.794521223788573143e-11
2.522315227768550579e-11
2.240842195933842510e-11
1.952802829502452656e-11
1.659548510859835910e-11
1.361142599598833357e-11
1.056453362287255860e-11
7.432496310679278514e-12
4.182696204559015000e-12
7.723545143877713744e-13
1.178626006980421599e-12
6.145511031529225280e-12
1.087002793927639692e-11
1.540497010664405968e-11
1.978769222022712439e-11
2.403906194082454578e-11
2.816162026909260107e-11
3.213733768547118277e-11
3.592545738421709704e-11
3.946104024957521346e-11
4.265492312062542337e-11
4.539603100892194036e-11
4.755863171660779978e-11
4.902462180344869187e-11
4.975140825947621316e-11
4.993778700402672784e-11
5.025648891150915378e-11
5.166197043720675770e-11
5.340939327650275367e-11
4.800271273854708939e-11
1.611016993425451301e-11
-6.634251110504675093e-11
-2.007745265364502637e-10
-3.412715875105504206e-10
-4.117074751779441682e-10
-3.820741943781106004e-10
-2.826193888034743766e-10
-1.726048223540377567e-10
-1.024568652458388218e-10
-8.215100560205825239e-11
-1.080304115554058717e-10
-1.842086366099645515e-10
-2.971343587684706230e-10
-3.920761718652532526e-10
-4.118750125812944739e-10
-3.325543700793154348e-10
-1.862006096287991496e-10
-4.880216929284345048e-11
3.337293230793416110e-11
6.259511473441365681e-11
6.478998649434753103e-11
6.058888167310305107e-11
5.763088730281197855e-11
5.626746897233197434e-11
5.522452488956882822e-11
5.370864385091869256e-11
5.150828383872841179e-11
4.868057955518646152e-11
4.535433067166451399e-11
4.165703824127703408e-11
3.769500564184767024e-11
3.354905187493575717e-11
2.927425734962630479e-11
2.490118294759498086e-11
2.043788624052580822e-11
1.587223651440876029e-11
1.117404458952683255e-11
6.296576712423007111e-12
1.177065423118588740e-12
1.615397471696425941e-12
8.225096688098042563e-12
1.450628182030443343e-11
2.052162607812892035e-11
2.631247974452311038e-11
3.189663754843547863e-11
3.726494971775359017e-11
4.237722087013351465e-11
4.715801770979733853e-11
5.149325444739637579e-11
5.522872405787803390e-11
5.817229079075373186e-11
6.010361949513678873e-11
6.080308742363428654e-11
6.012704983096028449e-11
5.814431871763339770e-11
5.513005128896262059e-11
5.042282968341785979e-11
3.807993294493408196e-11
-1.155969481410688189e-12
-1.045040338136821069e-10
-3.122109030472174967e-10
-6.251639420305544010e-10
-9.556572236796238358e-10
-1.095615638327555782e-09
-9.792428689401349146e-10
-7.145441888932180171e-10
-4.343094507566883355e-10
-2.560541999928226621e-10
-2.028589347703494300e-10
-2.645719041487966715e-10
-4.512668948060831769e-10
-7.326781132705084165e-10
-9.839395208385826230e-10
-1.078581005540320209e-09
-9.232211563877440793e-10
-5.860729912851864909e-10
-2.718891119994515619e-10
-6.851610128137771637e-11
2.699874704471532659e-11
5.858789660242806797e-11
6.559284533686791899e-11
6.710697171336691047e-11
6.809802700544298522e-11
6.853870698441342276e-11
6.788205856645438339e-11
6.599792032575062010e-11
6.302732578473526248e-11
5.918991565126099746e-11
5.469803059698603463e-11
4.972979586485008519e-11
4.442267983039212404e-11
3.887351580008451877e-11
3.314111760071960218e-11
2.725011915026191467e-11
2.119513575738992826e-11
1.494452953852934557e-11
8.443216035445820722e-12
1.614045139704445818e-12
1.942986323459687799e-12
9.535904232048099245e-12
1.673762985980927836e-11
2.360355209240047838e-11
3.016378176627194435e-11
3.641897467217738726e-11
4.233485665462430283e-11
4.783583706849061344e-11
5.279837921238149405e-11
5.704520434724749694e-11
6.034195979747014138e-11
6.239888362574853065e-11
6.288217238962020870e-11
6.144423929461450927e-11
5.777718924259812058e-11
5.159945711252232043e-11
4.203103965532214468e-11
2.458424267843463626e-11
-1.708956467965889851e-11
-1.231817168739334198e-10
-3.596868326906112912e-10
-7.938745744321158803e-10
-1.449608567045716543e-09
-2.224749316755853953e-09
-2.502181921585595229e-09
-2.111866282286469944e-09
-1.491441501346453203e-09
-8.972351972503100053e-10
-5.267496089277774558e-10
-4.146081835085643616e-10
-5.369968831284819295e-10
-9.160637835790175954e-10
-1.504707826689110252e-09
-2.093767077316892567e-09
-2.440040533444154939e-09
-2.139928427453275821e-09
-1.365052130710358445e-09
-7.160316593306757535e-10
-2.958098731700445607e-10
-7.662793563968234382e-11
1.478012896013042739e-11
4.695237477224417198e-11
5.899482377807274151e-11
6.530682806040659248e-11
6.913887685410036917e-11
7.087524700523076185e-11
7.065638660672203766e-11
6.875507013238180527e-11
6.549977164795692432e-11
6.120171731441505552e-11
5.612471950245244481e-11
5.047656579448082281e-11
4.440920868830912401e-11
3.802289972583086508e-11
3.137208662090344854e-11
2.447171427802976122e-11
1.730299540250704696e-11
9.818019534481313344e-12
1.942758120716525797e-12
2.064802309943093010e-12
9.707644504887165817e-12
1.693787557639362242e-11
2.378904260811673487e-11
3.026837185509037705e-11
3.635039600339089606e-11
4.196935649104432069e-11
4.701058364664410916e-11
5.130143834300708439e-11
5.460293427176384236e-11
5.660393274674465078e-11
5.692095487338709323e-11
5.510827668239202081e-11
5.068106605173930192e-11
4.311704695100426693e-11
3.159115896409192915e-11
1.344094715002352938e-11
-2.137028704256940639e-11
-1.035999256236777529e-10
-3.018621895886564352e-10
-7.212909539078238193e-10
-1.475058892345527174e-09
-2.691905318275766725e-09
-4.320519080729268404e-09
-4.856519879281306999e-09
-3.846788931259465717e-09
-2.573191895945512674e-09
-1.522300219510996417e-09
-8.905755951067255947e-10
-6.991843519252201725e-10
-9.003788063786159135e-10
-1.537384257650272363e-09
-2.569952087171045827e-09
-3.782566635922192336e-09
-4.708785586207165786e-09
-4.143560959670416756e-09
-2.539997078056908215e-09
-1.347964861403910069e-09
-6.244612975678029324e-10
-2.357829357650970694e-10
-6.086796800886605345e-11
7.231504804580234739e-12
3.436412367968484210e-11
4.808529329779997671e-11
5.656507071704291210e-11
6.171760072410075601e-11
6.413228965343319795e-11
6.425566383295146736e-11
6.253065080356689690e-11
5.936494073068033701e-11
5.510478204241668780e-11
5.002631244371523975e-11
4.433678887858151828e-11
3.818061733196887812e-11
3.164740516784232941e-11
2.478036714845740926e-11
1.758407038791316544e-11
1.003093829792307741e-11
2.066220018164474736e-12
1.988484905073474751e-12
8.958108051267889124e-12
1.553230946482742631e-11
2.171931593120899424e-11
2.750243518803215596e-11
3.283198879533611241e-11
3.761618807109813007e-11
4.171091739403916552e-11
4.490881628341366675e-11
4.692863619827205290e-11
4.740671175260952002e-11
4.589361463894877677e-11
4.185976917413308704e-11
3.470485513430470028e-11
2.369513385448486991e-11
7.426900082014402971e-12
-1.863335833511405400e-11
-7.021107556796497149e-11
-1.929086882169423599e-10
-4.859489326459280117e-10
-1.098979588585715847e-09
-2.206426411280883112e-09
-4.179707901360255076e-09
-6.977646497963151610e-09
-7.795792017605069270e-09
-5.860776478421122868e-09
-3.708741686533832030e-09
-2.156557595312170916e-09
-1.256129217391913305e-09
-9.845759744986397146e-10
-1.263685447628321400e-09
-2.163425928368304050e-09
-3.680629199910277466e-09
-5.731816581592167406e-09
-7.524716482376662450e-09
-6.669811368865938120e-09
-3.943476663754927375e-09
-2.026342128512290885e-09
-9.710028362827792564e-10
-4.038583551388811971e-10
-1.424995631553628063e-10
-3.786909437660217680e-11
4.280303945390290170e-12
2.510464847309291409e-11
3.790772709695340133e-11
4.625925389804864483e-11
5.124456019366282515e-11
5.348518883692350959e-11
5.352007399685813908e-11
5.182894249626402313e-11
4.881645635229102907e-11
4.480639427823733140e-11
4.004508088984016116e-11
3.470953314454758652e-11
2.891738708343589178e-11
2.273690963111762676e-11
1.619617245409570265e-11
9.290965633354884706e-12
1.991370279679739563e-12
1.784917428315390947e-12
7.701023697979017981e-12
1.326303530285555239e-11
1.845669043135360501e-11
2.324568494517286717e-11
2.756264429214774674e-11
3.129924016215034001e-11
3.429518980247307221e-11
3.632630093131121535e-11
3.709228243197629239e-11
3.620587917743167870e-11
3.318600262889612333e-11
2.745722599152215102e-11
1.834283399964124191e-11
4.940915883282085254e-12
-1.464216299808412247e-11
-4.649347700079434845e-11
-1.109642688848547005e-10
-2.660104760355411440e-10
-6.387199150799987842e-10
-1.423069945792211750e-09
-2.848569897321832147e-09
-5.610293514412777983e-09
-9.443555154637956731e-09
-1.033743578141225585e-08
-7.525752939104147532e-09
-4.581326235748530437e-09
-2.631497217156588859e-09
-1.524218078111817629e-09
-1.191527931333134735e-09
-1.528557821979938223e-09
-2.628324285944599561e-09
-4.526990650828158442e-09
-7.330969835968725439e-09
-9.940549555695794293e-09
-8.994187836072007784e-09
-5.281810533716094908e-09
-2.620665293000846774e-09
-1.271692697759433258e-09
-5.469474847460957973e-10
-2.121198655830558902e-10
-7.762811221816577499e-11
-2.352211447466432621e-11
2.756537529569225414e-12
1.876749255519207568e-11
2.949797999501839391e-11
3.647003684517949327e-11
4.044945865365323915e-11
4.203962900564936257e-11
4.176006145474527800e-11
4.004423038335549508e-11
3.723846306709113653e-11
3.360808410712215741e-11
2.934743091931553407e-11
2.459106438554385855e-11
1.942468099548517083e-11
1.389501253745025166e-11
8.018493164270042821e-12
1.788826969873771138e-12
1.528502523319960879e-12
6.285205339199533211e-12
1.073860537618509796e-11
1.485620560187335532e-11
1.858693479348681074e-11
2.185173990689126782e-11
2.453353587613499331e-11
2.646606755064461920e-11
2.742163264505877650e-11
2.709810281720890358e-11
2.510641107728093243e-11
2.096055564383974083e-11
1.407083556327687781e-11
3.721004069649110716e-12
-1.110657710795523916e-11
-3.266490055997408587e-11
-6.813215934745826380e-11
-1.409196385565298311e-10
-3.171383843344932288e-10
-7.444108016506450784e-10
-1.653529775920792960e-09
-3.302906408808478231e-09
-6.642364288829339759e-09
-1.098799684830285072e-08
-1.165284116235663079e-08
-8.321897575184261129e-09
-4.992528748291307008e-09
-2.855905878713228910e-09
-1.645152404753554680e-09
-1.281507148838098865e-09
-1.646148793887519268e-09
-2.843448460230593453e-09
-4.917528547529922915e-09
-8.081663097851298418e-09
-1.116966457792439809e-08
-1.042754834283929423e-08
-6.236515697605448779e-09
-3.043502878254746198e-09
-1.490682115948415592e-09
-6.499150425148550854e-10
-2.635355807740629605e-10
-1.087339294346199084e-10
-4.646024952525531587e-11
-1.649631994495742752e-11
1.624998779628703327e-12
1.393338013136924813e-11
2.229006786869016546e-11
2.756696464927909166e-11
3.040302644894591373e-11
3.133134743744939286e-11
3.079136138933661618e-11
2.913306737404575475e-11
2.662578232869680930e-11
2.346953876615443454e-11
1.980697006795820216e-11
1.573451900315386652e-11
1.131250538247772928e-11
6.574032281490760362e-12
1.533046657753267179e-12
1.269704558078474400e-12
4.933474357362358268e-12
8.344539188008808812e-12
1.145665318604665405e-11
1.420844834251597634e-11
1.651405032274174612e-11
1.825325537306540334e-11
1.926069264027996613e-11
1.931374699364498507e-11
1.811942097052558348e-11
1.530090558847872547e-11
1.038522800945445531e-11
2.791128242599707250e-12
-8.207010963739384275e-12
-2.369012419915259066e-11
-4.612429327104248585e-11
-8.325307840783155540e-11
-1.596712493592957930e-10
-3.436661484906027214e-10
-7.882977540627968026e-10
-1.733730809588089758e-09
-3.414987644841169086e-09
-6.843206146961794563e-09
-1.111841665957382845e-08
-1.156540384683885668e-08
-8.197180890472600184e-09
-4.920750724286153279e-09
-2.820296951774988695e-09
-1.619026924152671122e-09
-1.257399792931193823e-09
-1.617491530248360314e-09
-2.801439107778982586e-09
-4.834549133832478811e-09
-7.939519991764552908e-09
-1.105257349177138211e-08
-1.051519921908425200e-08
-6.408183232548346813e-09
-3.149945240355916128e-09
-1.572250479282655213e-09
-6.970034901025923247e-10
-2.931085555851640144e-10
-1.300074736857601093e-10
-6.364160978142986448e-11
-3.166203601046891049e-11
-1.237822102053121806e-11
8.306950846446368219e-13
1.004700132181502532e-11
1.620829274020103082e-11
1.996527287131705814e-11
2.184578792676661057e-11
2.227984499637848753e-11
2.160877589988788269e-11
2.009611729108845838e-11
1.793984272877283901e-11
1.528441240097436269e-11
1.223183701892603781e-11
8.851532422179308189e-12
5.189114102656919711e-12
1.274585795294385906e-12
1.034199799188478326e-12
3.755271430875349211e-12
6.269346615727801126e-12
8.520907646265514346e-12
1.044243062750085610e-11
1.194531596814475636e-11
1.291055953821514369e-11
1.317851169609476757e-11
1.253737651723155231e-11
1.071042463393649397e-11
7.342344705627894833e-12
1.985502163117395419e-12
-5.915950461580352383e-12
-1.707091841662846855e-11
-3.257012021125429173e-11
-5.493368827774682303e-11
-9.190240862992952873e-11
-1.671447541354031026e-10
-3.434654873641894160e-10
-7.555819500734008971e-10
-1.605240017482745691e-09
-3.071077243748966394e-09
-6.137532932364844463e-09
-9.905374558228593685e-09
-1.026329414801561285e-08
-7.325361423361806084e-09
-4.440362871179416372e-09
-2.557677810306129791e-09
-1.469036049542382290e-09
-1.139762959624250057e-09
-1.466159290862951803e-09
-2.536057585619456043e-09
-4.352395940756652394e-09
-7.074501172060654106e-09
-9.773288392572087023e-09
-9.327891031958156924e-09
-5.719217517702664813e-09
-2.819906631078388454e-09
-1.453443981562695804e-09
-6.711224870625350087e-10
-2.975948842825338830e-10
-1.407291383806598276e-10
-7.468012903822273434e-11
-4.233726193902558519e-11
-2.275992071612952133e-11
-9.250509454283304806e-12
3.553437793250016163e-13
7.015795266695325312e-12
1.137136285720991156e-11
1.392999632735120365e-11
1.510133114757239867e-11
1.520960071975919665e-11
1.450589745788102019e-11
1.318067388471080518e-11
1.137552651397226285e-11
9.193787139938853289e-12
6.709897352086794932e-12
3.977841808268033094e-12
1.039184371096959308e-12
0.000000000000000000e+00
0.000000000000000000e+00
0.000000000000000000e+00
0.000000000000000000e+00
0.000000000000000000e+00
0.000000000000000000e+00
0.000000000000000000e+00
0.000000000000000000e+00
0.000000000000000000e+00
0.000000000000000000e+00
0.000000000000000000e+00
0.000000000000000000e+00
-0.000000000000000000e+00
-0.000000000000000000e+00
-0.000000000000000000e+00
-0.000000000000000000e+00
-0.000000000000000000e+00
-0.000000000000000000e+00
-0.000000000000000000e+00
-0.000000000000000000e+00
-0.000000000000000000e+00
-0.000000000000000000e+00
0.000000000000000000e+00
0.000000000000000000e+00
0.000000000000000000e+00
0.000000000000000000e+00
0.000000000000000000e+00
0.000000000000000000e+00
0.000000000000000000e+00
0.000000000000000000e+00
0.000000000000000000e+00
0.000000000000000000e+00
0.000000000000000000e+00
0.000000000000000000e+00
0.000000000000000000e+00
0.000000000000000000e+00
0.000000000000000000e+00
-0.000000000000000000e+00
-0.000000000000000000e+00
-0.000000000000000000e+00
-0.000000000000000000e+00
-0.000000000000000000e+00
-0.000000000000000000e+00
-0.000000000000000000e+00
-0.000000000000000000e+00
-0.000000000000000000e+00
-0.000000000000000000e+00
0.000000000000000000e+00
0.000000000000000000e+00
0.000000000000000000e+00
0.000000000000000000e+00
0.000000000000000000e+00
0.000000000000000000e+00
0.000000000000000000e+00
0.000000000000000000e+00
0.000000000000000000e+00
0.000000000000000000e+00
0.000000000000000000e+00
0.000000000000000000e+00
0.000000000000000000e+00
0.000000000000000000e+00
0.000000000000000000e+00
0.000000000000000000e+00
0.000000000000000000e+00
0.000000000000000000e+00
0.000000000000000000e+00
0.000000000000000000e+00
0.000000000000000000e+00
0.000000000000000000e+00
0.000000000000000000e+00
0.000000000000000000e+00
0.000000000000000000e+00
0.000000000000000000e+00
0.000000000000000000e+00
0.000000000000000000e+00
0.000000000000000000e+00
0.000000000000000000e+00
0.000000000000000000e+00
0.000000000000000000e+00
0.000000000000000000e+00
0.000000000000000000e+00
0.000000000000000000e+00
0.000000000000000000e+00
0.000000000000000000e+00
0.000000000000000000e+00
0.000000000000000000e+00
0.000000000000000000e+00
0.000000000000000000e+00
0.000000000000000000e+00
0.000000000000000000e+00
0.000000000000000000e+00
0.000000000000000000e+00
0.000000000000000000e+00
0.000000000000000000e+00
0.000000000000000000e+00
0.000000000000000000e+00
0.000000000000000000e+00
0.000000000000000000e+00
0.000000000000000000e+00
0.000000000000000000e+00
0.000000000000000000e+00
0.000000000000000000e+00
0.000000000000000000e+00
0.000000000000000000e+00
0.000000000000000000e+00
0.000000000000000000e+00
0.000000000000000000e+00
0.000000000000000000e+00
0.000000000000000000e+00
0.000000000000000000e+00
0.000000000000000000e+00
0.000000000000000000e+00
0.000000000000000000e+00
0.000000000000000000e+00
0.000000000000000000e+00
0.000000000000000000e+00
0.000000000000000000e+00
0.000000000000000000e+00
