0.000000000000000000e+00
0.000000000000000000e+00
0.000000000000000000e+00
0.000000000000000000e+00
0.000000000000000000e+00
0.000000000000000000e+00
0.000000000000000000e+00
0.000000000000000000e+00
0.000000000000000000e+00
0.000000000000000000e+00
0.000000000000000000e+00
0.000000000000000000e+00
0.000000000000000000e+00
0.000000000000000000e+00
0.000000000000000000e+00
0.000000000000000000e+00
0.000000000000000000e+00
0.000000000000000000e+00
0.000000000000000000e+00
0.000000000000000000e+00
0.000000000000000000e+00
0.000000000000000000e+00
0.000000000000000000e+00
0.000000000000000000e+00
0.000000000000000000e+00
0.000000000000000000e+00
0.000000000000000000e+00
0.000000000000000000e+00
0.000000000000000000e+00
0.000000000000000000e+00
0.000000000000000000e+00
0.000000000000000000e+00
0.000000000000000000e+00
0.000000000000000000e+00
0.000000000000000000e+00
0.000000000000000000e+00
0.000000000000000000e+00
0.000000000000000000e+00
0.000000000000000000e+00
0.000000000000000000e+00
0.000000000000000000e+00
0.000000000000000000e+00
0.000000000000000000e+00
0.000000000000000000e+00
0.000000000000000000e+00
0.000000000000000000e+00
0.000000000000000000e+00
0.000000000000000000e+00
0.000000000000000000e+00
0.000000000000000000e+00
0.000000000000000000e+00
0.000000000000000000e+00
0.000000000000000000e+00
0.000000000000000000e+00
0.000000000000000000e+00
0.000000000000000000e+00
0.000000000000000000e+00
0.000000000000000000e+00
0.000000000000000000e+00
9.489639600962358643e-19
1.083057301304831118e-16
3.821732941547967301e-16
8.101246590647702797e-16
1.382602612605485836e-15
2.080345537467440147e-15
2.865187264696820658e-15
3.676323701504996599e-15
4.433931690496769712e-15
5.050540410588734139e-15
5.447945220625934877e-15
5.574814305787171534e-15
5.419032544958652207e-15
5.010273599291892620e-15
4.411895730215421093e-15
3.705273844845119442e-15
2.972098927632640367e-15
2.280007512458928549e-15
1.674669891030696742e-15
1.178622640296561734e-15
7.950356628708801830e-16
5.138313240449082219e-16
3.179127489416143838e-16
1.881364379901690642e-16
1.065591609422464313e-16
5.811157956122274119e-17
3.113698480041338350e-17
1.726404832971711841e-17
1.098926314467262350e-17
9.227582349022783476e-18
1.098926314467205343e-17
1.726404832973162298e-17
3.113698480039564646e-17
5.811157956120205824e-17
1.065591609422752740e-16
1.881364379901867150e-16
3.179127489416682235e-16
5.138313240447849624e-16
7.950356628707614594e-16
1.178622640296395087e-15
1.674669891030928075e-15
2.280007512458055280e-15
2.972098927633613032e-15
3.705273844845633780e-15
4.411895730217289116e-15
5.010273599290979908e-15
5.419032544960241762e-15
5.574814305786863878e-15
5.447945220625893857e-15
5.050540410589220866e-15
4.433931690496574075e-15
3.676323701504494095e-15
2.865187264699391950e-15
2.080345537467498917e-15
1.382602612604911742e-15
8.101246590644924034e-16
3.821732941545531200e-16
1.083057301308090469e-16
9.489639600471708730e-19
1.516752917249802329e-18
1.731086805750100891e-16
6.109354226529113773e-16
1.295379406193998238e-15
2.211535561611494179e-15
3.329076040824205004e-15
4.587452458648634309e-15
5.889768899116784680e-15
7.108372354995376827e-15
8.102880594296835746e-15
8.747212924766056853e-15
8.957929466246719024e-15
8.714322299251140209e-15
8.062917576975014367e-15
7.104777707129368957e-15
5.970474997049392052e-15
4.791590730962559490e-15
3.677421855827956229e-15
2.702032735632021305e-15
1.902201560168771013e-15
1.283390672228393624e-15
8.295797085023370356e-16
5.133219727636466495e-16
3.037956506489121691e-16
1.720722319615232462e-16
9.383877334655915226e-17
5.027977240926389201e-17
2.787841326216320091e-17
1.774671312051865882e-17
1.490227041796045438e-17
1.774671312050907847e-17
2.787841326214665948e-17
5.027977240927746288e-17
9.383877334657730839e-17
1.720722319615196224e-16
3.037956506489103941e-16
5.133219727636298862e-16
8.295797085023060729e-16
1.283390672228248080e-15
1.902201560168728415e-15
2.702032735632257963e-15
3.677421855827724304e-15
4.791590730962896334e-15
5.970474997050643186e-15
7.104777707129215918e-15
8.062917576975126385e-15
8.714322299250952461e-15
8.957929466245370072e-15
8.747212924766034765e-15
8.102880594296763171e-15
7.108372354995996872e-15
5.889768899117253263e-15
4.587452458647905402e-15
3.329076040824749318e-15
2.211535561611706382e-15
1.295379406193840269e-15
6.109354226528262789e-16
1.731086805752447259e-16
1.516752917201570688e-18
2.271504229759036782e-18
2.592513391742207766e-16
9.151656089357645559e-16
1.941190221044798005e-15
3.315845204237153861e-15
4.994756441149995690e-15
6.888285410510324961e-15
8.851990914092755063e-15
1.069455861678775783e-14
1.220445775969026789e-14
1.319040589944774811e-14
1.352425304088185169e-14
1.317189323386568088e-14
1.220090697573857678e-14
1.076214191633131463e-14
9.052283849271452776e-15
7.270701245893953907e-15
5.583816638954098922e-15
4.105014033888794833e-15
2.891124129703820966e-15
1.951243921755235053e-15
1.261584404893767531e-15
7.807678727920041143e-16
4.621248369993569403e-16
2.617631248070618463e-16
1.427506081272776301e-16
7.648437414773288441e-17
4.240618119504200094e-17
2.699413064871737215e-17
2.266742616233925395e-17
2.699413064872638858e-17
4.240618119503708289e-17
7.648437414771967099e-17
1.427506081272562815e-16
2.617631248070333980e-16
4.621248369993567431e-16
7.807678727919745320e-16
1.261584404893738145e-15
1.951243921755219275e-15
2.891124129703902613e-15
4.105014033888708848e-15
5.583816638954367134e-15
7.270701245893204489e-15
9.052283849271949759e-15
1.076214191633045162e-14
1.220090697573825177e-14
1.317189323386427040e-14
1.352425304088108807e-14
1.319040589944601892e-14
1.220445775969091160e-14
1.069455861678832266e-14
8.851990914092715620e-15
6.888285410509132992e-15
4.994756441150627568e-15
3.315845204237591678e-15
1.941190221045054385e-15
9.151656089357014471e-16
2.592513391744707469e-16
2.271504229722651728e-18
3.021871430186142425e-18
3.448960586596985628e-16
1.217894738281619843e-15
2.584706201549379262e-15
4.418326742759393584e-15
6.661683172011691579e-15
9.197488596865684190e-15
1.183487916884222877e-14
1.431912986399077913e-14
1.636645961966290137e-14
1.771780542644757780e-14
1.819667962149263425e-14
1.775183090690309953e-14
1.646912078891065915e-14
1.454817936052164984e-14
1.225274475664485892e-14
9.852382553043728790e-15
7.573681250253095972e-15
5.572179005422442841e-15
3.926833810555757296e-15
2.651510548526178534e-15
1.714960637134345268e-15
1.061627333376735024e-15
6.284641327752473806e-16
3.560085641124877517e-16
1.941439646110606960e-16
1.040120927113040414e-16
5.766203965247053216e-17
3.670150332727356052e-17
3.081750000843241262e-17
3.670150332723220696e-17
5.766203965242119138e-17
1.040120927112783418e-16
1.941439646110538181e-16
3.560085641124574299e-16
6.284641327752623689e-16
1.061627333376744885e-15
1.714960637134381753e-15
2.651510548526198650e-15
3.926833810555782539e-15
5.572179005422073654e-15
7.573681250253039174e-15
9.852382553043593106e-15
1.225274475664467275e-14
1.454817936052077263e-14
1.646912078890907196e-14
1.775183090690384421e-14
1.819667962149206311e-14
1.771780542644621781e-14
1.636645961966322322e-14
1.431912986399184567e-14
1.183487916884243703e-14
9.197488596865870361e-15
6.661683172011534595e-15
4.418326742759986807e-15
2.584706201549836801e-15
1.217894738281759471e-15
3.448960586598825646e-16
3.021871430170775430e-18
3.766336758717879732e-18
4.298703446614708529e-16
1.518595775174361370e-15
3.225095320449929519e-15
5.518239438015156949e-15
8.330061616606284904e-15
1.151758325126243372e-14
1.484508039627015850e-14
1.799484016846362270e-14
2.060944360491608888e-14
2.235863741054008854e-14
2.301269698298629129e-14
2.249807177305672284e-14
2.091499747267822115e-14
1.851036277558695036e-14
1.561611225917242499e-14
1.257523963117286781e-14
9.678664353844078350e-15
7.128009990516892073e-15
5.027267026255513038e-15
3.396672334022204546e-15
2.197972226422710733e-15
1.361105632585876326e-15
8.059294852915521011e-16
4.565812350803024808e-16
2.489831210519820929e-16
1.333755853207262573e-16
7.392757494884141434e-17
4.704689370637689171e-17
3.950170729627281483e-17
4.704689370638903894e-17
7.392757494884341114e-17
1.333755853207192315e-16
2.489831210519464463e-16
4.565812350802847314e-16
8.059294852915592009e-16
1.361105632585851477e-15
2.197972226422772264e-15
3.396672334022318536e-15
5.027267026255308723e-15
7.128009990516764277e-15
9.678664353843803827e-15
1.257523963117369769e-14
1.561611225917238713e-14
1.851036277558442601e-14
2.091499747267696528e-14
2.249807177305808915e-14
2.301269698298676145e-14
2.235863741054012641e-14
2.060944360491532211e-14
1.799484016846490697e-14
1.484508039627011748e-14
1.151758325126235010e-14
8.330061616606318037e-15
5.518239438015485904e-15
3.225095320450353138e-15
1.518595775174645360e-15
4.298703446616115659e-16
3.766336758733220150e-18
4.503334488463546222e-18
5.139961623016554905e-16
1.816718880252860163e-15
3.861467810550912462e-15
6.614728392983361107e-15
9.999912164668841739e-15
1.385084867966450621e-14
1.788901263332012571e-14
2.173437673067006966e-14
2.495428631850465591e-14
2.714308979366427378e-14
2.801160744902370385e-14
2.745729423860333294e-14
2.558953235558132844e-14
2.270024996020647924e-14
1.919086974453751159e-14
1.548187340018695159e-14
1.193389746650105299e-14
8.799816722956154556e-15
6.212517585039524164e-15
4.200769545934945229e-15
2.719952140282686295e-15
1.685102685083159565e-15
9.980613509931603434e-16
5.654965267682449850e-16
3.083628344635901918e-16
1.651553910911454250e-16
9.152100921919488982e-17
5.823144921874119627e-17
4.888865111441051406e-17
5.823144921878354824e-17
9.152100921922715916e-17
1.651553910911432803e-16
3.083628344635658358e-16
5.654965267682936971e-16
9.980613509931315500e-16
1.685102685083162918e-15
2.719952140282666967e-15
4.200769545935148755e-15
6.212517585039435022e-15
8.799816722956047270e-15
1.193389746650092204e-14
1.548187340018769312e-14
1.919086974453665962e-14
2.270024996020487628e-14
2.558953235557930580e-14
2.745729423860435215e-14
2.801160744902472306e-14
2.714308979366620176e-14
2.495428631850362724e-14
2.173437673066854243e-14
1.788901263331922010e-14
1.385084867966393034e-14
9.999912164668624013e-15
6.614728392983475492e-15
3.861467810551672135e-15
1.816718880253112204e-15
5.139961623017469983e-16
4.503334488519278783e-18
5.231239441028271157e-18
5.970886110301283521e-16
2.111685817991894777e-15
4.492861494735106748e-15
7.706794207346089664e-15
1.167101800214970477e-14
1.619924763187603856e-14
2.097278144139037890e-14
2.555030268981189747e-14
2.942221483838817535e-14
3.210251277629129566e-14
3.323497448414238566e-14
3.267965651779108656e-14
3.054829488665903755e-14
2.717470670297097083e-14
2.303104120131111779e-14
1.862015555713554906e-14
1.437913201141881470e-14
1.061867876707366628e-14
7.505571449723881265e-15
5.079944862529944154e-15
3.291685782122201515e-15
2.040468627016803421e-15
1.208984235051105369e-15
6.851049894963372780e-16
3.735580888245945874e-16
2.000249667553780072e-16
1.108091958771469311e-16
7.048539853346028496e-17
5.917063217308161218e-17
7.048539853344819320e-17
1.108091958771524532e-16
2.000249667553941049e-16
3.735580888246215566e-16
6.851049894963772141e-16
1.208984235051111285e-15
2.040468627016919383e-15
3.291685782122218870e-15
5.079944862529976497e-15
7.505571449724040615e-15
1.061867876707327027e-14
1.437913201141905451e-14
1.862015555713594980e-14
2.303104120131016800e-14
2.717470670297105918e-14
3.054829488665662048e-14
3.267965651779257593e-14
3.323497448414241721e-14
3.210251277629337195e-14
2.942221483838779670e-14
2.555030268980877042e-14
2.097278144138953324e-14
1.619924763187609536e-14
1.167101800214890960e-14
7.706794207347088362e-15
4.492861494735733892e-15
2.111685817992062805e-15
5.970886110301051793e-16
5.231239441105146576e-18
5.948355914984950753e-18
6.789546479257586531e-16
2.402884473897522799e-15
5.118227060684744756e-15
8.793261640936983076e-15
1.334286926816254963e-14
1.856434259893244022e-14
2.410207837822038113e-14
2.945497187271020374e-14
3.403480277682257345e-14
3.726958721042313743e-14
3.872705859362750161e-14
3.821956482167929522e-14
3.585253115565868882e-14
3.199727087701357615e-14
2.719768660467925804e-14
2.204470692297877801e-14
1.706007675702050777e-14
1.262056889540217242e-14
8.933195337013033540e-15
6.053112318058060161e-15
3.925891033152049342e-15
2.435329110324183410e-15
1.443611559647230000e-15
8.182106187261225847e-16
4.460865602583668807e-16
2.387816022332365423e-16
1.322232082492800274e-16
8.407744351082700678e-17
7.057146751515934326e-17
8.407744351085294058e-17
1.322232082493058380e-16
2.387816022332544396e-16
4.460865602583500188e-16
8.182106187260671672e-16
1.443611559647289559e-15
2.435329110324299373e-15
3.925891033152053286e-15
6.053112318057847958e-15
8.933195337013107693e-15
1.262056889540197679e-14
1.706007675702081701e-14
2.204470692297861393e-14
2.719768660467916969e-14
3.199727087701327954e-14
3.585253115566015294e-14
3.821956482167807722e-14
3.872705859362735015e-14
3.726958721042240537e-14
3.403480277682283220e-14
2.945497187270869544e-14
2.410207837822053260e-14
1.856434259893363613e-14
1.334286926816250230e-14
8.793261640937645719e-15
5.118227060685091855e-15
2.402884473897312568e-15
6.789546479257693027e-16
5.948355915063742088e-18
6.652907181032287856e-18
7.593918772522428076e-16
2.689663538884150885e-15
5.736413368637898968e-15
9.872747301132875883e-15
1.501460320666020282e-14
2.094720161889621692e-14
2.728205824127700817e-14
3.346040889202098347e-14
3.881392117180399236e-14
4.267844966599804313e-14
4.453523392463905607e-14
4.413647264169986845e-14
4.157036796546617167e-14
3.723969240816416076e-14
3.176063210250889160e-14
2.581864094211640260e-14
2.003000053718171314e-14
1.484771988799299569e-14
1.052703604983402277e-14
7.142800944263126460e-15
4.637836033948238148e-15
2.879511297514527946e-15
1.707916720572700347e-15
9.682274079624594807e-16
5.277907125696485424e-16
2.823869449499531823e-16
1.562790684126683768e-16
9.932751279347308957e-17
8.335718964858377902e-17
9.932751279345186428e-17
1.562790684126263453e-16
2.823869449499502734e-16
5.277907125696575157e-16
9.682274079624521837e-16
1.707916720572739002e-15
2.879511297514470754e-15
4.637836033947958103e-15
7.142800944263052308e-15
1.052703604983389340e-14
1.484771988799208692e-14
2.003000053718112307e-14
2.581864094211556641e-14
3.176063210250840566e-14
3.723969240816489283e-14
4.157036796547065871e-14
4.413647264169800674e-14
4.453523392463901190e-14
4.267844966599686300e-14
3.881392117180391663e-14
3.346040889202121066e-14
2.728205824127781597e-14
2.094720161889722666e-14
1.501460320666129776e-14
9.872747301132628180e-15
5.736413368638187692e-15
2.689663538884001396e-15
7.593918772521970536e-16
6.652907181120273580e-18
7.343025732131894790e-18
8.381874279646115499e-16
2.971327436296529752e-15
6.346152931994500152e-15
1.094362648545813387e-14
1.668494014737743200e-14
2.334829243989464699e-14
3.051719174571825359e-14
3.757814761209970781e-14
4.378163278805423525e-14
4.836475968604990353e-14
5.071037282815942024e-14
5.049570802192618280e-14
4.777813333732933130e-14
4.298368695077435600e-14
3.680049473247380083e-14
3.001564740211941268e-14
2.335168196116385667e-14
1.735031595160621687e-14
1.232500696035641606e-14
8.376242025526107348e-15
5.446153272117684241e-15
3.385116041587295420e-15
2.009301889172816021e-15
1.139393603085600543e-15
6.209499689851000427e-16
3.320215819072901777e-16
1.836045977610276898e-16
1.166223349196677632e-16
9.784870855657669318e-17
1.166223349196595788e-16
1.836045977610244850e-16
3.320215819072822890e-16
6.209499689850854488e-16
1.139393603085592457e-15
2.009301889172757251e-15
3.385116041587080061e-15
5.446153272117250367e-15
8.376242025525989019e-15
1.232500696035590962e-14
1.735031595160501780e-14
2.335168196116252507e-14
3.001564740211841556e-14
3.680049473247181922e-14
4.298368695077714542e-14
4.777813333733316832e-14
5.049570802192850520e-14
5.071037282816072659e-14
4.836475968604836368e-14
4.378163278805345901e-14
3.757814761210109620e-14
3.051719174571869535e-14
2.334829243989478267e-14
1.668494014737937259e-14
1.094362648545813072e-14
6.346152931994126232e-15
2.971327436296962836e-15
8.381874279643788359e-16
7.343025732208568373e-18
8.016744513259867921e-18
9.151169450035233741e-16
3.247131586330201793e-15
6.946047768074412362e-15
1.200399944517189073e-14
1.835211540179389469e-14
2.576736423914990604e-14
3.381109055631879876e-14
4.181902067493445113e-14
4.896001674849592520e-14
5.436569114048275988e-14
5.730718031139457555e-14
5.736932030693841533e-14
5.456180571903643459e-14
4.932294423775255891e-14
4.241107186640934848e-14
3.472250885233135265e-14
2.709981045535834123e-14
2.018861594278397554e-14
1.437306589902792755e-14
9.786796932966051681e-15
6.373934447460517714e-15
3.967302872257973009e-15
2.357110725968756714e-15
1.337071168131310432e-15
7.284368640880787975e-16
3.891596784414562416e-16
2.149747545845585352e-16
1.364348799110027235e-16
1.144371839687694020e-16
1.364348799110159862e-16
2.149747545845988164e-16
3.891596784414295189e-16
7.284368640880424113e-16
1.337071168131203147e-15
2.357110725968640751e-15
3.967302872257810504e-15
6.373934447460368619e-15
9.786796932965635163e-15
1.437306589902711029e-14
2.018861594278424060e-14
2.709981045535699070e-14
3.472250885232991377e-14
4.241107186640808631e-14
4.932294423775438276e-14
5.456180571904076386e-14
5.736932030694212614e-14
5.730718031139649406e-14
5.436569114048023552e-14
4.896001674849377319e-14
4.181902067493602254e-14
3.381109055632072358e-14
2.576736423915021527e-14
1.835211540179581636e-14
1.200399944517242085e-14
6.946047768073773384e-15
3.247131586330744530e-15
9.151169450033543607e-16
8.016744513265802867e-18
8.671989392245214435e-18
9.899437243913017012e-16
3.516278122656164048e-15
7.534555878378500212e-15
1.305165748686799661e-14
2.001380745730198897e-14
2.820331654526174164e-14
3.716630200461891087e-14
4.619289259438040085e-14
5.437090867920772495e-14
6.071982535136108846e-14
6.438445355744017689e-14
6.483693040952323154e-14
6.201859970548688109e-14
5.636543474867390002e-14
4.870217805109312223e-14
4.004216454105402920e-14
3.136397332213558779e-14
2.343565165604960803e-14
1.672752851921460233e-14
1.141586353981339361e-14
7.450229008335751738e-15
4.645385889669589048e-15
2.763353029667390282e-15
1.568170621973017729e-15
8.539373286727406547e-16
4.556726769144485457e-16
2.513596764186161246e-16
1.593503212895409944e-16
1.336044356172939449e-16
1.593503212895078130e-16
2.513596764185939379e-16
4.556726769144027918e-16
8.539373286727615595e-16
1.568170621972916163e-15
2.763353029667268403e-15
4.645385889669615081e-15
7.450229008335822736e-15
1.141586353981286349e-14
1.672752851921412271e-14
2.343565165605004348e-14
3.136397332213426250e-14
4.004216454105247041e-14
4.870217805109168966e-14
5.636543474867573018e-14
6.201859970549051616e-14
6.483693040952468305e-14
6.438445355743984872e-14
6.071982535135816021e-14
5.437090867920573071e-14
4.619289259438019890e-14
3.716630200462180757e-14
2.820331654526126517e-14
2.001380745730417885e-14
1.305165748686877285e-14
7.534555878378320352e-15
3.516278122656554534e-15
9.899437243912839518e-16
8.671989392153557118e-18
9.306573168620681268e-18
1.062418026136549156e-15
3.777912196040839140e-15
8.109978682430501290e-15
1.408404949477725945e-14
2.166706319713424120e-14
3.065405557279062483e-14
4.058407143763820225e-14
5.070832897974055345e-14
6.003553984694394234e-14
6.746691881977868783e-14
7.200523327318390155e-14
7.298655854241727604e-14
7.025868888638156089e-14
6.423605983020496224e-14
5.580302636833373856e-14
4.609746508326511669e-14
3.625240403917014951e-14
2.718069449840927963e-14
1.945811817882868776e-14
1.331545930920157549e-14
8.712126398830962259e-15
5.444386123273136157e-15
3.243743065821056655e-15
1.841761813369099343e-15
1.002265881030350128e-15
5.339758865347360921e-16
2.939915657289743175e-16
1.861018409769690240e-16
1.559510521431102129e-16
1.861018409769430409e-16
2.939915657289494683e-16
5.339758865347076931e-16
1.002265881030329223e-15
1.841761813369049645e-15
3.243743065820882317e-15
5.444386123273133002e-15
8.712126398831102676e-15
1.331545930920108955e-14
1.945811817882866567e-14
2.718069449840879369e-14
3.625240403916862858e-14
4.609746508326310352e-14
5.580302636833103750e-14
6.423605983020927889e-14
7.025868888638334056e-14
7.298655854241760421e-14
7.200523327318131408e-14
6.746691881977642853e-14
6.003553984694564628e-14
5.070832897973792181e-14
4.058407143763961589e-14
3.065405557279018307e-14
2.166706319713423489e-14
1.408404949477878984e-14
8.109978682430442915e-15
3.777912196040800486e-15
1.062418026136721325e-15
9.306573168456515000e-18
9.918191448862170813e-18
1.132276602532535731e-15
4.031119018704141440e-15
8.670449794450100393e-15
1.509824963299787775e-14
2.330822126356421131e-14
3.311633886596484378e-14
4.406407101434595577e-14
5.537219485621241461e-14
6.597405726353653317e-14
7.464751302328533334e-14
8.023680331654684217e-14
8.191538984286316403e-14
7.940705530405549865e-14
7.307968957368209362e-14
6.386626759618509388e-14
5.303579680602917542e-14
4.189672103590512436e-14
3.153375334578375962e-14
2.265203499133676710e-14
1.555176721957921014e-14
1.020768710710809247e-14
6.397257311805979339e-15
3.819204523081227775e-15
2.169962393152251718e-15
1.179822638287533675e-15
6.272388478725018181e-16
3.444590682786572365e-16
2.176202525525170126e-16
1.822350429422236736e-16
2.176202525524627291e-16
3.444590682785995017e-16
6.272388478724805188e-16
1.179822638287455972e-15
2.169962393152241857e-15
3.819204523081141000e-15
6.397257311805784490e-15
1.020768710710812718e-14
1.555176721957898610e-14
2.265203499133701007e-14
3.153375334578260472e-14
4.189672103590373596e-14
5.303579680602644280e-14
6.386626759618499291e-14
7.307968957368582967e-14
7.940705530405799776e-14
8.191538984286048822e-14
8.023680331654407800e-14
7.464751302328761788e-14
6.597405726354007989e-14
5.537219485621057183e-14
4.406407101434662473e-14
3.311633886596726716e-14
2.330822126356091072e-14
1.509824963300040841e-14
8.670449794450116170e-15
4.031119018703578193e-15
1.132276602532729791e-15
9.918191448696845905e-18
1.050442074218034041e-17
1.199242482337798449e-15
4.274921820025495315e-15
9.213925595045419673e-15
1.609092716953466935e-14
2.493283511332515597e-14
3.558560997096518988e-14
4.760409494333002004e-14
6.018917594835075564e-14
7.220490565294928871e-14
8.230234805474605728e-14
8.915048266684924592e-14
9.173042049338837455e-14
8.960543832322054393e-14
8.306462788990407427e-14
7.307281760057052517e-14
6.103479919276604477e-14
4.845795794779845271e-14
3.663146281762059606e-14
2.641944373383008076e-14
1.821005988715935206e-14
1.200011410657252017e-14
7.548109002908996848e-15
4.518071822530735340e-15
2.569242234432401470e-15
1.395262823564532885e-15
7.396907682061845896e-16
4.048419719386747591e-16
2.551032942608059668e-16
2.134252200159451684e-16
2.551032942608627648e-16
4.048419719386938889e-16
7.396907682061245375e-16
1.395262823564461691e-15
2.569242234432393187e-15
4.518071822530724296e-15
7.548109002908774389e-15
1.200011410657206263e-14
1.821005988715938677e-14
2.641944373383062665e-14
3.663146281761980089e-14
4.845795794779802357e-14
6.103479919276610788e-14
7.307281760057191356e-14
8.306462788990345580e-14
8.960543832322121288e-14
9.173042049338295981e-14
8.915048266684911970e-14
8.230234805475109337e-14
7.220490565295387041e-14
6.018917594835148770e-14
4.760409494332931322e-14
3.558560997096767006e-14
2.493283511332455328e-14
1.609092716953515213e-14
9.213925595045774661e-15
4.274921820024965201e-15
1.199242482337684458e-15
1.050442074207729391e-17
1.106271914874302130e-17
1.263025053298401033e-15
4.508280897844524942e-15
9.738178107680707475e-15
1.705831954661117341e-14
2.653559777923347995e-14
3.805582581682422400e-14
5.119972268953283968e-14
6.516121834208895585e-14
7.874405182560728026e-14
9.047153615383657883e-14
9.882113926063297137e-14
1.025489037967590857e-13
1.010143313608394424e-13
9.438653277360618621e-14
8.363762006370202959e-14
7.030945340543131012e-14
5.613428135060583615e-14
4.264485506393182337e-14
3.090094828757161245e-14
2.140160688553154005e-14
1.417374439306934640e-14
8.956910872432830933e-15
5.379332589064642215e-15
3.062351737551872571e-15
1.660485140295244581e-15
8.770682385668069662e-16
4.779058672885960887e-16
3.001139417799583731e-16
2.507762310388097997e-16
3.001139417799928858e-16
4.779058672886435189e-16
8.770682385667694953e-16
1.660485140295287377e-15
3.062351737551885193e-15
5.379332589064605139e-15
8.956910872432644762e-15
1.417374439306874528e-14
2.140160688553164103e-14
3.090094828757165032e-14
4.264485506393246708e-14
5.613428135060594344e-14
7.030945340543297619e-14
8.363762006370192862e-14
9.438653277360179383e-14
1.010143313608355422e-13
1.025489037967570157e-13
9.882113926063600059e-14
9.047153615384021390e-14
7.874405182561441156e-14
6.516121834209428224e-14
5.119972268953119253e-14
3.805582581682512646e-14
2.653559777923649024e-14
1.705831954660794855e-14
9.738178107681130304e-15
4.508280897844280395e-15
1.263025053298104815e-15
1.106271914868973467e-17
1.159043001932084635e-17
1.323320486248001111e-15
4.730093958799035386e-15
1.024079073842313210e-14
1.799620999649097927e-14
2.811027083865275945e-14
4.051928057790299381e-14
5.484395361123354124e-14
7.028688431400968253e-14
8.560403276564463018e-14
9.919344593939813005e-14
1.093263386382394038e-13
1.144984861285907639e-13
1.138149401634642892e-13
1.072727980058656617e-13
9.581650519946034370e-14
8.112088549186257227e-14
6.517091711400150214e-14
4.978969381901833832e-14
3.627786155543272047e-14
2.527344882107167062e-14
1.684272017445064756e-14
1.070640176405764675e-14
6.457429193383078744e-15
3.681187411578134227e-15
1.992099960890501072e-15
1.047277076661479377e-15
5.673869384358519166e-16
3.547222833959810243e-16
2.959360823933034052e-16
3.547222833959397077e-16
5.673869384358009365e-16
1.047277076661546825e-15
1.992099960890580353e-15
3.681187411578153949e-15
6.457429193383098466e-15
1.070640176405737538e-14
1.684272017445063494e-14
2.527344882107146867e-14
3.627786155543192530e-14
4.978969381901891261e-14
6.517091711400117398e-14
8.112088549186254703e-14
9.581650519946126509e-14
1.072727980058620013e-13
1.138149401634572463e-13
1.144984861285922028e-13
1.093263386382409437e-13
9.919344593940096995e-14
8.560403276564884585e-14
7.028688431402073920e-14
5.484395361123426699e-14
4.051928057790295594e-14
2.811027083865557411e-14
1.799620999648722113e-14
1.024079073842331827e-14
4.730093958798979377e-15
1.323320486247714557e-15
1.159043001929391723e-17
1.208478895997106662e-17
1.379812543345501283e-15
4.939197944708607253e-15
1.071915747361280869e-14
1.889991115978290910e-14
2.964962058088420014e-14
4.296643099939984501e-14
5.852681884679536393e-14
7.556062549101190791e-14
9.279281108272682730e-14
1.085032441215276461e-13
1.207450221740597384e-13
1.277168857586144728e-13
1.282109677217047091e-13
1.219873651859194518e-13
1.099143109527958466e-13
9.378730464698211604e-14
7.587297020877056613e-14
5.834030659524014799e-14
4.278642639473885273e-14
3.002233114056801877e-14
2.016361589076749856e-14
1.291228615797566037e-14
7.829398246138064483e-15
4.471068327451975135e-15
2.413622064942744066e-15
1.261378323801106062e-15
6.784133044274064064e-16
4.217132580062386753e-16
3.511026816342811518e-16
4.217132580063087360e-16
6.784133044274273113e-16
1.261378323801200528e-15
2.413622064942665574e-15
4.471068327451968825e-15
7.829398246138110237e-15
1.291228615797549471e-14
2.016361589076782673e-14
3.002233114056757070e-14
4.278642639473768522e-14
5.834030659523994604e-14
7.587297020877156325e-14
9.378730464698118203e-14
1.099143109527991030e-13
1.219873651859178362e-13
1.282109677216949146e-13
1.277168857586153816e-13
1.207450221740603443e-13
1.085032441215311424e-13
9.279281108272729431e-14
7.556062549102061693e-14
5.852681884679824169e-14
4.296643099939835564e-14
2.964962058088527299e-14
1.889991115978074762e-14
1.071915747361336089e-14
4.939197944708548088e-15
1.379812543345403070e-15
1.208478895998830138e-17
1.254293453513694692e-17
1.432173810660616244e-15
5.134372538750700886e-15
1.117048614961163165e-14
1.976425629325543775e-14
3.114536483940003028e-14
4.538572946095552365e-14
6.223497905618751727e-14
8.097197904535711472e-14
1.003124259656293265e-13
1.184310396897425416e-13
1.331555908287004346e-13
1.423509224625803784e-13
1.444300243315997815e-13
1.388358745490208512e-13
1.262944238340979788e-13
1.086975829390892788e-13
8.862203489359043732e-14
6.864820606893130727e-14
5.073764085173586680e-14
3.591469261145427549e-14
2.435391785595326654e-14
1.573833991946636092e-14
9.605521230071969073e-15
5.497141183309617617e-15
2.958761771843651612e-15
1.535067992734556826e-15
8.181350265360376373e-16
5.048950073535162131e-16
4.192551406701900647e-16
5.048950073534880113e-16
8.181350265360801372e-16
1.535067992734594888e-15
2.958761771843495812e-15
5.497141183309580540e-15
9.605521230072040071e-15
1.573833991946670171e-14
2.435391785595308984e-14
3.591469261145398519e-14
5.073764085173452890e-14
6.864820606893094123e-14
8.862203489359282283e-14
1.086975829390862117e-13
1.262944238341035071e-13
1.388358745490202958e-13
1.444300243315889015e-13
1.423509224625800754e-13
1.331555908287044231e-13
1.184310396897451669e-13
1.003124259656329994e-13
8.097197904535764483e-14
6.223497905619034455e-14
4.538572946095510713e-14
3.114536483939859140e-14
1.976425629325485715e-14
1.117048614961278970e-14
5.134372538750746640e-15
1.432173810660696116e-15
1.254293453521534921e-17
1.296192298588812725e-17
1.480067391097494534e-15
5.314345533995201911e-15
1.159180640768353911e-14
2.058359974482186286e-14
3.258813438360770199e-14
4.776347238522572962e-14
6.595131980335007908e-14
8.650469847074368003e-14
1.081574350146681975e-13
1.289995774168839076e-13
1.466332525123702545e-13
1.585546525226662288e-13
1.627243719975043549e-13
1.581709692525508704e-13
1.453898600683985061e-13
1.263280727882977688e-13
1.038977633669231219e-13
8.116728045438106065e-14
6.054505506876368482e-14
4.331548835745862781e-14
2.971917812998397016e-14
1.941885753879574527e-14
1.194525735559177984e-14
6.854006323158092805e-15
3.676389350211265517e-15
1.890914445754721946e-15
9.966763109510561602e-16
6.095630749979664422e-16
5.045009036161899113e-16
6.095630749979073762e-16
9.966763109509993622e-16
1.890914445754680925e-15
3.676389350211184264e-15
6.854006323157972898e-15
1.194525735559179877e-14
1.941885753879596930e-14
2.971917812998361044e-14
4.331548835745840062e-14
6.054505506876339452e-14
8.116728045438082084e-14
1.038977633669226928e-13
1.263280727882930987e-13
1.453898600684016363e-13
1.581709692525507694e-13
1.627243719974983217e-13
1.585546525226686017e-13
1.466332525123762877e-13
1.289995774168832513e-13
1.081574350146728171e-13
8.650469847074299846e-14
6.595131980335313355e-14
4.776347238522545194e-14
3.258813438360637039e-14
2.058359974482462072e-14
1.159180640768331981e-14
5.314345533995643673e-15
1.480067391097354117e-15
1.296192298601046232e-17
1.333874722589605632e-17
1.523149087403118490e-15
5.477800226853356069e-15
1.197998292147399581e-14
2.135182841201962826e-14
3.396745311601304374e-14
5.008367290331266463e-14
6.965455986588206994e-14
9.213583769114742888e-14
1.163131529552857662e-13
1.402214347383563025e-13
1.612464769150293978e-13
1.764863031790948300e-13
1.833705953145042575e-13
1.803974269509056227e-13
1.677159256301139562e-13
1.472633403608803624e-13
1.223059011748441261e-13
9.648800143755125677e-14
7.276392960465491981e-14
5.272992708616275202e-14
3.669304215786309646e-14
2.429209303047034423e-14
1.508114095117382047e-14
8.680237617163258207e-15
4.638065474532315997e-15
2.361769356087558980e-15
1.228591267278101198e-15
7.432094416429396073e-16
6.126050098211414882e-16
7.432094416429870376e-16
1.228591267278002985e-15
2.361769356087519537e-15
4.638065474532363328e-15
8.680237617163138300e-15
1.508114095117367217e-14
2.429209303046982043e-14
3.669304215786273674e-14
5.272992708616244910e-14
7.276392960465512176e-14
9.648800143755024703e-14
1.223059011748402639e-13
1.472633403608779138e-13
1.677159256301109775e-13
1.803974269509060771e-13
1.833705953145065547e-13
1.764863031790982883e-13
1.612464769150334367e-13
1.402214347383522888e-13
1.163131529552868517e-13
9.213583769114985226e-14
6.965455986588546520e-14
5.008367290331088496e-14
3.396745311601423019e-14
2.135182841202362937e-14
1.197998292147306179e-14
5.477800226854068410e-15
1.523149087402877887e-15
1.333874722601772271e-17
1.367036030514722038e-17
1.561070096669486376e-15
5.623384968442321736e-15
1.233173443102994124e-14
2.206238587430291823e-14
3.527174155734201170e-14
5.232796788378713441e-14
7.331889144819393710e-14
9.783481579055917344e-14
1.247537078192537028e-13
1.520956907631288018e-13
1.770523949439312425e-13
1.963036358525006139e-13
2.066676416979627540e-13
2.059765867111494657e-13
1.938843379126749324e-13
1.722215441596793786e-13
1.446147129102114278e-13
1.153840061242847527e-13
8.814660373976487321e-14
6.486410723234770814e-14
4.589640056699127975e-14
3.085018573219568276e-14
1.935472268961178043e-14
1.118037949773363786e-14
5.949541754521810384e-15
2.996018482497244110e-15
1.535117953876888433e-15
9.166219983960611149e-16
7.518100300270414393e-16
9.166219983961027273e-16
1.535117953876846623e-15
2.996018482497264226e-15
5.949541754521903469e-15
1.118037949773349902e-14
1.935472268961134498e-14
3.085018573219520314e-14
4.589640056699103993e-14
6.486410723234648382e-14
8.814660373976404017e-14
1.153840061242811681e-13
1.446147129102060762e-13
1.722215441596778892e-13
1.938843379126717769e-13
2.059765867111498444e-13
2.066676416979714125e-13
1.963036358525012702e-13
1.770523949439300055e-13
1.520956907631252677e-13
1.247537078192531727e-13
9.783481579056211431e-14
7.331889144819521190e-14
5.232796788378763928e-14
3.527174155734382923e-14
2.206238587430372287e-14
1.233173443103041771e-14
5.623384968442615192e-15
1.561070096669663870e-15
1.367036030522421444e-17
1.395370344002635103e-17
1.593480227294302911e-15
5.749724967384750744e-15
1.264365903299595114e-14
2.270831078684142130e-14
3.648834818501160977e-14
5.447557041497457515e-14
7.691367496092655657e-14
1.035624993400911393e-13
1.334399541325044797e-13
1.646040606925884481e-13
1.940909861560501122e-13
2.181573045692126276e-13
2.329324898991747326e-13
2.354292465918695735e-13
2.246184206248692063e-13
2.020851674577843068e-13
1.718022075033479328e-13
1.388756282785753507e-13
1.077209934815343014e-13
8.071331914176080971e-14
5.822496043290570456e-14
3.981383644490561669e-14
2.527078948643121917e-14
1.465845074031284217e-14
7.768472487674709556e-15
3.865758893280211567e-15
1.947719272373431761e-15
1.145617720047011064e-15
9.341282072523607675e-16
1.145617720047107502e-15
1.947719272373576912e-15
3.865758893280216300e-15
7.768472487674461854e-15
1.465845074031250138e-14
2.527078948643063857e-14
3.981383644490571135e-14
5.822496043290569194e-14
8.071331914175885333e-14
1.077209934815325218e-13
1.388756282785719933e-13
1.718022075033427074e-13
2.020851674577777182e-13
2.246184206248682723e-13
2.354292465918683618e-13
2.329324898991809930e-13
2.181573045692142180e-13
1.940909861560462247e-13
1.646040606925894073e-13
1.334399541325027378e-13
1.035624993400955317e-13
7.691367496092441087e-14
5.447557041497843741e-14
3.648834818501172337e-14
2.270831078684102372e-14
1.264365903299710130e-14
5.749724967384766522e-15
1.593480227294469360e-15
1.395370344006467241e-17
1.418573859967743529e-17
1.620031636894335591e-15
5.855436388138841458e-15
1.291226605974251521e-14
2.328229093351877929e-14
3.760361307919841468e-14
5.650327948462695505e-14
8.040321445437530380e-14
1.092703497763225904e-13
1.423173060720548694e-13
1.777065256331458669e-13
2.123779239096258681e-13
2.421817255255279978e-13
2.624924893317626862e-13
2.693358021124224255e-13
2.607685368115156976e-13
2.379376500640382393e-13
2.051171012923604838e-13
1.683165649191016350e-13
1.329020588258592286e-13
1.016908224307834702e-13
7.497903248620402837e-14
5.224418168641298926e-14
3.357944626239925030e-14
1.956931611105290582e-14
1.033197691400507766e-14
5.079710665697278631e-15
2.513737542086696591e-15
1.453824761194118628e-15
1.177416241768846830e-15
1.453824761194143280e-15
2.513737542086859096e-15
5.079710665697288097e-15
1.033197691400490253e-14
1.956931611105257450e-14
3.357944626239827211e-14
5.224418168641332374e-14
7.497903248620251376e-14
1.016908224307834449e-13
1.329020588258564266e-13
1.683165649191002971e-13
2.051171012923530875e-13
2.379376500640293031e-13
2.607685368115198880e-13
2.693358021124212138e-13
2.624924893317547598e-13
2.421817255255363282e-13
2.123779239096189767e-13
1.777065256331466242e-13
1.423173060720637299e-13
1.092703497763211767e-13
8.040321445437024247e-14
5.650327948463363828e-14
3.760361307919566314e-14
2.328229093351946086e-14
1.291226605974440374e-14
5.855436388139761270e-15
1.620031636893970940e-15
1.418573859969706129e-17
1.436348551348176154e-17
1.640383075363254553e-15
5.939142729993056454e-15
1.313401473012273388e-14
2.377673405126325047e-14
3.860296798755339975e-14
5.838555880060538674e-14
8.374664263362674374e-14
1.148996939687570815e-13
1.513135810764301393e-13
1.913365386942595446e-13
2.318960030708334189e-13
2.684829522486606266e-13
2.956731747893672786e-13
3.083318526955978610e-13
3.033262182277269452e-13
2.811060406635659200e-13
2.461569559636267227e-13
2.055119457658563043e-13
1.656501583163046627e-13
1.298157378348205474e-13
9.805594091208861440e-14
6.971060289083370356e-14
4.540087623025466575e-14
2.659810445803471598e-14
1.400007692506861025e-14
6.803937015240462575e-15
3.305590764447901494e-15
1.877234543852663647e-15
1.508771966824697892e-15
1.877234543852566617e-15
3.305590764447645115e-15
6.803937015240333990e-15
1.400007692506922240e-14
2.659810445803511988e-14
4.540087623025363076e-14
6.971060289083240352e-14
9.805594091208682210e-14
1.298157378348199921e-13
1.656501583163023656e-13
2.055119457658561276e-13
2.461569559636181904e-13
2.811060406635567818e-13
3.033262182277366388e-13
3.083318526955964978e-13
2.956731747893529907e-13
2.684829522486651199e-13
2.318960030708254420e-13
1.913365386942590145e-13
1.513135810764553576e-13
1.148996939687447879e-13
8.374664263361739100e-14
5.838555880061167238e-14
3.860296798755374684e-14
2.377673405126101011e-14
1.313401473012550594e-14
5.939142729994162437e-15
1.640383075363411339e-15
1.436348551342109937e-17
1.448406282535491252e-17
1.654204601406723883e-15
5.999493404298292614e-15
1.330535957213404999e-14
2.418385615225112423e-14
3.947107631176727395e-14
6.009469631161082354e-14
8.689794625917013232e-14
1.203811861807675285e-13
1.603369749880163037e-13
2.053959544465513859e-13
2.525851686178650412e-13
2.971230825795215438e-13
3.327801276282589024e-13
3.530968032162494239e-13
3.534343691460224493e-13
3.332089119690601885e-13
2.969672369993319872e-13
2.528786731018470009e-13
2.086958407993326372e-13
1.679870333187502392e-13
1.302350869699579206e-13
9.454261598778738821e-14
6.241581063749991433e-14
3.678419188634773486e-14
1.932519114956725709e-14
9.295718567916045411e-15
4.436026987884991508e-15
2.471794231047935355e-15
1.970199936284499016e-15
2.471794231047906168e-15
4.436026987884630209e-15
9.295718567915638359e-15
1.932519114956764521e-14
3.678419188634864363e-14
6.241581063750014152e-14
9.454261598778372790e-14
1.302350869699571381e-13
1.679870333187436758e-13
2.086958407993303653e-13
2.528786731018487679e-13
2.969672369993325426e-13
3.332089119690599361e-13
3.534343691460176530e-13
3.530968032162428606e-13
3.327801276282684950e-13
2.971230825795089725e-13
2.525851686178610022e-13
2.053959544465666330e-13
1.603369749880252146e-13
1.203811861807589457e-13
8.689794625916023685e-14
6.009469631161131579e-14
3.947107631177222799e-14
2.418385615224798772e-14
1.330535957213570186e-14
5.999493404298559249e-15
1.654204601408291941e-15
1.448406282517244222e-17
1.454473297210308058e-17
1.661182723854053326e-15
6.035184352806012546e-15
1.342280240571442465e-14
2.449578758473642900e-14
4.019201562287256783e-14
6.160105489758801054e-14
8.980616323313781977e-14
1.256345380128558016e-13
1.692743216326075962e-13
2.197499097042080094e-13
2.743313045680274821e-13
3.281008412764527618e-13
3.740732749049966232e-13
4.043321336121747610e-13
4.123893262324107975e-13
3.962071385564684732e-13
3.601648339714822393e-13
3.136619728689900606e-13
2.658582945424010248e-13
2.203824249678134172e-13
1.755995867209253050e-13
1.302079598320285126e-13
8.715764507674069718e-14
5.171690810546809745e-14
2.716522965714383119e-14
1.296008672648306179e-14
6.083962937363009003e-15
3.326313469848227475e-15
2.628230625802850957e-15
3.326313469848197498e-15
6.083962937363427099e-15
1.296008672648290244e-14
2.716522965714305495e-14
5.171690810546771880e-14
8.715764507674116419e-14
1.302079598320269728e-13
1.755995867209217456e-13
2.203824249678061976e-13
2.658582945423977936e-13
3.136619728689857187e-13
3.601648339714909231e-13
3.962071385564852854e-13
4.123893262323828276e-13
4.043321336121676424e-13
3.740732749050277232e-13
3.281008412764448858e-13
2.743313045680200605e-13
2.197499097042270683e-13
1.692743216325880577e-13
1.256345380128529491e-13
8.980616323313779453e-14
6.160105489758358029e-14
4.019201562287398147e-14
2.449578758473854314e-14
1.342280240571322085e-14
6.035184352805396445e-15
1.661182723856523052e-15
1.454473297188333043e-17
1.454295020773791906e-17
1.661025901361357816e-15
6.044980470055893734e-15
1.348295043672145960e-14
2.470469649267242401e-14
4.074950411667605337e-14
6.287342280448778894e-14
9.241578136512696600e-14
1.305685983463595970e-13
1.779898200471910366e-13
2.342219761608813616e-13
2.969541377123863744e-13
3.613282250935918426e-13
4.197319754387525699e-13
4.627250509731411941e-13
4.816282840368013276e-13
4.724522543770214227e-13
4.390882489228358538e-13
3.922253696634244788e-13
3.424949469672555949e-13
2.930377572527071356e-13
2.401583423892838652e-13
1.818796155635541309e-13
1.234623856321134401e-13
7.384807145588798905e-14
3.887102302358204515e-14
1.844625385139818064e-14
8.539213752168441648e-15
4.584832905135993570e-15
3.590544753520501722e-15
4.584832905135910739e-15
8.539213752169041182e-15
1.844625385139883066e-14
3.887102302358133202e-14
7.384807145588706766e-14
1.234623856321127585e-13
1.818796155635537018e-13
2.401583423892781601e-13
2.930377572527069336e-13
3.424949469672563522e-13
3.922253696634190767e-13
4.390882489228372169e-13
4.724522543770287939e-13
4.816282840367773967e-13
4.627250509731379629e-13
4.197319754387722094e-13
3.613282250936002740e-13
2.969541377123822344e-13
2.342219761608664679e-13
1.779898200471668281e-13
1.305685983463522764e-13
9.241578136513443809e-14
6.287342280448281596e-14
4.074950411667407175e-14
2.470469649267445612e-14
1.348295043671817320e-14
6.044980470055126172e-15
1.661025901362900039e-15
1.454295020765959688e-17
1.447641103964898754e-17
1.653470316340961744e-15
6.027739510181563137e-15
1.348257975724502390e-14
2.480292867082042515e-14
4.112717093179517005e-14
6.387946963017435473e-14
9.466736531353543309e-14
1.350818663703177599e-13
1.863244376762722134e-13
2.485900034193059099e-13
3.201948599428769085e-13
3.966035076415190833e-13
4.698094622652606291e-13
5.288923151243461120e-13
5.626925145922743319e-13
5.647222766195569763e-13
5.379730467697549195e-13
4.944339735880568337e-13
4.461331613838126559e-13
3.946862036241632986e-13
3.327612064111610542e-13
2.572849205716672406e-13
1.771643446864586564e-13
1.069967545092521384e-13
5.660254425639373121e-14
2.681567915946423217e-14
1.228162664972626345e-14
6.486164732388937855e-15
5.035241922611278494e-15
6.486164732388898412e-15
1.228162664972576962e-14
2.681567915946471496e-14
5.660254425639434967e-14
1.069967545092536277e-13
1.771643446864574195e-13
2.572849205716629492e-13
3.327612064111557025e-13
3.946862036241653181e-13
4.461331613838152813e-13
4.944339735880566318e-13
5.379730467697489620e-13
5.647222766195480906e-13
5.626925145922639315e-13
5.288923151243432847e-13
4.698094622652659807e-13
3.966035076415331692e-13
3.201948599428745861e-13
2.485900034192709729e-13
1.863244376762483330e-13
1.350818663703114490e-13
9.466736531353771763e-14
6.387946963017292847e-14
4.112717093179037378e-14
2.480292867082057661e-14
1.348257975724182743e-14
6.027739510182056175e-15
1.653470316339985923e-15
1.447641103982180662e-17
1.434310619151836764e-17
1.638285821749853633e-15
5.982437076225104904e-15
1.341870328134921514e-14
2.478316208402307840e-14
4.130886849632075405e-14
6.458631000772884352e-14
9.649843220051011262e-14
1.390635160494153712e-13
1.940962132997102146e-13
2.625831645266024830e-13
3.437043666599073894e-13
4.335815129568268218e-13
5.241758652810604121e-13
6.032984309883553277e-13
6.571529150761086624e-13
6.762271284326143491e-13
6.621432053587351819e-13
6.281511033928381288e-13
5.873519414350490537e-13
5.379709367032172801e-13
4.664426500835411975e-13
3.679757326743709085e-13
2.571755649068248039e-13
1.571727263340209508e-13
8.387092902062037289e-14
3.984069558019871871e-14
1.812390863181437155e-14
9.435134058077434745e-15
7.263332904514164927e-15
9.435134058077313260e-15
1.812390863181370575e-14
3.984069558019868085e-14
8.387092902062172342e-14
1.571727263340217081e-13
2.571755649068241476e-13
3.679757326743665161e-13
4.664426500835331196e-13
5.379709367032110197e-13
5.873519414350463274e-13
6.281511033928275265e-13
6.621432053587310419e-13
6.762271284326097043e-13
6.571529150760965455e-13
6.032984309883499761e-13
5.241758652810727309e-13
4.335815129568457040e-13
3.437043666598996144e-13
2.625831645265748161e-13
1.940962132996901713e-13
1.390635160494085555e-13
9.649843220050882520e-14
6.458631000772681141e-14
4.130886849631450627e-14
2.478316208402363376e-14
1.341870328134838999e-14
5.982437076225240588e-15
1.638285821748092501e-15
1.434310619181913935e-17
1.414137306818271502e-17
1.615281943478209349e-15
5.908192211330085615e-15
1.328864187944758376e-14
2.463857355142979075e-14
4.127902309388423061e-14
6.496117262059933427e-14
9.784458772344593716e-14
1.423949986081479760e-13
2.011016842625869013e-13
2.758807917384173999e-13
3.670333232717050679e-13
4.717428881578914339e-13
5.824503254953940390e-13
6.861426438071855786e-13
7.664800438532202725e-13
8.105539353049464580e-13
8.181931037293926052e-13
8.038614424809400446e-13
7.810012269164758029e-13
7.411957614550721587e-13
6.603964209492230809e-13
5.312309441291294175e-13
3.771675183455988291e-13
2.339307635136197008e-13
1.264787433205914943e-13
6.054300328368463881e-14
2.747350507854597661e-14
1.413296679596759978e-14
1.079436820445655594e-14
1.413296679596731579e-14
2.747350507854645624e-14
6.054300328368569904e-14
1.264787433205929332e-13
2.339307635136151064e-13
3.771675183455937299e-13
5.312309441291227532e-13
6.603964209492122767e-13
7.411957614550590320e-13
7.810012269164647967e-13
8.038614424809217683e-13
8.181931037293919994e-13
8.105539353049485785e-13
7.664800438532077517e-13
6.861426438071857806e-13
5.824503254953997946e-13
4.717428881579004206e-13
3.670333232717065320e-13
2.758807917384043237e-13
2.011016842625722600e-13
1.423949986081384340e-13
9.784458772344620221e-14
6.496117262059316223e-14
4.127902309388087953e-14
2.463857355142911549e-14
1.328864187944806812e-14
5.908192211329118471e-15
1.615281943477284804e-15
1.414137306845247156e-17
1.386994757715615975e-17
1.584313807223356742e-15
5.804293039648338961e-15
1.309009722049691054e-14
2.436301432037794628e-14
4.102301771617871140e-14
6.497216693722981492e-14
9.864092323504319023e-14
1.449522698550085380e-13
2.071186438058084175e-13
2.881136313442585002e-13
3.896255678945582180e-13
5.103650987433841841e-13
6.439248113364316269e-13
7.772110497808364949e-13
8.918369989444225716e-13
9.715055004014834948e-13
1.014105105434661651e-12
1.035410451065195558e-12
1.047864025572971856e-12
1.030855437868574499e-12
9.428971488039872281e-13
7.729264346195585743e-13
5.582085478522446968e-13
3.526116539046242342e-13
1.941618552845176707e-13
9.417233865811724422e-14
4.281691033147185682e-14
2.181804550570478690e-14
1.654221743110487670e-14
2.181804550570486263e-14
4.281691033147327046e-14
9.417233865811832970e-14
1.941618552845162823e-13
3.526116539046209021e-13
5.582085478522347003e-13
7.729264346195429233e-13
9.428971488039811696e-13
1.030855437868569248e-12
1.047864025572945400e-12
1.035410451065170315e-12
1.014105105434669123e-12
9.715055004014824851e-13
8.918369989444392323e-13
7.772110497808496216e-13
6.439248113364108262e-13
5.103650987433775198e-13
3.896255678945509984e-13
2.881136313442513310e-13
2.071186438057890052e-13
1.449522698550012426e-13
9.864092323504104453e-14
6.497216693722287295e-14
4.102301771617710213e-14
2.436301432037622656e-14
1.309009722049611537e-14
5.804293039647285832e-15
1.584313807223110223e-15
1.386994757733145943e-17
1.352801406317836004e-17
1.545287847731295894e-15
5.670221844119135558e-15
1.282122460165733648e-14
2.395119050807778273e-14
4.052759908759944603e-14
6.458913426909254375e-14
9.882366046627687402e-14
1.466086610876916471e-13
2.119103918083839523e-13
2.988681347637998802e-13
4.108165820988573550e-13
5.484989303949623480e-13
7.074852183358907005e-13
8.756946746734190072e-13
1.033772565785598361e-12
1.162763441318317558e-12
1.259195120596950052e-12
1.340789278827183315e-12
1.416865576251980135e-12
1.445303990203796131e-12
1.355690990628599042e-12
1.131940604551846335e-12
8.329512764997804637e-13
5.380667875137373493e-13
3.034556900697725710e-13
1.499829106860139932e-13
6.861423897381362759e-14
3.470989276367020845e-14
2.613775622486594298e-14
3.470989276367068177e-14
6.861423897381453636e-14
1.499829106860127562e-13
3.034556900697665630e-13
5.380667875137339162e-13
8.329512764997716790e-13
1.131940604551822909e-12
1.355690990628581472e-12
1.445303990203783610e-12
1.416865576251939342e-12
1.340789278827156658e-12
1.259195120596965602e-12
1.162763441318315135e-12
1.033772565785648848e-12
8.756946746734298114e-13
7.074852183358891859e-13
5.484989303949479087e-13
4.108165820988341309e-13
2.988681347637769591e-13
2.119103918083565378e-13
1.466086610876794544e-13
9.882366046627750511e-14
6.458913426908624549e-14
4.052759908759939554e-14
2.395119050807429597e-14
1.282122460165512451e-14
5.670221844117890736e-15
1.545287847731335732e-15
1.352801406325588719e-17
1.311525204464375424e-17
1.498167150670828151e-15
5.505678922610620146e-15
1.248070385197608429e-14
2.339884371509725464e-14
3.978129861830158722e-14
6.378456370847581439e-14
9.833201483345075615e-14
1.472383762310039450e-13
2.152315736600258042e-13
3.076943212128695819e-13
4.298388482860966712e-13
5.849552306402947199e-13
7.715389843729690874e-13
9.799825745670039706e-13
1.191798171271682901e-12
1.387284806463556859e-12
1.563692286631372188e-12
1.742756472801464117e-12
1.927863788087267127e-12
2.040078827543094955e-12
1.960766608269133935e-12
1.667142425632292831e-12
1.252435027617726764e-12
8.308773916476399965e-13
4.826587395950103575e-13
2.444175638155844565e-13
1.129290165837350624e-13
5.681641890191685841e-14
4.251278952914085592e-14
5.681641890191742008e-14
1.129290165837339896e-13
2.444175638155801147e-13
4.826587395950035923e-13
8.308773916476237397e-13
1.252435027617702732e-12
1.667142425632260115e-12
1.960766608269089507e-12
2.040078827543047700e-12
1.927863788087201291e-12
1.742756472801441297e-12
1.563692286631370977e-12
1.387284806463580083e-12
1.191798171271722685e-12
9.799825745670213382e-13
7.715389843729871617e-13
5.849552306402804825e-13
4.298388482860734471e-13
3.076943212128386333e-13
2.152315736599931138e-13
1.472383762309953370e-13
9.833201483344709584e-14
6.378456370847554934e-14
3.978129861830192170e-14
2.339884371509479339e-14
1.248070385197414842e-14
5.505678922609791053e-15
1.498167150670517734e-15
1.311525204464102096e-17
1.263187840808426336e-17
1.442976273706902074e-15
5.310604536909007817e-15
1.206780625293251926e-14
2.270292655391851718e-14
3.877485509992389230e-14
6.253454750849126538e-14
9.711023144366433937e-14
1.467205549021823202e-13
2.168356074052328513e-13
3.141175819954171570e-13
4.458357932753601314e-13
6.183072258588225240e-13
8.339622193232170614e-13
1.087451209364455030e-12
1.363851371866269947e-12
1.646329778425783234e-12
1.937632733019728137e-12
2.268799415255495585e-12
2.634780458597877315e-12
2.895538823810717972e-12
2.851140929021705322e-12
2.469054966040941596e-12
1.897601700544030877e-12
1.297848630158613119e-12
7.802910308885833534e-13
4.066612014829639314e-13
1.903078153028216081e-13
9.535655735257676681e-14
7.092419457085900920e-14
9.535655735257759984e-14
1.903078153028202954e-13
4.066612014829590341e-13
7.802910308885752754e-13
1.297848630158586260e-12
1.897601700543985641e-12
2.469054966040893128e-12
2.851140929021653623e-12
2.895538823810632346e-12
2.634780458597814711e-12
2.268799415255459234e-12
1.937632733019690171e-12
1.646329778425831500e-12
1.363851371866292565e-12
1.087451209364489159e-12
8.339622193232147390e-13
6.183072258588066711e-13
4.458357932753539719e-13
3.141175819953921154e-13
2.168356074052166954e-13
1.467205549021831280e-13
9.711023144364463678e-14
6.253454750849631409e-14
3.877485509992225778e-14
2.270292655391769046e-14
1.206780625293182506e-14
5.310604536908738816e-15
1.442976273706509024e-15
1.263187840798575435e-17
1.207868373136038483e-17
1.379805394859920266e-15
5.085198260265923626e-15
1.158245534485867569e-14
2.186176741291128794e-14
3.750162537048200702e-14
6.081974487643685573e-14
9.510973108262064878e-14
1.449437935475086753e-13
2.164835814146161109e-13
3.176545445107991283e-13
4.578856305470350999e-13
6.469137413674637222e-13
8.920822869297859722e-13
1.194286233006421296e-12
1.545687077937424356e-12
1.938044780843594839e-12
2.388600108797481220e-12
2.949391849564319442e-12
3.608021906854928631e-12
4.127271388360024727e-12
4.168496516906118357e-12
3.680629188039677769e-12
2.900168586399177038e-12
2.050227921938083781e-12
1.279184488152306001e-12
6.878576568923340380e-13
3.265810943465707793e-13
1.631242023079877097e-13
1.206486248428371576e-13
1.631242023079883155e-13
3.265810943465708803e-13
6.878576568923323214e-13
1.279184488152294894e-12
2.050227921938038949e-12
2.900168586399109991e-12
3.680629188039630917e-12
4.168496516906057772e-12
4.127271388359952833e-12
3.608021906854864815e-12
2.949391849564213621e-12
2.388600108797472738e-12
1.938044780843629574e-12
1.545687077937474641e-12
1.194286233006465321e-12
8.920822869297616374e-13
6.469137413674400943e-13
4.578856305470649882e-13
3.176545445107840831e-13
2.164835814146093457e-13
1.449437935475097103e-13
9.510973108260405115e-14
6.081974487643818102e-14
3.750162537048045454e-14
2.186176741290876674e-14
1.158245534485694019e-14
5.085198260265611237e-15
1.379805394859366880e-15
1.207868373119163331e-17
1.145706147129172155e-17
1.308813643661445627e-15
4.829935040672517976e-15
1.102527949154106586e-14
2.087521854550465985e-14
3.595796802337578389e-14
5.862631853555687853e-14
9.229128753422442326e-14
1.418109686385676869e-13
2.139543686509997585e-13
3.178327846455173040e-13
4.650357233568882713e-13
6.689677792574486851e-13
9.427127518084350253e-13
1.295386684981978511e-12
1.730296843803928908e-12
2.255632618230997328e-12
2.917766212248166146e-12
3.812613485336342947e-12
4.933093385016304052e-12
5.898015020277031247e-12
6.131821017339936149e-12
5.536642554221602672e-12
4.484290600058130050e-12
3.277449670624551963e-12
2.119362498671710502e-12
1.175053908702755871e-12
5.659843268017740092e-13
2.819765945458279013e-13
2.074787175226056206e-13
2.819765945458272955e-13
5.659843268017723936e-13
1.175053908702755467e-12
2.119362498671695558e-12
3.277449670624484513e-12
4.484290600058037153e-12
5.536642554221545318e-12
6.131821017339836790e-12
5.898015020276966623e-12
4.933093385016120683e-12
3.812613485336230663e-12
2.917766212248207747e-12
2.255632618231004194e-12
1.730296843803985252e-12
1.295386684982005370e-12
9.427127518083875674e-13
6.689677792574261678e-13
4.650357233569159382e-13
3.178327846455102359e-13
2.139543686509795889e-13
1.418109686385608207e-13
9.229128753421798616e-14
5.862631853555229683e-14
3.595796802337623828e-14
2.087521854550110367e-14
1.102527949153825594e-14
4.829935040672039138e-15
1.308813643660785744e-15
1.145706147107764750e-17
1.076902880416161788e-17
1.230231478320993581e-15
4.545577354276986577e-15
1.039765410583798219e-14
1.974478167822029848e-14
3.414358446375383734e-14
5.594680545235821769e-14
8.862714366527974826e-14
1.372441611111829957e-13
2.090555606574773573e-13
3.142137836126679893e-13
4.663471262982356199e-13
6.825729592774930364e-13
9.822555837272094093e-13
1.384408507056839261e-12
1.907524705574020597e-12
2.585372960682317065e-12
3.513898595744905584e-12
4.872139547543409311e-12
6.697932261884395073e-12
8.423273736682630899e-12
9.079464051948000733e-12
8.440644484571764107e-12
7.058796691462665147e-12
5.316763480762925365e-12
3.534316084709931499e-12
2.008250776097459953e-12
9.789154172334081838e-13
4.865822052860060103e-13
3.564271520579323138e-13
4.865822052860065151e-13
9.789154172334023273e-13
2.008250776097449451e-12
3.534316084709900803e-12
5.316763480762827622e-12
7.058796691462493087e-12
8.440644484571584777e-12
9.079464051947926416e-12
8.423273736682508114e-12
6.697932261884246439e-12
4.872139547543458586e-12
3.513898595744855905e-12
2.585372960682321912e-12
1.907524705574004037e-12
1.384408507056813209e-12
9.822555837271522579e-13
6.825729592774738513e-13
4.663471262982237049e-13
3.142137836126730380e-13
2.090555606574589548e-13
1.372441611111602008e-13
8.862714366527525490e-14
5.594680545235315005e-14
3.414358446375251836e-14
1.974478167821761319e-14
1.039765410583601635e-14
4.545577354275899527e-15
1.230231478320975635e-15
1.076902880386369347e-17
1.001723809140449733e-17
1.144361990125069122e-15
4.233182879204321132e-15
9.701731631156211022e-15
1.847370549762474080e-14
3.206180194406607793e-14
5.278088098857193230e-14
8.410296558953096894e-14
1.311894398216786808e-13
2.016346959577916076e-13
3.064180899729392679e-13
4.609478057940321522e-13
6.858473041372648080e-13
1.006879640276357853e-12
1.453998753593269501e-12
2.064094643242486725e-12
2.905106935028714896e-12
4.145888315481075778e-12
6.105401631236625512e-12
8.954238563443553777e-12
1.194397406979278049e-11
1.350858581347918424e-11
1.310584747621911730e-11
1.143296262569220122e-11
8.811454157235081392e-12
5.905680254619620834e-12
3.387648718397056287e-12
1.660590888831575198e-12
8.235506158580716799e-13
6.012732619181002362e-13
8.235506158580719828e-13
1.660590888831567726e-12
3.387648718397038919e-12
5.905680254619573174e-12
8.811454157234916602e-12
1.143296262569176824e-11
1.310584747621862616e-11
1.350858581347905500e-11
1.194397406979248968e-11
8.954238563443750879e-12
6.105401631236741026e-12
4.145888315480915835e-12
2.905106935028711665e-12
2.064094643242447951e-12
1.453998753593190943e-12
1.006879640276350987e-12
6.858473041372430986e-13
4.609478057940059999e-13
3.064180899729483556e-13
2.016346959577797684e-13
1.311894398216564917e-13
8.410296558953008542e-14
5.278088098856760303e-14
3.206180194406183071e-14
1.847370549762293273e-14
9.701731631154016411e-15
4.233182879201881974e-15
1.144361990125311500e-15
1.001723809104753623e-17
9.204978206431030553e-18
1.051581046864024706e-15
3.894107174839081250e-15
8.940457698339331587e-15
1.706704974786817555e-14
2.971978429135266722e-14
4.913597590163294336e-14
7.871953022418128207e-14
1.236212355815422952e-13
1.915901417774579530e-13
2.941512550093591681e-13
4.480917171465481416e-13
6.770502019188487345e-13
1.012774252842508599e-12
1.496250732721716504e-12
2.184249608534375263e-12
3.184130610302696519e-12
4.756229262138581646e-12
7.422005585822760520e-12
1.163201372741733635e-11
1.659999990468507293e-11
2.002095281269359362e-11
2.073250274004747387e-11
1.924744278452471274e-11
1.502118227294878122e-11
9.814016838079508289e-12
5.517975865301247867e-12
2.686626716724541397e-12
1.329132206665917432e-12
9.692435597496794483e-13
1.329132206665919855e-12
2.686626716724541801e-12
5.517975865301229287e-12
9.814016838079437204e-12
1.502118227294858089e-11
1.924744278452434439e-11
2.073250274004689549e-11
2.002095281269307663e-11
1.659999990468471104e-11
1.163201372741757222e-11
7.422005585822750827e-12
4.756229262138474209e-12
3.184130610302730043e-12
2.184249608534352645e-12
1.496250732721606846e-12
1.012774252842579482e-12
6.770502019188464121e-13
4.480917171465399122e-13
2.941512550093423055e-13
1.915901417774559588e-13
1.236212355815305569e-13
7.871953022418312485e-14
4.913597590162547758e-14
2.971978429134983364e-14
1.706704974786531987e-14
8.940457698337031269e-15
3.894107174837227427e-15
1.051581046863844451e-15
9.204978206132630049e-18
8.336164944237575538e-18
9.523361933961009292e-16
3.530001052086397445e-15
8.117571971936941778e-15
1.553171195589354249e-14
2.712865664670350247e-14
4.502771033260050728e-14
7.249403974446487439e-14
1.145460338982123270e-13
1.788808992264837956e-13
2.772288020023882136e-13
4.272196478395483010e-13
6.547243748677884898e-13
9.964639691312572035e-13
1.503371877310065395e-12
2.251103214480310177e-12
3.385457726111831611e-12
5.260302080799574612e-12
8.633159387248857374e-12
1.439856663092429883e-11
2.209398707661768091e-11
2.889808661253802786e-11
3.284526506586995788e-11
3.284061661053802284e-11
2.552243165607019957e-11
1.576023219819592296e-11
8.305185053228877757e-12
3.939671551738702951e-12
1.943835372590953274e-12
1.420750144710955127e-12
1.943835372590958929e-12
3.939671551738706990e-12
8.305185053228824443e-12
1.576023219819582280e-11
2.552243165607001216e-11
3.284061661053819086e-11
3.284526506586988033e-11
2.889808661253712313e-11
2.209398707661750320e-11
1.439856663092444746e-11
8.633159387248805676e-12
5.260302080799572996e-12
3.385457726111808993e-12
2.251103214480205972e-12
1.503371877310043787e-12
9.964639691312931503e-13
6.547243748677823304e-13
4.272196478395477456e-13
2.772288020023748850e-13
1.788808992264894502e-13
1.145460338982061423e-13
7.249403974446554334e-14
4.502771033259489060e-14
2.712865664669823919e-14
1.553171195589258955e-14
8.117571971936482661e-15
3.530001052086472386e-15
9.523361933956560116e-16
8.336164944083608995e-18
7.415320241717406417e-18
8.471442681734937614e-16
3.142802388759953328e-15
7.237592790769359103e-15
1.387641334206677967e-14
2.430353405470190837e-14
4.048011147618830014e-14
6.546097076730164749e-14
1.040051112441707957e-13
1.635346043364657762e-13
2.555982244260090803e-13
3.980168994459006490e-13
6.178406344914677607e-13
9.551579048086716537e-13
1.468506220774504161e-12
2.248625898242823959e-12
3.470854904450737677e-12
5.557175504459370448e-12
9.450920332633152483e-12
1.651804589306033386e-11
2.709102248665202156e-11
3.882971486803190255e-11
4.955390798322455109e-11
4.984315658341117624e-11
3.637119492006734455e-11
2.159754139589767296e-11
1.037583364520207569e-11
4.711972358393973905e-12
2.320650999127780841e-12
1.707129528582539777e-12
2.320650999127756607e-12
4.711972358393895549e-12
1.037583364520188343e-11
2.159754139589735307e-11
3.637119492006710544e-11
4.984315658341142828e-11
4.955390798322437014e-11
3.882971486803110768e-11
2.709102248665229945e-11
1.651804589306049541e-11
9.450920332633265574e-12
5.557175504459448804e-12
3.470854904450484030e-12
2.248625898242664420e-12
1.468506220774589181e-12
9.551579048086884154e-13
6.178406344913950593e-13
3.980168994458646012e-13
2.555982244260256905e-13
1.635346043364621664e-13
1.040051112441772076e-13
6.546097076729745706e-14
4.048011147618374999e-14
2.430353405469592881e-14
1.387641334206692166e-14
7.237592790769860819e-15
3.142802388760046019e-15
8.471442681731377879e-16
7.415320241739773397e-18
6.447540244910739143e-18
7.365877486801051638e-16
2.734722225205257650e-15
6.305785296575656885e-15
1.211164152214884709e-14
2.126344701035172012e-14
3.552558904255963282e-14
5.767238071323986205e-14
9.207607382996461389e-14
1.456530215919568768e-13
2.293560087249801920e-13
3.604622551635008915e-13
5.659307786153181114e-13
8.870952564376976152e-13
1.386609948523298083e-12
2.163962149499308574e-12
3.407956393572892966e-12
5.554046327040031809e-12
9.555932144654472605e-12
1.690045106935309702e-11
2.871718992562227034e-11
4.474868651272396525e-11
6.458445568119388881e-11
5.459997616664527626e-11
2.928016470592900707e-11
1.750980059101268013e-11
7.964579163363541721e-12
3.430360534890259550e-12
1.696697596621760913e-12
1.261746056629940954e-12
1.696697596621621165e-12
3.430360534889915833e-12
7.964579163363040889e-12
1.750980059101190465e-11
2.928016470592859995e-11
5.459997616664506300e-11
6.458445568119330720e-11
4.474868651272380369e-11
2.871718992562305552e-11
1.690045106935308733e-11
9.555932144654634163e-12
5.554046327040037464e-12
3.407956393572636895e-12
2.163962149499265761e-12
1.386609948523332011e-12
8.870952564377683981e-13
5.659307786152484392e-13
3.604622551634102672e-13
2.293560087249888253e-13
1.456530215919564224e-13
9.207607382997541813e-14
5.767238071323496480e-14
3.552558904255127089e-14
2.126344701034919576e-14
1.211164152214534297e-14
6.305785296575690806e-15
2.734722225204852176e-15
7.365877486798702805e-16
6.447540245110926464e-18
5.438452201879959134e-18
6.213098209546981687e-16
2.308225335347518562e-15
5.328112760362833429e-15
1.024955000094252102e-14
1.803115889118426118e-14
3.020465526706926467e-14
4.919761016618729079e-14
7.887301909997089265e-14
1.254144118454659666e-13
1.987578742104360755e-13
3.148626927854708262e-13
4.991930745611252244e-13
7.918422151917592601e-13
1.255249722915890750e-12
1.989610892007038716e-12
3.177495045607134281e-12
5.198039864839216138e-12
8.743353608706771414e-12
1.459490117320426623e-11
2.340080790295430376e-11
3.749957131323133012e-11
6.034587783291886304e-11
2.545104438379596022e-11
-1.325206734462188065e-11
-6.879476864241185595e-12
-2.471600722879308944e-12
-1.311243052215900658e-12
-6.073964549006735315e-13
-4.289368074975644244e-13
-6.073964549008403409e-13
-1.311243052216282745e-12
-2.471600722879436575e-12
-6.879476864240992533e-12
-1.325206734462147191e-11
2.545104438379663876e-11
6.034587783291954805e-11
3.749957131323223485e-11
2.340080790295505985e-11
1.459490117320466043e-11
8.743353608706726177e-12
5.198039864839167670e-12
3.177495045607109239e-12
1.989610892007140094e-12
1.255249722915829762e-12
7.918422151917554231e-13
4.991930745611261331e-13
3.148626927853891380e-13
1.987578742103986393e-13
1.254144118454808351e-13
7.887301909997476754e-14
4.919761016618439409e-14
3.020465526706600826e-14
1.803115889117992245e-14
1.024955000094072873e-14
5.328112760361831575e-15
2.308225335347022368e-15
6.213098209545230416e-16
5.438452202230324310e-18
4.394160837363313440e-18
5.020082447775521376e-16
1.866005460327689026e-15
4.311171783615489824e-15
8.303815014863249597e-15
1.463287624770889345e-14
2.456538321172516251e-14
4.012235545994322002e-14
6.454519475254881182e-14
1.030723542788787149e-13
1.642207329218797423e-13
2.618691796191352742e-13
4.185555628763411767e-13
6.704970694997300164e-13
1.075189706179616763e-12
1.724983552406079597e-12
2.778036120969725972e-12
4.500099853758611056e-12
7.081926760514247972e-12
9.671428161500798806e-12
1.018472976868642587e-11
1.191208855520266187e-11
2.303153244922875214e-11
-3.810914616577296228e-11
-7.777514865949019579e-11
-4.359113352760354682e-11
-1.821471453675382395e-11
-8.559890394010249899e-12
-4.134035961801335421e-12
-3.017733872148156021e-12
-4.134035961801198096e-12
-8.559890394010015639e-12
-1.821471453675293215e-11
-4.359113352760151765e-11
-7.777514865948724896e-11
-3.810914616576788287e-11
2.303153244923440023e-11
1.191208855520754741e-11
1.018472976868788636e-11
9.671428161501399805e-12
7.081926760514235047e-12
4.500099853758779077e-12
2.778036120969796250e-12
1.724983552406104234e-12
1.075189706179595962e-12
6.704970694995941051e-13
4.185555628763724787e-13
2.618691796191202291e-13
1.642207329218192587e-13
1.030723542788964106e-13
6.454519475254815549e-14
4.012235545994303701e-14
2.456538321172461031e-14
1.463287624770743248e-14
8.303815014865518361e-15
4.311171783614137716e-15
1.866005460327018100e-15
5.020082447772275213e-16
4.394160837821022247e-18
3.321185190986849851e-18
3.794281362670914849e-16
1.410955504358694517e-15
3.262112682241610957e-15
6.289451678901774833e-15
1.109785743574614538e-14
1.866260880322759281e-14
3.054711716191808826e-14
4.927411599912465312e-14
7.895081820292594664e-14
1.263154497755665832e-13
2.024702439506171822e-13
3.256858054518890517e-13
5.257682618126593560e-13
8.506618469239162304e-13
1.377001466261487438e-12
2.226298828520725492e-12
3.534156027537827768e-12
4.955787181147144472e-12
3.779197535783675843e-12
-5.859461276925391804e-12
-2.133609405078505875e-11
-2.919421847832914136e-11
-1.009531207045970881e-10
-1.267502963684329056e-10
-7.022639162594400023e-11
-3.052808733370401799e-11
-1.462907571271453023e-11
-7.095482265058859867e-12
-5.173213116295203712e-12
-7.095482265058510900e-12
-1.462907571271382261e-11
-3.052808733370388874e-11
-7.022639162594427165e-11
-1.267502963684296228e-10
-1.009531207045910264e-10
-2.919421847832305382e-11
-2.133609405077893245e-11
-5.859461276923375551e-12
3.779197535783688767e-12
4.955787181147451433e-12
3.534156027537940051e-12
2.226298828520721857e-12
1.377001466261399792e-12
8.506618469239968078e-13
5.257682618125301091e-13
3.256858054519040969e-13
2.024702439506169803e-13
1.263154497755306364e-13
7.895081820293913639e-14
4.927411599912332152e-14
3.054711716191830283e-14
1.866260880322511894e-14
1.109785743574647039e-14
6.289451678903452740e-15
3.262112682241289496e-15
1.410955504358325922e-15
3.794281362664257356e-16
3.321185191470701231e-18
2.226386765778223701e-18
2.543537485273205379e-16
9.461334215036825096e-16
2.188546221898345179e-15
4.222594215060404539e-15
7.457926985619526222e-15
1.255689845325792342e-14
2.058505611922816347e-14
3.326920844118922081e-14
5.343551375285946828e-14
8.575023805955474047e-14
1.379618494173040755e-13
2.229410870170031404e-13
3.619039417834067778e-13
5.892644609513653279e-13
9.596486308388975695e-13
1.553071046867564930e-12
2.406322097263160044e-12
2.893766429634424435e-12
-5.217009176100691972e-13
-1.541807376470734692e-11
-3.963574624892514026e-11
-5.689236140894737654e-11
-1.183684291210462166e-10
-1.290533659155330470e-10
-7.024914754662186911e-11
-3.139157579132838717e-11
-1.545188817947733243e-11
-7.508443289978656543e-12
-5.456257936590179720e-12
-7.508443289978514371e-12
-1.545188817947695761e-11
-3.139157579132997690e-11
-7.024914754662612133e-11
-1.290533659155330987e-10
-1.183684291210473799e-10
-5.689236140895058186e-11
-3.963574624892676231e-11
-1.541807376470782513e-11
-5.217009176099884178e-13
2.893766429634889724e-12
2.406322097263092997e-12
1.553071046867447396e-12
9.596486308388070966e-13
5.892644609514380293e-13
3.619039417834142499e-13
2.229410870170121776e-13
1.379618494172160007e-13
8.575023805953876130e-14
5.343551375287224782e-14
3.326920844119358794e-14
2.058505611922339875e-14
1.255689845325589763e-14
7.457926985618825714e-15
4.222594215059453961e-15
2.188546221898656385e-15
9.461334215039775436e-16
2.543537485263810045e-16
2.226386766167777313e-18
1.396576610092952094e-18
1.595522778145574807e-16
5.936133809463359607e-16
1.373571391185078028e-15
2.651429753247004951e-15
4.685890959011485429e-15
7.896022710934741373e-15
1.295756564161942459e-14
2.096872914763084993e-14
3.373310168691734646e-14
5.424119245339265970e-14
8.748508344248037098e-14
1.418137012778066826e-13
2.311234746330993191e-13
3.783026501594925073e-13
6.205623272548289816e-13
1.013355642419734586e-12
1.570977460813456265e-12
1.723344447459939930e-12
-1.711192548207817843e-12
-1.566579336016157046e-11
-3.838219135750197323e-11
-5.552209048795753714e-11
-1.014762839862230179e-10
-1.045360878544241855e-10
-5.591331284476426520e-11
-2.550677802946238875e-11
-1.291948618903826527e-11
-6.274881328390475172e-12
-4.537129497892480507e-12
-6.274881328390624614e-12
-1.291948618903847530e-11
-2.550677802946435330e-11
-5.591331284476893102e-11
-1.045360878544271840e-10
-1.014762839862291959e-10
-5.552209048796370222e-11
-3.838219135750862298e-11
-1.566579336016485980e-11
-1.711192548207423639e-12
1.723344447460334133e-12
1.570977460813622267e-12
1.013355642419491037e-12
6.205623272546757028e-13
3.783026501595930776e-13
2.311234746331501596e-13
1.418137012778737294e-13
8.748508344228140133e-14
5.424119245339409228e-14
3.373310168693728886e-14
2.096872914763704091e-14
1.295756564161795257e-14
7.896022710926360515e-15
4.685890959016736876e-15
2.651429753243754055e-15
1.373571391185875369e-15
5.936133809474649192e-16
1.595522778132600017e-16
1.396576610355244878e-18
0.000000000000000000e+00
0.000000000000000000e+00
0.000000000000000000e+00
0.000000000000000000e+00
0.000000000000000000e+00
0.000000000000000000e+00
0.000000000000000000e+00
0.000000000000000000e+00
0.000000000000000000e+00
0.000000000000000000e+00
0.000000000000000000e+00
0.000000000000000000e+00
0.000000000000000000e+00
0.000000000000000000e+00
0.000000000000000000e+00
0.000000000000000000e+00
0.000000000000000000e+00
0.000000000000000000e+00
0.000000000000000000e+00
0.000000000000000000e+00
0.000000000000000000e+00
0.000000000000000000e+00
0.000000000000000000e+00
0.000000000000000000e+00
0.000000000000000000e+00
0.000000000000000000e+00
0.000000000000000000e+00
0.000000000000000000e+00
0.000000000000000000e+00
0.000000000000000000e+00
0.000000000000000000e+00
0.000000000000000000e+00
0.000000000000000000e+00
0.000000000000000000e+00
0.000000000000000000e+00
0.000000000000000000e+00
0.000000000000000000e+00
0.000000000000000000e+00
0.000000000000000000e+00
0.000000000000000000e+00
0.000000000000000000e+00
0.000000000000000000e+00
0.000000000000000000e+00
0.000000000000000000e+00
0.000000000000000000e+00
0.000000000000000000e+00
0.000000000000000000e+00
0.000000000000000000e+00
0.000000000000000000e+00
0.000000000000000000e+00
0.000000000000000000e+00
0.000000000000000000e+00
0.000000000000000000e+00
0.000000000000000000e+00
0.000000000000000000e+00
0.000000000000000000e+00
0.000000000000000000e+00
0.000000000000000000e+00
0.000000000000000000e+00
