0.000000000000000000e+00
0.000000000000000000e+00
0.000000000000000000e+00
0.000000000000000000e+00
0.000000000000000000e+00
0.000000000000000000e+00
0.000000000000000000e+00
0.000000000000000000e+00
0.000000000000000000e+00
0.000000000000000000e+00
0.000000000000000000e+00
0.000000000000000000e+00
0.000000000000000000e+00
0.000000000000000000e+00
0.000000000000000000e+00
0.000000000000000000e+00
0.000000000000000000e+00
0.000000000000000000e+00
0.000000000000000000e+00
0.000000000000000000e+00
0.000000000000000000e+00
0.000000000000000000e+00
0.000000000000000000e+00
0.000000000000000000e+00
0.000000000000000000e+00
0.000000000000000000e+00
0.000000000000000000e+00
0.000000000000000000e+00
0.000000000000000000e+00
0.000000000000000000e+00
0.000000000000000000e+00
0.000000000000000000e+00
0.000000000000000000e+00
0.000000000000000000e+00
0.000000000000000000e+00
0.000000000000000000e+00
0.000000000000000000e+00
0.000000000000000000e+00
0.000000000000000000e+00
0.000000000000000000e+00
0.000000000000000000e+00
0.000000000000000000e+00
0.000000000000000000e+00
0.000000000000000000e+00
0.000000000000000000e+00
0.000000000000000000e+00
0.000000000000000000e+00
0.000000000000000000e+00
0.000000000000000000e+00
0.000000000000000000e+00
0.000000000000000000e+00
0.000000000000000000e+00
0.000000000000000000e+00
0.000000000000000000e+00
0.000000000000000000e+00
0.000000000000000000e+00
0.000000000000000000e+00
0.000000000000000000e+00
0.000000000000000000e+00
5.629043702936339605e-17
9.059830399524790451e-16
2.606522250664036278e-15
4.906759871936517942e-15
7.531017978183359259e-15
1.018814927034810759e-14
1.259507780695648543e-14
1.450755474981099481e-14
1.574934448989597333e-14
1.623192596545167040e-14
1.595975078378426013e-14
1.502013574421936408e-14
1.356077994042931018e-14
1.176068630871621534e-14
9.801281170416100039e-15
7.843531804665012134e-15
6.014223109999487603e-15
4.401299577033019218e-15
3.055661636271623406e-15
1.995998652888995140e-15
1.214173836118593982e-15
6.804626442999296635e-16
3.493655720125839029e-16
1.669287461513037255e-16
7.947982787242440678e-17
4.216981818731029114e-17
2.479827077840236069e-17
1.288496946062440453e-17
3.795986624552162205e-18
8.368930266138899516e-21
3.011561554848835200e-18
1.101570575163281780e-17
2.164985937386159231e-17
3.821515262765702071e-17
7.620266643383851082e-17
1.666505559276703540e-16
3.544813263199259631e-16
6.922747232836580160e-16
1.231691986111622102e-15
2.015100416591568558e-15
3.068894410131528803e-15
4.398423986191375073e-15
5.983428436281667605e-15
7.773141388730806890e-15
9.681701037289165616e-15
1.158630116648673177e-14
1.333145729803609566e-14
1.474199760941351087e-14
1.564496657000701506e-14
1.589747941902300822e-14
1.541496753538792407e-14
1.419320308430844568e-14
1.231838471066010179e-14
9.962243055229380422e-15
7.362971476402998923e-15
4.796794842881605849e-15
2.547932077077719592e-15
8.855759196813726021e-16
5.502024728104646971e-17
8.985666388743056831e-17
1.446221866136249728e-15
4.160700336007448624e-15
7.832157151099121052e-15
1.202018259023972767e-14
1.625959450094294633e-14
2.009810954860175232e-14
2.314558502759570577e-14
2.512077181976019992e-14
2.588287727032989564e-14
2.543995345572551194e-14
2.393260418355418447e-14
2.159781340134199753e-14
1.872221177937227562e-14
1.559573965883815436e-14
1.247504868868920277e-14
9.561703794852292947e-15
6.994981956320938478e-15
4.855009914148684182e-15
3.170702986733678708e-15
1.928492742836155527e-15
1.080721273043897806e-15
5.548695041707436696e-16
2.651360488963526568e-16
1.262504947603514428e-16
6.698814147433768841e-17
3.939227101168541183e-17
2.046777765376454811e-17
6.030616990577557501e-18
1.337827742168922623e-20
4.779815548007810494e-18
1.748521574339968363e-17
3.436272420074332693e-17
6.065440910165772849e-17
1.209592208264491804e-16
2.645610494400915383e-16
5.627953258583788266e-16
1.099188844837356041e-15
1.955893050633914187e-15
3.200446213931534901e-15
4.875216684177562977e-15
6.989353745616358307e-15
9.511459985895152166e-15
1.236163850042675375e-14
1.540393612283891861e-14
1.844311939289404975e-14
2.123125377995267123e-14
2.348834174008312529e-14
2.493737057491618182e-14
2.534902175825346190e-14
2.458707835041560650e-14
2.264386125650861294e-14
1.965647842233935257e-14
1.589900769782183749e-14
1.175193738228111624e-14
7.656617836599238539e-15
4.067169118805834531e-15
1.413644221340034530e-15
8.782896179919362628e-17
1.343138052606345525e-16
2.161743915942540066e-15
6.219011411246182306e-15
1.170602090898373247e-14
1.796371049448316839e-14
2.429581583188818157e-14
3.002538511981296134e-14
3.456870648829510340e-14
3.750555138440555975e-14
3.862660247284352458e-14
3.794597859590580245e-14
3.567653052487276762e-14
3.217515233459449176e-14
2.787223374640275859e-14
2.320188242007411211e-14
1.854706377537892439e-14
1.420725810721854901e-14
1.038821203963348780e-14
7.207221498734488944e-15
4.705488776011215640e-15
2.861457827608188086e-15
1.603434824838809708e-15
8.232723695641719334e-16
3.934393773759503931e-16
1.873752305007180908e-16
9.942571324829181359e-17
5.846175525332214164e-17
3.037376151014631705e-17
8.950537168920314731e-18
2.004949041082148193e-20
7.083597935885706656e-18
2.591769981653232240e-17
5.093411429759499094e-17
8.991036541939351120e-17
1.793324789229856541e-16
3.922918520742902976e-16
8.345938074705965152e-16
1.630192863918478253e-15
2.901184049711472152e-15
4.748309754438784715e-15
7.235413847498342073e-15
1.037751136340831361e-14
1.412974883634531777e-14
1.837521095527157767e-14
2.291312036341280496e-14
2.745341987301608694e-14
3.162609838374080878e-14
3.501181961649087956e-14
3.719449096719076659e-14
3.782863085803197365e-14
3.670794363635188434e-14
3.381890125421762464e-14
2.936536233778581017e-14
2.375688017569530394e-14
1.756276227139112724e-14
1.144362615123361126e-14
6.079196253385797062e-15
2.113044258566644999e-15
1.312826623080739374e-16
1.782097588323221071e-16
2.868230150773380732e-15
8.251102275517790049e-15
1.552972762416269243e-14
2.382830407578919650e-14
3.222135771498909464e-14
3.980909635659633164e-14
4.581607550308972560e-14
4.968503889553800811e-14
5.114028752532736922e-14
5.020426833560763659e-14
4.716416739048713763e-14
4.249824138665630088e-14
3.678098466862551706e-14
3.058963638156342576e-14
2.443112141893903871e-14
1.869956734883439406e-14
1.366362499489756802e-14
9.474531912687239885e-15
6.183377270965708142e-15
3.759306401819784371e-15
2.106393601446693236e-15
1.081602127844073985e-15
5.170089389178577554e-16
2.462885517057692879e-16
1.306939882822084477e-16
7.683295459642178670e-17
3.991201869521121700e-17
1.176320818991632147e-17
2.672413321761248314e-20
9.289907467920130390e-18
3.400099909898978705e-17
6.682376593414784062e-17
1.179783913853979804e-16
2.353756819652175146e-16
5.149746380830296586e-16
1.095696965528049872e-15
2.140408369816527818e-15
3.809850105769568673e-15
6.237300314589697415e-15
9.508366490332497935e-15
1.364533873753789767e-14
1.859239117410693269e-14
2.419886307594774456e-14
3.020270615159573975e-14
3.622222984034902217e-14
4.176756705288571880e-14
4.628091655171904160e-14
4.920660875500692473e-14
5.008144257965391910e-14
4.862691981933509059e-14
4.482143273635866479e-14
3.893352323184690899e-14
3.150636180187043488e-14
2.329632913871625568e-14
1.518155975279908021e-14
8.065574482143185798e-15
2.803606564175171023e-15
1.741875421903650690e-16
2.213644059878057411e-16
3.562784577365485259e-15
1.024860353871781652e-14
1.928737622002909135e-14
2.958918898434935708e-14
4.000195658705421304e-14
4.940558372209110081e-14
5.683540026423828349e-14
6.159969198698865694e-14
6.335907123046215818e-14
6.214702330991568660e-14
5.832744967143368454e-14
5.250149127415310817e-14
4.538789189182102750e-14
3.770551284242336601e-14
3.008219163416194921e-14
2.300262594392623050e-14
1.679400709730005556e-14
1.163761892243112984e-14
7.591583867728073775e-15
4.614233270866205800e-15
2.585246265419247064e-15
1.327655463131834189e-15
6.348136476763986552e-16
3.025087477881891189e-16
1.605371860014592697e-16
9.435253763045806347e-17
4.900181450776118698e-17
1.444530820646140377e-17
3.344499267814292941e-20
1.137639645002624865e-17
4.165586343195417302e-17
8.187825824111505400e-17
1.445956116885275545e-16
2.885828011500061472e-16
6.315213700752057631e-16
1.343792420911583058e-15
2.625302201053356777e-15
4.673814258171017447e-15
7.654263865244096393e-15
1.167429352135128952e-14
1.676510335480834742e-14
2.286285532258219119e-14
2.978710333337667906e-14
3.721888845025535851e-14
4.468887908659857840e-14
5.159024053216272550e-14
5.722801493917355808e-14
6.090661548629817680e-14
6.204345877495711400e-14
6.028540752110832553e-14
5.560009323908075616e-14
4.831813845140135316e-14
3.911387865601015839e-14
2.892837805630603700e-14
1.885485434860374923e-14
1.001811394028398981e-14
3.482497769196014752e-15
2.163674013828436864e-16
2.636033364276118106e-16
4.242606403012810849e-15
1.220344948671056206e-14
2.296373402810091418e-14
3.522284445030575404e-14
4.760549146020690810e-14
5.877460737632335167e-14
6.757952725549614771e-14
7.319724820345255061e-14
7.522781066988124472e-14
7.371865187109532248e-14
6.911272466051062037e-14
6.213529059538990619e-14
5.364900759763074707e-14
4.451225267023079326e-14
3.547010269282056088e-14
2.709317151195967223e-14
1.976236023994123645e-14
1.368478437642782156e-14
8.922588277359279456e-15
5.421767647096809022e-15
3.037560166216180516e-15
1.560226456869864969e-15
7.462981627311644999e-16
3.557780549501135111e-16
1.888176151158631714e-16
1.109371152454816422e-16
5.759910841745454097e-17
1.698438130788290064e-17
4.029097274916749850e-20
1.332955791002342574e-17
4.883551098473551480e-17
9.600886046694542072e-17
1.696156575904500528e-16
3.386834691248629844e-16
7.413586816380149639e-16
1.577646384938801520e-15
3.082394673413938674e-15
5.488524989978637036e-15
8.991548629961726234e-15
1.372130099676618438e-14
1.971954524117947642e-14
2.691756874453512300e-14
3.510944277415560478e-14
4.392414556382407782e-14
5.280928312894165704e-14
6.104455986846601156e-14
6.779973994008024130e-14
7.223941942922469688e-14
7.366021457977757381e-14
7.163192734329114355e-14
6.610853300381750703e-14
5.747971469248363478e-14
4.654793969781734461e-14
3.443586663546390683e-14
2.244859457765783308e-14
1.192891958121057634e-14
4.146976939616823386e-15
2.576515823789256449e-16
3.047589809253922001e-16
4.905008784205372349e-15
1.410793700947817638e-14
2.654436430939325365e-14
4.070723909616421054e-14
5.500238406826905679e-14
6.787998701266517382e-14
7.800741338028353139e-14
8.443412892884330216e-14
8.670300303028109600e-14
8.487825437754316119e-14
7.948377352702668854e-14
7.136945268653210319e-14
6.154068857437713316e-14
5.099249734378223530e-14
4.058296102248842946e-14
3.096365859053270888e-14
2.256431334724110592e-14
1.561377366582557195e-14
1.017540592669262271e-14
6.181589598951792004e-15
3.463298336741864038e-15
1.779358237560712813e-15
8.515040985818038931e-16
4.061194645696057515e-16
2.155449348145112618e-16
1.265901340349288455e-16
6.570530160355134251e-17
1.938142460222578411e-17
4.738675571769408548e-20
1.514676578785438064e-17
5.553319216539668860e-17
1.092068041098395303e-16
1.930368993236603832e-16
3.857015495351521773e-16
8.445567901864063010e-16
1.797372211393225638e-15
3.511764829772077586e-15
6.253812180255547695e-15
1.024832419879487542e-14
1.564725155817607876e-14
2.250433266885570016e-14
3.074892216626377008e-14
4.015382518108348508e-14
5.030089797877415761e-14
6.055959071408190937e-14
7.010022720257115257e-14
7.795992908218079970e-14
8.316437950049252013e-14
8.488865647674202398e-14
8.262348904400193125e-14
7.630636157610789343e-14
6.638271036734211284e-14
5.377952575940777610e-14
3.979719923466578333e-14
2.594863798674072326e-14
1.379044848832613829e-14
4.794413817097594403e-15
2.978760723843085072e-16
3.446715634741722229e-16
5.547434473162170515e-15
1.595477407232420942e-14
3.001572932805899043e-14
4.602201858581551592e-14
6.216591435393572848e-14
7.669010629004045668e-14
8.808489978127246423e-14
9.527657711159628042e-14
9.775438032973010724e-14
9.560174030800391845e-14
8.942445685799964575e-14
8.019631137344389050e-14
6.906297591712685999e-14
5.715222359370071707e-14
4.543039765788200592e-14
3.462511312821114837e-14
2.521045809551648714e-14
1.743355353597082233e-14
1.135684325409779040e-14
6.898347262137837771e-15
3.865305434116814723e-15
1.986604769290268062e-15
9.511988130006998492e-16
4.538978722140961281e-16
2.409074217796492727e-16
1.414195256558801327e-16
7.337620976754104527e-17
2.165352078711802707e-17
5.491303203115719627e-20
1.683833522374354373e-17
6.178990408609471306e-17
1.215591456242669541e-16
2.150323739469394277e-16
4.300175106546610603e-16
9.419650668703372416e-16
2.004707484541021249e-15
3.916561892127656803e-15
6.974739382506037867e-15
1.143187784911881031e-14
1.746158281556000163e-14
2.513042981390980215e-14
3.436813940106663785e-14
4.492986696934277896e-14
5.635491399310733708e-14
6.793951662558885925e-14
7.874924488279750506e-14
8.769222026909800623e-14
9.365737089923027867e-14
9.569869536334560961e-14
9.322669822364009646e-14
8.615990004618383140e-14
7.499602591078626073e-14
6.078239629120383020e-14
4.499240952077827226e-14
2.934171538422406762e-14
1.559555709999588162e-14
5.422304070563926517e-15
3.368844315223113375e-16
3.831898516551967253e-16
6.167467996495150533e-15
1.773711647564597731e-14
3.336526595980085468e-14
5.114863892916602158e-14
6.907243989695775664e-14
8.517826260809482369e-14
9.778525750467664923e-14
1.057014864847647743e-13
1.083661226460557765e-13
1.058835153763413583e-13
9.894091995085480262e-14
8.863340828436286330e-14
7.624263133376852414e-14
6.302391526911124054e-14
5.004663005279214917e-14
3.810986710527356974e-14
2.772861429517464115e-14
1.916605698361740868e-14
1.248274805085426054e-14
7.582487536297009135e-15
4.249815258663550672e-15
2.185313323772004485e-15
1.047018974879957447e-15
4.998894283163078690e-16
2.653066903073063077e-16
1.556563200621223733e-16
8.073111785746359568e-17
2.383643712519615396e-17
6.311757915084120559e-20
1.842953924770218853e-17
6.770215016190696152e-17
1.332654963586512832e-16
2.359829639354592262e-16
4.724386162982074811e-16
1.035361642488794256e-15
2.203310319073937096e-15
4.303535523909828673e-15
7.662464848851914111e-15
1.255889852480157711e-14
1.918708217733285159e-14
2.762637980476975270e-14
3.780800958676920959e-14
4.947189245730852618e-14
6.211843255993479222e-14
7.497531384708767936e-14
8.700853397056676530e-14
9.700219341017517560e-14
1.037124200173915056e-13
1.060743810873532908e-13
1.034185591714498586e-13
9.564270990153404224e-14
8.329334336724654735e-14
6.753330284174716496e-14
5.000329041933228206e-14
3.261550466336532077e-14
1.733753713935451005e-14
6.028281206521741076e-15
3.745285267013801583e-16
4.201716913923256664e-16
6.762844125665978569e-15
1.944859206351931950e-14
3.658143175454598745e-14
5.607044101001772319e-14
7.570151072435262013e-14
9.332284704407060311e-14
1.070894803057937826e-13
1.156968856805666617e-13
1.185376410156878127e-13
1.157376808142833131e-13
1.080632982558558471e-13
9.672571996421306220e-14
8.313579462614779132e-14
6.866945706359844812e-14
5.449334161068540595e-14
4.147418702715829355e-14
3.016604373308063744e-14
2.084791564228052169e-14
1.357927609541645462e-14
8.251121979519217179e-15
4.627000327232061804e-15
2.380944343054169657e-15
1.141640182396556783e-15
5.453650745332784566e-16
2.893980849325312695e-16
1.696745213212452119e-16
8.796168199264129482e-17
2.598706630219446035e-17
7.232754955199793118e-20
1.996248428983663936e-17
7.342957812246771366e-17
1.446560487933572885e-16
2.565162645794271970e-16
5.142832526230486469e-16
1.127628774163024070e-15
2.399092095803956269e-15
4.683605835257566591e-15
8.335133257203623400e-15
1.365676958497073377e-14
2.086163779611002976e-14
3.004052038991866529e-14
4.112549307987693244e-14
5.384176369041865519e-14
6.765298475278589209e-14
8.172234712902669996e-14
9.492207905190512804e-14
1.059190059560952653e-13
1.133428515277921446e-13
1.160146507051278118e-13
1.131869383239043856e-13
1.047358746053458848e-13
9.125330062271145205e-14
7.401210103442734021e-14
5.481346719180732229e-14
3.575867609468841553e-14
1.901013944136053835e-14
6.610124906802614339e-15
4.106690578364917227e-16
4.554843201641858855e-16
7.331452534422749436e-15
2.108331199190017212e-14
3.965372039785415881e-14
6.077266383557517450e-14
8.203587411329932834e-14
1.011073438599427914e-13
1.159863057333366804e-13
1.252620471029903271e-13
1.282838873406340495e-13
1.251986921888344639e-13
1.168468678350647452e-13
1.045473782157402540e-13
8.983023491935094674e-14
7.418274704566259823e-14
5.886239764963000232e-14
4.480082842675983251e-14
3.259164922064465035e-14
2.253221610888909436e-14
1.468420942661539991e-14
8.928962176101224033e-15
5.011594857472789983e-15
2.581453866512058866e-15
1.238989418426381202e-15
5.921970280263967072e-16
3.141398299458226045e-16
1.840124734534139668e-16
9.534018474635341489e-17
2.818547675699744907e-17
8.296342833663495947e-20
2.149765620371628981e-17
7.920211152618720371e-17
1.562113313226344271e-16
2.775545654383996467e-16
5.574886779858791079e-16
1.222971486926237758e-15
2.600612668151735760e-15
5.072505330398424569e-15
9.018833063543586165e-15
1.476490592897907227e-14
2.254000168469595400e-14
3.244316757672778546e-14
4.440423059907960839e-14
5.813152016650805667e-14
7.305190742552108198e-14
8.826723807569873046e-14
1.025625517596652470e-13
1.144964675259001713e-13
1.225818961459370265e-13
1.255336091427151074e-13
1.225306593487812533e-13
1.134280158435590689e-13
9.885949017228893650e-14
8.020175590443982691e-14
5.940841125521189976e-14
3.876090807961137962e-14
2.060758530433046704e-14
7.165765693055990022e-15
4.451758707208315347e-16
4.890044609803411559e-16
7.871338679555944741e-15
2.263586913933302847e-14
4.257264659931189742e-14
6.524239607070962219e-14
8.806136743177040015e-14
1.085201440278191739e-13
1.244719521093858267e-13
1.344071975948358812e-13
1.376351553173795957e-13
1.343214302883166547e-13
1.253725894463332159e-13
1.122028411614142736e-13
9.644717554587906703e-14
7.969203806324091974e-14
6.327843582056529494e-14
4.820157182160094912e-14
3.509821958758158309e-14
2.429033894375409634e-14
1.584838151386394435e-14
9.649376534873908133e-15
5.423637587516206311e-15
2.797775166621434525e-15
1.344524392570567949e-15
6.430004641461185274e-16
3.408549658355220773e-16
1.993957089884143296e-16
1.032262353382825288e-16
3.053617778025217688e-17
9.555523548454348265e-20
2.311480721350287528e-17
8.532582244490447367e-17
1.685839690338024189e-16
3.003764427596539727e-16
6.047551697029665269e-16
1.327204560540543386e-15
2.819575925625534255e-15
5.491540494641199239e-15
9.748672532870324285e-15
1.593619145140647791e-14
2.429562366597551120e-14
3.492882667041766146e-14
4.775700828873621689e-14
6.246586270087874178e-14
7.844255545094045198e-14
9.472955921648850038e-14
1.100323698319560438e-13
1.228135030645015746e-13
1.314827131852931991e-13
1.346603078936797746e-13
1.314592081345097392e-13
1.217150328327426713e-13
1.061002772735068648e-13
8.608823881281033495e-14
6.377539436430429956e-14
4.161287340571717065e-14
2.212456544863428745e-14
7.693285953229129503e-15
4.779280587568510717e-16
5.206182076751938729e-16
8.380701083391235414e-15
2.410132422169229691e-14
4.532970154692239435e-14
6.946846756580562280e-14
9.376670068926710406e-14
1.155541726348688482e-13
1.325495660804093524e-13
1.431528157810732757e-13
1.466363435188081472e-13
1.431806415202818694e-13
1.337469973348877765e-13
1.198274745688963120e-13
1.031426780773296872e-13
8.536203122084707151e-14
6.790139122487819445e-14
5.181982486316946356e-14
3.780481344074604000e-14
2.621397013025017563e-14
1.713729280480604823e-14
1.045564530948757515e-14
5.889401498339157037e-15
3.044451474713551322e-15
1.465613127504476189e-15
7.013269151683909020e-16
3.713111501145578904e-16
2.167609148724946408e-16
1.120704759380008802e-16
3.316800272770356686e-17
1.107616707101651185e-19
2.491267446476307102e-17
9.218630845298976380e-17
1.826224404181378447e-16
3.266976157331792559e-16
6.597439924361720994e-16
1.448142539082082472e-15
3.071479257196108792e-15
5.968541874465642394e-15
1.057005290661939745e-14
1.723860155992843476e-14
2.622264624667389669e-14
3.761852218524131744e-14
5.132826015380217065e-14
6.700453715609142976e-14
8.398823150844463308e-14
1.012630600615366982e-13
1.174641509949702506e-13
1.309739570521555294e-13
1.401177874558845736e-13
1.434379947989152976e-13
1.399920338879356740e-13
1.295995600861985676e-13
1.129684376490781554e-13
9.166031768891800671e-14
6.790338485720699625e-14
4.430619711722898340e-14
2.355622712657618462e-14
8.190917501993782672e-15
5.088138636997230084e-16
5.502207200476325688e-16
8.857885334515692362e-15
2.547518064190795379e-14
4.791728117031354507e-14
7.344128475613107550e-14
9.914313421051635349e-14
1.222063357313910640e-13
1.402283829957627378e-13
1.515285094764559532e-13
1.553456593012703920e-13
1.518697097330668901e-13
1.421013844439150520e-13
1.275875019072380834e-13
1.101085733739469994e-13
9.139575648726501861e-14
7.292904127687629427e-14
5.583341181240033006e-14
4.085941727775649824e-14
2.841741810408065888e-14
1.863304015626515729e-14
1.140252537426675809e-14
6.442605441624618026e-15
3.340491478297610658e-15
1.612058719183313843e-15
7.719309496644516331e-16
4.078245792599172756e-16
2.372802799317098704e-16
1.224133184177137122e-16
3.623181265404390666e-17
1.293930173903794908e-19
2.700683829578523623e-17
1.002478320273220499e-16
1.993964886228498334e-16
3.587779613361889275e-16
7.273518020371778182e-16
1.596139306727785307e-15
3.376490753011007951e-15
6.539100146644566797e-15
1.154025278045975998e-14
1.875713638528389289e-14
2.843819435415085507e-14
4.066238069456636804e-14
5.529672480391317733e-14
7.194469736083382659e-14
8.988986340524248107e-14
1.080564104034838986e-13
1.250205203891201578e-13
1.391056926461521487e-13
1.485776651152751653e-13
1.519228157968780062e-13
1.481574411021751292e-13
1.370901465323310997e-13
1.194606204836779773e-13
9.690924598940781694e-14
7.178288976440258383e-14
4.683338817927178029e-14
2.489815037936273453e-14
8.657035979846918275e-15
5.377303932262211994e-16
5.777157548035490056e-16
9.301375252415844471e-15
2.675334954964589063e-14
5.032859051748476426e-14
7.715261594152615921e-14
1.041840606122149607e-13
1.284767980847302571e-13
1.475226104171095434e-13
1.595714757309689544e-13
1.638327502310422805e-13
1.604987253043730252e-13
1.505902339630007961e-13
1.356792760863340356e-13
1.175729247450044056e-13
9.803628413533830659e-14
7.859968178939259893e-14
6.045771596162989050e-14
4.444207018271590998e-14
3.104042974539524795e-14
2.043674032708311185e-14
1.255828462800697938e-14
7.126039874549615000e-15
3.710544183108873787e-15
1.796827857567574656e-15
8.611372413308254363e-16
4.533955423869241309e-16
2.623852715308014223e-16
1.348763837235697034e-16
3.989509584012026157e-17
1.524387067201844959e-19
2.952490869013369172e-17
1.100461287023115615e-16
2.202236103872658185e-16
3.995628246291439776e-16
8.140897248278642706e-16
1.784837736222388529e-15
3.760653573124540221e-15
7.248224028072128210e-15
1.273048766276435038e-14
2.059624854047474795e-14
3.108515503799973090e-14
4.424265697702475183e-14
5.987841643849045538e-14
7.752335113224564243e-14
9.638746632853126741e-14
1.153334431820361962e-13
1.328932253930637628e-13
1.473589387296523550e-13
1.569689976792806374e-13
1.601819578545917997e-13
1.559910763560176298e-13
1.442001668040429455e-13
1.255766482128480551e-13
1.018283594135904124e-13
7.540574863894832781e-14
4.918774813722086960e-14
2.614631486407457245e-14
9.090152519693502240e-15
5.645831802751764908e-16
6.030150648739487897e-16
9.709781777139787822e-15
2.793210698890934137e-14
5.255752853386868173e-14
8.059533448395498180e-14
1.088845039624678242e-13
1.343681092953284626e-13
1.544500535185477802e-13
1.673245560081718422e-13
1.721762583868428821e-13
1.691918207821398199e-13
1.593888424093296338e-13
1.443278143637483367e-13
1.257999978337710453e-13
1.055683132578918505e-13
8.519507191432315161e-14
6.594939368118586095e-14
4.876872146755633760e-14
3.425178214405379547e-14
2.267170776165013743e-14
1.400743280130842363e-14
7.993787417866161766e-15
4.186519461910719854e-15
2.037056209287262500e-15
9.773401463121622341e-16
5.118840564706641232e-16
2.937889513121560554e-16
1.501443962357479285e-16
4.433258885549942850e-17
1.811004374691274600e-19
3.259826433419298377e-17
1.221728187272666376e-16
2.466960058545820656e-16
4.528675985975584866e-16
9.286003952426227208e-16
2.032204832433422196e-15
4.257547764080324201e-15
8.152606528847115673e-15
1.422867854241591588e-14
2.288303220688330622e-14
3.433572718088610973e-14
4.857746734595188430e-14
6.533012070018165704e-14
8.402001673481762393e-14
1.037614282660663114e-13
1.233528685772719144e-13
1.413015011079758373e-13
1.559038342112022991e-13
1.654118675894211895e-13
1.682912312338196795e-13
1.635340237884925764e-13
1.509464838060818891e-13
1.313186704245666451e-13
1.064125929904547370e-13
7.876488691965208789e-14
5.136326091842937928e-14
2.729705906039560471e-14
9.488903220482103899e-15
5.892856154468978453e-16
6.260377051859041752e-16
1.008183024242749376e-14
2.900804535800705902e-14
5.459855840362870628e-14
8.376312982081290145e-14
1.132405525336162445e-13
1.398842017026148817e-13
1.610305099406686662e-13
1.748339097422795094e-13
1.804608024852844996e-13
1.780837455788943399e-13
1.686900714379752259e-13
1.537845188117839753e-13
1.350896904007998299e-13
1.143196758890631794e-13
9.304380802656976566e-14
7.261093977778344969e-14
5.409618299947855389e-14
3.825404142417496353e-14
2.548775975330752484e-14
1.585446783756818819e-14
9.114280751146518732e-15
4.809813026301511830e-15
2.355415669393300797e-15
1.131669734644092145e-15
5.882334636279812266e-16
3.335061510879209072e-16
1.689360213659570965e-16
4.971238551312152167e-17
2.168315518228168774e-19
3.634986157519877646e-17
1.372499671573654076e-16
2.807073821444085793e-16
5.236138012317042926e-16
1.082348121888110640e-15
2.361940423845643863e-15
4.910574356442876731e-15
9.323751991673703829e-15
1.614326130009258792e-14
2.577155835881741598e-14
3.839613826493554639e-14
5.392558832786126654e-14
7.195368333512796501e-14
9.175973559946756501e-14
1.123336468668082380e-13
1.324074094815128397e-13
1.504896118987747743e-13
1.649271122804297524e-13
1.740363727821851027e-13
1.763320990792686301e-13
1.708305337319260130e-13
1.573478902486660419e-13
1.366901949683226960e-13
1.106579345511858219e-13
8.185403842493219961e-14
5.335446875865874518e-14
2.834703399880172454e-14
9.852037060629352819e-15
6.117582890296767475e-16
6.467092871524436043e-16
1.041634676587237793e-14
2.997802168237564993e-14
5.644656933748988662e-14
8.665019781683375941e-14
1.172487448138240026e-13
1.450292893271552935e-13
1.672839707351901916e-13
1.821463412258523489e-13
1.887734037358622376e-13
1.873156557847473271e-13
1.787001542802157588e-13
1.643239763096056573e-13
1.457763387121235469e-13
1.246627714637716625e-13
1.025252997697626587e-13
8.079645016836288685e-14
6.072865766676344318e-14
4.329003520451035733e-14
2.906718105511913035e-14
1.822908515751207691e-14
1.057451750275299534e-14
5.634324377246236084e-15
2.781930247420968147e-15
1.338851214568105390e-15
6.887450584091593358e-16
3.838704734443918116e-16
1.919635905298272960e-16
5.617772142568565799e-17
2.613828207987949840e-19
4.087825608330947307e-17
1.558945727940562545e-16
3.244783477771478402e-16
6.181198827133154783e-16
1.290510641732821551e-15
2.805350798396091531e-15
5.776060744469943937e-15
1.085230159570025502e-14
1.860850733179070598e-14
2.944890883084972244e-14
4.351308436934846463e-14
6.059279644406005119e-14
8.010142014142638107e-14
1.011165946107036972e-13
1.224685193769581327e-13
1.428222722354832209e-13
1.607234677160246421e-13
1.746278577333858183e-13
1.829784521807558718e-13
1.843881734488758949e-13
1.779254204878875455e-13
1.634233656258512110e-13
1.416950249622885086e-13
1.145608337184511832e-13
8.466744812844325320e-14
5.515633992729547838e-14
2.929315391544801463e-14
1.017840295576430697e-14
6.319282832132599362e-16
6.649612268520536512e-16
1.071224453906727835e-14
3.083910539385991174e-14
5.809673623698056283e-14
8.925092330172970627e-14
1.209054313063842432e-13
1.498067026104657497e-13
1.732286732765848473e-13
1.893063275828408949e-13
1.971993842730859170e-13
1.970301000667856728e-13
1.896334686272076067e-13
1.762396927110498811e-13
1.582267608247546580e-13
1.370158985090573187e-13
1.140745165489577344e-13
9.091899352025503283e-14
6.902647048897755419e-14
4.965179242725503158e-14
3.363310367983131068e-14
2.129347717104095281e-14
1.248584789248189241e-14
6.730474146853886957e-15
3.356305133207030382e-15
1.618258360222976160e-15
8.213925299962069197e-16
4.475444583941010213e-16
2.198835825590824586e-16
6.382574971463941087e-17
3.168536422653291731e-19
4.623894638536370487e-17
1.786743556278379340e-16
3.805761408692049273e-16
7.444356892667783522e-16
1.573075607103646814e-15
3.403760120385539884e-15
6.927413243189778494e-15
1.285400675606293227e-14
2.179202448346863662e-14
3.414370021628779076e-14
4.998266194262999519e-14
6.894036568697022792e-14
9.018303334577306103e-14
1.125178984483155054e-13
1.345737360658793872e-13
1.549528108961962710e-13
1.722861771456230076e-13
1.852122585366023580e-13
1.923749399034073384e-13
1.925412099084361218e-13
1.848611777095143126e-13
1.691901940058142072e-13
1.463361356576656181e-13
1.181175882690666068e-13
8.719956762518555103e-14
5.676413444342259261e-14
3.013254642235195326e-14
1.046693671225107715e-14
6.497284576186234700e-16
6.807300328821832033e-16
1.096851082184049559e-14
3.158852840973068846e-14
5.954438400400017866e-14
9.155956860067647541e-14
1.242061370001439290e-13
1.542176987498647931e-13
1.788790612773751591e-13
1.963528096107165332e-13
2.058177827122011023e-13
2.073651903844445581e-13
2.017061722668911457e-13
1.898385646240890242e-13
1.728373149943934417e-13
1.518443679466359538e-13
1.281876368121273578e-13
1.034600574738870009e-13
7.941779577890949762e-14
5.769297366015108513e-14
3.946137070845987607e-14
2.525260876838704625e-14
1.499187573425719451e-14
8.190421238384161269e-15
4.130765852283244911e-15
1.995098772901589603e-15
9.961325260581630457e-16
5.275113062947119737e-16
2.532414198023372823e-16
7.268608236631518786e-17
3.857455319646349527e-19
5.242535756000617759e-17
2.060574284803286974e-16
4.519161035474222614e-16
9.126775150930419289e-16
1.956084990311050926e-15
4.211473287893546512e-15
8.460555546110813556e-15
1.547795457250119528e-14
2.590539834501594875e-14
4.013822444534798868e-14
5.816283530473572048e-14
7.939649795334939832e-14
1.026744596329792307e-13
1.264490857365634291e-13
1.491007413391052795e-13
1.691811631345798885e-13
1.854723515818763784e-13
1.968872599471193296e-13
2.023578447298163628e-13
2.008666484022022133e-13
1.916748734116114443e-13
1.746619968372839937e-13
1.506145298900890640e-13
1.213237319460536943e-13
8.944475659866272673e-14
5.817327429230383548e-14
3.086250487472458182e-14
1.071664864761827880e-14
6.650967722419214819e-16
6.939566791467968835e-16
1.118419543561011510e-14
3.222364030337390592e-14
6.078486337361392407e-14
9.356998240170486325e-14
1.271449511172154408e-13
1.582602917826323407e-13
1.842437161151970858e-13
2.033158226020361695e-13
2.146963507375033817e-13
2.184479590239920882e-13
2.151285834394360624e-13
2.054338292541566202e-13
1.900296375093736031e-13
1.696611512829928381e-13
1.454286469546202423e-13
1.189815592930950642e-13
9.241435101282822883e-14
6.784615138755921030e-14
4.689738432681783296e-14
3.036873349554117367e-14
1.827919414493843845e-14
1.013464517228316067e-14
5.173265840450092978e-15
2.501545650636070171e-15
1.225104012997407365e-15
6.270184541736541627e-16
2.924142598906475834e-16
8.270343226455788431e-17
4.710111918666901077e-19
5.935298181333297902e-17
2.383579363572317055e-16
5.417139774021283492e-16
1.135258783338267514e-15
2.472854554210523298e-15
5.299184612745686601e-15
1.050089583605164611e-14
1.891788642501935636e-14
3.121936829411542759e-14
4.778579819900960397e-14
6.849082548650057034e-14
9.247162353850309912e-14
1.181290781507504096e-13
1.434593828698349899e-13
1.665445921480998087e-13
1.859115257349888335e-13
2.005809171705664395e-13
2.098530184087003116e-13
2.130478650511810031e-13
2.094287671147020400e-13
1.983949013077023230e-13
1.798467435515023504e-13
1.545281149275429782e-13
1.241734493934171450e-13
9.139700408982082954e-14
5.937922474700380300e-14
3.148044561298156191e-14
1.092661263979436111e-14
6.779756911584311077e-16
7.045861053459851120e-16
1.135840151072802144e-14
3.274187125137260245e-14
6.181344500900335979e-14
9.527534336699105369e-14
1.297139717136684587e-13
1.619281500235054701e-13
1.893233322698461683e-13
2.102130608306413257e-13
2.238862186104261776e-13
2.303869240796183193e-13
2.300961790143962309e-13
2.233361602429514078e-13
2.102445725139051968e-13
1.910266194536815594e-13
1.664367755125884138e-13
1.381408779767902844e-13
1.086321920639818668e-13
8.064669334662529047e-14
5.638001134147278734e-14
3.698197589471847351e-14
2.259198023416989025e-14
1.272002499056214410e-14
6.570700344358829628e-15
3.177422851097414922e-15
1.522497584006209036e-15
7.494078073697291704e-16
3.375515293514512232e-16
9.372978323555701797e-17
5.760868024874141088e-19
6.685081632833903281e-17
2.756750814519929357e-16
6.533228196371253829e-16
1.426804502114923673e-15
3.164804635630684458e-15
6.757549484799581624e-15
1.321211114622193354e-14
2.342785792585353883e-14
3.808558552337881559e-14
5.753553486796907232e-14
8.150720080866916195e-14
1.087786453752884485e-13
1.371916424360317847e-13
1.641680097030039803e-13
1.874427436265917618e-13
2.055635928216055940e-13
2.179061260015108574e-13
2.242940474238487607e-13
2.245471708377055867e-13
2.182755393056497810e-13
2.050376808930452136e-13
1.847448107649600942e-13
1.580706466945608505e-13
1.266590447472710304e-13
9.304968339946130775e-14
6.037739325597827010e-14
3.198387265110227999e-14
1.109595732781928419e-14
6.883117079235165675e-16
7.125668836622140096e-16
1.149027917177475281e-14
3.314070522733140873e-14
6.262523820008349254e-14
9.666795244236923571e-14
1.319028328083297585e-13
1.652096107475494757e-13
1.941088173826101836e-13
2.170464869622328504e-13
2.334163469255461078e-13
2.432639174630657546e-13
2.467790867614462698e-13
2.438425011137377349e-13
2.339336126035975147e-13
2.165466420379308127e-13
1.919343748297001496e-13
1.617092356874925992e-13
1.288188564341467132e-13
9.676541433768365463e-14
6.847532464973548834e-14
4.553961406159352833e-14
2.825203540888203016e-14
1.614964580532509195e-14
8.431525322751725138e-15
4.069759845384221130e-15
1.903701540905128619e-15
8.977037784188343018e-16
3.884997485203660890e-16
1.055306281071337020e-16
7.048872698236824912e-19
7.466291475424423400e-17
3.178091378156581440e-16
7.898259448151872427e-16
1.803373936704440518e-15
4.081286831335909397e-15
8.700491023577608957e-15
1.680729790656030965e-14
2.934424095631536123e-14
4.696795977237735591e-14
6.996752602266847459e-14
9.788885429815133395e-14
1.290592662349740732e-13
1.606151248820475880e-13
1.892704550836666739e-13
2.123720070150482159e-13
2.285634979080087223e-13
2.377263917944188406e-13
2.403689550894893981e-13
2.369315163227323979e-13
2.274333113532543995e-13
2.116044151832529902e-13
1.893471679815939954e-13
1.612307893731082504e-13
1.287704904310973292e-13
9.439535398910442740e-14
6.116305196523953939e-14
3.237035217425450664e-14
1.122386011805387788e-14
6.960550294903513060e-16
7.178510842028012504e-16
1.157902274432291877e-14
3.341766559361311246e-14
6.321513984908703271e-14
9.773908682232372446e-14
1.336983408375934723e-13
1.680868628626974183e-13
1.985796037758492947e-13
2.237991156852867295e-13
2.432879173622276424e-13
2.571252767119174100e-13
2.653099724216671185e-13
2.672221589799604012e-13
2.615469334963932080e-13
2.468679159683832969e-13
2.227344245487645757e-13
1.905934741565023970e-13
1.538881074330041427e-13
1.170525139166972278e-13
8.392369817765626001e-14
5.663775345555925223e-14
3.568690232564031732e-14
2.068516707204735177e-14
1.088721659460051932e-14
5.230280264155859876e-15
2.383109317082744162e-15
1.073727603265674936e-15
4.446658689943243626e-16
1.178033179055621482e-16
8.617358012628765582e-19
8.245642751080756955e-17
3.641054676932814646e-16
9.531565214212284975e-16
2.280413916068561398e-15
5.277620144816719144e-15
1.126804817398182757e-14
2.156395642089872015e-14
3.711745567822867382e-14
5.848790604164621088e-14
8.584225575214457465e-14
1.184933820713483592e-13
1.542174688988316492e-13
1.892803142044815150e-13
2.195438765035653330e-13
2.419425324798118098e-13
2.553313844774525338e-13
2.602905197575615130e-13
2.581987018648451749e-13
2.502417936669618783e-13
2.369014538591653654e-13
2.180780317323166662e-13
1.936337733633077820e-13
1.639913389942811583e-13
1.304950817732234305e-13
9.542562275549063380e-14
6.173128930139325204e-14
3.263749889952001219e-14
1.130954455310891772e-14
7.011594497324230537e-16
7.203943643239274295e-16
1.162387193922334330e-14
3.357031482459848411e-14
6.357781851383918608e-14
9.847892697411824160e-14
1.350842452924360416e-13
1.705353474495504579e-13
2.027022625747623580e-13
2.304321184405158768e-13
2.534688564571664105e-13
2.719725681353452501e-13
2.857702800703736156e-13
2.936996385923413181e-13
2.935168385919369609e-13
2.826688505555719292e-13
2.597461547755112099e-13
2.258607496066116644e-13
1.849633672071347621e-13
1.425954949199068667e-13
1.037042753982920683e-13
7.108011870706191363e-14
4.547040353737696256e-14
2.666448817476867192e-14
1.409321499567813085e-14
6.710183417500308724e-15
2.969865031379348916e-15
1.276393302908175976e-15
5.047174958857697089e-16
1.301885199777458361e-16
1.051200498117211836e-18
8.981652136355707782e-17
4.131189935234101371e-16
1.142393575280980183e-15
2.868780833773800026e-15
6.811005163953864233e-15
1.463018415805813197e-14
2.784678795779511188e-14
4.735915116849149543e-14
7.348925519992214201e-14
1.061687242542775680e-13
1.444175085556361339e-13
1.853609346411515104e-13
2.242173922596118700e-13
2.558499762526548759e-13
2.767871483501407555e-13
2.862644920691250241e-13
2.858008747018624323e-13
2.778533687640398545e-13
2.644752021787865196e-13
2.466471763952220577e-13
2.244204485899015133e-13
1.975722667856896276e-13
1.663286585789878424e-13
1.318172211112878285e-13
9.613107553164733418e-14
6.207699515662054871e-14
3.278297595068709392e-14
1.135228147798173218e-14
7.035824365273002289e-16
7.201562982401547864e-16
1.162411731958882886e-14
3.359626958953527376e-14
6.370773712897443924e-14
9.887656602148434633e-14
1.360411653258265442e-13
1.725234231845314808e-13
2.064295131137847320e-13
2.368824118925440093e-13
2.638887324346995178e-13
2.877530971481515891e-13
3.081748898732274061e-13
3.234337100106903069e-13
3.302351563143204065e-13
3.246436306087629087e-13
3.039762676965475237e-13
2.687647617869693836e-13
2.234305033774591437e-13
1.747936656060196542e-13
1.291206137952014724e-13
8.995874095720862073e-14
5.838189236449407719e-14
3.453187234573510038e-14
1.823463014686271223e-14
8.554104534975945139e-15
3.661581142626619297e-15
1.499003474337946974e-15
5.660354818130809750e-16
1.422440297074161585e-16
1.277856799897421982e-18
9.619433749950914278e-17
4.619770683630517945e-16
1.350964268797487441e-15
3.568890984222422288e-15
8.736794041745539918e-15
1.899840433634817476e-14
3.614788219098109722e-14
6.091363188104355431e-14
9.312938330664113328e-14
1.322957946455891631e-13
1.770720299032276154e-13
2.238505739413391778e-13
2.666276841854607533e-13
2.991326712155066147e-13
3.175437276383608299e-13
3.217144164169423588e-13
3.143930648217922154e-13
2.993375337153274552e-13
2.795762920747770894e-13
2.566007390851715440e-13
2.305703208995482017e-13
2.011170483256787954e-13
1.682123694084507889e-13
1.327183520189076785e-13
9.650128762118471516e-14
6.219488310538355841e-14
3.280450941132413494e-14
1.135139429300422220e-14
7.032854479670154837e-16
7.171009535629091948e-16
1.157911018609569752e-14
3.349323184353211819e-14
6.359921666461192133e-14
9.892010816376596116e-14
1.365466899005416403e-13
1.740123385615506009e-13
2.096997182678365969e-13
2.430609048958319234e-13
2.744343133753717475e-13
3.043505728607568386e-13
3.324554261109281131e-13
3.564923139748449080e-13
3.720229090955243551e-13
3.734762125584134962e-13
3.565217391134099009e-13
3.207705832839126631e-13
2.709997835702175675e-13
2.154514955744786727e-13
1.619098948388680174e-13
1.147582630212681683e-13
7.548997417400348675e-14
4.489506141931035808e-14
2.355449801693037105e-14
1.080469154443081533e-14
4.440453957939484942e-15
1.727229806863212446e-15
6.246136204707865142e-16
1.535212690192041049e-16
1.546163580588402675e-18
1.008946948915572303e-16
5.058821168249137043e-16
1.563897136893406742e-15
4.367123215787986912e-15
1.111767269211261385e-14
2.466623427645092750e-14
4.716358747011452735e-14
7.896397719826458390e-14
1.190014379375226242e-13
1.660303019837577039e-13
2.182752521166028067e-13
2.713571917379739485e-13
3.179020646872147467e-13
3.504063875362761946e-13
3.648274691130897024e-13
3.619570414304840980e-13
3.461118505723982141e-13
3.225745206162224971e-13
2.954282464633382827e-13
2.666513381909816638e-13
2.364414341362046805e-13
2.042088277804482004e-13
1.696053378873673639e-13
1.331770601671611841e-13
9.652491963273662898e-14
6.207955177160785871e-14
3.269991816385649898e-14
1.130626842050555975e-14
7.002344839234274435e-16
7.111977109866615825e-16
1.148827683343536102e-14
3.325903594042630212e-14
6.324654144719216454e-14
9.859685971506976585e-14
1.365756637009121930e-13
1.749565453042414656e-13
2.124369498842359701e-13
2.488515848713666303e-13
2.849461213013042973e-13
3.215764253359082676e-13
3.584426933096098551e-13
3.928231713645925547e-13
4.190904934056962348e-13
4.298000323377590291e-13
4.185480524552194844e-13
3.835725320155641362e-13
3.297751087828061710e-13
2.668927176146630458e-13
2.043758730218252575e-13
1.474768934963417308e-13
9.825605870111641688e-14
5.862880521040595798e-14
3.044799550120177927e-14
1.355710050039672372e-14
5.292742569708827914e-15
1.948302757144300273e-15
6.808120308511349087e-16
1.652351610158296305e-16
1.860844162255387966e-18
1.041773844038166711e-16
5.417999964910853086e-16
1.763317006996971575e-15
5.254174808918360334e-15
1.408776644011689459e-14
3.212928251507373489e-14
6.193732169186959415e-14
1.031772859514119283e-13
1.532863649165055361e-13
2.097838751814191826e-13
2.703661388046331394e-13
3.299221062974740036e-13
3.796296810667516121e-13
4.107287569433055872e-13
4.191891487790970347e-13
4.071536453438665948e-13
3.808832679674823013e-13
3.473900218806337134e-13
3.118448868763341982e-13
2.766439841395455917e-13
2.419219143866091321e-13
2.067747240252295076e-13
1.704639900455705772e-13
1.331693521454773788e-13
9.618990190157432676e-14
6.172558599112369170e-14
3.246715901350515965e-14
1.121636493702807047e-14
6.944008692282906506e-16
7.024223126499398383e-16
1.135113694118414870e-14
3.289171111208645068e-14
6.264410520685386759e-14
9.789361286860890479e-14
1.361006646352429816e-13
1.753043773265868835e-13
2.145516968273719104e-13
2.541116221152586498e-13
2.952163551220833911e-13
3.391624173671319056e-13
3.858490449893534128e-13
4.322204381978566997e-13
4.714868263499249618e-13
4.941382726489038650e-13
4.912438388266878718e-13
4.590951679295473694e-13
4.023250840305988313e-13
3.320966609629436896e-13
2.595454656578723488e-13
1.907449902963093088e-13
1.286239871232375991e-13
7.702676018655261996e-14
3.969821448833141582e-14
1.716615902039019096e-14
6.321558109837097522e-15
2.212200565100724355e-15
7.758871506536868203e-16
1.917750232337001428e-16
2.225829513833103893e-18
1.154427743695033669e-16
5.955740874810312341e-16
1.976010795102909460e-15
6.334484555910772559e-15
1.808464052547877887e-14
4.237944977054204963e-14
8.209177020580658142e-14
1.358727642502862921e-13
1.989252838040717226e-13
2.667505716937497294e-13
3.363369753202294429e-13
4.020141156263360132e-13
4.535860691165657563e-13
4.811488138370395614e-13
4.810547001591490066e-13
4.573019993573839845e-13
4.184834357782958174e-13
3.734959032878853949e-13
3.285640179734065135e-13
2.863777232724086902e-13
2.468744221675924883e-13
2.087289812861397025e-13
1.707389759418299220e-13
1.326691173948022955e-13
9.548370744351644104e-14
6.112769682307589673e-14
3.210438645538471492e-14
1.108123814169903730e-14
6.857622544533137846e-16
6.907581140337848726e-16
1.116732567330749021e-14
3.238955797914795652e-14
6.178659518720905773e-14
9.679701852956099606e-14
1.350926714519520824e-13
1.749991070925849588e-13
2.159422706803535996e-13
2.586726568686885537e-13
3.049885781752315152e-13
3.567553336439827881e-13
4.142518890210531288e-13
4.742884907304421310e-13
5.290366394515789859e-13
5.668189812920054873e-13
5.757393111709365732e-13
5.494605144980137300e-13
4.917431226897444970e-13
4.148566160169140005e-13
3.313561925461016644e-13
2.479262243789479863e-13
1.690340680041737809e-13
1.019498273304503338e-13
5.293226433789699858e-14
2.281060993343946680e-14
8.137899769039170578e-15
2.867285330125095736e-15
1.147258812637200904e-15
3.168368507799656725e-16
2.617112131600201763e-18
1.944652257381028380e-16
8.449174880921250993e-16
2.478482161466117319e-15
8.230480776336446572e-15
2.449624196092507301e-14
5.750397765132776934e-14
1.101442283984246705e-13
1.801810747825703054e-13
2.598104382867919750e-13
3.411234452523811090e-13
4.199810838299366092e-13
4.905662679612383178e-13
5.416825712007150606e-13
5.626186420393740389e-13
5.506412714471018435e-13
5.121770987134728129e-13
4.585052382637522673e-13
4.004753678366691409e-13
3.452428517751595136e-13
2.956055718717731252e-13
2.511374815672245608e-13
2.099743522075393955e-13
1.703761941425167654e-13
1.316487713931792559e-13
9.439370978513669627e-14
6.028089781053561507e-14
3.161002579397410511e-14
1.090055665058863419e-14
6.743038101203068456e-16
6.761975041034267237e-16
1.093661887890063399e-14
3.175123709527448822e-14
6.066920991876078040e-14
9.529404064764465077e-14
1.335219119941255784e-13
1.739803764449397041e-13
2.164969405664368469e-13
2.623434064565298114e-13
3.139595645053006345e-13
3.739146473723009194e-13
4.430799751202175067e-13
5.184049613479620030e-13
5.912665953084519116e-13
6.478597507962159516e-13
6.729720448484630142e-13
6.568941230200173892e-13
6.016693721934119696e-13
5.199527321097778924e-13
4.249011430836156354e-13
3.232518925203318943e-13
2.223985964686112636e-13
1.359917975876525862e-13
7.344085919264449420e-14
3.380866501430876033e-14
1.301290786612189181e-14
5.375666394263614813e-15
2.832265633158454080e-15
9.364869531101226893e-16
2.824227902517146274e-18
6.543878308172914185e-16
2.168534942267008408e-15
4.623550741922781231e-15
1.338143660721562135e-14
3.725438188245228355e-14
8.185462334674112906e-14
1.500059323306581891e-13
2.402713672668770035e-13
3.410566054820902535e-13
4.383708833332748027e-13
5.260375931098505305e-13
5.989587342435866086e-13
6.458485467134309760e-13
6.558534202305760834e-13
6.278457783965647299e-13
5.712627114268504691e-13
5.003250474023864256e-13
4.277710509953637422e-13
3.614563506535995277e-13
3.040365246162698317e-13
2.545280687333965836e-13
2.104041746947852264e-13
1.693181722566870137e-13
1.300800705880136998e-13
9.290761827976971406e-14
5.918071323678506778e-14
3.098285769158379835e-14
1.067412743371404887e-14
6.600195805028567226e-16
6.587434492175797510e-16
1.065896062021814512e-14
3.097586690702249061e-14
5.928790458956253483e-14
9.337248056826680052e-14
1.313588742094536229e-13
1.721859823036211779e-13
2.160967989568917783e-13
2.649136865661537681e-13
3.217836629415340688e-13
3.901141306527295056e-13
4.716045359424519493e-13
5.636864344505149214e-13
6.573234146179529647e-13
7.368190075475565009e-13
7.834808667951538119e-13
7.835283144936147624e-13
7.362213045458903173e-13
6.533095188811071123e-13
5.467823677418006977e-13
4.222094378168951986e-13
2.925646439831069811e-13
1.836109003988805134e-13
1.087699540928202602e-13
5.959707813461223663e-14
2.926692310494143706e-14
1.653095152336442142e-14
1.118874104841696784e-14
4.165914390285416859e-15
2.283739190076673229e-18
3.493162623951646522e-15
9.821936447605533672e-15
1.545798934952691250e-14
3.105656335650231312e-14
6.759100423495208661e-14
1.254241191552692645e-13
2.087281343725958989e-13
3.222075006199505313e-13
4.495684398737749345e-13
5.655976367240362083e-13
6.602794284746757231e-13
7.308840542474696811e-13
7.678045405019868892e-13
7.611234870956885013e-13
7.121047917214509279e-13
6.336773749219964050e-13
5.430728160160374540e-13
4.546779873256336053e-13
3.766993761349739359e-13
3.113399613916645572e-13
2.568455413218516142e-13
2.099051410644951687e-13
1.675057836029431195e-13
1.279350815643796713e-13
9.101397979666422109e-14
5.782341253681887830e-14
3.022211163219110499e-14
1.040192205280535942e-14
6.429139543893876459e-16
6.384111084413996371e-16
1.033449211004805035e-14
3.006312796117503538e-14
5.763965641962705474e-14
9.102155617861370689e-14
1.285754535617662258e-13
1.695539796783836151e-13
2.146193253176934589e-13
2.661598810241663449e-13
3.280799614411748180e-13
4.047483595730066914e-13
4.989376799382665033e-13
6.089616085893840847e-13
7.258908275001543319e-13
8.326164618691175843e-13
9.071096222467840033e-13
9.310443938841669899e-13
8.997372395381642263e-13
8.220537960107730522e-13
7.056176414529940884e-13
5.526271175024672348e-13
3.867646333647321772e-13
2.570352666761062164e-13
1.823040222779459499e-13
1.334576591004974638e-13
9.553224771404166754e-14
7.820689579629069949e-14
6.183366289100714355e-14
2.328257281209463265e-14
2.058302298073065425e-18
2.249083629964427887e-14
6.085571384759283737e-14
7.966912265228777379e-14
1.039751809826252492e-13
1.540679167034950637e-13
2.173425140223747712e-13
3.036030611674345400e-13
4.369857658864558359e-13
5.952938737065568978e-13
7.319612912343925815e-13
8.294122417231436332e-13
8.899848610431580246e-13
9.086714640815403926e-13
8.779653436345013548e-13
8.022304082421854808e-13
6.981018282562499647e-13
5.856100891456596888e-13
4.803436500114976668e-13
3.903934997522430149e-13
3.171526994249367682e-13
2.578769329100994911e-13
2.083607246652222217e-13
1.648802630442542482e-13
1.251872789066596160e-13
8.870273212312319226e-14
5.620626357356581230e-14
2.932756526464154344e-14
1.008410422095128021e-14
6.230032026893783681e-16
6.152294616520422096e-16
9.963581025432712978e-15
2.901336973787547451e-14
5.572274112864746811e-14
8.823251724007223552e-14
1.251462023474013590e-13
1.660250460123174344e-13
2.119425752170978793e-13
2.658518189159644325e-13
3.324424111196590381e-13
4.171449378195588946e-13
5.240405599277093993e-13
6.527579720831832231e-13
7.951166407519538751e-13
9.333351299261303027e-13
1.042612189809677484e-12
1.100082688577263636e-12
1.096173958882809286e-12
1.034276629527878411e-12
9.126351467248646612e-13
7.269097532300747967e-13
5.222223038742937495e-13
3.941774932609239696e-13
3.703873505962868922e-13
3.754743372737294431e-13
3.842496283233504195e-13
4.025480245606584537e-13
3.140795020994651990e-13
1.012733658784921526e-13
1.743443375296085722e-17
1.040922893344922450e-13
3.249237647121974554e-13
4.287088926570015003e-13
4.262069896071424806e-13
4.358745860792704079e-13
4.491963207535472003e-13
4.829650983633531926e-13
6.080441822932927482e-13
7.934458517663773978e-13
9.489075347741143760e-13
1.040508062398584212e-12
1.079095509821659405e-12
1.068356667913889835e-12
1.004811098681838283e-12
8.962363780156265235e-13
7.627188164492125046e-13
6.265214981110992425e-13
5.037773284213349024e-13
4.018991966415097685e-13
3.210888180864613224e-13
2.574035644170331561e-13
2.056551920434360561e-13
1.613854676286194219e-13
1.218127385273786701e-13
8.596579122138266090e-14
5.432779624306975406e-14
2.829964615977198819e-14
9.721057696159371376e-15
6.003170268467323561e-16
5.892428875249242168e-16
9.546850084103951135e-15
2.782771615580224787e-14
5.353701054782131301e-14
8.499927545516146029e-14
1.210496390504245139e-13
1.615450329232184214e-13
2.079498810337266208e-13
2.637609288648020969e-13
3.344528998228724404e-13
4.265830005717049928e-13
5.457436587034252146e-13
6.933087658320061848e-13
8.625657072415024589e-13
1.036031775568666066e-12
1.187175009078196694e-12
1.289354302970650757e-12
1.327919062110709663e-12
1.298091365160331953e-12
1.181958138520039993e-12
9.652830854198874068e-13
7.375703587584857519e-13
6.913511313341367732e-13
8.656578511939019685e-13
1.094730355119397710e-12
1.364003594978525474e-12
1.471195615600499243e-12
8.866582678349778860e-13
1.460478822583293372e-13
7.646688950986290215e-17
1.497940846757598677e-13
9.482057853933608591e-13
1.622991269495950567e-12
1.557156302397190908e-12
1.287110269726379791e-12
1.053784989936345213e-12
8.648476149291307072e-13
8.837234481572628975e-13
1.067052491874559012e-12
1.229505844966341729e-12
1.299476878530261902e-12
1.298868878864277280e-12
1.244679966707743257e-12
1.138563284354418960e-12
9.911819475395289911e-13
8.251799368437754543e-13
6.641257970092375350e-13
5.238708808741636145e-13
4.105338838631730489e-13
3.227522219211786636e-13
2.552088406545460264e-13
2.016780897852274896e-13
1.569703108197311845e-13
1.177913863238557868e-13
8.279765180659195955e-14
5.218806689645717576e-14
2.713953220260869423e-14
9.313413444866739481e-15
5.749000579791528548e-16
5.605126266794990975e-16
9.085203728687263975e-15
2.650816560128729575e-14
5.108416073914473008e-14
8.131902566319246600e-14
1.162695697909797871e-13
1.560676149453315020e-13
2.025349092819390539e-13
2.596694422373301844e-13
3.336970539230016923e-13
4.323181575625629315e-13
5.627809461163754062e-13
7.285868306465121854e-13
9.252176900385262693e-13
1.136599408315144130e-12
1.335919618581415309e-12
1.494439822500044045e-12
1.593709058566521468e-12
1.619214965509727316e-12
1.529438630140369330e-12
1.298449306380311026e-12
1.105049954167282807e-12
1.329480865201388308e-12
1.984023667530906382e-12
2.717615473208692016e-12
3.501012309225557042e-12
3.077704805459505585e-12
5.771268936613442620e-13
-6.173891770803018731e-13
5.473498373856278293e-16
-7.333828490009694653e-13
6.501233496627954367e-13
3.591168452577874299e-12
4.122095471176883278e-12
3.242935604077244525e-12
2.415836447880992991e-12
1.666180743511483500e-12
1.348492525741125037e-12
1.447085838969157048e-12
1.585328917316902372e-12
1.607815957953499103e-12
1.545582517019296834e-12
1.432277647278518319e-12
1.274187242749051147e-12
1.083075090259386935e-12
8.826164377139830949e-13
6.965121308948328043e-13
5.394323031386739976e-13
4.155958805160686651e-13
3.217517088117695649e-13
2.510870087145839100e-13
1.963290567788480271e-13
1.515912837744276191e-13
1.131082563498104812e-13
7.919597870394966971e-14
4.978891342584071832e-14
2.584924665922133268e-14
8.862074973118218800e-15
5.468132449687334115e-16
5.291180659386785684e-16
8.579851767526008796e-15
2.505768128509589346e-14
4.836797970978658389e-14
7.719283324877262383e-14
1.107963695369545290e-13
1.495569312473805440e-13
1.956068812731287238e-13
2.533803177340487432e-13
3.297823038132013460e-13
4.336135065245043713e-13
5.738386269355062236e-13
7.563704953254867663e-13
9.795286281428614095e-13
1.229738842716851120e-12
1.481513318195616639e-12
1.706400813412463160e-12
1.885382719768516964e-12
1.995772699620447318e-12
1.967412974398903940e-12
1.765573422339302147e-12
1.734149921358920978e-12
2.545683394871947569e-12
3.968631042331648005e-12
5.303030261242329659e-12
6.202000134278575100e-12
2.769699962000240517e-12
-3.786376569158274728e-12
-3.405535390038696676e-12
-2.016114840007397714e-14
-3.746988946511273850e-12
-3.869550513108063880e-12
3.415757860025364349e-12
7.256254740729048370e-12
6.281904691177840086e-12
4.787986175908121014e-12
3.150080616605674411e-12
2.117628289518800075e-12
1.964455646325360600e-12
2.018198267834048967e-12
1.956718514934343385e-12
1.808099201679064444e-12
1.621476425303325303e-12
1.404449929136426004e-12
1.166886453361325017e-12
9.317101745259404638e-13
7.216056833119325836e-13
5.492325604236285720e-13
4.163938715057127981e-13
3.177180848408212670e-13
2.448525630278170389e-13
1.895227772059509158e-13
1.452149645731573886e-13
1.077547086273043056e-13
7.516216525338127715e-14
4.713419060797268892e-14
2.443174391813008230e-14
8.368240727450202309e-15
5.161350702941745555e-16
4.951577812998876117e-16
8.032328867184169195e-15
2.348026786507875949e-14
4.539456390879882031e-14
7.262616265733994396e-14
1.046281681976073784e-13
1.419901070763351249e-13
1.870957312095955693e-13
2.447274672905740656e-13
3.223574948139298809e-13
4.297757205687006313e-13
5.776177798414388948e-13
7.743437125123858309e-13
1.021571090262983255e-12
1.309098291497657036e-12
1.614079801617630660e-12
1.910593549373150849e-12
2.183582126875827410e-12
2.408620903219330403e-12
2.490143191808039785e-12
2.398740398170896632e-12
2.753139902068437887e-12
4.531713241632053254e-12
6.637068596269672428e-12
8.046244784665796282e-12
7.390306739173195311e-12
-3.192985516727448635e-12
-1.430167791189391946e-11
-6.155662237792526410e-12
-2.668906721626885812e-13
-9.081326669952070674e-12
-1.395998698006330263e-11
-2.783415450805337538e-12
8.062216491890141087e-12
9.060680655122583416e-12
7.750587852732551538e-12
5.453740897092880864e-12
3.296536545343419896e-12
2.625314118900928557e-12
2.503163524724112672e-12
2.317956621556021424e-12
2.064459619246129292e-12
1.797558825483385281e-12
1.519978215266802150e-12
1.236723193438613181e-12
9.688360732196319608e-13
7.372639754987373052e-13
5.520648046990799926e-13
4.122808776336814119e-13
3.103226357510584088e-13
2.363498968032508552e-13
1.811938599582850809e-13
1.378204078515364177e-13
1.017295544651937534e-13
7.070183488790611746e-14
4.422997540917928898e-14
2.289098203988060185e-14
7.833422511641222486e-15
4.829625341756616530e-16
4.587502835913721591e-16
7.444508877431456424e-15
2.178103056981555361e-14
4.217249327669428555e-14
6.762932268414409472e-14
9.777188690338305900e-14
1.333595366451306825e-13
1.769569547162666086e-13
2.335857818352948114e-13
3.111330933429678938e-13
4.201945340302304160e-13
5.729085037496444234e-13
7.802284042036291659e-13
1.047258140682043918e-12
1.367624364260115213e-12
1.721620193555279139e-12
2.086408841171057374e-12
2.453607679425245382e-12
2.806402830903236896e-12
3.041730540601826840e-12
3.174961532879469783e-12
4.240035991811682054e-12
7.292518469641524434e-12
9.338661985692660899e-12
9.587633003081082716e-12
4.804698901088201823e-12
-1.566881934936685251e-11
-2.571851743505170724e-11
-5.455458962427465052e-12
-1.144421574553916182e-12
-1.495155539104083620e-11
-2.558700007161486671e-11
-1.484914726600165347e-11
4.323394054532504394e-12
9.690265776623889688e-12
1.020702806462295831e-11
8.398506215183462523e-12
4.890789787233346821e-12
3.359469896007817514e-12
2.959674159505242301e-12
2.632587715091264525e-12
2.279530281899001185e-12
1.941060992147953687e-12
1.609803154782392036e-12
1.286192610750375769e-12
9.902777762699950979e-13
7.414011355673160274e-13
5.468135489246927687e-13
4.026911238776917218e-13
2.992960540519623946e-13
2.254627263948493512e-13
1.713014113749904882e-13
1.294013028099492795e-13
9.504003754239890165e-14
6.582526273473812081e-14
4.108473255383554434e-14
2.123197852304330408e-14
7.259458950712555990e-15
4.474118542150639421e-16
4.200344202886473967e-16
6.818613110833611415e-15
1.996621346733965578e-14
3.871295575967068313e-14
6.221780590664453706e-14
9.024407281834710075e-14
1.236748099185158151e-13
1.651758916619358592e-13
2.198804020437380674e-13
2.959008365537873300e-13
4.043833448736340370e-13
5.586713348788083717e-13
7.719421520126240027e-13
1.052641894122196468e-12
1.398131520235726330e-12
1.791087792951439850e-12
2.208837369084271039e-12
2.644516636591992575e-12
3.089577147068959634e-12
3.461415814860672103e-12
3.904516533978987005e-12
6.011993559940002575e-12
1.029850007520340750e-11
1.155717754337591588e-11
9.227805927107102970e-12
-1.490817114811172370e-12
-2.597453636767566549e-11
-2.840876160683915952e-11
-1.080253823252373265e-11
-2.212456033221002143e-12
-2.121362244592932711e-11
-3.302315210295085687e-11
-2.456478386634390394e-11
-2.597902976659558335e-12
8.022008186350853701e-12
1.166515665179200363e-11
1.132757876057137890e-11
6.640841937330676080e-12
3.935015660327059790e-12
3.214129906066059653e-12
2.802709700498131263e-12
2.406313730958012520e-12
2.029757061231251502e-12
1.662470633692504653e-12
1.308947721153219675e-12
9.925047178672078081e-13
7.321330589467265113e-13
5.325297258928483696e-13
3.871776603213173238e-13
2.844467401259786086e-13
2.121227697798647444e-13
1.598330597137272151e-13
1.199677892018624432e-13
8.770262172680415497e-14
6.054769589215063804e-14
3.770943169393556156e-14
1.946084610883968086e-14
6.648523167419933802e-15
4.096188348812985719e-16
3.791693927012467169e-16
6.157211869651914510e-15
1.804321415740652198e-14
3.502981354453763097e-14
5.641250294826393346e-14
8.207148549510194212e-14
1.129641750008715508e-13
1.517711891088548535e-13
2.035946651567753697e-13
2.765515330489483909e-13
3.820181751384986088e-13
5.341200566335313809e-13
7.477693648099263862e-13
1.034261845799947561e-12
1.394041019697607253e-12
1.810094864291217606e-12
2.252458775413290187e-12
2.696015878769181443e-12
3.108980794645638896e-12
3.430168573633952112e-12
4.059392561288992637e-12
7.097829328249091808e-12
1.104193741165521577e-11
1.309574456543611384e-11
8.275966429882801800e-12
-6.942966682075046980e-12
-2.027336162735140558e-11
-2.846974302981266519e-11
-2.819641128826448467e-11
-2.498567276854998939e-12
-2.308789342381810354e-11
-3.991761301051985170e-11
-2.138767474053292455e-11
-7.946549157836381780e-12
7.392940831458448783e-12
1.355813333127222988e-11
1.235874713918047637e-11
7.701318380716847986e-12
3.866430706784047189e-12
2.978376277355885053e-12
2.698330469908871902e-12
2.393959573551499096e-12
2.042602266954541571e-12
1.667634669007335467e-12
1.299356029816835635e-12
9.724853069952496914e-13
7.079320501555165847e-13
5.085061767029213662e-13
3.654481661202347333e-13
2.656772830831804984e-13
1.963171465324929370e-13
1.468081945371074124e-13
1.095478291434838437e-13
7.974354148495893999e-14
5.488955407877702415e-14
3.411760885432480413e-14
1.758480604458182581e-14
6.003123995423253540e-15
3.697388694991353249e-16
3.363343577520003724e-16
5.463218700514869685e-15
1.602057295873312900e-14
3.113960498064711727e-14
5.023977649837375526e-14
7.329139558101005802e-14
1.012754419567468311e-13
1.367972132437949747e-13
1.847761726047882821e-13
2.530897029871448935e-13
3.529719011072449603e-13
4.987989742087441576e-13
7.065297743326647615e-13
9.895048651059945074e-13
1.350181717641034123e-12
1.768979880420399776e-12
2.197555438305891991e-12
2.556156666395115529e-12
2.704432179797458996e-12
2.513184762362794570e-12
2.777163762600739535e-12
5.182307238435531962e-12
1.632660107830116810e-12
1.116870905039043070e-11
1.104258695249231171e-11
-2.815024049589728685e-12
1.356442502152685657e-11
-1.239228193352774752e-11
-3.712561257239022905e-11
-2.490181185468192865e-12
-8.513910591654801348e-12
-2.464909493284411533e-11
-2.374213084349658406e-13
-5.199968573256015786e-12
1.484878821430973745e-11
1.724350569254915230e-11
5.801356916189527309e-12
6.284089665656637481e-12
2.486014097605699636e-12
1.908790005085722075e-12
2.195113417302525288e-12
2.203770839924752019e-12
1.965126978279969441e-12
1.617839019824462722e-12
1.253186815770132952e-12
9.280003681425510463e-13
6.677762897725435140e-13
4.743472263318879196e-13
3.373961236297116924e-13
2.429979101469867836e-13
1.780939860577922561e-13
1.322802055626308699e-13
9.818804652379690816e-14
7.119907817601555902e-14
4.887649636264984254e-14
3.032536650232818708e-14
1.561217695855050453e-14
5.326100243411234396e-15
3.279465457857967378e-16
2.917276094191092027e-16
4.739877125739954433e-15
1.390793527717920400e-14
2.706147888727359958e-14
4.373138374202629373e-14
6.395156926012402757e-14
8.867625058991799823e-14
1.203452235003400351e-13
1.635404760786818631e-13
2.256438310413043369e-13
3.173406532744310685e-13
4.526472195184028312e-13
6.477262230041068350e-13
9.169299411500675125e-13
1.263509159127573390e-12
1.662710285830268134e-12
2.036730587853670080e-12
2.206927722320031819e-12
1.795372319723505933e-12
4.241483685416644174e-13
-4.000706764801309737e-13
-1.922924979087944857e-12
-3.113612092735050898e-11
-1.506408727823324780e-11
1.843434546438611913e-11
2.135015106325019997e-11
9.617789753710159880e-11
6.969693004313646159e-11
-2.007001675871686149e-11
-2.500150330584758162e-12
2.525064010792504740e-11
5.575003090305874892e-11
5.446945510071388840e-11
1.501387992172975901e-11
3.476847853336213002e-11
7.288780474244644594e-12
-1.975034385865272869e-11
4.998178447124128813e-13
-4.886717531316609437e-13
-1.838714521863842990e-13
1.247555056186998727e-12
1.830192546603521439e-12
1.794780876567536394e-12
1.510017900731265286e-12
1.168190711591040690e-12
8.579162441653575528e-13
6.112782737510225147e-13
4.300257221215421212e-13
3.031245672859146877e-13
2.165357818074192558e-13
1.575657841841188285e-13
1.163375465825116664e-13
8.595396265393808242e-14
6.211553694081386794e-14
4.253934353304869898e-14
2.635130904816293110e-14
1.355233814125240975e-14
4.620607770456854952e-15
2.844348475981448318e-16
2.455653377934365510e-16
3.990739804194897902e-15
1.171598696686485480e-14
2.281705975589204479e-14
3.692424274592521486e-14
5.410992149487153400e-14
7.525365594145034534e-14
1.025431657573319420e-13
1.400720022456981464e-13
1.944711651547021004e-13
2.754596426772233000e-13
3.960429703873863965e-13
5.716541912505282655e-13
8.165118942116510993e-13
1.133598215336041352e-12
1.492003733347663630e-12
1.779211926707232879e-12
1.686724945729568952e-12
4.887685758407131054e-13
-2.558791235382779677e-12
-4.257146852664649342e-12
-1.193287940505685962e-11
-8.939485832462846672e-11
-1.188284777269085747e-10
5.880511438569403949e-12
6.206969474767758558e-11
2.300805446305437536e-10
2.269635640746381350e-10
3.280318184042451102e-11
-2.325720800649030998e-12
7.659174059469546571e-11
1.895393218655316150e-10
1.576529399353868388e-10
5.500801781661118787e-11
4.224095871851494060e-11
-7.577183052274605214e-11
-7.136570599426194923e-11
-8.760326054724996048e-12
-4.085069446278171279e-12
-3.029791688535374382e-12
-2.739413823524876983e-14
1.318196460389661475e-12
1.543925402707830499e-12
1.346219258372053574e-12
1.044456953861585486e-12
7.623807392173336313e-13
5.387772796540084215e-13
3.759213702798594965e-13
2.629599397162068809e-13
1.865391788658295108e-13
1.349101568533618078e-13
9.910349525789010047e-14
7.292958448065271975e-14
5.254890900953692599e-14
3.591385179412436447e-14
2.221641249060855213e-14
1.141566704138163714e-14
3.890099329701449247e-15
2.394139550589100193e-16
1.980799542532386926e-16
3.219640318636963858e-15
9.456363647586820678e-15
1.843024430276348102e-14
2.986004558303968907e-14
4.383383274326280648e-14
6.111301912255497865e-14
8.355400213922813755e-14
1.146219881640867698e-13
1.599562787018777021e-13
2.279063217379589144e-13
3.298216636596940948e-13
4.794587891390908627e-13
6.897681684938845576e-13
9.628136685009422097e-13
1.263207142313727481e-12
1.450024472820584542e-12
1.093494245563715717e-12
-8.763875270410700293e-13
-5.425440762999464810e-12
-6.167384115403568610e-12
-1.736742871886228927e-11
-1.443403820980947447e-10
-2.869644469792914802e-10
-2.733333751399959415e-11
9.947647673005980843e-11
3.607893665996263906e-10
4.368740053716680863e-10
1.223425888105550404e-10
-1.230077903621452000e-12
1.402843433460168740e-10
3.518797164266609441e-10
2.949882718185695308e-10
9.964170638910979956e-11
7.871203973460496213e-12
-2.512197025057378989e-10
-1.321560882636536124e-10
-1.634857054328635738e-11
-6.229186663928214699e-12
-5.754295524352886337e-12
-1.312482677097320691e-12
7.644187357195476178e-13
1.238281421980046044e-12
1.133218208475485278e-12
8.844856765639488574e-13
6.429146105739405095e-13
4.513843711759954163e-13
3.128352490403091754e-13
2.174542409189558990e-13
1.533758759028242606e-13
1.103677899049463325e-13
8.073453304577696555e-14
5.921633524436670108e-14
4.256421449990875625e-14
2.904034065348177521e-14
1.794382863580570445e-14
9.213451921847442333e-15
3.138297370749478815e-15
1.931096302946249678e-16
1.495180605731005857e-16
2.430658205859876793e-15
7.141534794151430834e-15
1.392693526910758524e-14
2.258472117518882774e-14
3.319914959743366662e-14
4.637620393089730777e-14
6.357260501177763526e-14
8.750331302230763212e-14
1.226031009770938709e-13
1.754895232337833179e-13
2.552645811799581221e-13
3.731297388584172634e-13
5.397512543443049293e-13
7.561436780540710294e-13
9.869079539619854212e-13
1.082957948126762352e-12
5.574358637534433119e-13
-1.822783525820578969e-12
-6.831318743672477160e-12
-4.471922282980615016e-12
-1.245491515581207313e-11
-1.524681821693653745e-10
-3.665358679784444756e-10
-8.782150358798238625e-11
1.367670601499201714e-10
4.058043485440670228e-10
6.771005113504821229e-10
2.816431747440757471e-10
1.587893449080268645e-12
2.187674030198806571e-10
5.949677273972300708e-10
3.788281922954022383e-10
1.110881049813035073e-10
-1.336258038901421068e-10
-3.890205279151631792e-10
-1.613868109136371213e-10
-1.616310170304677704e-11
-5.324510167629151079e-12
-7.126594785083805195e-12
-2.161711293490796639e-12
2.922869070365043602e-13
9.100282017481521992e-13
8.810660219278926331e-13
6.929807280590833966e-13
5.023874278700269002e-13
3.509725957565213053e-13
2.419774624501319185e-13
1.673743245350616850e-13
1.175254460193563540e-13
8.423748939285558987e-14
6.141737263314628637e-14
4.493132939170623008e-14
3.223454523274950450e-14
2.196317797402018903e-14
1.355862954140196999e-14
6.957780450770578211e-15
2.369160400821293296e-15
1.457612608794600970e-16
1.001380612517760860e-16
1.628077724796682181e-15
4.784666152392326803e-15
9.334716169875768067e-15
1.514776644263060368e-14
2.228888670825453065e-14
3.117914327714479273e-14
4.282127521818697832e-14
5.908236660251296598e-14
8.302050293616577967e-14
1.192243021845288953e-13
1.740571020890340444e-13
2.554299230744051819e-13
3.709137082892699127e-13
5.207524687680765912e-13
6.758273070413466062e-13
7.092339467323503754e-13
1.890655364322063302e-13
-1.959001615878665009e-12
-5.847264996209823623e-12
4.500514850728660239e-13
2.300180645126521605e-12
-9.600626154798394940e-11
-2.509098344865122328e-10
-7.722023520715578378e-11
3.868949845109165089e-10
3.332419693288524996e-10
7.212276730024989073e-10
4.718445478163658113e-10
1.125404002091430574e-12
3.518542251879919755e-10
6.832441575022614827e-10
2.992546510698950593e-10
2.434889667272406913e-10
-2.459487611031697561e-10
-3.340911118229017703e-10
-1.233069700594289018e-10
-4.901331942443169126e-12
-1.066018521851728467e-12
-6.158739612573027211e-12
-2.195040819698357497e-12
4.420299542421766440e-15
5.871621610792107000e-13
6.010862602983609352e-13
4.764161089462940376e-13
3.448867915390749391e-13
2.401086000011797051e-13
1.649276276559612580e-13
1.136780957886624250e-13
7.956561876321189644e-14
5.686846164963477557e-14
4.136469466379545949e-14
3.020505168147995286e-14
2.163982468976467156e-14
1.473013979551754167e-14
9.087495759752771214e-15
4.661407633099979384e-15
1.586843362933180238e-15
9.761956580810212356e-17
6.277668249535264761e-17
1.020715497937378969e-15
3.000223479809693847e-15
5.854992410955695194e-15
9.505292031831417023e-15
1.399552483719181432e-14
1.959604140602998271e-14
2.694684767406151591e-14
3.723899106957680559e-14
5.242682664319028661e-14
7.545349735035183785e-14
1.104229537465219102e-13
1.624709567583993561e-13
2.365400912178504744e-13
3.326257845066499115e-13
4.302450981720875159e-13
4.377980150192887954e-13
3.592549023016903464e-14
-1.540773410144448976e-12
-3.716855475627801196e-12
5.580107934099822959e-12
1.797650477348273257e-11
-2.139913267869466304e-11
-5.128175693372541294e-11
2.665961645764770819e-10
1.367074045072921185e-09
7.437900521892233316e-10
7.111837473183269571e-10
6.294621516282953977e-10
-7.284593181307298192e-13
5.297181752675500639e-10
6.666021601805127916e-10
6.141432551879600794e-10
1.056820436968694046e-09
3.716688148079654862e-11
-1.511479930298882983e-10
-5.273815956897457577e-11
1.020966994964273676e-11
3.902706985910602256e-12
-4.015918899675360577e-12
-1.697435675321847184e-12
-8.329821734557579960e-14
3.584240973762381738e-13
3.816769378960661786e-13
3.039440041257005312e-13
2.197917121850866959e-13
1.526601601835530130e-13
1.046017858631524594e-13
7.192960297892064403e-14
5.023814516510482794e-14
3.583989999046224336e-14
2.602821273754397985e-14
1.898270447902807975e-14
1.358736206904743664e-14
9.242915976731680495e-15
5.699779589616650452e-15
2.922872933520143058e-15
9.948460933448119470e-16
6.119682703743217259e-17
0.000000000000000000e+00
0.000000000000000000e+00
0.000000000000000000e+00
0.000000000000000000e+00
0.000000000000000000e+00
0.000000000000000000e+00
0.000000000000000000e+00
0.000000000000000000e+00
0.000000000000000000e+00
0.000000000000000000e+00
0.000000000000000000e+00
0.000000000000000000e+00
0.000000000000000000e+00
0.000000000000000000e+00
0.000000000000000000e+00
0.000000000000000000e+00
0.000000000000000000e+00
0.000000000000000000e+00
0.000000000000000000e+00
0.000000000000000000e+00
0.000000000000000000e+00
0.000000000000000000e+00
0.000000000000000000e+00
0.000000000000000000e+00
0.000000000000000000e+00
0.000000000000000000e+00
0.000000000000000000e+00
0.000000000000000000e+00
0.000000000000000000e+00
0.000000000000000000e+00
0.000000000000000000e+00
0.000000000000000000e+00
0.000000000000000000e+00
0.000000000000000000e+00
0.000000000000000000e+00
0.000000000000000000e+00
0.000000000000000000e+00
0.000000000000000000e+00
0.000000000000000000e+00
0.000000000000000000e+00
0.000000000000000000e+00
0.000000000000000000e+00
0.000000000000000000e+00
0.000000000000000000e+00
0.000000000000000000e+00
0.000000000000000000e+00
0.000000000000000000e+00
0.000000000000000000e+00
0.000000000000000000e+00
0.000000000000000000e+00
0.000000000000000000e+00
0.000000000000000000e+00
0.000000000000000000e+00
0.000000000000000000e+00
0.000000000000000000e+00
0.000000000000000000e+00
0.000000000000000000e+00
0.000000000000000000e+00
0.000000000000000000e+00
