-3.801584397401067016e-18
-4.099112368567063900e-17
-7.743788696748113984e-17
-1.133786511417185872e-16
-1.477346239083655940e-16
-1.778216965719677740e-16
-1.995119233101949687e-16
-2.079710592463433553e-16
-1.989764248909062153e-16
-1.705302230134897940e-16
-1.241808170782369509e-16
-6.538208557254259483e-17
-2.518984602518796786e-18
5.517711452329444194e-17
1.000394514551577932e-16
1.277543134072122206e-16
1.379142888968088866e-16
1.333319290987782457e-16
1.186146475635170783e-16
9.866113124957274874e-17
7.756820066104724538e-17
5.812373465263840137e-17
4.179931606673883801e-17
2.903562720906166809e-17
1.961929747438401521e-17
1.301930174549439171e-17
8.627328493384357717e-18
5.900380330912050017e-18
4.429948797643595937e-18
3.967460291060273700e-18
4.429948797741655046e-18
5.900380330989639572e-18
8.627328493461028218e-18
1.301930174550545425e-17
1.961929747436261428e-17
2.903562720906797282e-17
4.179931606675665517e-17
5.812373465264350431e-17
7.756820066102037481e-17
9.866113124951346092e-17
1.186146475635293303e-16
1.333319290988013445e-16
1.379142888967139767e-16
1.277543134071525630e-16
1.000394514552746555e-16
5.517711452334256862e-17
-2.518984602579670039e-18
-6.538208557249087514e-17
-1.241808170781922323e-16
-1.705302230135393444e-16
-1.989764248909554945e-16
-2.079710592462172608e-16
-1.995119233101326240e-16
-1.778216965719665660e-16
-1.477346239083173255e-16
-1.133786511418219526e-16
-7.743788696725527910e-17
-4.099112368609500303e-17
-3.801584396783282616e-18
-9.894731368313923219e-18
-1.067190998912569180e-16
-2.016864607092762054e-16
-2.954784788736402887e-16
-3.853476314399772033e-16
-4.643491922634894322e-16
-5.217345114789967320e-16
-5.448404351382297445e-16
-5.225043723996598627e-16
-4.492840670519927110e-16
-3.289612529140697327e-16
-1.755682192530521978e-16
-1.092787875145456495e-17
1.407540616871492210e-16
2.592199595276784145e-16
3.329186506093249793e-16
3.605464510193679447e-16
3.493159537780771503e-16
3.112432440576986105e-16
2.591893456827665058e-16
2.039584134292859658e-16
1.529336762643259171e-16
1.100358815602867139e-16
7.646286678287595133e-17
5.167835526979262013e-17
3.429906909724534055e-17
2.273075787236033465e-17
1.554678526571860150e-17
1.167258731747529251e-17
1.045398011918221541e-17
1.167258731761850158e-17
1.554678526588703255e-17
2.273075787249788303e-17
3.429906909725296416e-17
5.167835526978797324e-17
7.646286678287314101e-17
1.100358815603055480e-16
1.529336762642355185e-16
2.039584134292462516e-16
2.591893456828033851e-16
3.112432440576235208e-16
3.493159537780095548e-16
3.605464510192469039e-16
3.329186506092128625e-16
2.592199595276986291e-16
1.407540616870579350e-16
-1.092787875145880662e-17
-1.755682192528907772e-16
-3.289612529139767951e-16
-4.492840670521209995e-16
-5.225043723998188182e-16
-5.448404351380184284e-16
-5.217345114789379619e-16
-4.643491922636558818e-16
-3.853476314399213914e-16
-2.954784788737314514e-16
-2.016864607090374024e-16
-1.067190998917891279e-16
-9.894731367171003975e-18
-1.525377775032783424e-17
-1.646034787645639670e-16
-3.113271706401674177e-16
-4.566791301121656831e-16
-5.966124940838470100e-16
-7.205524038443176938e-16
-8.119179884542865703e-16
-8.509397967946836214e-16
-8.198753550576360224e-16
-7.095762265355714678e-16
-5.250897396935883460e-16
-2.875281254782644784e-16
-3.051942803826943261e-17
2.080671224454666098e-16
3.960512492191927909e-16
5.146024343554430293e-16
5.609365353207573840e-16
5.458251258295598434e-16
4.878638677786978497e-16
4.072289320972367185e-16
3.210239530052280043e-16
2.410355582288963132e-16
1.735967909371067397e-16
1.207161748324457373e-16
8.162732336497164358e-17
5.419367229446083392e-17
3.592246380695046960e-17
2.457197334340980813e-17
1.844958848283087483e-17
1.652364241239954072e-17
1.844958848277144834e-17
2.457197334345082890e-17
3.592246380695527672e-17
5.419367229448811125e-17
8.162732336507145914e-17
1.207161748324200994e-16
1.735967909372355459e-16
2.410355582287880914e-16
3.210239530051695793e-16
4.072289320972907555e-16
4.878638677787117534e-16
5.458251258295262182e-16
5.609365353202653320e-16
5.146024343553500424e-16
3.960512492192536318e-16
2.080671224455530394e-16
-3.051942803799793503e-17
-2.875281254786602894e-16
-5.250897396932639270e-16
-7.095762265353159755e-16
-8.198753550579505807e-16
-8.509397967945945787e-16
-8.119179884541007936e-16
-7.205524038444899613e-16
-5.966124940837562910e-16
-4.566791301121115475e-16
-3.113271706402367389e-16
-1.646034787645571138e-16
-1.525377774936821269e-17
-2.142319280555266522e-17
-2.313553038543355657e-16
-4.380887176504539868e-16
-6.438075657042617340e-16
-8.432239868368530486e-16
-1.021767883562061997e-15
-1.156145598106327629e-15
-1.218096029475626543e-15
-1.181605592376449088e-15
-1.032248346496204536e-15
-7.754610878096464278e-16
-4.397656838891314797e-16
-7.230533515781333723e-17
2.726245867911252941e-16
5.478594454696485306e-16
7.247984637436704210e-16
7.978730840272544568e-16
7.814398208435101970e-16
7.017298962796612535e-16
5.877929492682266841e-16
4.645851565353176836e-16
3.495145066746279600e-16
2.520904746102562030e-16
1.754820395217638454e-16
1.187453389427722709e-16
7.887475819948400649e-17
5.229812470201725242e-17
3.577954888891971221e-17
2.686693501176242432e-17
2.406289561050075435e-17
2.686693501159668650e-17
3.577954888881486150e-17
5.229812470198161193e-17
7.887475819955421511e-17
1.187453389427866676e-16
1.754820395217369255e-16
2.520904746103788215e-16
3.495145066745318669e-16
4.645851565353920337e-16
5.877929492683328845e-16
7.017298962801577428e-16
7.814398208433365490e-16
7.978730840267950440e-16
7.247984637437959485e-16
5.478594454699809369e-16
2.726245867911432900e-16
-7.230533515800782842e-17
-4.397656838890416481e-16
-7.754610878092686621e-16
-1.032248346495956045e-15
-1.181605592376619680e-15
-1.218096029475522610e-15
-1.156145598106083082e-15
-1.021767883562044642e-15
-8.432239868366765410e-16
-6.438075657043384507e-16
-4.380887176505132500e-16
-2.313553038541182838e-16
-2.142319280469720104e-17
-2.765835835696950935e-17
-2.989923647272452492e-16
-5.670323664774121650e-16
-8.353241775848388057e-16
-1.097729278525240239e-15
-1.335941438447319896e-15
-1.519908588474314549e-15
-1.612329172888521354e-15
-1.577759197916519317e-15
-1.394847460873897980e-15
-1.067704517547181918e-15
-6.311000433075714356e-16
-1.456359351879647260e-16
3.167464133834504797e-16
6.917507362747152240e-16
9.386521683031201401e-16
1.047279943951223764e-15
1.034730038887044808e-15
9.350047226141228756e-16
7.868310108748646151e-16
6.240718871937687890e-16
4.707216107260134327e-16
3.401612616961507464e-16
2.371126961532761660e-16
1.606016774119531194e-16
1.067443557677570540e-16
7.080503502780095456e-17
4.845183079706198382e-17
3.638646038851675758e-17
3.258986519528195275e-17
3.638646038849937183e-17
4.845183079702589960e-17
7.080503502757775623e-17
1.067443557677027212e-16
1.606016774118571249e-16
2.371126961530895018e-16
3.401612616962678922e-16
4.707216107259921334e-16
6.240718871938190789e-16
7.868310108746908685e-16
9.350047226140159850e-16
1.034730038886843648e-15
1.047279943951165388e-15
9.386521683035528303e-16
6.917507362748603744e-16
3.167464133837358008e-16
-1.456359351880491588e-16
-6.311000433078666668e-16
-1.067704517547299261e-15
-1.394847460873619315e-15
-1.577759197916813760e-15
-1.612329172888882850e-15
-1.519908588474279642e-15
-1.335941438447600534e-15
-1.097729278525147942e-15
-8.353241775848915607e-16
-5.670323664773382093e-16
-2.989923647272641819e-16
-2.765835835610077628e-17
-3.397498530735254952e-17
-3.677315651107995334e-16
-6.987118305967964809e-16
-1.032383406366536452e-15
-1.362276598644354310e-15
-1.666716933656570621e-15
-1.908885774644154424e-15
-2.041787916036757657e-15
-2.019083553560607528e-15
-1.810339553022853290e-15
-1.416012710912312917e-15
-8.754420453761329312e-16
-2.624339497959159501e-16
3.319511302553893732e-16
8.234824620568036181e-16
1.156119369229423169e-15
1.312534025067693255e-15
1.311289707774386242e-15
1.194235988584136264e-15
1.010806924547089427e-15
8.051888901849972275e-16
6.092888117855923818e-16
4.413314560686450181e-16
3.081505403539761758e-16
2.089590916405515874e-16
1.389920236468219209e-16
9.223960441457940060e-17
6.313646364820658158e-17
4.742016431364751102e-17
4.247366353541171110e-17
4.742016431379714191e-17
6.313646364841045282e-17
9.223960441461916412e-17
1.389920236468802966e-16
2.089590916404982407e-16
3.081505403538890066e-16
4.413314560685637655e-16
6.092888117855985941e-16
8.051888901854240999e-16
1.010806924546842316e-15
1.194235988584072760e-15
1.311289707774058273e-15
1.312534025066841285e-15
1.156119369229048066e-15
8.234824620559743281e-16
3.319511302551752468e-16
-2.624339497955929609e-16
-8.754420453762730526e-16
-1.416012710911863266e-15
-1.810339553022531830e-15
-2.019083553560453306e-15
-2.041787916036905174e-15
-1.908885774643829413e-15
-1.666716933656751467e-15
-1.362276598644423927e-15
-1.032383406366384202e-15
-6.987118305966637550e-16
-3.677315651110053275e-16
-3.397498530657006730e-17
-4.038648202969629546e-17
-4.377627661928442000e-16
-8.336279404288517823e-16
-1.236062960988347728e-15
-1.638928133147732240e-15
-2.017683247265567389e-15
-2.328811546694059258e-15
-2.514909896564373590e-15
-2.516997005370667816e-15
-2.292871348259028430e-15
-1.836308787132811947e-15
-1.188877763459115540e-15
-4.369841010451394337e-16
3.075594091826851974e-16
9.371127746223468930e-16
1.376166732338242723e-15
1.596767704721581138e-15
1.617088087526139461e-15
1.486750207047918322e-15
1.267137954080861172e-15
1.014585374261482847e-15
7.706700859742977896e-16
5.597761035590505064e-16
3.916220222809521825e-16
2.659216845774987036e-16
1.770401606010533473e-16
1.175551907188800036e-16
8.048947766891377911e-17
6.046180872698697502e-17
5.415673338848501923e-17
6.046180872691798667e-17
8.048947766881109161e-17
1.175551907189437288e-16
1.770401606013034902e-16
2.659216845776127433e-16
3.916220222812586550e-16
5.597761035588959883e-16
7.706700859743323022e-16
1.014585374261875305e-15
1.267137954080715430e-15
1.486750207047844761e-15
1.617088087525822931e-15
1.596767704721479769e-15
1.376166732339103370e-15
9.371127746218236810e-16
3.075594091826726249e-16
-4.369841010450653793e-16
-1.188877763460166894e-15
-1.836308787132336264e-15
-2.292871348258944416e-15
-2.516997005370782990e-15
-2.514909896564695839e-15
-2.328811546694235568e-15
-2.017683247265710567e-15
-1.638928133147889618e-15
-1.236062960988135524e-15
-8.336279404287340448e-16
-4.377627661928944406e-16
-4.038648202930604350e-17
-4.690344916768906427e-17
-5.092427767135204297e-16
-9.722163225860900871e-16
-1.447344401299303375e-15
-1.929634729167382653e-15
-2.392349688466537990e-15
-2.785468516986265922e-15
-3.040462025037710842e-15
-3.083720970582201206e-15
-2.858042932199747369e-15
-2.346693543955416056e-15
-1.590286292742344114e-15
-6.866644338039504831e-16
2.299522789665742212e-16
1.024367261823751176e-15
1.596341351677225348e-15
1.902681991135409101e-15
1.958507525830650023e-15
1.820853385828417327e-15
1.564481041430698986e-15
1.260158141231924524e-15
9.614148818303902960e-16
7.005444312246649737e-16
4.912036342283172418e-16
3.340527382751499356e-16
2.226248214299108980e-16
1.479168398678492298e-16
1.013131639107132501e-16
7.611541243911488207e-17
6.818033766142196327e-17
7.611541243891802430e-17
1.013131639103996655e-16
1.479168398676415129e-16
2.226248214297774326e-16
3.340527382750672038e-16
4.912036342283441617e-16
7.005444312245787907e-16
9.614148818304027205e-16
1.260158141231982899e-15
1.564481041430857942e-15
1.820853385829104425e-15
1.958507525830402320e-15
1.902681991135101051e-15
1.596341351677498491e-15
1.024367261823825329e-15
2.299522789663196164e-16
-6.866644338044153194e-16
-1.590286292741365335e-15
-2.346693543955625499e-15
-2.858042932198697001e-15
-3.083720970582702133e-15
-3.040462025037597641e-15
-2.785468516986020586e-15
-2.392349688466818824e-15
-1.929634729167480472e-15
-1.447344401299060604e-15
-9.722163225859697858e-16
-5.092427767133630520e-16
-4.690344916770445322e-17
-5.353318157750638214e-17
-5.822893833252080207e-16
-1.114834834787569550e-15
-1.667092472891327849e-15
-2.236207107592592778e-15
-2.794114069565454407e-15
-3.284667844478300033e-15
-3.627564758858321107e-15
-3.732398437439058474e-15
-3.523181883074137943e-15
-2.967926653996410270e-15
-2.102039228795873125e-15
-1.032811032030782699e-15
8.165784450814792313e-17
1.073825120123855726e-15
1.812185156274399717e-15
2.232256019178574557e-15
2.342338802533752137e-15
2.206043386543882863e-15
1.913067046207536882e-15
1.551418668129156722e-15
1.189505157510394189e-15
8.698352024312685470e-16
6.114291839051406462e-16
4.165221973207329967e-16
2.778970581632021440e-16
1.847700107019483679e-16
1.266036325451225608e-16
9.513101926005478760e-17
8.521655282472482877e-17
9.513101926010300672e-17
1.266036325450605859e-16
1.847700107018263903e-16
2.778970581633024772e-16
4.165221973206629853e-16
6.114291839052237725e-16
8.698352024314188250e-16
1.189505157510195002e-15
1.551418668129175654e-15
1.913067046207676510e-15
2.206043386543944000e-15
2.342338802533997867e-15
2.232256019178643188e-15
1.812185156275128625e-15
1.073825120125112184e-15
8.165784450764732926e-17
-1.032811032031277512e-15
-2.102039228796148832e-15
-2.967926653995616676e-15
-3.523181883072859594e-15
-3.732398437440033506e-15
-3.627564758858672939e-15
-3.284667844478315810e-15
-2.794114069565588513e-15
-2.236207107592789204e-15
-1.667092472890727131e-15
-1.114834834787731858e-15
-5.822893833248951387e-16
-5.353318157775800411e-17
-6.027918155065673487e-17
-6.569754641326968433e-16
-1.261750798936649318e-15
-1.896033126068000516e-15
-2.560283157409133958e-15
-3.226222202617482481e-15
-3.832214610208913997e-15
-4.285695903809579066e-15
-4.477193215544479585e-15
-4.307614632204224643e-15
-3.723943948214463435e-15
-2.750796798552027896e-15
-1.501748649743045761e-15
-1.597830726724801169e-16
1.069865408954675293e-15
2.016436516094481319e-15
2.586308619885333413e-15
2.775709999518656299e-15
2.653230421419451313e-15
2.325094777679878438e-15
1.899943847822469340e-15
1.464776963859939663e-15
1.075344054875596927e-15
7.579521242037650519e-16
5.172936039751023589e-16
3.455515841936450440e-16
2.299280548527765420e-16
1.576115492029386177e-16
1.184505192299358131e-16
1.061093103706358203e-16
1.184505192303030032e-16
1.576115492031606820e-16
2.299280548528985689e-16
3.455515841934606478e-16
5.172936039748672784e-16
7.579521242035411140e-16
1.075344054875550976e-15
1.464776963859801613e-15
1.899943847822446069e-15
2.325094777679865422e-15
2.653230421419706510e-15
2.775709999519096483e-15
2.586308619884582811e-15
2.016436516094977513e-15
1.069865408955055130e-15
-1.597830726733420214e-16
-1.501748649743358544e-15
-2.750796798551598755e-15
-3.723943948213459215e-15
-4.307614632204844687e-15
-4.477193215544040189e-15
-4.285695903810084726e-15
-3.832214610208772002e-15
-3.226222202617549929e-15
-2.560283157409337484e-15
-1.896033126067559937e-15
-1.261750798936635119e-15
-6.569754641324578184e-16
-6.027918155098225092e-17
-6.714068873400678599e-17
-7.333232445967579314e-16
-1.413128116546451259e-15
-2.134730232551284476e-15
-2.903291007232775049e-15
-3.691717692994677303e-15
-4.433855511309994103e-15
-5.024668850468105198e-15
-5.333362651569448896e-15
-5.232928082342431705e-15
-4.642410034968140698e-15
-3.568414574362171940e-15
-2.126023285044109140e-15
-5.232318702729093714e-16
9.912980532052792296e-16
2.197942690063636112e-15
2.963850577128893132e-15
3.265913126254606042e-15
3.174957417740271545e-15
2.815198062608685336e-15
2.319935211638110356e-15
1.799453618166256363e-15
1.326706223477600912e-15
9.378807222648751116e-16
6.413631507084576949e-16
4.289916134777966920e-16
2.856846643839949254e-16
1.959205017262150597e-16
1.472669416647561523e-16
1.319275616534111916e-16
1.472669416647716583e-16
1.959205017261679006e-16
2.856846643842110239e-16
4.289916134780575092e-16
6.413631507088286567e-16
9.378807222651190668e-16
1.326706223477693012e-15
1.799453618166340771e-15
2.319935211637674116e-15
2.815198062608733062e-15
3.174957417740961799e-15
3.265913126253405790e-15
2.963850577128010003e-15
2.197942690064973231e-15
9.912980532046378857e-16
-5.232318702720140143e-16
-2.126023285042864318e-15
-3.568414574360994171e-15
-4.642410034968490952e-15
-5.232928082340742753e-15
-5.333362651568523562e-15
-5.024668850468067333e-15
-4.433855511310121898e-15
-3.691717692994883985e-15
-2.903291007232373519e-15
-2.134730232551175219e-15
-1.413128116546250691e-15
-7.333232445967799209e-16
-6.714068873429402997e-17
-7.411223352280331617e-17
-8.112987725149752556e-16
-1.569014397142811697e-15
-2.383561108696953462e-15
-3.266407721218517327e-15
-4.193381055382288425e-15
-5.095206088269564314e-15
-5.854579458863117987e-15
-6.317294616420339824e-15
-6.323211127460197083e-15
-5.755301469760493144e-15
-4.592972515655017740e-15
-2.945876049525493044e-15
-1.045718977535226926e-15
8.095839355817607730e-16
2.340181648430062072e-15
3.361142395409607728e-15
3.820075911272367450e-15
3.785604862765083429e-15
3.401000750539173124e-15
2.828918427065704572e-15
2.208825907560748983e-15
1.636065297747794658e-15
1.160209144007649002e-15
7.950671548943294580e-16
5.325412548992793662e-16
3.549592779371797966e-16
2.435486763334758559e-16
1.831014967620210756e-16
1.640343667981100261e-16
1.831014967616027575e-16
2.435486763330904481e-16
3.549592779371341413e-16
5.325412548992593488e-16
7.950671548944943300e-16
1.160209144007629280e-15
1.636065297747747720e-15
2.208825907560681141e-15
2.828918427065781486e-15
3.401000750539175491e-15
3.785604862766339296e-15
3.820075911272576498e-15
3.361142395411357816e-15
2.340181648430126758e-15
8.095839355810473469e-16
-1.045718977536579231e-15
-2.945876049528017004e-15
-4.592972515654560201e-15
-5.755301469759410038e-15
-6.323211127461180793e-15
-6.317294616420710589e-15
-5.854579458863516362e-15
-5.095206088270029742e-15
-4.193381055382554271e-15
-3.266407721218395448e-15
-2.383561108696757036e-15
-1.569014397142762196e-15
-8.112987725151566936e-16
-7.411223352311258662e-17
-8.118322209255530856e-17
-8.908067069962284705e-16
-1.729328280451488124e-15
-2.642691062152248577e-15
-3.650513651792102220e-15
-4.733657396663583960e-15
-5.821654735603844012e-15
-6.785715139504145145e-15
-7.446497424327298350e-15
-7.605261537240996621e-15
-7.099510172709603926e-15
-5.869934157689886661e-15
-4.011000241387409761e-15
-1.774647451649686455e-15
4.865227567915238847e-16
2.419258410612029530e-15
3.770339535950673367e-15
4.444602137906316704e-15
4.501554080569741383e-15
4.103776454850668280e-15
3.448624495747664613e-15
2.712126426888708142e-15
2.018808547883186845e-15
1.436374493531876693e-15
9.864788494419314144e-16
6.617199630141411197e-16
4.414857002024632086e-16
3.030812371960498821e-16
2.279040111090262995e-16
2.041769534571753278e-16
2.279040111088089190e-16
3.030812371956462318e-16
4.414857002022691488e-16
6.617199630138230115e-16
9.864788494417842918e-16
1.436374493531981020e-15
2.018808547882967936e-15
2.712126426888516843e-15
3.448624495748107164e-15
4.103776454851255982e-15
4.501554080568943845e-15
4.444602137906092668e-15
3.770339535951931600e-15
2.419258410611934867e-15
4.865227567918498815e-16
-1.774647451651131254e-15
-4.011000241387385306e-15
-5.869934157688230054e-15
-7.099510172709302581e-15
-7.605261537240666877e-15
-7.446497424326640440e-15
-6.785715139504453589e-15
-5.821654735604087770e-15
-4.733657396663983124e-15
-3.650513651792158229e-15
-2.642691062152108949e-15
-1.729328280451474122e-15
-8.908067069962980875e-16
-8.118322209315451005e-17
-8.833756259670386182e-17
-9.716855345341256037e-16
-1.893847185795268736e-15
-2.912047298909171177e-15
-4.056142702814688037e-15
-5.314572209491903657e-15
-6.618240909242673682e-15
-7.828419111484340079e-15
-8.739529021137610413e-15
-9.108738620824894522e-15
-8.717449401363429119e-15
-7.453437331257616617e-15
-5.382624433596321295e-15
-2.770533347175465252e-15
-2.874460671552065218e-17
2.401196939500463897e-15
4.177561848223995287e-15
5.144269709014141912e-15
5.341267130251006705e-15
4.949232093199155762e-15
4.206107629719866478e-15
3.333661576393819727e-15
2.494522972122286311e-15
1.780979102814597497e-15
1.225921284631350878e-15
8.235975492445219718e-16
5.500571853626358302e-16
3.778431780822262973e-16
2.841843870233339671e-16
2.546046381149776096e-16
2.841843870236650915e-16
3.778431780828000457e-16
5.500571853630228651e-16
8.235975492446883228e-16
1.225921284631265089e-15
1.780979102814675199e-15
2.494522972121932112e-15
3.333661576394059147e-15
4.206107629719694507e-15
4.949232093199654322e-15
5.341267130251356959e-15
5.144269709015118522e-15
4.177561848223688420e-15
2.401196939502058974e-15
-2.874460671756905894e-17
-2.770533347173068298e-15
-5.382624433596596607e-15
-7.453437331258383390e-15
-8.717449401365669484e-15
-9.108738620822982324e-15
-8.739529021138867857e-15
-7.828419111483369780e-15
-6.618240909241717582e-15
-5.314572209492804536e-15
-4.056142702814665160e-15
-2.912047298909338810e-15
-1.893847185795245070e-15
-9.716855345339106391e-16
-8.833756259761741205e-17
-9.555334332404831388e-17
-1.053703342656946178e-15
-2.062195775570625133e-15
-3.191292657690955762e-15
-4.483429015083532228e-15
-5.937635213893911358e-15
-7.489505279702159801e-15
-8.992902438705313009e-15
-1.021584937972385988e-14
-1.086623613447345462e-14
-1.065763490031909768e-14
-9.407707857693020826e-15
-7.135962335117958834e-15
-4.110398657542193546e-15
-8.036116566507001752e-16
2.238290783067344609e-15
4.560161889756301130e-15
5.920827131467036080e-15
6.325218462475797492e-15
5.968437223923182101e-15
5.135174241863303071e-15
4.104288201404623451e-15
3.088245199210677727e-15
2.212729764965597784e-15
1.526630752142629031e-15
1.027253400772545937e-15
6.868451709596636784e-16
4.721255613625374695e-16
3.551852962529376864e-16
3.182238667283081749e-16
3.551852962532818763e-16
4.721255613631212265e-16
6.868451709599344549e-16
1.027253400772803303e-15
1.526630752142972777e-15
2.212729764965453028e-15
3.088245199210486822e-15
4.104288201404869575e-15
5.135174241864192906e-15
5.968437223923474769e-15
6.325218462475209790e-15
5.920827131468456819e-15
4.560161889753884060e-15
2.238290783066733242e-15
-8.036116566532430684e-16
-4.110398657542821480e-15
-7.135962335120885508e-15
-9.407707857690723663e-15
-1.065763490032139011e-14
-1.086623613447242752e-14
-1.021584937972580048e-14
-8.992902438704696119e-15
-7.489505279703210563e-15
-5.937635213894839847e-15
-4.483429015083325547e-15
-3.191292657691210170e-15
-2.062195775570543092e-15
-1.053703342656907327e-15
-9.555334332473181255e-17
-1.028025747099203824e-16
-1.136554297316516983e-15
-2.233835471940034634e-15
-3.479799775688447495e-15
-4.932050880679757482e-15
-6.603732684317969038e-15
-8.439310137068197892e-15
-1.028899636581440069e-14
-1.189557772144656376e-14
-1.291324308398066491e-14
-1.297520143142070973e-14
-1.180857297496362835e-14
-9.363063302221029727e-15
-5.891947760041117236e-15
-1.926999154756765102e-15
1.864200338370673412e-15
4.882882024067134712e-15
6.770860511290912147e-15
7.475580036348032212e-15
7.198925368780763068e-15
6.278225974486849328e-15
5.063355854362087884e-15
3.832105116694766636e-15
2.755662230707237750e-15
1.905614806788183726e-15
1.284369958688087051e-15
8.598138513572589121e-16
5.914821087559812557e-16
4.451095921985613813e-16
3.988025894345816968e-16
4.451095921983224551e-16
5.914821087558097770e-16
8.598138513572926359e-16
1.284369958688302213e-15
1.905614806788440500e-15
2.755662230707718955e-15
3.832105116694772947e-15
5.063355854361611412e-15
6.278225974487649233e-15
7.198925368780824599e-15
7.475580036349046687e-15
6.770860511290647090e-15
4.882882024068290393e-15
1.864200338372646353e-15
-1.926999154757111412e-15
-5.891947760040405684e-15
-9.363063302220455437e-15
-1.180857297496382241e-14
-1.297520143141783197e-14
-1.291324308398203437e-14
-1.189557772144544673e-14
-1.028899636581490398e-14
-8.439310137069346473e-15
-6.603732684317721336e-15
-4.932050880680433535e-15
-3.479799775687655478e-15
-2.233835471940444447e-15
-1.136554297316359802e-15
-1.028025747099162532e-16
-1.100510079522770307e-16
-1.219855983191290052e-15
-2.408055414677932905e-15
-3.776626429913698467e-15
-5.401173020449902768e-15
-7.313009314724584409e-15
-9.470629181980044004e-15
-1.172583783179866207e-14
-1.379913417119766903e-14
-1.528795254327893170e-14
-1.573229934374185342e-14
-1.474503030249027812e-14
-1.217608304842428809e-14
-8.238670328352676362e-15
-3.515759741340507596e-15
1.187387440639684172e-15
5.092474663996856512e-15
7.682606291813096893e-15
8.815513378265221235e-15
8.686000029864683069e-15
7.688662095638426907e-15
6.261285581314763342e-15
4.767501136390611947e-15
3.440741597022639444e-15
2.384760950288553435e-15
1.609998159947350109e-15
1.079258961777272951e-15
7.431183442463668972e-16
5.594202691912581998e-16
5.012401378356922746e-16
5.594202691908689956e-16
7.431183442459590561e-16
1.079258961777028010e-15
1.609998159947134355e-15
2.384760950288455617e-15
3.440741597022136151e-15
4.767501136390839928e-15
6.261285581314401255e-15
7.688662095639113216e-15
8.686000029866368076e-15
8.815513378266619097e-15
7.682606291814207609e-15
5.092474663997018228e-15
1.187387440640784831e-15
-3.515759741341073604e-15
-8.238670328351693441e-15
-1.217608304842706804e-14
-1.474503030248967228e-14
-1.573229934374171458e-14
-1.528795254327717097e-14
-1.379913417119982893e-14
-1.172583783179856740e-14
-9.470629181980282240e-15
-7.313009314724461347e-15
-5.401173020450417894e-15
-3.776626429913476008e-15
-2.408055414678019285e-15
-1.219855983191460643e-15
-1.100510079517166683e-16
-1.172580435152113667e-16
-1.303147775435651285e-15
-2.583965290759036164e-15
-4.080492936659867111e-15
-5.889388713490386340e-15
-8.064741408234525267e-15
-1.058530698385599133e-14
-1.331148198859596835e-14
-1.594674405992831790e-14
-1.803087067583225628e-14
-1.899829689789191601e-14
-1.832079918748556342e-14
-1.571096875004324615e-14
-1.130601867261523493e-14
-5.722850679645641484e-15
8.235402331346546461e-17
5.110203284273697628e-15
8.631248379337113356e-15
1.036785270047917082e-14
1.048428869759846212e-14
9.434050475001674993e-15
7.763030209023339918e-15
5.947999644928993526e-15
4.307959254204875569e-15
2.992266644935377126e-15
2.023541364596272715e-15
1.358506653505744674e-15
9.364023450480654553e-16
7.052367954495325670e-16
6.319243455206837238e-16
7.052367954498165569e-16
9.364023450482575429e-16
1.358506653505462854e-15
2.023541364596141765e-15
2.992266644935271418e-15
4.307959254204190838e-15
5.947999644929525218e-15
7.763030209023278387e-15
9.434050475002200375e-15
1.048428869759737191e-14
1.036785270047909825e-14
8.631248379336802545e-15
5.110203284273829368e-15
8.235402331636328352e-17
-5.722850679649447738e-15
-1.130601867261692625e-14
-1.571096875004387724e-14
-1.832079918748726736e-14
-1.899829689788941375e-14
-1.803087067583273591e-14
-1.594674405992899632e-14
-1.331148198859658839e-14
-1.058530698385623272e-14
-8.064741408235639138e-15
-5.889388713490481004e-15
-4.080492936660038294e-15
-2.583965290758498160e-15
-1.303147775436083581e-15
-1.172580435143381717e-16
-1.243767429314441824e-16
-1.385890416027193976e-15
-2.760490499878875461e-15
-4.389762621421181124e-15
-6.394663638976903214e-15
-8.857204026252001637e-15
-1.178378989383732448e-14
-1.505243726724634631e-14
-1.835778271814329772e-14
-2.118417033754696561e-14
-2.284969168477550560e-14
-2.265574236972318830e-14
-2.013151162300621729e-14
-1.528879929298794359e-14
-8.747697079809772765e-15
-1.622004210196707555e-15
4.821430171763736693e-15
9.572045809465544933e-15
1.215286333361141254e-14
1.265960544155680108e-14
1.160037321151831409e-14
9.652771784082190844e-15
7.443230225362898910e-15
5.409087644979962274e-15
3.764478793099986903e-15
2.550014036237539605e-15
1.714817288308996601e-15
1.183535070433831293e-15
8.918598415197301702e-16
7.992053908718078207e-16
8.918598415200074549e-16
1.183535070434113705e-15
1.714817288309255545e-15
2.550014036237803873e-15
3.764478793100454698e-15
5.409087644979501579e-15
7.443230225362708005e-15
9.652771784082976550e-15
1.160037321151973877e-14
1.265960544155819894e-14
1.215286333361406311e-14
9.572045809468001446e-15
4.821430171762544725e-15
-1.622004210196989770e-15
-8.747697079810861393e-15
-1.528879929298614183e-14
-2.013151162300566824e-14
-2.265574236972476286e-14
-2.284969168477596945e-14
-2.118417033754543522e-14
-1.835778271814465771e-14
-1.505243726724582882e-14
-1.178378989383657349e-14
-8.857204026252784187e-15
-6.394663638977273978e-15
-4.389762621420526369e-15
-2.760490499878596204e-15
-1.385890416027517212e-15
-1.243767429304689777e-16
-1.313539569723214563e-16
-1.467466966756760216e-15
-2.936370141505679877e-15
-4.702426485528896541e-15
-6.914283664950210395e-15
-9.687535681167761471e-15
-1.306483209155839408e-14
-1.695312119402778912e-14
-2.104993976072349340e-14
-2.479072678317509830e-14
-2.736960906505038731e-14
-2.788699513817751026e-14
-2.563365705811508770e-14
-2.042988785883409744e-14
-1.284923149776814651e-14
-4.157810133646834137e-15
4.061212786371193952e-15
1.043036586313466490e-14
1.418461528988940781e-14
1.529121024072835546e-14
1.429779996187148546e-14
1.204037763992896766e-14
9.344162920155719004e-15
6.811308808279782353e-15
4.748250935667838228e-15
3.221641298057451505e-15
2.170549128135790234e-15
1.500429451955543297e-15
1.131467146111336145e-15
1.014026040815531459e-15
1.131467146110779012e-15
1.500429451954925619e-15
2.170549128135872670e-15
3.221641298058531850e-15
4.748250935667948669e-15
6.811308808279982723e-15
9.344162920156414780e-15
1.204037763993011151e-14
1.429779996187240370e-14
1.529121024072899917e-14
1.418461528989268474e-14
1.043036586313726499e-14
4.061212786370962027e-15
-4.157810133646851492e-15
-1.284923149776832953e-14
-2.042988785883345373e-14
-2.563365705811387285e-14
-2.788699513818005670e-14
-2.736960906504898945e-14
-2.479072678317444197e-14
-2.104993976072238269e-14
-1.695312119402809204e-14
-1.306483209155878062e-14
-9.687535681168828011e-15
-6.914283664951146773e-15
-4.702426485528249675e-15
-2.936370141505509878e-15
-1.467466966756967292e-15
-1.313539569715181248e-16
-1.381305823643497781e-16
-1.547185303113221675e-15
-3.110158315081197397e-15
-5.016093285104371056e-15
-7.444809177341077784e-15
-1.055160518064863415e-14
-1.442518272641143007e-14
-1.901523893187617739e-14
-2.403818514302814939e-14
-2.889276827651736590e-14
-3.264673814654535129e-14
-3.416957494807187593e-14
-3.244987002217024911e-14
-2.703031039197342267e-14
-1.836214498711418323e-14
-7.838494593151790462e-15
2.594452235682519473e-15
1.108731525153673786e-14
1.646530112022487441e-14
1.847459511638067636e-14
1.766866400468717120e-14
1.507038467469248950e-14
1.177031988715021074e-14
8.602005521456960955e-15
6.003947552609853727e-15
4.079873093418644700e-15
2.754647041751238515e-15
1.907860771014756020e-15
1.440036691719484287e-15
1.290760848300306626e-15
1.440036691719033453e-15
1.907860771014209734e-15
2.754647041749719958e-15
4.079873093417254728e-15
6.003947552608785610e-15
8.602005521456290423e-15
1.177031988715065724e-14
1.507038467469388105e-14
1.766866400468737315e-14
1.847459511638012100e-14
1.646530112022471979e-14
1.108731525153598529e-14
2.594452235686829020e-15
-7.838494593151793618e-15
-1.836214498711364996e-14
-2.703031039197636039e-14
-3.244987002216738397e-14
-3.416957494807376919e-14
-3.264673814654364735e-14
-2.889276827651619207e-14
-2.403818514303039291e-14
-1.901523893187737646e-14
-1.442518272641057179e-14
-1.055160518064957289e-14
-7.444809177340322055e-15
-5.016093285104356068e-15
-3.110158315081221852e-15
-1.547185303113251849e-15
-1.381305823637406543e-16
-1.446419577427328822e-16
-1.624282297999684237e-15
-3.280229212507560640e-15
-5.327986293302587383e-15
-7.982038862856449599e-15
-1.144388629012130683e-14
-1.585926275833931996e-14
-2.123709154341876169e-14
-2.733352533374147882e-14
-3.353007341875978397e-14
-3.877352841232945168e-14
-4.167616610875471329e-14
-4.085322287650167120e-14
-3.546061211165938447e-14
-2.571689889271559810e-14
-1.308533819534973840e-14
8.863867280960378495e-17
1.135912311701334905e-14
1.897651645257106415e-14
2.232498647048993287e-14
2.189864810168623487e-14
1.893465065731822319e-14
1.487971264929505661e-14
1.089509839670078507e-14
7.609242405658987705e-15
5.177886678753997373e-15
3.504528315309117591e-15
2.432965362655852308e-15
1.838569675765135001e-15
1.648332850087906305e-15
1.838569675766055996e-15
2.432965362657499449e-15
3.504528315311301158e-15
5.177886678756255882e-15
7.609242405659276428e-15
1.089509839670125208e-14
1.487971264929383230e-14
1.893465065732063395e-14
2.189864810168724462e-14
2.232498647048963942e-14
1.897651645257657355e-14
1.135912311701678848e-14
8.863867280712231204e-17
-1.308533819535049098e-14
-2.571689889271863994e-14
-3.546061211166332247e-14
-4.085322287649982211e-14
-4.167616610876006492e-14
-3.877352841233003228e-14
-3.353007341875771400e-14
-2.733352533374288930e-14
-2.123709154341795705e-14
-1.585926275833883718e-14
-1.144388629012145041e-14
-7.982038862855902129e-15
-5.327986293303130119e-15
-3.280229212507138600e-15
-1.624282298000026603e-15
-1.446419577423530950e-16
-1.508184074139156958e-16
-1.697929820773136733e-15
-3.444786448195821428e-15
-5.634948028450656817e-15
-8.520986114761832984e-15
-1.235734691785489638e-14
-1.735884304346879940e-14
-2.361282731300790498e-14
-3.094154748190106417e-14
-3.873765180156688043e-14
-4.584344601515999579e-14
-5.059568263116883598e-14
-5.116069459686384347e-14
-4.617323319348828031e-14
-3.546399211203718304e-14
-2.046192479266250428e-14
-3.923409452029753789e-15
1.096767034713985002e-14
2.166605692086134523e-14
2.698182832387031053e-14
2.723267670090928407e-14
2.389035587866496523e-14
1.888263543969025488e-14
1.383942988444785274e-14
9.663861992995171194e-15
6.583633154217006915e-15
4.468434680673503272e-15
3.111177588283501622e-15
2.354704559206619070e-15
2.111695718600082270e-15
2.354704559206998512e-15
3.111177588283493733e-15
4.468434680672597660e-15
6.583633154216857820e-15
9.663861992994772030e-15
1.383942988444886406e-14
1.888263543969071558e-14
2.389035587866594342e-14
2.723267670090882022e-14
2.698182832387206496e-14
2.166605692086196685e-14
1.096767034713466405e-14
-3.923409452025078211e-15
-2.046192479266454270e-14
-3.546399211203461451e-14
-4.617323319348826137e-14
-5.116069459686461340e-14
-5.059568263117798046e-14
-4.584344601515723162e-14
-3.873765180156625565e-14
-3.094154748190019958e-14
-2.361282731300945746e-14
-1.735884304346916228e-14
-1.235734691785418798e-14
-8.520986114762519293e-15
-5.634948028450921085e-15
-3.444786448195595419e-15
-1.697929820773575537e-15
-1.508184074139630275e-16
-1.565859387279900046e-16
-1.767242645122771621e-15
-3.601877014330144099e-15
-5.933454188940982872e-15
-9.055871391220889962e-15
-1.328336047273256573e-14
-1.891273832876577272e-14
-2.613165709840112689e-14
-3.486076307513054852e-14
-4.454285761077528009e-14
-5.394707294025850643e-14
-6.113011152641855669e-14
-6.373493588447956695e-14
-5.971529349059030486e-14
-4.830280198416369338e-14
-3.071843490719970786e-14
-1.009423996158950239e-14
9.498491816689960860e-15
2.442808091427052353e-14
3.261458896431031065e-14
3.399771910621446076e-14
3.028583113937679901e-14
2.406091781744556988e-14
1.762983146139050470e-14
1.229539659601302993e-14
8.383429036334926208e-15
5.708293649523690958e-15
3.988699201622253457e-15
3.024831487326228158e-15
2.713790071496139249e-15
3.024831487325709482e-15
3.988699201621373089e-15
5.708293649524098010e-15
8.383429036336065323e-15
1.229539659601408542e-14
1.762983146139157755e-14
2.406091781744451281e-14
3.028583113937781506e-14
3.399771910621949685e-14
3.261458896431198303e-14
2.442808091426785402e-14
9.498491816686852748e-15
-1.009423996159053580e-14
-3.071843490720598719e-14
-4.830280198416581384e-14
-5.971529349059445742e-14
-6.373493588448798567e-14
-6.113011152642296168e-14
-5.394707294025899868e-14
-4.454285761077376547e-14
-3.486076307513245441e-14
-2.613165709840276456e-14
-1.891273832876550135e-14
-1.328336047273320471e-14
-9.055871391221175529e-15
-5.933454188940676005e-15
-3.601877014330535374e-15
-1.767242645123091701e-15
-1.565859387288048486e-16
-1.618670954526268030e-16
-1.831288318765796477e-15
-3.749410165940094504e-15
-6.219637931750699883e-15
-9.580133890472066811e-15
-1.421164781210642122e-14
-2.050653494429158776e-14
-2.877706344043927249e-14
-3.908078073793715145e-14
-5.096190977770269018e-14
-6.316683166534538761e-14
-7.348903716197145888e-14
-7.898345842285712842e-14
-7.674071361429576956e-14
-6.511493755773299107e-14
-4.484789195330260283e-14
-1.933034120436155814e-14
6.341082119263813407e-15
2.707340755569250107e-14
3.943027487208691414e-14
4.263570917146097956e-14
3.859782312403427406e-14
3.079487832924085497e-14
2.252164041976636108e-14
1.566620256226045250e-14
1.068596977224499205e-14
7.303058801509255989e-15
5.125574480510621147e-15
3.896822802380856731e-15
3.498095677769147285e-15
3.896822802379842256e-15
5.125574480509206720e-15
7.303058801510306752e-15
1.068596977224469859e-14
1.566620256226214382e-14
2.252164041976801769e-14
3.079487832924134091e-14
3.859782312403883052e-14
4.263570917146363644e-14
3.943027487209195023e-14
2.707340755569033644e-14
6.341082119258563537e-15
-1.933034120436646170e-14
-4.484789195331370368e-14
-6.511493755773312991e-14
-7.674071361429706960e-14
-7.898345842286198780e-14
-7.348903716196845490e-14
-6.316683166535101692e-14
-5.096190977770084109e-14
-3.908078073793907627e-14
-2.877706344044256677e-14
-2.050653494428934424e-14
-1.421164781210794215e-14
-9.580133890471789132e-15
-6.219637931750799280e-15
-3.749410165940615152e-15
-1.831288318765970420e-15
-1.618670954544400984e-16
-1.665819655315920680e-16
-1.889098999148846745e-15
-3.885181431141799142e-15
-6.489325457991229708e-15
-1.008646578426916056e-14
-1.513025868798805768e-14
-2.212237287809607164e-14
-3.152604269281510074e-14
-4.358036062570958936e-14
-5.799582993120803354e-14
-7.357014168465548677e-14
-8.788115956936747677e-14
-9.735385080287037840e-14
-9.801991881890702422e-14
-8.700134333773388304e-14
-6.415644741290228428e-14
-3.288424072730870275e-14
6.042545560407638898e-16
2.928504933059868289e-14
4.768295285576919398e-14
5.375116492452272558e-14
4.948540223797925411e-14
3.960104309156940693e-14
2.884949279740531778e-14
1.998117622232283258e-14
1.362639125524342660e-14
9.352334564874067255e-15
6.599366435717530168e-15
5.033465191657422204e-15
4.521884118728455691e-15
5.033465191657018308e-15
6.599366435717510447e-15
9.352334564871557099e-15
1.362639125523986884e-14
1.998117622232169346e-14
2.884949279740356966e-14
3.960104309157172934e-14
4.948540223798048474e-14
5.375116492452536985e-14
4.768295285577985307e-14
2.928504933059751537e-14
6.042545560409275784e-16
-3.288424072730898674e-14
-6.415644741290142600e-14
-8.700134333772612065e-14
-9.801991881890970003e-14
-9.735385080287465718e-14
-8.788115956936707287e-14
-7.357014168466158309e-14
-5.799582993121055790e-14
-4.358036062570536738e-14
-3.152604269282293255e-14
-2.212237287809214943e-14
-1.513025868799103327e-14
-1.008646578426827546e-14
-6.489325457991374859e-15
-3.885181431142660578e-15
-1.889098999148717372e-15
-1.665819655342356149e-16
-1.706493370793632855e-16
-1.939685203063403518e-15
-4.006901806947010634e-15
-6.738083621030355847e-15
-1.056687194216904496e-14
-1.602560170885766986e-14
-2.373880529640236724e-14
-3.434842917978429590e-14
-4.832542995246268336e-14
-6.562586304782442146e-14
-8.520087325867042519e-14
-1.045020693164162201e-13
-1.193232250883495024e-13
-1.244444358088420712e-13
-1.153212032654526782e-13
-9.034933309857796603e-14
-5.247707371754146519e-14
-9.003556702734931567e-15
3.055148633169003869e-14
5.768519972910820489e-14
6.817993468580717614e-14
6.386791139224693682e-14
5.118467183874568669e-14
3.705105314335760683e-14
2.549564572358069963e-14
1.736952915974140095e-14
1.197976510665335336e-14
8.509237844761207654e-15
6.516565885296883122e-15
5.860186339918576285e-15
6.516565885298049059e-15
8.509237844765027319e-15
1.197976510665573888e-14
1.736952915974165969e-14
2.549564572358087003e-14
3.705105314335972098e-14
5.118467183874678478e-14
6.386791139224750480e-14
6.817993468580970049e-14
5.768519972912001887e-14
3.055148633167595279e-14
-9.003556702710098226e-15
-5.247707371755958375e-14
-9.034933309857529021e-14
-1.153212032654634824e-13
-1.244444358088447218e-13
-1.193232250883747460e-13
-1.045020693164122316e-13
-8.520087325867503213e-14
-6.562586304782241459e-14
-4.832542995246140225e-14
-3.434842917978615761e-14
-2.373880529640326970e-14
-1.602560170885776137e-14
-1.056687194217138787e-14
-6.738083621029984294e-15
-4.006901806947863393e-15
-1.939685203063091129e-15
-1.706493370820536463e-16
-1.739879915154962750e-16
-1.982051355527733435e-15
-4.112232042158906202e-15
-6.961279948934301963e-15
-1.101275756111923659e-14
-1.688253145629043677e-14
-2.533076009178665145e-14
-3.720635954791478885e-14
-5.326716948050607777e-14
-7.380851657087432013e-14
-9.806906998162729924e-14
-1.235175625543813135e-13
-1.453796974202930292e-13
-1.570224653597418537e-13
-1.517287965207699374e-13
-1.256328543364282183e-13
-8.045975724578617938e-14
-2.434301965797293291e-14
3.006616583699728692e-14
6.982039825936728330e-14
8.708789353417582903e-14
8.303732072829378852e-14
6.651214664356916376e-14
4.769561018163323824e-14
3.252151809214456522e-14
2.211066135965154830e-14
1.533507617830055123e-14
1.097985366697542412e-14
8.451437923825176575e-15
7.610259425465670940e-15
8.451437923825042469e-15
1.097985366697596212e-14
1.533507617830336273e-14
2.211066135965358356e-14
3.252151809214683714e-14
4.769561018163624853e-14
6.651214664357313962e-14
8.303732072829920326e-14
8.708789353418253120e-14
6.982039825937465441e-14
3.006616583699607523e-14
-2.434301965797542256e-14
-8.045975724578392008e-14
-1.256328543364412440e-13
-1.517287965207845029e-13
-1.570224653597475335e-13
-1.453796974203003499e-13
-1.235175625543906788e-13
-9.806906998162988670e-14
-7.380851657088029023e-14
-5.326716948050270776e-14
-3.720635954791711756e-14
-2.533076009178971539e-14
-1.688253145628925348e-14
-1.101275756112171992e-14
-6.961279948934445535e-15
-4.112232042158913302e-15
-1.982051355527753156e-15
-1.739879915174387464e-16
-1.765181175189099579e-16
-2.015212956145008454e-15
-4.198821729417220668e-15
-7.154155075626497924e-15
-1.141504537279578066e-14
-1.768450043447833737e-14
-2.686962833664993241e-14
-4.005394301573463268e-14
-5.834031236861141503e-14
-8.247044124736812853e-14
-1.121390765192622555e-13
-1.450419168774379582e-13
-1.759933808427004602e-13
-1.968599997399927899e-13
-1.982015740187864364e-13
-1.728301645430894877e-13
-1.200215235492127496e-13
-4.808067880944718320e-14
2.657549018352532139e-14
8.455261717084501265e-14
1.121114602127036997e-13
1.088193359784637218e-13
8.690902643780450300e-14
6.151547755986772331e-14
4.142759576726841656e-14
2.807050989992327249e-14
1.959268555490101539e-14
1.416385301298692582e-14
1.097096602015867700e-14
9.895886006402366598e-15
1.097096602015784238e-14
1.416385301298595867e-14
1.959268555490055470e-14
2.807050989992347128e-14
4.142759576726890881e-14
6.151547755986834178e-14
8.690902643780557585e-14
1.088193359784694269e-13
1.121114602127094047e-13
8.455261717085051574e-14
2.657549018353023758e-14
-4.808067880944170535e-14
-1.200215235492176216e-13
-1.728301645430916082e-13
-1.982015740188025418e-13
-1.968599997400060932e-13
-1.759933808427055847e-13
-1.450419168774403563e-13
-1.121390765192704091e-13
-8.247044124736603332e-14
-5.834031236861059461e-14
-4.005394301573590748e-14
-2.686962833665308785e-14
-1.768450043447964688e-14
-1.141504537279708859e-14
-7.154155075627174766e-15
-4.198821729416926423e-15
-2.015212956145206063e-15
-1.765181175198240504e-16
-1.781628241515825410e-16
-2.038215111550749777e-15
-4.264352733387486527e-15
-7.311907111493919394e-15
-1.176432313242754871e-14
-1.841378191094921706e-14
-2.832350322048316138e-14
-4.283720791326099611e-14
-6.346182671485641333e-14
-9.150347761072648257e-14
-1.273164389815238405e-13
-1.691108551534239567e-13
-2.115742463266672066e-13
-2.451203419724871783e-13
-2.570485595641031883e-13
-2.355036552610306008e-13
-1.754536844405353641e-13
-8.401913548913222223e-14
1.814799162479651627e-14
1.024264868361451903e-13
1.455556265092462469e-13
1.438030165347041492e-13
1.141894525158652657e-13
7.943353778661476846e-14
5.262563012509755285e-14
3.547873919468323889e-14
2.494338552072502159e-14
1.824070330125045435e-14
1.423770758425818322e-14
1.287014612121409342e-14
1.423770758426002600e-14
1.824070330125076989e-14
2.494338552072467764e-14
3.547873919468393309e-14
5.262563012509923155e-14
7.943353778661435195e-14
1.141894525158655939e-13
1.438030165347050328e-13
1.455556265092587677e-13
1.024264868361479545e-13
1.814799162480428813e-14
-8.401913548913040470e-14
-1.754536844405325873e-13
-2.355036552610372146e-13
-2.570485595641083885e-13
-2.451203419724985884e-13
-2.115742463266781118e-13
-1.691108551534331706e-13
-1.273164389815355030e-13
-9.150347761072751756e-14
-6.346182671485810465e-14
-4.283720791326116019e-14
-2.832350322048462866e-14
-1.841378191095045084e-14
-1.176432313242997524e-14
-7.311907111493797909e-15
-4.264352733387619844e-15
-2.038215111550811702e-15
-1.781628241514392148e-16
-1.788497262716096733e-16
-2.050152113074292719e-15
-4.306586277931308825e-15
-7.429786966587391011e-15
-1.205102090919702378e-14
-1.905176738574721972e-14
-2.965758982671256735e-14
-4.549439539575226909e-14
-6.853017754686946592e-14
-1.007602988595149620e-13
-1.434342433347107795e-13
-1.956494559394573377e-13
-2.524144772048765196e-13
-3.029532155866996544e-13
-3.308824979555743748e-13
-3.180683121750488940e-13
-2.524723713085893272e-13
-1.375532699607920317e-13
1.822779608767550460e-15
1.240413355065391112e-13
1.906700003895884465e-13
1.916662825434210145e-13
1.508204740145378715e-13
1.025704501946926444e-13
6.652532732656386260e-14
4.453604033317225911e-14
3.157396808217462774e-14
2.340899360587763174e-14
1.844187671603881504e-14
1.671469156745100262e-14
1.844187671604114376e-14
2.340899360588044639e-14
3.157396808217838903e-14
4.453604033317428491e-14
6.652532732656289072e-14
1.025704501946946639e-13
1.508204740145391841e-13
1.916662825434275526e-13
1.906700003895997051e-13
1.240413355065437308e-13
1.822779608772839772e-15
-1.375532699607754215e-13
-2.524723713086036656e-13
-3.180683121750566185e-13
-3.308824979556079487e-13
-3.029532155867107616e-13
-2.524144772048921201e-13
-1.956494559394591047e-13
-1.434342433347214828e-13
-1.007602988595169689e-13
-6.853017754687098053e-14
-4.549439539575536143e-14
-2.965758982671477616e-14
-1.905176738574650344e-14
-1.205102090919923890e-14
-7.429786966587941636e-15
-4.306586277931678801e-15
-2.050152113074312046e-15
-1.788497262703395825e-16
-1.785125704483549837e-16
-2.050187672242601309e-15
-4.323412809862216041e-15
-7.503203085888185948e-15
-1.226561632859899702e-14
-1.957933940668955553e-14
-3.083480071183200157e-14
-4.795666617419128487e-14
-7.342537817740051232e-14
-1.100511824928822725e-13
-1.602399105023182359e-13
-2.244360698305094496e-13
-2.986138508941995369e-13
-3.713835150240422674e-13
-4.225319940388610804e-13
-4.258665647656769466e-13
-3.585934418931705766e-13
-2.162920679695180981e-13
-2.692683732485917494e-14
1.499688591837039962e-13
2.520295237296180609e-13
2.576361337534993218e-13
2.001185755797937517e-13
1.321949004733720956e-13
8.342562058504428629e-14
5.533825910563592069e-14
3.962882791186281166e-14
2.987046805649122002e-14
2.379435014925199239e-14
2.163463600324645606e-14
2.379435014925249411e-14
2.987046805648959812e-14
3.962882791186136647e-14
5.533825910563462696e-14
8.342562058504255711e-14
1.321949004733700761e-13
2.001185755797986490e-13
2.576361337535006850e-13
2.520295237296191211e-13
1.499688591837291135e-13
-2.692683732485632242e-14
-2.162920679695245857e-13
-3.585934418931997582e-13
-4.258665647656881548e-13
-4.225319940389063168e-13
-3.713835150240606951e-13
-2.986138508942254368e-13
-2.244360698305213393e-13
-1.602399105023350481e-13
-1.100511824928826259e-13
-7.342537817740364252e-14
-4.795666617419818898e-14
-3.083480071183254431e-14
-1.957933940668880454e-14
-1.226561632860059525e-14
-7.503203085890055549e-15
-4.323412809861921007e-15
-2.050187672242837573e-15
-1.785125704460701714e-16
-1.770928652390241504e-16
-2.037575366406724293e-15
-4.312903559783539409e-15
-7.527833489421611182e-15
-1.239886440847220724e-14
-1.997731678872538612e-14
-3.181654457420746779e-14
-5.014927436516555992e-14
-7.801003956366570359e-14
-1.191425236936760564e-13
-1.773838471583531793e-13
-2.550643842774823853e-13
-3.499885111666264597e-13
-4.511499665363725755e-13
-5.348618522995811492e-13
-5.651539310422522741e-13
-5.035301972777169896e-13
-3.308885237039265980e-13
-7.501200617962160135e-14
1.805559797960076198e-13
3.360545555361103366e-13
3.491410610317684704e-13
2.664608233638383935e-13
1.695392855655706062e-13
1.032791902163345485e-13
6.773541359818159601e-14
4.915053815976195498e-14
3.781299704399347448e-14
3.052290616918848726e-14
2.785651260739798869e-14
3.052290616919193932e-14
3.781299704399787316e-14
4.915053815976660611e-14
6.773541359818713697e-14
1.032791902163321251e-13
1.695392855655710606e-13
2.664608233638508638e-13
3.491410610317887662e-13
3.360545555361365395e-13
1.805559797959878793e-13
-7.501200617956521988e-14
-3.308885237039453792e-13
-5.035301972777042668e-13
-5.651539310422660066e-13
-5.348618522996165912e-13
-4.511499665364188217e-13
-3.499885111666551363e-13
-2.550643842774713791e-13
-1.773838471583635291e-13
-1.191425236936833013e-13
-7.801003956366532494e-14
-5.014927436517021735e-14
-3.181654457421062955e-14
-1.997731678872381155e-14
-1.239886440847328483e-14
-7.527833489424168669e-15
-4.312903559783166278e-15
-2.037575366406884431e-15
-1.770928652364014344e-16
-1.745414761233186048e-16
-2.011678795805502520e-15
-4.273362541593342854e-15
-7.499742457859244706e-15
-1.244204704869610210e-14
-2.022696511801830556e-14
-3.256370541696727237e-14
-5.199324333581077088e-14
-8.213160452359261855e-14
-1.277577436537509552e-13
-1.944117102739324761e-13
-2.869071015449927195e-13
-4.059664925969308565e-13
-5.424867676465103631e-13
-6.704627968389660977e-13
-7.429144747447006502e-13
-6.995407572983660006e-13
-4.961098701659101753e-13
-1.529756921512838706e-13
2.155026116153551333e-13
4.517152327530523433e-13
4.767467944932589693e-13
3.554604719129858884e-13
2.153185766239625352e-13
1.252085741851983583e-13
8.108067959656142238e-14
6.001050781850680757e-14
4.743188052486977902e-14
3.891402584537561626e-14
3.566897565098928919e-14
3.891402584537457496e-14
4.743188052486373319e-14
6.001050781850185983e-14
8.108067959655446779e-14
1.252085741851957330e-13
2.153185766239455463e-13
3.554604719129935625e-13
4.767467944932867372e-13
4.517152327530787985e-13
2.155026116153521546e-13
-1.529756921512212414e-13
-4.961098701659190610e-13
-6.995407572983829642e-13
-7.429144747447040833e-13
-6.704627968389691269e-13
-5.424867676465611531e-13
-4.059664925969319167e-13
-2.869071015450303324e-13
-1.944117102739339655e-13
-1.277577436537615827e-13
-8.213160452359197484e-14
-5.199324333581596474e-14
-3.256370541696912777e-14
-2.022696511801960245e-14
-1.244204704869526118e-14
-7.499742457860319135e-15
-4.273362541593284478e-15
-2.011678795805840547e-15
-1.745414761208117774e-16
-1.708201428250781227e-16
-1.971990914860551633e-15
-4.203377582416049541e-15
-7.415498696922409985e-15
-1.238723566387276953e-14
-2.031056091347728533e-14
-3.303779782124946667e-14
-5.340755151091848376e-14
-8.562590723262129363e-14
-1.355812246199507106e-13
-2.107623118597687941e-13
-3.190861290641855254e-13
-4.654776265370730262e-13
-6.448481647551166680e-13
-8.311696009467288632e-13
-9.663864339887863695e-13
-9.615729246154056291e-13
-7.321358224196946567e-13
-2.768823189114469887e-13
2.530034414225672027e-13
6.114755914600007760e-13
6.555352553386785389e-13
4.739891066481291090e-13
2.686104235558562429e-13
1.465373879201210457e-13
9.379154700091114331e-14
7.188175416783524914e-14
5.912469089896226546e-14
4.954884187480714439e-14
4.564800417005463124e-14
4.954884187480207675e-14
5.912469089895702742e-14
7.188175416782823143e-14
9.379154700090417609e-14
1.465373879201184456e-13
2.686104235558448328e-13
4.739891066481471834e-13
6.555352553387105477e-13
6.114755914600502534e-13
2.530034414226102177e-13
-2.768823189114508257e-13
-7.321358224196528534e-13
-9.615729246154524811e-13
-9.663864339888126228e-13
-8.311696009467731908e-13
-6.448481647551572597e-13
-4.654776265370893840e-13
-3.190861290642027415e-13
-2.107623118597816683e-13
-1.355812246199516951e-13
-8.562590723262006932e-14
-5.340755151092176542e-14
-3.303779782125664215e-14
-2.031056091347693508e-14
-1.238723566387324916e-14
-7.415498696922435228e-15
-4.203377582416621465e-15
-1.971990914860432120e-15
-1.708201428229222152e-16
-1.659028753972055607e-16
-1.918151977211803728e-15
-4.101868864515019300e-15
-7.272291384059294643e-15
-1.222755898501695620e-14
-2.021199323584607374e-14
-3.320227079603152604e-14
-5.431180215118691057e-14
-8.832212503047733048e-14
-1.422658006661784513e-13
-2.257732819084138887e-13
-3.504554992159261607e-13
-5.268507942878596283e-13
-7.565883425248717647e-13
-1.017375925699771698e-12
-1.242138422023576253e-12
-1.306923002171723888e-12
-1.065947533972711137e-12
-4.711368848252130096e-13
2.880437909950640358e-13
8.325312915266407270e-13
9.072467418153386833e-13
6.297998072702620477e-13
3.243627383487918251e-13
1.608794832747834426e-13
1.025795664756905909e-13
8.440246425509081769e-14
7.425208898287367369e-14
6.418186951314445979e-14
5.950077180779008858e-14
6.418186951313696245e-14
7.425208898286067326e-14
8.440246425507823378e-14
1.025795664756796099e-13
1.608794832747649895e-13
3.243627383487842015e-13
6.297998072702638652e-13
9.072467418153880597e-13
8.325312915266637491e-13
2.880437909951076566e-13
-4.711368848252067492e-13
-1.065947533972753142e-12
-1.306923002171781847e-12
-1.242138422023640271e-12
-1.017375925699793307e-12
-7.565883425249602181e-13
-5.268507942878938586e-13
-3.504554992159348445e-13
-2.257732819084300193e-13
-1.422658006661790824e-13
-8.832212503048226559e-14
-5.431180215118764895e-14
-3.320227079603645485e-14
-2.021199323584759782e-14
-1.222755898501718181e-14
-7.272291384059561278e-15
-4.101868864515621989e-15
-1.918151977211760735e-15
-1.659028753959124944e-16
-1.597771856395700083e-16
-1.849965529406573842e-15
-3.968133397472174343e-15
-7.068040185611246047e-15
-1.195746679742081652e-14
-1.991738219976547464e-14
-3.302391893395413117e-14
-5.462931171237634793e-14
-9.004908972757700122e-14
-1.474441347612630179e-13
-2.386964310080972221e-13
-3.796041012827596367e-13
-5.877372396179582935e-13
-8.746275311625042121e-13
-1.227143728772115137e-12
-1.574515354148981020e-12
-1.753931411702687340e-12
-1.532374916941129953e-12
-7.725343505869675726e-13
3.090517001582740760e-13
1.138324120088513834e-12
1.263918637911125477e-12
8.303303846682780139e-13
3.679278044558871801e-13
1.544550741329641045e-13
1.010895577817359632e-13
9.787907036370858528e-14
9.749804495885692126e-14
8.850056839597856400e-14
8.274271221330035288e-14
8.850056839597038509e-14
9.749804495883760995e-14
9.787907036368730497e-14
1.010895577817185451e-13
1.544550741329495895e-13
3.679278044558903608e-13
8.303303846683059837e-13
1.263918637911193938e-12
1.138324120088533423e-12
3.090517001583050246e-13
-7.725343505869319287e-13
-1.532374916941229716e-12
-1.753931411702753579e-12
-1.574515354149063213e-12
-1.227143728772167442e-12
-8.746275311625601519e-13
-5.877372396180068621e-13
-3.796041012827839715e-13
-2.386964310081136304e-13
-1.474441347612725347e-13
-9.004908972758598793e-14
-5.462931171237623434e-14
-3.302391893395623900e-14
-1.991738219976802423e-14
-1.195746679742061457e-14
-7.068040185611676765e-15
-3.968133397472964782e-15
-1.849965529406291430e-15
-1.597771856397195221e-16
-1.524451119734062167e-16
-1.767411902950668851e-15
-3.801883833750043055e-15
-6.801495156540349392e-15
-1.157297944505178622e-14
-1.941569008159042616e-14
-3.247434634442150492e-14
-5.429050903464288158e-14
-9.064280382146108015e-14
-1.507440138237394626e-13
-2.487242322572636919e-13
-4.048853096651318558e-13
-6.450835840817211175e-13
-9.941586306372135498e-13
-1.455163538180472228e-12
-1.963310293209475446e-12
-2.319009615408581512e-12
-2.173763323947599796e-12
-1.235565129930688496e-12
2.914207704706582807e-13
1.559957972015469535e-12
1.774851986461746151e-12
1.080368054307789675e-12
3.631562161170420825e-13
9.950933507097048036e-14
7.766261213416940324e-14
1.152695233971366760e-13
1.433467101020019003e-13
1.399325103649636382e-13
1.323592943424845722e-13
1.399325103649396063e-13
1.433467101019630757e-13
1.152695233971091606e-13
7.766261213414585100e-14
9.950933507093401606e-14
3.631562161170211304e-13
1.080368054307830266e-12
1.774851986461853991e-12
1.559957972015493769e-12
2.914207704708075711e-13
-1.235565129930773516e-12
-2.173763323947655533e-12
-2.319009615408724896e-12
-1.963310293209597423e-12
-1.455163538180566336e-12
-9.941586306372115303e-13
-6.450835840817930112e-13
-4.048853096651309470e-13
-2.487242322572758088e-13
-1.507440138237468842e-13
-9.064280382146783280e-14
-5.429050903464317188e-14
-3.247434634442376422e-14
-1.941569008159222792e-14
-1.157297944505285433e-14
-6.801495156540193198e-15
-3.801883833750951822e-15
-1.767411902950295917e-15
-1.524451119749814486e-16
-1.439239985513973641e-16
-1.670658689538962524e-15
-3.603280100979443026e-15
-6.472322420874984580e-15
-1.107191242114057143e-14
-1.869929787552928736e-14
-3.153141725330787798e-14
-5.323649575311394673e-14
-8.995487187768464704e-14
-1.518072043393842030e-13
-2.550279322569150266e-13
-4.244793220041711765e-13
-6.951805147430110657e-13
-1.108472825399746175e-12
-1.691711772449776406e-12
-2.400671237850310198e-12
-3.011152758965845920e-12
-3.036173770207500652e-12
-1.937844400657760721e-12
1.855255089067177787e-13
2.135773376045371134e-12
2.521399772040140177e-12
1.380617473488893476e-12
2.274933085333556568e-13
-5.402359559757109973e-14
1.327309393686595006e-14
1.470813326683881406e-13
2.522827017052085030e-13
2.678702503679141658e-13
2.569181884797953282e-13
2.678702503678549445e-13
2.522827017051374172e-13
1.470813326683006970e-13
1.327309393677376851e-14
-5.402359559767211179e-14
2.274933085333577268e-13
1.380617473488961129e-12
2.521399772040251652e-12
2.135773376045557330e-12
1.855255089068289512e-13
-1.937844400657832210e-12
-3.036173770207567699e-12
-3.011152758965960223e-12
-2.400671237850425308e-12
-1.691711772449897171e-12
-1.108472825399766774e-12
-6.951805147430654907e-13
-4.244793220042193412e-13
-2.550279322569200249e-13
-1.518072043394026056e-13
-8.995487187768969575e-14
-5.323649575311468510e-14
-3.153141725331035816e-14
-1.869929787553098183e-14
-1.107191242114202135e-14
-6.472322420875393999e-15
-3.603280100980123024e-15
-1.670658689538684845e-15
-1.439239985537961669e-16
-1.342469949851913660e-16
-1.560067741314870141e-15
-3.372952447873680320e-15
-6.081171706995505560e-15
-1.045406535373066279e-14
-1.776451857947084990e-14
-3.018061849362929462e-14
-5.142258120545291508e-14
-8.786142110816964899e-14
-1.503110609900421745e-13
-2.568065161054718789e-13
-4.364911992865796702e-13
-7.338107262372377256e-13
-1.209000188626775197e-12
-1.921861730707334421e-12
-2.867572455040412409e-12
-3.823321211050064875e-12
-4.158695907309522137e-12
-2.981379485411673564e-12
-1.030635064615077416e-13
2.903176507510243548e-12
3.648442125283193610e-12
1.742099415686127743e-12
-2.067820286384456201e-13
-3.647726916505768915e-13
-1.096256190552425239e-13
2.238209096662688471e-13
5.274696780526847943e-13
6.007150889531664851e-13
5.841472599345617574e-13
6.007150889531123630e-13
5.274696780526094675e-13
2.238209096661038047e-13
-1.096256190553648920e-13
-3.647726916506896797e-13
-2.067820286385713582e-13
1.742099415686181461e-12
3.648442125283393135e-12
2.903176507510570704e-12
-1.030635064613372089e-13
-2.981379485411785040e-12
-4.158695907309749127e-12
-3.823321211050166657e-12
-2.867572455040574776e-12
-1.921861730707476997e-12
-1.209000188626815587e-12
-7.338107262372917467e-13
-4.364911992866165762e-13
-2.568065161054873784e-13
-1.503110609900509845e-13
-8.786142110817676767e-14
-5.142258120545239758e-14
-3.018061849363164227e-14
-1.776451857947213732e-14
-1.045406535373141221e-14
-6.081171706996845835e-15
-3.372952447874042407e-15
-1.560067741314493657e-15
-1.342469949877562486e-16
-1.234632495654840687e-16
-1.436198318163074918e-15
-3.112014683177590301e-15
-5.629722203885167467e-15
-9.721365190921020856e-15
-1.661201862139026080e-14
-2.841625418009377609e-14
-4.882157817105385383e-14
-8.427196157409878451e-14
-1.459916206161339693e-13
-2.533441790786219118e-13
-4.390831983862694913e-13
-7.565108075889136322e-13
-1.285661704606348070e-12
-2.125305942894930960e-12
-3.330663154838716250e-12
-4.721078155203513389e-12
-5.551821751396891027e-12
-4.479237272282104478e-12
-7.382131175027550447e-13
3.867956721544003189e-12
5.419365796796812304e-12
2.269819373105278747e-12
-1.140636166368959076e-12
-6.975607525268419286e-13
-2.329923321095285874e-13
4.322679154472937893e-13
1.206105439926197264e-12
1.436268025806264786e-12
1.414598097975512371e-12
1.436268025806176333e-12
1.206105439926018540e-12
4.322679154470356488e-13
-2.329923321098533709e-13
-6.975607525272364348e-13
-1.140636166369044097e-12
2.269819373105375682e-12
5.419365796797261438e-12
3.867956721544348116e-12
-7.382131175027756434e-13
-4.479237272282123865e-12
-5.551821751397368433e-12
-4.721078155203588514e-12
-3.330663154838810358e-12
-2.125305942895069901e-12
-1.285661704606370284e-12
-7.565108075889546277e-13
-4.390831983862853443e-13
-2.533441790786384715e-13
-1.459916206161359382e-13
-8.427196157410910912e-14
-4.882157817105093188e-14
-2.841625418009508875e-14
-1.661201862139136836e-14
-9.721365190922227813e-15
-5.629722203886069135e-15
-3.112014683177872319e-15
-1.436198318162429630e-15
-1.234632495675208582e-16
-1.116377732832476741e-16
-1.299806098266931189e-15
-2.822066651263611138e-15
-5.120703744731659378e-15
-8.877954580197817711e-15
-1.524712048380289239e-14
-2.624239358352604591e-14
-4.542663105564236958e-14
-7.913754861622545254e-14
-1.386664904965673332e-13
-2.440723200771648090e-13
-4.306342333668424017e-13
-7.589459134294316024e-13
-1.327601240150625577e-12
-2.277189426481808830e-12
-3.740834980907527206e-12
-5.630900585539149884e-12
-7.163224794932256762e-12
-6.509968273049923919e-12
-1.961257976568957359e-12
4.928190284896388832e-12
8.264078033506276421e-12
3.400125604974149899e-12
-2.545643493275226039e-12
1.722850853210100055e-13
7.432031620440451234e-14
1.026102018565241045e-12
2.762520763114366854e-12
3.347483637038775591e-12
3.333748539638169765e-12
3.347483637038630592e-12
2.762520763114082107e-12
1.026102018564867441e-12
7.432031620373718650e-14
1.722850853201289804e-13
-2.545643493274749037e-12
3.400125604974384967e-12
8.264078033507019591e-12
4.928190284896587549e-12
-1.961257976568803071e-12
-6.509968273050047511e-12
-7.163224794932791522e-12
-5.630900585539340523e-12
-3.740834980907633835e-12
-2.277189426481932422e-12
-1.327601240150696663e-12
-7.589459134294693667e-13
-4.306342333668857197e-13
-2.440723200771640517e-13
-1.386664904965797278e-13
-7.913754861623099350e-14
-4.542663105564480558e-14
-2.624239358352490680e-14
-1.524712048380311642e-14
-8.877954580198598683e-15
-5.120703744732945221e-15
-2.822066651263518052e-15
-1.299806098266821735e-15
-1.116377732838318503e-16
-9.885096602954099206e-17
-1.151837878234550183e-15
-2.505185297149335991e-15
-4.557891065745083267e-15
-7.930218181749637519e-15
-1.367996308685326399e-14
-2.367349964308158048e-14
-4.125335086031200429e-14
-7.245756997153003215e-14
-1.282555374616986190e-13
-2.286305827205207767e-13
-4.099130967401505646e-13
-7.373739344877675443e-13
-1.324305084476659536e-12
-2.350269846973208567e-12
-4.035182831803614047e-12
-6.433228633694651380e-12
-8.837385241885997816e-12
-9.024222465857274782e-12
-4.025356774800702263e-12
5.751127114035119889e-12
1.266946107379599321e-11
6.334936094718960937e-12
-4.884282494580137834e-12
5.559797917627597908e-12
2.617683158973928995e-12
2.726965089994184244e-12
5.963435822778393102e-12
7.111156994943411845e-12
7.118194549847899122e-12
7.111156994943259172e-12
5.963435822778322824e-12
2.726965089994122448e-12
2.617683158973417662e-12
5.559797917626676216e-12
-4.884282494579579649e-12
6.334936094719780039e-12
1.266946107379670730e-11
5.751127114035822670e-12
-4.025356774800680453e-12
-9.024222465857588206e-12
-8.837385241886635973e-12
-6.433228633694845251e-12
-4.035182831803768336e-12
-2.350269846973411323e-12
-1.324305084476738700e-12
-7.373739344877950093e-13
-4.099130967402020614e-13
-2.286305827205365792e-13
-1.282555374617024813e-13
-7.245756997153759259e-14
-4.125335086031531750e-14
-2.367349964307982921e-14
-1.367996308685238993e-14
-7.930218181750480022e-15
-4.557891065745599182e-15
-2.505185297149619192e-15
-1.151837878234959010e-15
-9.885096602862811976e-17
-8.519780348716735810e-17
-9.934219176004968643e-16
-2.163904014938910992e-15
-3.946069841681711697e-15
-6.886741736888401311e-15
-1.192550231725125342e-14
-2.073467649163076103e-14
-3.634105694794157185e-14
-6.428449362892658631e-14
-1.147972847985085957e-13
-2.069203983445407254e-13
-3.762466108287705312e-13
-6.891509061237321366e-13
-1.267026114099848369e-12
-2.318469436680784226e-12
-4.143802585030407502e-12
-6.967317859812583309e-12
-1.028839521686373935e-11
-1.171828692767650765e-11
-6.979551834435824059e-12
5.721814930318962631e-12
1.853368938078153447e-11
1.286223926466186350e-11
-6.145749917966169118e-12
1.428525527042633438e-11
1.103540703483058965e-11
6.645490908458578403e-12
1.146010821342401315e-11
1.309455563719787248e-11
1.305290756710785542e-11
1.309455563719798557e-11
1.146010821342445906e-11
6.645490908459353885e-12
1.103540703483065427e-11
1.428525527042626167e-11
-6.145749917965217537e-12
1.286223926466353402e-11
1.853368938078269446e-11
5.721814930319419842e-12
-6.979551834436175449e-12
-1.171828692767718781e-11
-1.028839521686446636e-11
-6.967317859812769909e-12
-4.143802585030575523e-12
-2.318469436680932456e-12
-1.267026114099922686e-12
-6.891509061237583899e-13
-3.762466108287985516e-13
-2.069203983445643534e-13
-1.147972847985091763e-13
-6.428449362892446585e-14
-3.634105694794885462e-14
-2.073467649162943259e-14
-1.192550231725006066e-14
-6.886741736888603260e-15
-3.946069841681746407e-15
-2.163904014939471083e-15
-9.934219176009897051e-16
-8.519780348540452515e-17
-7.078668568027545176e-17
-8.258540319655536025e-16
-1.801180344716403864e-15
-3.290974205764400243e-15
-5.758201512629219057e-15
-1.000334059845569873e-14
-1.746149334639505699e-14
-3.075296466525046356e-14
-5.472601217751914526e-14
-9.845901592678468793e-14
-1.791442714703804677e-13
-3.296601146784103296e-13
-6.132081896023386301e-13
-1.150323564903222542e-12
-2.161483109337290250e-12
-4.001756492445171355e-12
-7.054268320455517610e-12
-1.111558495072551839e-11
-1.394954431926970512e-11
-1.033029001873649471e-11
4.292237404019781535e-12
2.411511082862517790e-11
2.219735527159525103e-11
4.433647962055050169e-13
2.319445198691092737e-11
2.228361605579326409e-11
1.124944091695314450e-11
1.806807703241455882e-11
2.006223225315563983e-11
1.988103301966219168e-11
2.006223225315582078e-11
1.806807703241554433e-11
1.124944091695523507e-11
2.228361605579444670e-11
2.319445198691344122e-11
4.433647962035425834e-13
2.219735527159636901e-11
2.411511082862715861e-11
4.292237404019944709e-12
-1.033029001873690022e-11
-1.394954431927050645e-11
-1.111558495072614362e-11
-7.054268320455850421e-12
-4.001756492445378150e-12
-2.161483109337396475e-12
-1.150323564903294234e-12
-6.132081896023540792e-13
-3.296601146784350683e-13
-1.791442714703981887e-13
-9.845901592678868903e-14
-5.472601217751610972e-14
-3.075296466525496953e-14
-1.746149334639613299e-14
-1.000334059845410838e-14
-5.758201512629578778e-15
-3.290974205764174234e-15
-1.801180344716542309e-15
-8.258540319658686538e-16
-7.078668567811139676e-17
-5.573798004064052462e-17
-6.505796029772373646e-16
-1.420352605774799282e-15
-2.599196372899931549e-15
-4.557184983822417154e-15
-7.937382223691203243e-15
-1.389936472447739488e-14
-2.457521900595977509e-14
-4.394417457582365940e-14
-7.953897369926170164e-14
-1.458246632815144208e-13
-2.709675228320210478e-13
-5.104192967996796699e-13
-9.734426752552066956e-13
-1.869633795922284079e-12
-3.564627958373349772e-12
-6.539215537994844573e-12
-1.088738932264511387e-11
-1.481197057355924148e-11
-1.286711225246024211e-11
1.748883539570136147e-12
2.680591787511933265e-11
3.101795828516812884e-11
1.114446561747037519e-11
3.037172126358110777e-11
3.008500406350233355e-11
1.340432262774083093e-11
2.276083902479929846e-11
2.515234310772605797e-11
2.484947171393956257e-11
2.515234310772647803e-11
2.276083902480054246e-11
1.340432262774167911e-11
3.008500406350617865e-11
3.037172126358374441e-11
1.114446561747199562e-11
3.101795828516876215e-11
2.680591787511919048e-11
1.748883539570337489e-12
-1.286711225246101598e-11
-1.481197057356045317e-11
-1.088738932264554200e-11
-6.539215537995360753e-12
-3.564627958373522236e-12
-1.869633795922356780e-12
-9.734426752552194184e-13
-5.104192967997215742e-13
-2.709675228320377085e-13
-1.458246632815286329e-13
-7.953897369926343082e-14
-4.394417457582223945e-14
-2.457521900596353323e-14
-1.389936472447756528e-14
-7.937382223689688630e-15
-4.557184983822450286e-15
-2.599196372900117720e-15
-1.420352605774255954e-15
-6.505796029774219581e-16
-5.573798003854931599e-17
-4.018226938081582010e-17
-4.691719586013954000e-16
-1.025086153683393477e-15
-1.878070639872278341e-15
-3.297945748697299805e-15
-5.755321875487657508e-15
-1.010248912769976439e-14
-1.791475552442347605e-14
-3.215130163109758452e-14
-5.845968596609457279e-14
-1.077979568784282174e-13
-2.017919602930144613e-13
-3.837773496384770797e-13
-7.412207388788575420e-13
-1.447804217082132428e-12
-2.823890167349688936e-12
-5.344058099918367072e-12
-9.289575921254341358e-12
-1.344361248012451771e-11
-1.303190744592835217e-11
-6.243843125978398322e-13
2.467806626297434642e-11
3.374519206655041861e-11
1.717899906828190773e-11
3.107629957466300602e-11
3.095494980484790662e-11
1.221894800533574410e-11
2.281200113006012632e-11
2.534302557857646641e-11
2.501170396330224928e-11
2.534302557857748100e-11
2.281200113006185500e-11
1.221894800533837428e-11
3.095494980485063374e-11
3.107629957466639875e-11
1.717899906828358471e-11
3.374519206655123287e-11
2.467806626297516068e-11
-6.243843125976492939e-13
-1.303190744592929244e-11
-1.344361248012541597e-11
-9.289575921255050601e-12
-5.344058099918667572e-12
-2.823890167349897346e-12
-1.447804217082245116e-12
-7.412207388788657209e-13
-3.837773496385126731e-13
-2.017919602930288501e-13
-1.077979568784311456e-13
-5.845968596609464853e-14
-3.215130163110260798e-14
-1.791475552442554287e-14
-1.010248912769952773e-14
-5.755321875485660901e-15
-3.297945748697257995e-15
-1.878070639872750474e-15
-1.025086153683213025e-15
-4.691719586009853896e-16
-4.018226937940540459e-17
-2.628665785305552904e-17
-3.069948150959995953e-16
-6.710986258349770728e-16
-1.230511524778425412e-15
-2.163111935045407037e-15
-3.779944292136456668e-15
-6.645996743465480268e-15
-1.180930779554432645e-14
-2.124736156792286407e-14
-3.875528749201459766e-14
-7.174937037168798101e-14
-1.350007845572444171e-13
-2.584689828040181441e-13
-5.036188301625635075e-13
-9.953721053404529514e-13
-1.972741456634006650e-12
-3.816180782260860600e-12
-6.837998159012368131e-12
-1.032046293317692542e-11
-1.069079282141754412e-11
-1.623228893749991022e-12
1.890717963075703045e-11
2.872476730977931800e-11
1.628624022801109213e-11
2.515403478121815126e-11
2.518848943062482040e-11
9.183324724128453741e-12
1.850034162044587640e-11
2.064840711174415121e-11
2.036692846924032995e-11
2.064840711174579587e-11
1.850034162044780541e-11
9.183324724130332669e-12
2.518848943062756367e-11
2.515403478122050679e-11
1.628624022801170929e-11
2.872476730978085281e-11
1.890717963075812259e-11
-1.623228893749956893e-12
-1.069079282141846985e-11
-1.032046293317771383e-11
-6.837998159012732446e-12
-3.816180782260942187e-12
-1.972741456634093892e-12
-9.953721053405147476e-13
-5.036188301626252027e-13
-2.584689828040027960e-13
-1.350007845572709986e-13
-7.174937037167932247e-14
-3.875528749201131600e-14
-2.124736156793300882e-14
-1.180930779554398251e-14
-6.645996743465431359e-15
-3.779944292135049340e-15
-2.163111935045346689e-15
-1.230511524778768961e-15
-6.710986258356820186e-16
-3.069948150948750741e-16
-2.628665785253614425e-17
-1.014175334226226518e-17
-1.184562967704761837e-16
-2.590152473789769871e-16
-4.751118078765198718e-16
-8.356339693825553227e-16
-1.461192406035182275e-15
-2.571185171542243144e-15
-4.573303599952697263e-15
-8.238465965721549647e-15
-1.505022592774205128e-14
-2.791773791691245473e-14
-5.266117486882414727e-14
-1.011547176070952290e-13
-1.979530669000743596e-13
-3.935235764799491198e-13
-7.861188000520864288e-13
-1.537333131484410852e-12
-2.796308444402616359e-12
-4.307433493224364032e-12
-4.597874644910211414e-12
-9.064678758920147896e-13
7.825420689281726425e-12
1.230812655501822690e-11
7.280021553556677108e-12
1.071255093035025364e-11
1.079494225766954324e-11
3.790294798912606807e-12
7.876483596271424052e-12
8.804326456913426399e-12
8.681308549353977055e-12
8.804326456914195418e-12
7.876483596272390174e-12
3.790294798913294239e-12
1.079494225767042858e-11
1.071255093035101619e-11
7.280021553557181171e-12
1.230812655501881175e-11
7.825420689282327423e-12
-9.064678758921151579e-13
-4.597874644910663779e-12
-4.307433493224876173e-12
-2.796308444402673713e-12
-1.537333131484406409e-12
-7.861188000521128841e-13
-3.935235764799528558e-13
-1.979530669001102307e-13
-1.011547176070723836e-13
-5.266117486883805646e-14
-2.791773791690594820e-14
-1.505022592773990242e-14
-8.238465965726977010e-15
-4.573303599952377774e-15
-2.571185171542390267e-15
-1.461192406035079920e-15
-8.356339693824054391e-16
-4.751118078765935317e-16
-2.590152473795345146e-16
-1.184562967697748370e-16
-1.014175334221470087e-17
