1.643010780065239567e-19
-3.143843334122311411e-18
-1.119661388982221354e-17
-2.427211721364781049e-17
-4.276635073666077165e-17
-6.677100415450796827e-17
-9.566361717128164834e-17
-1.278079323299632778e-16
-1.604897114471819693e-16
-1.901882802608257937e-16
-2.131871901804738300e-16
-2.263844993499635970e-16
-2.280454023534453396e-16
-2.182253425454443525e-16
-1.987076796066001223e-16
-1.724935175826166889e-16
-1.430494976036754223e-16
-1.135788502157731778e-16
-8.651970684282876308e-17
-6.334736620997714425e-17
-4.463809681956964113e-17
-3.028816134355781214e-17
-1.977787359236738439e-17
-1.240354203737122209e-17
-7.442039324575736682e-18
-4.245147019218052206e-18
-2.277993328324000505e-18
-1.120407367846936225e-18
-4.474056594785410461e-19
-5.698028077765094943e-31
4.474056595061142962e-19
1.120407367891345858e-18
2.277993328323052948e-18
4.245147019202526129e-18
7.442039324488032914e-18
1.240354203734351181e-17
1.977787359247680803e-17
3.028816134346328441e-17
4.463809681950005497e-17
6.334736620986950172e-17
8.651970684299220520e-17
1.135788502157041524e-16
1.430494976033974967e-16
1.724935175828115129e-16
1.987076796064753836e-16
2.182253425453517106e-16
2.280454023536245589e-16
2.263844993501041128e-16
2.131871901809852091e-16
1.901882802602196034e-16
1.604897114468824487e-16
1.278079323300400192e-16
9.566361717117765428e-17
6.677100415418501601e-17
4.276635073660054705e-17
2.427211721363321964e-17
1.119661388987730746e-17
3.143843334208739443e-18
-1.643010780361269204e-19
4.281924298127089305e-19
-8.166650267828840268e-18
-2.909472186892097203e-17
-6.308744778131975171e-17
-1.111891175614274148e-16
-1.736596426736489544e-16
-2.489069552594145832e-16
-3.327018662608596286e-16
-4.180011854024294744e-16
-4.956426333120944592e-16
-5.559256824246820569e-16
-5.907210218441588674e-16
-5.954415058141859961e-16
-5.701635554240769602e-16
-5.194849021411637573e-16
-4.512079880272518081e-16
-3.743807084922857016e-16
-2.973873428558591695e-16
-2.266270474774880650e-16
-1.659859538435212107e-16
-1.169959541599658028e-16
-7.940354018479433729e-17
-5.185988605476144525e-17
-3.252895285569678368e-17
-1.952002891550880684e-17
-1.113634032097068390e-17
-5.976785321401541884e-18
-2.940116289569450610e-18
-1.174244079434284499e-18
-6.658787978528782466e-31
1.174244079484170515e-18
2.940116289644121225e-18
5.976785321412534322e-18
1.113634032098815593e-17
1.952002891540468644e-17
3.252895285567621783e-17
5.185988605491537174e-17
7.940354018462447335e-17
1.169959541600162406e-16
1.659859538432973221e-16
2.266270474776818290e-16
2.973873428557874325e-16
3.743807084919210506e-16
4.512079880274426139e-16
5.194849021411326959e-16
5.701635554236219846e-16
5.954415058144615058e-16
5.907210218444815115e-16
5.559256824255808653e-16
4.956426333113637768e-16
4.180011854016808454e-16
3.327018662609056783e-16
2.489069552595783705e-16
1.736596426729014347e-16
1.111891175612837189e-16
6.308744778122807128e-17
2.909472186907976110e-17
8.166650267957544773e-18
-4.281924298506168651e-19
6.617656359070399388e-19
-1.254111417263952316e-17
-4.470930150610259547e-17
-9.699523344470212133e-17
-1.710532397442322604e-16
-2.673530672089690818e-16
-3.835309657527403113e-16
-5.131621883798669964e-16
-6.454564011974052605e-16
-7.662905727537973289e-16
-8.606183724137751041e-16
-9.157240244286687546e-16
-9.243002333906032632e-16
-8.862429050612168386e-16
-8.084972431465096006e-16
-7.030648335807431352e-16
-5.839782750746537435e-16
-4.643191222408672584e-16
-3.541286741675743396e-16
-2.595504564436992375e-16
-1.830511340725979663e-16
-1.242936315959008451e-16
-8.121047736029543806e-17
-5.095592989174163448e-17
-3.058659413868237277e-17
-1.745466453461411300e-17
-9.370415082045779888e-18
-4.610912767623829966e-18
-1.842045250006282539e-18
3.185405426494496348e-30
1.842045250041611798e-18
4.610912767649084300e-18
9.370415082064527660e-18
1.745466453467626353e-17
3.058659413871393953e-17
5.095592989180967373e-17
8.121047736038061038e-17
1.242936315956527730e-16
1.830511340727506355e-16
2.595504564435721323e-16
3.541286741675516599e-16
4.643191222408017829e-16
5.839782750744804900e-16
7.030648335806144523e-16
8.084972431468318503e-16
8.862429050604475020e-16
9.243002333909651531e-16
9.157240244293452028e-16
8.606183724146460065e-16
7.662905727540257041e-16
6.454564011967965557e-16
5.131621883798678838e-16
3.835309657532989727e-16
2.673530672082999799e-16
1.710532397440168274e-16
9.699523344454031856e-17
4.470930150626822545e-17
1.254111417266046957e-17
-6.617656359162977877e-19
9.329409269995772681e-19
-1.751030569842986060e-17
-6.248641245134458609e-17
-1.356615025479218654e-16
-2.394449069391730022e-16
-3.746317444453519142e-16
-5.380825320221762967e-16
-7.209669064253083850e-16
-9.082734592125036599e-16
-1.080183376232419363e-15
-1.215396349727709921e-15
-1.295699489633150910e-15
-1.310364263298305620e-15
-1.258796569282124043e-15
-1.150452777938891916e-15
-1.002118819997376266e-15
-8.336565553512740919e-16
-6.637412193305197732e-16
-5.068242291808710417e-16
-3.718401820497901396e-16
-2.624672401215742207e-16
-1.783439059320249766e-16
-1.165943447082434121e-16
-7.319438786611011044e-17
-4.395486582167030546e-17
-2.509399450301912118e-17
-1.347729093105937597e-17
-6.634710609142428478e-18
-2.651565717429839871e-18
6.713956919623041697e-31
2.651565717443751248e-18
6.634710609137619045e-18
1.347729093106745409e-17
2.509399450304915028e-17
4.395486582181348988e-17
7.319438786624414284e-17
1.165943447083889322e-16
1.783439059317868885e-16
2.624672401216099167e-16
3.718401820497235794e-16
5.068242291806162396e-16
6.637412193303047100e-16
8.336565553510481818e-16
1.002118819997285152e-15
1.150452777939629698e-15
1.258796569281632385e-15
1.310364263298589216e-15
1.295699489634251765e-15
1.215396349728484188e-15
1.080183376232966438e-15
9.082734592119910976e-16
7.209669064254841038e-16
5.380825320223142487e-16
3.746317444451608126e-16
2.394449069387941517e-16
1.356615025478965233e-16
6.248641245150474950e-17
1.751030569838053214e-17
-9.329409270055965695e-19
1.210431222496136206e-18
-2.243219016691401140e-17
-8.015578111848463532e-17
-1.741924345394917791e-16
-3.077995347157246811e-16
-4.822359023011021047e-16
-6.937592404452655320e-16
-9.313043838836475980e-16
-1.175743717921374955e-15
-1.401526745866565195e-15
-1.580870402101056391e-15
-1.689651015406898368e-15
-1.713205264018176766e-15
-1.649975656311553667e-15
-1.511635824345753483e-15
-1.319720188434459425e-15
-1.100130192673770828e-15
-8.775039269653865418e-16
-6.711138603896900576e-16
-4.930391041025819578e-16
-3.484108417755122860e-16
-2.369644641230058718e-16
-1.550394190527298413e-16
-9.739350068711323304e-17
-5.852113394043567467e-17
-3.342828200257331882e-17
-1.796329930776085592e-17
-8.848026921016727188e-18
-3.537785763213474269e-18
-1.703371021025847836e-29
3.537785763175881657e-18
8.848026920962365119e-18
1.796329930772457757e-17
3.342828200257252996e-17
5.852113394058999558e-17
9.739350068722405567e-17
1.550394190529078527e-16
2.369644641228282302e-16
3.484108417755943275e-16
4.930391041026836223e-16
6.711138603893002617e-16
8.775039269649474421e-16
1.100130192673546594e-15
1.319720188434453903e-15
1.511635824346465430e-15
1.649975656310858089e-15
1.713205264017788054e-15
1.689651015407824688e-15
1.580870402101823952e-15
1.401526745867153488e-15
1.175743717920994527e-15
9.313043838836387234e-16
6.937592404443910797e-16
4.822359023013607524e-16
3.077995347154022342e-16
1.741924345395319124e-16
8.015578111859359673e-17
2.243219016684218808e-17
-1.210431222518659572e-18
1.495821018778968972e-18
-2.729317373539194523e-17
-9.768499689679991651e-17
-2.125443006948029372e-16
-3.760958003057850232e-16
-5.902410065677482607e-16
-8.508615355253788039e-16
-1.144886345484783445e-15
-1.449220672739528923e-15
-1.732552022889274015e-15
-1.960330898298671458e-15
-2.101987858108666196e-15
-2.138243130481292755e-15
-2.065930794279741477e-15
-1.898523608210684074e-15
-1.662228307116745244e-15
-1.389246218005019812e-15
-1.110663898308536550e-15
-8.511285015098602103e-16
-6.263476456762189058e-16
-4.432414206725642408e-16
-3.018148344158227973e-16
-1.976607985299273272e-16
-1.242689848589934858e-16
-7.472329228088210799e-17
-4.271174292870284340e-17
-2.296720661365296833e-17
-1.132029239841806034e-17
-4.528844285041101737e-18
5.086086740480622063e-30
4.528844285041910628e-18
1.132029239837674529e-17
2.296720661354727021e-17
4.271174292848114884e-17
7.472329228078128171e-17
1.242689848589267778e-16
1.976607985300199197e-16
3.018148344157112228e-16
4.432414206724091310e-16
6.263476456763045958e-16
8.511285015098031165e-16
1.110663898308068164e-15
1.389246218004606448e-15
1.662228307116866334e-15
1.898523608211726160e-15
2.065930794279362035e-15
2.138243130481153127e-15
2.101987858109085476e-15
1.960330898299628740e-15
1.732552022890020277e-15
1.449220672739980152e-15
1.144886345484583666e-15
8.508615355241057796e-16
5.902410065676653317e-16
3.760958003054980750e-16
2.125443006948137840e-16
9.768499689685277019e-17
2.729317373540773477e-17
-1.495821018828974780e-18
1.790530491919109534e-18
-3.207960126392613720e-17
-1.150404144199530573e-16
-2.506695060109783297e-16
-4.443040661730973021e-16
-6.987086392454072285e-16
-1.009672406128862378e-15
-1.362412408329689531e-15
-1.730071000918187299e-15
-2.075561881526717026e-15
-2.357240107769756904e-15
-2.537433580815601754e-15
-2.591381065726746905e-15
-2.513463128808898773e-15
-2.318376113298711733e-15
-2.036856193526192888e-15
-1.707704175155975904e-15
-1.369064150215123401e-15
-1.051674093144003995e-15
-7.755090128861905379e-16
-5.497296408413574553e-16
-3.748493267114278079e-16
-2.457742139408106901e-16
-1.546663960808563789e-16
-9.307909682907991687e-17
-5.324515002193716226e-17
-2.865331041426293619e-17
-1.413378389468961712e-17
-5.658113776810915233e-18
-1.508434018337067523e-29
5.658113776791807697e-18
1.413378389470694125e-17
2.865331041439168691e-17
5.324515002189206777e-17
9.307909682890666329e-17
1.546663960805896700e-16
2.457742139408103942e-16
3.748493267117536567e-16
5.497296408411075837e-16
7.755090128860425279e-16
1.051674093144048763e-15
1.369064150215324955e-15
1.707704175156012192e-15
2.036856193526312795e-15
2.318376113299714769e-15
2.513463128808948076e-15
2.591381065726802125e-15
2.537433580816051799e-15
2.357240107770980033e-15
2.075561881526900042e-15
1.730071000919330950e-15
1.362412408329710238e-15
1.009672406128484514e-15
6.987086392449372646e-16
4.443040661728491068e-16
2.506695060108994436e-16
1.150404144198676138e-16
3.207960126407720406e-17
-1.790530491994387587e-18
2.095779711548983455e-18
-3.677773973300574038e-17
-1.321868660033970338e-16
-2.885156597540035824e-16
-5.123842610579187568e-16
-8.076826217585594592e-16
-1.170451656853594373e-15
-1.584563848738468977e-15
-2.019671966191331804e-15
-2.432939518211282091e-15
-2.775265397296401579e-15
-3.001097503818602155e-15
-3.079127280971595110e-15
-3.000200936389597367e-15
-2.779461535422777899e-15
-2.451928316436454468e-15
-2.063323531463001639e-15
-1.659588204378868024e-15
-1.278454778430561056e-15
-9.449916948634638449e-16
-6.711971875388090516e-16
-4.584179954519470194e-16
-3.009650192496530067e-16
-1.896058878101475077e-16
-1.142137574274458248e-16
-6.539192903788353267e-17
-3.522020783431460031e-17
-1.738794111667940244e-17
-6.965900879837333012e-18
3.313031523796776726e-30
6.965900879820273895e-18
1.738794111666995152e-17
3.522020783449847269e-17
6.539192903788259590e-17
1.142137574273924041e-16
1.896058878101268987e-16
3.009650192494498751e-16
4.584179954523006263e-16
6.711971875384225098e-16
9.449916948628755519e-16
1.278454778430156765e-15
1.659588204379411549e-15
2.063323531463865047e-15
2.451928316437215718e-15
2.779461535423050056e-15
3.000200936390261982e-15
3.079127280972247497e-15
3.001097503818658164e-15
2.775265397296719884e-15
2.432939518211273808e-15
2.019671966192801057e-15
1.584563848738508025e-15
1.170451656853702447e-15
8.076826217577586668e-16
5.123842610578039775e-16
2.885156597540385388e-16
1.321868660033296108e-16
3.677773973311493599e-17
-2.095779711619799514e-18
2.412553495993335544e-18
-4.137376060645373403e-17
-1.490873700998532275e-16
-3.260246150649674068e-16
-5.802836226793679119e-16
-9.171847033292162557e-16
-1.333429108776912402e-15
-1.811995219146482805e-15
-2.319405291320784306e-15
-2.807153265185510574e-15
-3.218308397473887048e-15
-3.498545810887988365e-15
-3.608724242800607696e-15
-3.534795562720218193e-15
-3.291314675756479523e-15
-2.917183620682530287e-15
-2.465364287334903549e-15
-1.990469519401831098e-15
-1.538347851314895083e-15
-1.140216192917710243e-15
-8.116914883778946166e-16
-5.553932068515613181e-16
-3.651747879467582110e-16
-2.303383524076456010e-16
-1.388944501754417160e-16
-7.959821081322925348e-17
-4.291170759688035718e-17
-2.120479597630725166e-17
-8.501637402486219988e-18
1.197858985796261924e-29
8.501637402490959316e-18
2.120479597621859109e-17
4.291170759672180846e-17
7.959821081292286730e-17
1.388944501750407774e-16
2.303383524077306008e-16
3.651747879467040754e-16
5.553932068517758882e-16
8.116914883777297446e-16
1.140216192917515000e-15
1.538347851315029386e-15
1.990469519402721722e-15
2.465364287335112991e-15
2.917183620683772349e-15
3.291314675756336345e-15
3.534795562720118402e-15
3.608724242801139388e-15
3.498545810888484953e-15
3.218308397475046673e-15
2.807153265186769990e-15
2.319405291321519130e-15
1.811995219146877235e-15
1.333429108777215916e-15
9.171847033282745530e-16
5.802836226789243748e-16
3.260246150648954233e-16
1.490873700997751549e-16
4.137376060646503077e-17
-2.412553496026827081e-18
2.741567202709773516e-18
-4.585372157112575377e-17
-1.657028384789902303e-16
-3.631314819972765222e-16
-6.479342992679117122e-16
-1.027209773799710487e-15
-1.498796577194662752e-15
-2.045323416450228920e-15
-2.630646678365724028e-15
-3.200755277919814055e-15
-3.690528429831832924e-15
-4.035870932831739749e-15
-4.188285688123157173e-15
-4.127140055893996575e-15
-3.865036003823101686e-15
-3.444136112094760478e-15
-2.924916769879784300e-15
-2.371673984723259127e-15
-1.839747903891603441e-15
-1.367841384187360760e-15
-9.762077135549391116e-16
-6.693309969678670622e-16
-4.408118442734318128e-16
-2.784170443243036919e-16
-1.680742896326786827e-16
-9.641837852024243011e-17
-5.203079923711840650e-17
-2.573600176334871245e-17
-1.032675308469416005e-17
-2.506612087185522406e-29
1.032675308470148629e-17
2.573600176345988637e-17
5.203079923716473975e-17
9.641837852030860815e-17
1.680742896325155364e-16
2.784170443245555850e-16
4.408118442736245907e-16
6.693309969678950668e-16
9.762077135549466058e-16
1.367841384187232175e-15
1.839747903891271331e-15
2.371673984723484346e-15
2.924916769879940495e-15
3.444136112096684509e-15
3.865036003822406700e-15
4.127140055894749938e-15
4.188285688124271833e-15
4.035870932832016640e-15
3.690528429832222621e-15
3.200755277921166557e-15
2.630646678365470803e-15
2.045323416450103097e-15
1.498796577194645989e-15
1.027209773799037983e-15
6.479342992675776296e-16
3.631314819969144843e-16
1.657028384788903901e-16
4.585372157116698408e-17
-2.741567202731316198e-18
3.083233827338749083e-18
-5.020354835890808370e-17
-1.819917863883558725e-16
-3.997636230875518854e-16
-7.152508183310155486e-16
-1.137720581413629444e-15
-1.666698502652800108e-15
-2.285113816554652632e-15
-2.954750092556385927e-15
-3.616372699623217488e-15
-4.196357954172227533e-15
-4.619757021781912634e-15
-4.826940784846483876e-15
-4.788613488843551693e-15
-4.513639820427899995e-15
-4.046507547018772369e-15
-3.455380327916076887e-15
-2.815378072341796665e-15
-2.193002834214008399e-15
-1.636130827385404023e-15
-1.170974554685049396e-15
-8.046795207012835198e-16
-5.308942460316772808e-16
-3.357902438753239506e-16
-2.029492272783781474e-16
-1.165481613668775837e-16
-6.295777606574112137e-17
-3.117195310866753109e-17
-1.251839623636557643e-17
2.970939981269677166e-29
1.251839623637765432e-17
3.117195310865500792e-17
6.295777606574300724e-17
1.165481613670653573e-16
2.029492272785389025e-16
3.357902438753844956e-16
5.308942460318899774e-16
8.046795207013557991e-16
1.170974554685246217e-15
1.636130827385564359e-15
2.193002834213913736e-15
2.815378072342088938e-15
3.455380327917012476e-15
4.046507547020773709e-15
4.513639820427823475e-15
4.788613488844739717e-15
4.826940784846915383e-15
4.619757021781234214e-15
4.196357954172950919e-15
3.616372699624593262e-15
2.954750092555335165e-15
2.285113816554806854e-15
1.666698502652671721e-15
1.137720581412969167e-15
7.152508183308938668e-16
3.997636230877079813e-16
1.819917863883223459e-16
5.020354835895649387e-17
-3.083233827371412855e-18
3.437632869305542500e-18
-5.440901763945368205e-17
-1.979100516133256040e-16
-4.358396457741793291e-16
-7.821274439295910061e-16
-1.248641961775845957e-15
-1.837221150013087294e-15
-2.531863118831303670e-15
-3.293025874146917672e-15
-4.056689439603411379e-15
-4.740507159015787859e-15
-5.257538282317987452e-15
-5.534983614379699739e-15
-5.532353242829773701e-15
-5.252460555136531368e-15
-4.740749383304889853e-15
-4.073055409810762525e-15
-3.336571651300194430e-15
-2.610971482122805402e-15
-1.955426113228821703e-15
-1.403826027894025077e-15
-9.670512655064496624e-16
-6.392367741070588565e-16
-4.049224566090950871e-16
-2.450324595402833801e-16
-1.408679023979874091e-16
-7.617389215056326695e-17
-3.775363143009536972e-17
-1.517422931041806680e-17
2.976719022640635101e-29
1.517422931044022270e-17
3.775363143009608462e-17
7.617389215063114596e-17
1.408679023980096698e-16
2.450324595405044090e-16
4.049224566089298207e-16
6.392367741072116983e-16
9.670512655061422039e-16
1.403826027894110274e-15
1.955426113229098198e-15
2.610971482123056260e-15
3.336571651300559278e-15
4.073055409811161689e-15
4.740749383306012402e-15
5.252460555137171135e-15
5.532353242830830775e-15
5.534983614379244567e-15
5.257538282319304850e-15
4.740507159016120758e-15
4.056689439604473975e-15
3.293025874146283428e-15
2.531863118830790121e-15
1.837221150012382842e-15
1.248641961775512268e-15
7.821274439292752645e-16
4.358396457741792798e-16
1.979100516133028256e-16
5.440901763957454417e-17
-3.437632869304408512e-18
3.804481507935592341e-18
-5.845574226313399394e-17
-2.134105300584739241e-16
-4.712684115278277922e-16
-8.484354581070576215e-16
-1.359854614636193084e-15
-2.010380340374203348e-15
-2.785978594618012071e-15
-3.646711715715545883e-15
-4.524416430582050090e-15
-5.327954076792758375e-15
-5.957245593117286738e-15
-6.324024470226988162e-15
-6.373556269272794149e-15
-6.099626569380090917e-15
-5.546674129295487166e-15
-4.797879502709791509e-15
-3.953822929976139607e-15
-3.109742323073396069e-15
-2.338763785835612621e-15
-1.684689616964278088e-15
-1.163581884062537542e-15
-7.706977746835851166e-16
-4.889543708403018242e-16
-2.962525349600082221e-16
-1.704995303108406019e-16
-9.229244580078050269e-17
-4.578811456993598637e-17
-1.841868202266157178e-17
4.020299581390327717e-29
1.841868202281200386e-17
4.578811457016303040e-17
9.229244580103124953e-17
1.704995303108825101e-16
2.962525349602436478e-16
4.889543708402195854e-16
7.706977746837864733e-16
1.163581884062076650e-15
1.684689616964119133e-15
2.338763785835838236e-15
3.109742323072858855e-15
3.953822929976575059e-15
4.797879502710478607e-15
5.546674129294687261e-15
6.099626569380926320e-15
6.373556269274152568e-15
6.324024470225034154e-15
5.957245593117685902e-15
5.327954076793110207e-15
4.524416430584984653e-15
3.646711715715882726e-15
2.785978594617457107e-15
2.010380340374918844e-15
1.359854614636060161e-15
8.484354581065689222e-16
4.712684115276457626e-16
2.134105300583738620e-16
5.845574226330335252e-17
-3.804481507880970656e-18
4.183108717157540819e-18
-6.232916040127254892e-17
-2.284429371595741604e-16
-5.059480872989604910e-16
-9.140204176885641178e-16
-1.471188500257185047e-15
-2.186107743946880503e-15
-3.047753512205135658e-15
-4.016935555358359947e-15
-5.022247975961497080e-15
-5.963915770570302316e-15
-6.727635190655350021e-15
-7.207137155840713049e-15
-7.329808305436140083e-15
-7.076610634558329709e-15
-6.488219459792870808e-15
-5.654344850548440760e-15
-4.690254098734309844e-15
-3.709565774286886326e-15
-2.802685450354910318e-15
-2.026232446950597177e-15
-1.403407294990995108e-15
-9.315078585936876210e-16
-5.919157746596133564e-16
-3.590837742873175385e-16
-2.068821918841104027e-16
-1.121000037042595142e-16
-5.566913854254233448e-17
-2.241124275481300692e-17
-6.701529237429187881e-29
2.241124275472203831e-17
5.566913854263884668e-17
1.121000037045857822e-16
2.068821918847840406e-16
3.590837742884014827e-16
5.919157746600978156e-16
9.315078585941313552e-16
1.403407294990887823e-15
2.026232446950761654e-15
2.802685450356139363e-15
3.709565774286717510e-15
4.690254098733726876e-15
5.654344850548643498e-15
6.488219459791543155e-15
7.076610634559686549e-15
7.329808305435928668e-15
7.207137155839531335e-15
6.727635190657672427e-15
5.963915770570766955e-15
5.022247975962363249e-15
4.016935555358910572e-15
3.047753512205138419e-15
2.186107743947059180e-15
1.471188500257054490e-15
9.140204176886785027e-16
5.059480872991053456e-16
2.284429371596274578e-16
6.232916040138766098e-17
-4.183108717084531896e-18
4.572433024321696918e-18
-6.601453037791251597e-17
-2.429536060212721225e-16
-5.397652705692107276e-16
-9.786994540945281053e-16
-1.582415966706666964e-15
-2.364235839720495434e-15
-3.317338623570739281e-15
-4.404669507453928484e-15
-5.552801593594893905e-15
-6.653795236978221203e-15
-7.578191157827680567e-15
-8.198993347069079331e-15
-8.421436843587285416e-15
-8.208865099979016009e-15
-7.594371707004664448e-15
-6.672644932236488699e-15
-5.574790745759767593e-15
-4.436070480531455031e-15
-3.368308898081486631e-15
-2.444723275107370493e-15
-1.698303293617602718e-15
-1.129711375133911228e-15
-7.190114687978983072e-16
-4.367212223819043684e-16
-2.518736217588213752e-16
-1.366116496722565833e-16
-6.790467801171479131e-17
-2.735759466073005538e-17
-7.918515500726358392e-29
2.735759466053650096e-17
6.790467801166985089e-17
1.366116496721875580e-16
2.518736217590025174e-16
4.367212223823846861e-16
7.190114687981817054e-16
1.129711375134269174e-15
1.698303293617275932e-15
2.444723275106863650e-15
3.368308898082170573e-15
4.436070480532025378e-15
5.574790745758554325e-15
6.672644932236239419e-15
7.594371707002338886e-15
8.208865099977697034e-15
8.421436843587623048e-15
8.198993347070751716e-15
7.578191157827884093e-15
6.653795236977050534e-15
5.552801593594549962e-15
4.404669507454048390e-15
3.317338623571173943e-15
2.364235839719935343e-15
1.582415966707015443e-15
9.786994540950116770e-16
5.397652705691196142e-16
2.429536060214269858e-16
6.601453037790678440e-17
-4.572433024257595036e-18
4.970944685507000617e-18
-6.949693318938191419e-17
-2.568853345695642307e-16
-5.725942247009092354e-16
-1.042258700556325750e-15
-1.693244762757615159e-15
-2.544481740583330261e-15
-3.594709751812049428e-15
-4.810674103302673251e-15
-6.118538651520587444e-15
-7.403097749712171028e-15
-8.519091048177413357e-15
-9.315970958602040281e-15
-9.671878881972919724e-15
-9.526547035840694488e-15
-8.900278114526194247e-15
-7.890107463824105393e-15
-6.643766911970203820e-15
-5.321858092294057616e-15
-4.062753475338584785e-15
-2.961190947605934287e-15
-2.063550034487448443e-15
-1.375764536044814189e-15
-8.770087736599530561e-16
-5.333176712075586736e-16
-3.078874423907806562e-16
-1.671458275182556971e-16
-8.315431858985480622e-17
-3.352470688917516213e-17
2.239266150277881560e-28
3.352470688935215047e-17
8.315431858964854374e-17
1.671458275173012740e-16
3.078874423898358967e-16
5.333176712069431649e-16
8.770087736599024703e-16
1.375764536044642612e-15
2.063550034487898093e-15
2.961190947605989113e-15
4.062753475338705481e-15
5.321858092295653481e-15
6.643766911971558294e-15
7.890107463823338620e-15
8.900278114525392764e-15
9.526547035840259036e-15
9.671878881970906551e-15
9.315970958602374758e-15
8.519091048177878785e-15
7.403097749712505505e-15
6.118538651520262433e-15
4.810674103302370329e-15
3.594709751812092815e-15
2.544481740583159078e-15
1.693244762758517024e-15
1.042258700556669102e-15
5.725942247003352405e-16
2.568853345697934441e-16
6.949693318927799410e-17
-4.970944685446912373e-18
5.376693100657379243e-18
-7.276128485017298034e-17
-2.701772951342203227e-16
-6.042962661337318224e-16
-1.104450947555819262e-15
-1.803311137204343514e-15
-2.726430190043881547e-15
-3.879631718023594968e-15
-5.235432367166071948e-15
-6.721663129625418745e-15
-8.217309510135359356e-15
-9.561121201628015662e-15
-1.057621810784606111e-14
-1.110804751996380467e-14
-1.106533341584701145e-14
-1.044857874445596849e-14
-9.352984073736868852e-15
-7.942991768125671019e-15
-6.408603698574949764e-15
-4.921048360940220498e-15
-3.602992538828222989e-15
-2.519109933646877182e-15
-1.683353000482955518e-15
-1.074767857101385331e-15
-6.543082037717959351e-16
-3.780812549446629292e-16
-2.054268967716915734e-16
-1.022804314246274552e-16
-4.126146593110276824e-17
-2.286073643081559611e-29
4.126146593128908117e-17
1.022804314252808662e-16
2.054268967720447119e-16
3.780812549449927716e-16
6.543082037716598566e-16
1.074767857101275482e-15
1.683353000482636621e-15
2.519109933647472377e-15
3.602992538828763359e-15
4.921048360940476088e-15
6.408603698575072038e-15
7.942991768126444103e-15
9.352984073735472568e-15
1.044857874445491930e-14
1.106533341584543846e-14
1.110804751996338026e-14
1.057621810784929702e-14
9.561121201629284150e-15
8.217309510133699592e-15
6.721663129624040605e-15
5.235432367165256266e-15
3.879631718021976225e-15
2.726430190043415330e-15
1.803311137205185229e-15
1.104450947556031466e-15
6.042962661330972824e-16
2.701772951342427067e-16
7.276128485000961218e-17
-5.376693100582731739e-18
5.787280322165285294e-18
-7.579236077617553034e-17
-2.827650206299231989e-16
-6.347193489390664966e-16
-1.164993642618650556e-15
-1.912173272699807296e-15
-2.909516157334290591e-15
-4.171619095701967774e-15
-5.679073632658484462e-15
-7.363996099498968862e-15
-9.101730797995934706e-15
-1.071552525374463285e-14
-1.199964750867735923e-14
-1.276067154587977600e-14
-1.286731737055996965e-14
-1.229098777542479861e-14
-1.111868025793749812e-14
-9.530414416592894936e-15
-7.749833041767457250e-15
-5.988701865628719110e-15
-4.405950889182609518e-15
-3.091245541489475002e-15
-2.070519578756240131e-15
-1.323974905792970870e-15
-8.068596165771746668e-16
-4.666174902445432673e-16
-2.537274560462347606e-16
-1.264191033913127412e-16
-5.102718933082303233e-17
-2.703423541047591001e-28
5.102718933054061397e-17
1.264191033916987161e-16
2.537274560473604651e-16
4.666174902456887919e-16
8.068596165779455811e-16
1.323974905793262946e-15
2.070519578756052776e-15
3.091245541489655257e-15
4.405950889183352625e-15
5.988701865629788017e-15
7.749833041766965001e-15
9.530414416595136879e-15
1.111868025793951761e-14
1.229098777542387091e-14
1.286731737055791072e-14
1.276067154587956458e-14
1.199964750867733872e-14
1.071552525374432204e-14
9.101730797996870295e-15
7.363996099498782691e-15
5.679073632656663771e-15
4.171619095701166292e-15
2.909516157334492145e-15
1.912173272700045532e-15
1.164993642617871753e-15
6.347193489388430518e-16
2.827650206300655390e-16
7.579236077589610101e-17
-5.787280322098132739e-18
6.199861514877152420e-18
-7.857483440051213645e-17
-2.945804817928442865e-16
-6.636978950126793626e-16
-1.223567363841281425e-15
-2.019305348623760482e-15
-3.093007588264071527e-15
-4.469894579830806403e-15
-6.141287531671939115e-15
-8.046824074375077926e-15
-1.006125549979652885e-14
-1.199376619019052562e-14
-1.360782782275072453e-14
-1.466456839570338257e-14
-1.498196182898693995e-14
-1.449014788790399359e-14
-1.325852245781249136e-14
-1.147956116704479501e-14
-9.414606462656282419e-15
-7.325178761044367301e-15
-5.417287724645328661e-15
-3.814759291252108247e-15
-2.561233958903374563e-15
-1.640166465778861335e-15
-1.000500277710536658e-15
-5.790299808596502925e-16
-3.150686356643106735e-16
-1.570798471257999182e-16
-6.343157898642209548e-17
2.509018200886643164e-28
6.343157898647003111e-17
1.570798471247422776e-16
3.150686356633643362e-16
5.790299808588812517e-16
1.000500277709894722e-15
1.640166465778834317e-15
2.561233958903639226e-15
3.814759291252908152e-15
5.417287724646272139e-15
7.325178761045063076e-15
9.414606462656609007e-15
1.147956116704529988e-14
1.325852245781269804e-14
1.449014788790283870e-14
1.498196182898414423e-14
1.466456839570083612e-14
1.360782782275240638e-14
1.199376619019312571e-14
1.006125549979594194e-14
8.046824074372646656e-15
6.141287531671478420e-15
4.469894579830258934e-15
3.093007588263456610e-15
2.019305348623646097e-15
1.223567363840333214e-15
6.636978950128990604e-16
2.945804817927203367e-16
7.857483440016000866e-17
-6.199861514901114841e-18
6.611153199287751627e-18
-8.109333210838676079e-17
-3.055522696812402316e-16
-6.910529194364001254e-16
-1.279814906738650508e-15
-2.124092570412107740e-15
-3.275989004812850237e-15
-4.773346102589021830e-15
-6.621229279125190967e-15
-8.770720331808618043e-15
-1.110008916744978411e-14
-1.340717937687524423e-14
-1.542372866949149209e-14
-1.685879220976114392e-14
-1.746706389656107011e-14
-1.712176696853318838e-14
-1.586116948134032105e-14
-1.388396517109883823e-14
-1.149241747066991838e-14
-9.008628328373575612e-15
-6.699673538460635382e-15
-4.736117862215256834e-15
-3.187597855581433440e-15
-2.044176432926011975e-15
-1.248014340259560035e-15
-7.227466399917073695e-16
-3.935064137090322477e-16
-1.962880810253977723e-16
-7.929165551383507740e-17
3.952808559558933615e-29
7.929165551416922162e-17
1.962880810257505903e-16
3.935064137093904892e-16
7.227466399918067659e-16
1.248014340258993830e-15
2.044176432926621370e-15
3.187597855581418452e-15
4.736117862215452472e-15
6.699673538461460530e-15
9.008628328374705261e-15
1.149241747067227708e-14
1.388396517110108964e-14
1.586116948134128346e-14
1.712176696853635645e-14
1.746706389656315270e-14
1.685879220975879627e-14
1.542372866949188020e-14
1.340717937687908283e-14
1.110008916745217909e-14
8.770720331809056650e-15
6.621229279125609063e-15
4.773346102589259277e-15
3.275989004813895083e-15
2.124092570412004005e-15
1.279814906738177586e-15
6.910529194366427001e-16
3.055522696807219993e-16
8.109333210833094888e-17
-6.611153199445266504e-18
7.017450048894673932e-18
-8.333250635935374272e-17
-3.156058967754803296e-16
-7.165924999123352859e-16
-1.333341129994305885e-15
-2.225827539073071249e-15
-3.457346780257153914e-15
-5.080484208515838773e-15
-7.117418237646384497e-15
-9.535339742281990887e-15
-1.222139892052511113e-14
-1.496649182841972901e-14
-1.747126494849128589e-14
-1.938657414687416374e-14
-2.038964864540203010e-14
-2.027701801957796913e-14
-1.903677808992497422e-14
-1.686286054087993287e-14
-1.409971572126520219e-14
-1.114233802748034424e-14
-8.336850970093967133e-15
-5.917842053843206046e-15
-3.992971094780353196e-15
-2.564203665351570324e-15
-1.566729238282261353e-15
-9.078469776627178480e-16
-4.945482673706331578e-16
-2.467925712871657945e-16
-9.971446478236769206e-17
-6.114322337228954741e-29
9.971446478219133234e-17
2.467925712867002679e-16
4.945482673704926420e-16
9.078469776631769650e-16
1.566729238282191539e-15
2.564203665352591899e-15
3.992971094780210412e-15
5.917842053843705395e-15
8.336850970094233768e-15
1.114233802747945125e-14
1.409971572126618669e-14
1.686286054088055449e-14
1.903677808992210908e-14
2.027701801957646398e-14
2.038964864540382554e-14
1.938657414687372197e-14
1.747126494849041184e-14
1.496649182842145188e-14
1.222139892052592681e-14
9.535339742281015855e-15
7.117418237646480738e-15
5.080484208516869025e-15
3.457346780259344186e-15
2.225827539073787535e-15
1.333341129994448472e-15
7.165924999124021419e-16
3.156058967749847770e-16
8.333250635962403852e-17
-7.017450049136432066e-18
7.414650913841481256e-18
-8.527712853954479264e-17
-3.246642284644459226e-16
-7.401126364235513011e-16
-1.383713706440187540e-15
-2.323708360876610583e-15
-3.635757039676076631e-15
-5.389401602646811430e-15
-7.627632767600777327e-15
-1.033918962167812246e-14
-1.342689089894489596e-14
-1.668118234170104896e-14
-1.977457463428121019e-14
-2.229494081790199839e-14
-2.382666018311362737e-14
-2.406513268684782792e-14
-2.292201869166002161e-14
-2.056846825670404353e-14
-1.738859477774547294e-14
-1.386356904250136586e-14
-1.044148125050803351e-14
-7.444715678701130261e-15
-5.036442448405998273e-15
-3.238801267738777014e-15
-1.980397550258768901e-15
-1.148179937956043511e-15
-6.257716949032992613e-16
-3.123736860764414426e-16
-1.262196345166770024e-16
-3.588021792270280107e-28
1.262196345162976836e-16
3.123736860766606473e-16
6.257716949037219922e-16
1.148179937955835054e-15
1.980397550258940084e-15
3.238801267738633836e-15
5.036442448405950941e-15
7.444715678702477636e-15
1.044148125050908585e-14
1.386356904250284103e-14
1.738859477774759655e-14
2.056846825670277504e-14
2.292201869166156778e-14
2.406513268684820026e-14
2.382666018311608231e-14
2.229494081790705657e-14
1.977457463428281000e-14
1.668118234170069555e-14
1.342689089894553651e-14
1.033918962167734464e-14
7.627632767601364239e-15
5.389401602647322612e-15
3.635757039675425032e-15
2.323708360877772970e-15
1.383713706441612814e-15
7.401126364234395787e-16
3.246642284641319560e-16
8.527712853986754768e-17
-7.414650914157171989e-18
7.798294603834559220e-18
-8.691220265411037652e-17
-3.326480544425954172e-16
-7.613985421426811863e-16
-1.430464920000186840e-15
-2.416838909644659421e-15
-3.809677237494721057e-15
-5.697737181965709520e-15
-8.148805518830564979e-15
-1.117938170560832804e-14
-1.471631497396961611e-14
-1.855865909639352700e-14
-2.235695377367736017e-14
-2.563385851425760680e-14
-2.786524554145391458e-14
-2.861603405165874230e-14
-2.768599183557393075e-14
-2.519525019191197253e-14
-2.155834771406696073e-14
-1.735567630814215241e-14
-1.316613641672929162e-14
-9.432618723352779602e-15
-6.399276891346293580e-15
-4.121248964911155973e-15
-2.521990541560591781e-15
-1.463045015718256365e-15
-7.977619823182830389e-16
-3.983112650303995702e-16
-1.609245821817837395e-16
3.360981664942897006e-28
1.609245821818464539e-16
3.983112650292553767e-16
7.977619823171267660e-16
1.463045015717182133e-15
2.521990541560490807e-15
4.121248964910927203e-15
6.399276891345376924e-15
9.432618723352172179e-15
1.316613641673059798e-14
1.735567630814333885e-14
2.155834771406936202e-14
2.519525019191437067e-14
2.768599183557752164e-14
2.861603405166268661e-14
2.786524554145399978e-14
2.563385851425651502e-14
2.235695377367784926e-14
1.855865909639388357e-14
1.471631497397401795e-14
1.117938170560875087e-14
8.148805518830096395e-15
5.697737181968486311e-15
3.809677237495551727e-15
2.416838909644965499e-15
1.430464920001412138e-15
7.613985421428296894e-16
3.326480544420271908e-16
8.691220265435153376e-17
-7.798294604119610719e-18
8.163605782064470336e-18
-8.822310042487572894e-17
-3.394768065597911298e-16
-7.802263989309383800e-16
-1.473094636484952354e-15
-2.504231649110539379e-15
-3.977342532129619545e-15
-6.002647222376942366e-15
-8.676924544795607484e-15
-1.205137350126819349e-14
-1.608690238084622363e-14
-2.060323730091324493e-14
-2.523936563168026480e-14
-2.945470707951488354e-14
-3.260232717622298004e-14
-3.408271779457565493e-14
-3.353699480318988193e-14
-3.099153151569915347e-14
-2.687078758051855632e-14
-2.186474607862763926e-14
-1.671874489285543103e-14
-1.204115642749661466e-14
-8.194283785973984879e-15
-5.286020754449155506e-15
-3.237909280740576230e-15
-1.879769084146835040e-15
-1.025564704111546968e-15
-5.121103702273465430e-16
-2.068301722499501429e-16
6.656332563068420962e-29
2.068301722503827345e-16
5.121103702277211534e-16
1.025564704111146424e-15
1.879769084145688825e-15
3.237909280739652080e-15
5.286020754448498385e-15
8.194283785973205484e-15
1.204115642749610033e-14
1.671874489285631140e-14
2.186474607863002478e-14
2.687078758052086295e-14
3.099153151569851607e-14
3.353699480318941493e-14
3.408271779457814142e-14
3.260232717622808555e-14
2.945470707951877105e-14
2.523936563168132819e-14
2.060323730091530228e-14
1.608690238084669695e-14
1.205137350126808620e-14
8.676924544795555419e-15
6.002647222379768066e-15
3.977342532130534624e-15
2.504231649110236850e-15
1.473094636486101922e-15
7.802263989312763083e-16
3.394768065594514266e-16
8.822310042497574171e-17
-8.163605782121844559e-18
8.505551100883408750e-18
-8.919571772522203849e-17
-3.450694259968805276e-16
-7.963656005089753877e-16
-1.511074555397154278e-15
-2.584813396951393456e-15
-4.136768100166461399e-15
-6.300786682354866733e-15
-9.206946831325969502e-15
-1.294871090582294637e-14
-1.753275008215761578e-14
-2.281491107303666050e-14
-2.843844181023002351e-14
-3.380784166436754144e-14
-3.814302742793172794e-14
-4.064287832618426261e-14
-4.072988961708776351e-14
-3.827385390322639790e-14
-3.367044455933709067e-14
-2.772242047108682832e-14
-2.138433769809640401e-14
-1.549178836626119722e-14
-1.057952254362125960e-14
-6.838455576767817864e-15
-4.194429648616201366e-15
-2.437731867062152548e-15
-1.330984699258726662e-15
-6.646530992514034395e-16
-2.682714610491023236e-16
-4.190719030850702943e-28
2.682714610484720238e-16
6.646530992515296573e-16
1.330984699259633655e-15
2.437731867062506747e-15
4.194429648615237378e-15
6.838455576766120236e-15
1.057952254361978758e-14
1.549178836625827843e-14
2.138433769809771037e-14
2.772242047108725430e-14
3.367044455933889558e-14
3.827385390322691539e-14
4.072988961708924026e-14
4.064287832618580246e-14
3.814302742793350130e-14
3.380784166437588444e-14
2.843844181022676079e-14
2.281491107304364665e-14
1.753275008215900418e-14
1.294871090582241152e-14
9.206946831327962165e-15
6.300786682357918047e-15
4.136768100164191057e-15
2.584813396950325733e-15
1.511074555398692951e-15
7.963656005086905103e-16
3.450694259973476319e-16
8.919571772504820560e-17
-8.505551100592813654e-18
8.818905450909561556e-18
-8.981665156054485459e-17
-3.493453783076568878e-16
-8.095814935752204316e-16
-1.543853820828724545e-15
-2.657434362605714340e-15
-4.285758496561068881e-15
-6.588303757815895308e-15
-9.732731915497786551e-15
-1.386278787674628499e-14
-1.904417600979668617e-14
-2.518793266699173511e-14
-3.196390744932299841e-14
-3.873896148376577426e-14
-4.459734113850697308e-14
-4.849895620165933440e-14
-4.957346456864864013e-14
-4.744425403727254363e-14
-4.241095648382009742e-14
-3.537714348168422412e-14
-2.755569690323109206e-14
-2.009393554102084685e-14
-1.377847720005782382e-14
-8.929368970222993200e-15
-5.487717554587355938e-15
-3.194777463774611751e-15
-1.746307217575557570e-15
-8.720715022832324759e-16
-3.516470679911313300e-16
-6.184892581912303004e-28
3.516470679901129106e-16
8.720715022829218619e-16
1.746307217576190434e-15
3.194777463775482259e-15
5.487717554586699606e-15
8.929368970221967681e-15
1.377847720005931950e-14
2.009393554101678579e-14
2.755569690323130347e-14
3.537714348168366245e-14
4.241095648382126493e-14
4.744425403727359755e-14
4.957346456865136643e-14
4.849895620165607799e-14
4.459734113849618146e-14
3.873896148376520628e-14
3.196390744932173624e-14
2.518793266699843096e-14
1.904417600979952607e-14
1.386278787674540620e-14
9.732731915498565946e-15
6.588303757819139893e-15
4.285758496559295521e-15
2.657434362605995174e-15
1.543853820830804377e-15
8.095814935743102833e-16
3.493453783081021012e-16
8.981665155993750565e-17
-8.818905450388720766e-18
9.098327902183357573e-18
-9.007339603031291922e-17
-3.522258100135270627e-16
-8.196386120192484389e-16
-1.570866032256799851e-15
-2.720880716019248145e-15
-4.421925062029420954e-15
-6.860850835818471683e-15
-1.024700408318710092e-14
-1.478264276035520694e-14
-2.060708149295454925e-14
-2.770923971847194866e-14
-3.581539778505985261e-14
-4.428398714023545930e-14
-5.207425708746288565e-14
-5.787531697309023089e-14
-6.043655974339616306e-14
-5.901023912866505048e-14
-5.368909180515187601e-14
-4.543677640537834614e-14
-3.577656493335570543e-14
-2.628267467018809196e-14
-1.810991996925011971e-14
-1.177735618909631333e-14
-7.259633385942959533e-15
-4.237632173813694992e-15
-2.320462713166323342e-15
-1.158870467532834313e-15
-4.666301808727662402e-16
8.911693751961373765e-28
4.666301808734032454e-16
1.158870467531078506e-15
2.320462713162622795e-15
4.237632173810075698e-15
7.259633385940659214e-15
1.177735618909421653e-14
1.810991996925247998e-14
2.628267467018689605e-14
3.577656493335171695e-14
4.543677640537742475e-14
5.368909180515121967e-14
5.901023912867179051e-14
6.043655974339924277e-14
5.787531697309934381e-14
5.207425708747516664e-14
4.428398714024155561e-14
3.581539778507274575e-14
2.770923971847118820e-14
2.060708149295524660e-14
1.478264276035696768e-14
1.024700408319054508e-14
6.860850835818283145e-15
4.421925062028723601e-15
2.720880716019537657e-15
1.570866032256877751e-15
8.196386120189630685e-16
3.522258100137531207e-16
9.007339602972984007e-17
-9.098327901650817913e-18
9.338446596936515287e-18
-8.995455488719988489e-17
-3.536348351736012733e-16
-8.263043822262583005e-16
-1.591537651006826971e-15
-2.773890843406535328e-15
-4.542712196034788698e-15
-7.113614805524993993e-15
-1.074135201794025235e-14
-1.569481416636767415e-14
-2.220237027433242750e-14
-3.035680771700453417e-14
-3.997869792390306738e-14
-5.046217669941427678e-14
-6.067232880733733310e-14
-6.901062189522006385e-14
-7.375068947493761789e-14
-7.360632889599725950e-14
-6.828772608730838383e-14
-5.872639817568967134e-14
-4.680257311396219491e-14
-3.467331104331745275e-14
-2.403236170339277122e-14
-1.570317620498647616e-14
-9.723053425722472214e-15
-5.699173589749589534e-15
-3.129482559099945260e-15
-1.563266745465514958e-15
-6.282296517983464036e-16
-5.268978695705807865e-28
6.282296517985450980e-16
1.563266745467804036e-15
3.129482559100970779e-15
5.699173589747817752e-15
9.723053425721695975e-15
1.570317620498585769e-14
2.403236170339258505e-14
3.467331104331928291e-14
4.680257311396008076e-14
5.872639817569445500e-14
6.828772608730423126e-14
7.360632889600191694e-14
7.375068947494540553e-14
6.901062189523037584e-14
6.067232880735637936e-14
5.046217669941466806e-14
3.997869792391211719e-14
3.035680771700212341e-14
2.220237027433811361e-14
1.569481416637578680e-14
1.074135201794261262e-14
7.113614805525101278e-15
4.542712196038926274e-15
2.773890843408593467e-15
1.591537651007195567e-15
8.263043822274928678e-16
3.536348351738897005e-16
8.995455488680562700e-17
-9.338446596577860909e-18
9.533951517689466306e-18
-8.945006748475026282e-17
-3.535009348289478431e-16
-8.293532588373577286e-16
-1.605297746479805323e-15
-2.815175320091935997e-15
-4.645433049694462808e-15
-7.341369259418673953e-15
-1.120627456633074497e-14
-1.658328145058232576e-14
-2.380548606270756639e-14
-3.309804894941336366e-14
-4.442153945056592301e-14
-5.726732163194039230e-14
-7.046554671615631188e-14
-8.214259942207635108e-14
-9.000521948312413738e-14
-9.201425068832610708e-14
-8.722839858369106661e-14
-7.636608785071753169e-14
-6.168723320588420160e-14
-4.614071650619515179e-14
-3.221064567131732326e-14
-2.118329638074793555e-14
-1.320302834594611381e-14
-7.787602631028531137e-15
-4.294637875713543912e-15
-2.146542858772905805e-15
-8.603834497795687551e-16
9.056541994958667266e-29
8.603834497788197317e-16
2.146542858772064880e-15
4.294637875712746373e-15
7.787602631027054389e-15
1.320302834594472384e-14
2.118329638074587189e-14
3.221064567131418043e-14
4.614071650619641397e-14
6.168723320588044031e-14
7.636608785072004342e-14
8.722839858368269837e-14
9.201425068832463033e-14
9.000521948313120557e-14
8.214259942208435329e-14
7.046554671616733069e-14
5.726732163195143635e-14
4.442153945057618451e-14
3.309804894940943198e-14
2.380548606270490320e-14
1.658328145058754802e-14
1.120627456632771417e-14
7.341369259413666264e-15
4.645433049698654026e-15
2.815175320092871980e-15
1.605297746479425092e-15
8.293532588385352021e-16
3.535009348292432715e-16
8.945006748467996791e-17
-9.533951517562775553e-18
9.679693711492089801e-18
-8.855144411003308801e-17
-3.517584466736925125e-16
-8.285712307954215135e-16
-1.611588969336737398e-15
-2.843440482441877739e-15
-4.727314848405549417e-15
-7.538550435901227946e-15
-1.163128034305232518e-14
-1.742951531075775940e-14
-2.538614050623574694e-14
-3.588842651748654866e-14
-4.908922980770604965e-14
-6.465710350050182279e-14
-8.148337568176367363e-14
-9.748141850173342260e-14
-1.097285516376698487e-13
-1.151755063783854598e-13
-1.118320916387951606e-13
-9.987439804943845403e-14
-8.190364085977071369e-14
-6.193556367977688755e-14
-4.361667181410816600e-14
-2.893422707174364188e-14
-1.820460492415595426e-14
-1.083656281484041403e-14
-6.014564523345767784e-15
-3.009827357574357953e-15
-1.202380955340798809e-15
2.827959812628114719e-28
1.202380955340996418e-15
3.009827357574012037e-15
6.014564523343730945e-15
1.083656281483763251e-14
1.820460492415431343e-14
2.893422707174400160e-14
4.361667181410812814e-14
6.193556367978096438e-14
8.190364085977323804e-14
9.987439804944056186e-14
1.118320916387883449e-13
1.151755063783750342e-13
1.097285516376685361e-13
9.748141850174585505e-14
8.148337568176757376e-14
6.465710350052025058e-14
4.908922980771163478e-14
3.588842651748157568e-14
2.538614050623326360e-14
1.742951531075765527e-14
1.163128034305213112e-14
7.538550435897985727e-15
4.727314848408000408e-15
2.843440482442623212e-15
1.611588969336376099e-15
8.285712307955147963e-16
3.517584466735040241e-16
8.855144411021255386e-17
-9.679693711571413463e-18
9.770789215935283486e-18
-8.725200594951095852e-17
-3.483491169368486096e-16
-8.237606179188854225e-16
-1.609879578936340500e-15
-2.857415315813583658e-15
-4.785553636793831800e-15
-7.699357814122199109e-15
-1.200504712436732746e-14
-1.821266210486226649e-14
-2.690830832395790204e-14
-3.867049532488099165e-14
-5.390056686357649804e-14
-7.254110928535843713e-14
-9.368418121051939343e-14
-1.151668973657873802e-13
-1.334449227865144111e-13
-1.441838725666206454e-13
-1.437820904516369381e-13
-1.313034457140767000e-13
-1.095177049547161653e-13
-8.385702453684191013e-14
-5.968415084866679981e-14
-4.004734360877418015e-14
-2.552614197206513206e-14
-1.539251863960877444e-14
-8.623179146423742461e-15
-4.324868194356273661e-15
-1.720641255532790405e-15
9.901389361824290625e-28
1.720641255533908812e-15
4.324868194355764057e-15
8.623179146422724830e-15
1.539251863960946548e-14
2.552614197206672240e-14
4.004734360877264030e-14
5.968415084866337930e-14
8.385702453684579763e-14
1.095177049547216936e-13
1.313034457140754883e-13
1.437820904516399673e-13
1.441838725666146374e-13
1.334449227865043642e-13
1.151668973657970484e-13
9.368418121051545544e-14
7.254110928536289262e-14
5.390056686357687038e-14
3.867049532488433011e-14
2.690830832396271409e-14
1.821266210485727457e-14
1.200504712436725804e-14
7.699357814121343984e-15
4.785553636795830774e-15
2.857415315814648226e-15
1.609879578936231046e-15
8.237606179183520539e-16
3.483491169361456359e-16
8.725200594966980306e-17
-9.770789216168116090e-18
9.802725616707379620e-18
-8.554712429879012484e-17
-3.432236814696200709e-16
-8.147450594203543529e-16
-1.599676291748327447e-15
-2.855881199865209659e-15
-4.817377763926415336e-15
-7.817879092323637234e-15
-1.231564434725547234e-14
-1.890988078359063075e-14
-2.833056351026627088e-14
-4.137361082272081405e-14
-5.874467932587814418e-14
-8.076862612052571647e-14
-1.069222477814513616e-13
-1.352043589622880801e-13
-1.615911991734020158e-13
-1.802345100756470794e-13
-1.851720105994447357e-13
-1.734091621245434939e-13
-1.474367888850542491e-13
-1.145153220086314735e-13
-8.255244910762624334e-14
-5.620903760310242348e-14
-3.645158931366011706e-14
-2.236901557279960343e-14
-1.269556296638532989e-14
-6.391534675590606644e-15
-2.530859700420767683e-15
6.557943345126150771e-28
2.530859700423600482e-15
6.391534675594816794e-15
1.269556296638833702e-14
2.236901557280306179e-14
3.645158931366643426e-14
5.620903760310329439e-14
8.255244910762845215e-14
1.145153220086432370e-13
1.474367888850645232e-13
1.734091621245448570e-13
1.851720105994663189e-13
1.802345100756289798e-13
1.615911991733836637e-13
1.352043589623026708e-13
1.069222477814612192e-13
8.076862612052922533e-14
5.874467932587733639e-14
4.137361082272663900e-14
2.833056351027461388e-14
1.890988078359157423e-14
1.231564434725422120e-14
7.817879092322935148e-15
4.817377763925873388e-15
2.855881199865702302e-15
1.599676291748094339e-15
8.147450594195846219e-16
3.432236814692832766e-16
8.554712429878858409e-17
-9.802725617062137456e-18
9.771468887654046468e-18
-8.343445311047865463e-17
-3.363434387157448794e-16
-8.013745786631738348e-16
-1.580537659459853201e-15
-2.837703874351798156e-15
-4.820118917744155325e-15
-7.888237905454116603e-15
-1.255081860748800039e-14
-1.949684358203016435e-14
-2.960681772128784833e-14
-4.391454890149974195e-14
-6.347959137461685645e-14
-8.911813495664077578e-14
-1.209105213809068146e-13
-1.573751022895646786e-13
-1.943720137221880159e-13
-2.244879805646586043e-13
-2.384987888051722108e-13
-2.298497765615902703e-13
-1.997692824845815087e-13
-1.577440631959853597e-13
-1.154653691111493466e-13
-8.007113040547110208e-14
-5.308281782331134798e-14
-3.332186403548244202e-14
-1.924331098357124483e-14
-9.746688393080961853e-15
-3.840512086405406368e-15
3.109864309031476610e-27
3.840512086409549465e-15
9.746688393080195080e-15
1.924331098356953773e-14
3.332186403548107256e-14
5.308281782331134167e-14
8.007113040546918357e-14
1.154653691111462416e-13
1.577440631959803868e-13
1.997692824845849923e-13
2.298497765616065271e-13
2.384987888051751391e-13
2.244879805646804147e-13
1.943720137221899344e-13
1.573751022895398642e-13
1.209105213809286755e-13
8.911813495663813782e-14
6.347959137462654998e-14
4.391454890149678846e-14
2.960681772128848573e-14
1.949684358202857401e-14
1.255081860748484179e-14
7.888237905455678547e-15
4.820118917743860291e-15
2.837703874352547179e-15
1.580537659459538840e-15
8.013745786628518809e-16
3.363434387159635911e-16
8.343445311038316548e-17
-9.771468888078157812e-18
9.673567937120070688e-18
-8.091414859404321944e-17
-3.276817739038957264e-16
-7.835305936402817989e-16
-1.552087633732843039e-15
-2.801866816309291467e-15
-4.791289003017285661e-15
-7.904761141238753877e-15
-1.269833797943303456e-14
-1.994840105366737520e-14
-3.068749770851110769e-14
-4.619924534994520247e-14
-6.793337786802408000e-14
-9.729125900976339867e-14
-1.351843218030660902e-13
-1.811219749269784593e-13
-2.315272006158029709e-13
-2.777787424085738482e-13
-3.065119068246560771e-13
-3.053721579533892187e-13
-2.723425788783887234e-13
-2.192731864886748729e-13
-1.634560046194016978e-13
-1.158999096893472263e-13
-7.892724365007660188e-14
-5.094386831434935733e-14
-3.007582214120219965e-14
-1.537135894629324512e-14
-6.031436042204990840e-15
1.183522847249136638e-27
6.031436042209531524e-15
1.537135894630076138e-14
3.007582214121236018e-14
5.094386831435842607e-14
7.892724365007799028e-14
1.158999096893497759e-13
1.634560046194035406e-13
2.192731864886713136e-13
2.723425788783834222e-13
3.053721579534078990e-13
3.065119068246707689e-13
2.777787424085951538e-13
2.315272006158208938e-13
1.811219749269756320e-13
1.351843218030742944e-13
9.729125900975154683e-14
6.793337786801727686e-14
4.619924534993572352e-14
3.068749770851515928e-14
1.994840105366569019e-14
1.269833797943387076e-14
7.904761141238053369e-15
4.791289003017796843e-15
2.801866816308810656e-15
1.552087633731614191e-15
7.835305936401359583e-16
3.276817739042280833e-16
8.091414859399993069e-17
-9.673567937522255705e-18
9.506254123370521788e-18
-7.798906931809605463e-17
-3.172255918235621121e-16
-7.611307309458483385e-16
-1.514028931954031602e-15
-2.747505065458519535e-15
-4.728660662457869390e-15
-7.862161208918973140e-15
-1.274638648492952383e-14
-2.023939933990459990e-14
-3.152116322066332141e-14
-4.812578256262784828e-14
-7.190869135163711705e-14
-1.049145175245989316e-13
-1.490754058831082456e-13
-2.054208161297096361e-13
-2.719891639212196388e-13
-3.400590607454495332e-13
-3.917342165001571870e-13
-4.058511112774146029e-13
-3.734190266352729428e-13
-3.078662649215380663e-13
-2.345917669951446853e-13
-1.707753218845076100e-13
-1.199688460782269168e-13
-7.995866748432064890e-14
-4.846376571054475086e-14
-2.508242813529135902e-14
-9.820385346594567407e-15
2.516114682633629691e-27
9.820385346598188278e-15
2.508242813529269693e-14
4.846376571054997628e-14
7.995866748432986280e-14
1.199688460782277751e-13
1.707753218845087459e-13
2.345917669951426153e-13
3.078662649215412469e-13
3.734190266352797585e-13
4.058511112774189952e-13
3.917342165001827335e-13
3.400590607454946687e-13
2.719891639212598771e-13
2.054208161297467694e-13
1.490754058831114010e-13
1.049145175246146458e-13
7.190869135162280396e-14
4.812578256260646699e-14
3.152116322065822852e-14
2.023939933990474820e-14
1.274638648492768894e-14
7.862161208917445906e-15
4.728660662458259876e-15
2.747505065457641927e-15
1.514028931952775341e-15
7.611307309466338468e-16
3.172255918240642221e-16
7.798906931825215048e-17
-9.506254123641940784e-18
9.267532911115408986e-18
-7.466495036149643231e-17
-3.049766141474413828e-16
-7.341332956337643017e-16
-1.466155782865019859e-15
-2.673938419125974961e-15
-4.630348784672438342e-15
-7.755727233904496251e-15
-1.268399546699760589e-14
-2.034562369560282185e-14
-3.205652310917184823e-14
-4.958862226916117929e-14
-7.519115539238103592e-14
-1.115522004191788463e-13
-1.617099175878470884e-13
-2.286665600851717215e-13
-3.134325462537334038e-13
-4.094342670908861150e-13
-4.952966129910806136e-13
-5.378015698559986274e-13
-5.145420024916677219e-13
-4.372704788482133265e-13
-3.423711536124106158e-13
-2.569604269063152099e-13
-1.867088720590125717e-13
-1.287414777272418264e-13
-8.033156295024331110e-14
-4.225555704682235271e-14
-1.656657746112752831e-14
-1.580016772857143630e-27
1.656657746112808683e-14
4.225555704682738249e-14
8.033156295025445613e-14
1.287414777272522015e-13
1.867088720590196146e-13
2.569604269063272258e-13
3.423711536124153616e-13
4.372704788482217579e-13
5.145420024916876139e-13
5.378015698559818657e-13
4.952966129911288792e-13
4.094342670909278679e-13
3.134325462537958058e-13
2.286665600852065576e-13
1.617099175878386823e-13
1.115522004192067531e-13
7.519115539235837983e-14
4.958862226914430397e-14
3.205652310917233417e-14
2.034562369560739724e-14
1.268399546699455615e-14
7.755727233905636944e-15
4.630348784673631889e-15
2.673938419127745559e-15
1.466155782864122530e-15
7.341332956341031175e-16
3.049766141473665396e-16
7.466495036146513672e-17
-9.267532911233477736e-18
8.956264846822426059e-18
-7.095054573810717197e-17
-2.909524962399241940e-16
-7.025412507800108175e-16
-1.408365608426970579e-15
-2.580702837191861650e-15
-4.494890000931553178e-15
-7.581517901155348885e-15
-1.250149465597689407e-14
-2.024482806424304537e-14
-3.224476125959173722e-14
-5.048391456472247352e-14
-7.756161171041254410e-14
-1.167326507009225925e-13
-1.720457984898255421e-13
-2.486272624344104509e-13
-3.517838363332571874e-13
-4.806615791369563186e-13
-6.144674748660886903e-13
-7.064054732379419484e-13
-7.109754785353591124e-13
-6.294367339694589778e-13
-5.105510719618577946e-13
-3.969702511897397383e-13
-2.983226291560236716e-13
-2.122747874957925570e-13
-1.363030027095611103e-13
-7.308746375830460214e-14
-2.883819032358793273e-14
-6.097884717828120411e-27
2.883819032357946352e-14
7.308746375830267101e-14
1.363030027095680523e-13
2.122747874957973785e-13
2.983226291560269532e-13
3.969702511897368101e-13
5.105510719618590063e-13
6.294367339694789707e-13
7.109754785353753693e-13
7.064054732379342743e-13
6.144674748661050482e-13
4.806615791369939820e-13
3.517838363334061748e-13
2.486272624344653808e-13
1.720457984898205944e-13
1.167326507009491992e-13
7.756161171041620442e-14
5.048391456470370494e-14
3.224476125960288855e-14
2.024482806424533307e-14
1.250149465597611310e-14
7.581517901152944437e-15
4.494890000929966779e-15
2.580702837193214941e-15
1.408365608427903998e-15
7.025412507803294187e-16
2.909524962398553165e-16
7.095054573801186771e-17
-8.956264846767056344e-18
8.572233176525023111e-18
-6.685773252642710388e-17
-2.751877252967850586e-16
-6.664055517687755678e-16
-1.340669225546993087e-15
-2.467578799800190973e-15
-4.321317068601911593e-15
-7.336547556302665847e-15
-1.219096279532492933e-14
-1.991779800634149890e-14
-3.204203971139589446e-14
-5.071553557593192294e-14
-7.881149895147268085e-14
-1.199880621853274935e-13
-1.789623010102926888e-13
-2.625413931199459654e-13
-3.808802561517099358e-13
-5.431622140566283461e-13
-7.380158866786391044e-13
-9.099162936005300237e-13
-9.796358807997931175e-13
-9.189632191011444246e-13
-7.829790759154903552e-13
-6.353300370332616242e-13
-4.919141232424586255e-13
-3.575885382524300797e-13
-2.348609009596700014e-13
-1.285302873885468767e-13
-5.136540046701473844e-14
-1.350845449563874782e-26
5.136540046699063085e-14
1.285302873885304937e-13
2.348609009596614691e-13
3.575885382524187705e-13
4.919141232424507495e-13
6.353300370332423381e-13
7.829790759154718770e-13
9.189632191011323077e-13
9.796358807998054363e-13
9.099162936005443621e-13
7.380158866786066917e-13
5.431622140566483390e-13
3.808802561517980862e-13
2.625413931200193736e-13
1.789623010102757756e-13
1.199880621853328704e-13
7.881149895150187501e-14
5.071553557592039926e-14
3.204203971139072585e-14
1.991779800633828350e-14
1.219096279532717916e-14
7.336547556297983168e-15
4.321317068598441394e-15
2.467578799800745148e-15
1.340669225549250413e-15
6.664055517688478472e-16
2.751877252968641912e-16
6.685773252628460356e-17
-8.572233176305655068e-18
8.116195540805617472e-18
-6.240157112168950716e-17
-2.577342627880700829e-16
-6.258276986112919987e-16
-1.263199142869451027e-15
-2.334615442448289075e-15
-4.109224794850812270e-15
-7.018957124123114537e-15
-1.174665453055769158e-14
-1.934938838903621918e-14
-3.141200546409161073e-14
-5.020135992039969190e-14
-7.875984021375833436e-14
-1.209046545534729673e-13
-1.814043685745433872e-13
-2.674345157347054185e-13
-3.926277541425907128e-13
-5.791055466540527048e-13
-8.387821066976539417e-13
-1.126503686380482131e-12
-1.328157450124823705e-12
-1.355147437138275363e-12
-1.242124630013693968e-12
-1.067227725656248047e-12
-8.447114189740465475e-13
-6.136171776847527598e-13
-4.058950227299498000e-13
-2.262457747435942098e-13
-9.229579504807857460e-14
-5.181210750699620530e-26
9.229579504798869494e-14
2.262457747435300155e-13
4.058950227299014333e-13
6.136171776847144906e-13
8.447114189740126202e-13
1.067227725656185039e-12
1.242124630013632778e-12
1.355147437138255774e-12
1.328157450124812396e-12
1.126503686380493238e-12
8.387821066976600002e-13
5.791055466540349334e-13
3.926277541425070557e-13
2.674345157347675176e-13
1.814043685745736037e-13
1.209046545534746334e-13
7.875984021379161798e-14
5.020135992041979207e-14
3.141200546407012216e-14
1.934938838903552499e-14
1.174665453056008656e-14
7.018957124121150273e-15
4.109224794848276082e-15
2.334615442448611719e-15
1.263199142871839303e-15
6.258276986111781069e-16
2.577342627879207417e-16
6.240157112160667677e-17
-8.116195540511071909e-18
7.589917564694629097e-18
-5.760032084037080397e-17
-2.386618865856223734e-16
-5.809614134336110828e-16
-1.176215509674402819e-15
-2.182149453370347347e-15
-3.858824118664811803e-15
-6.628161543133000259e-15
-1.116537968769337393e-14
-1.852947262802215812e-14
-3.032811389610084728e-14
-4.887915346027083808e-14
-7.726971644829093037e-14
-1.191761297326162960e-13
-1.785682122937200359e-13
-2.606893160721559280e-13
-3.781096421119628569e-13
-5.630644420409009323e-13
-8.646200913012958382e-13
-1.288679088206707084e-12
-1.720097091653945785e-12
-1.984066549452626633e-12
-2.032301704956330830e-12
-1.900263502794230876e-12
-1.521187645161213500e-12
-1.064730460260223216e-12
-6.887445230386640307e-13
-3.885930509003511161e-13
-1.635205515508998666e-13
-1.141045948322981836e-25
1.635205515506827973e-13
3.885930509001693121e-13
6.887445230385175171e-13
1.064730460260108308e-12
1.521187645161092735e-12
1.900263502794131921e-12
2.032301704956296902e-12
1.984066549452643597e-12
1.720097091653972038e-12
1.288679088206686081e-12
8.646200913014592144e-13
5.630644420410554228e-13
3.781096421119191855e-13
2.606893160720871646e-13
1.785682122937655753e-13
1.191761297326387375e-13
7.726971644831488650e-14
4.887915346029316600e-14
3.032811389607908103e-14
1.852947262802611820e-14
1.116537968769373996e-14
6.628161543133273994e-15
3.858824118664551479e-15
2.182149453370267672e-15
1.176215509675726725e-15
5.809614134337792088e-16
2.386618865853952800e-16
5.760032084052956223e-17
-7.589917564461288047e-18
6.996186638232525744e-18
-5.247540194880398366e-17
-2.180582274817454244e-16
-5.320132890433094699e-16
-1.080109509049068807e-15
-2.010817465461645215e-15
-3.570982014713174050e-15
-6.164964358940976223e-15
-1.044681524603638701e-14
-1.745373583070398446e-14
-2.877559787604731660e-14
-4.671143203145848377e-14
-7.426181437647549139e-14
-1.146501407568909816e-13
-1.700933413780451005e-13
-2.408125580422016777e-13
-3.299576451249996459e-13
-4.657561738539148463e-13
-7.336578847168672409e-13
-1.245939709936690143e-12
-1.992634636796189674e-12
-2.758276732120815771e-12
-3.330085466441962941e-12
-3.447381836991561450e-12
-2.741991734905579013e-12
-1.801205906695459798e-12
-1.096677180122115725e-12
-6.231715613408843411e-13
-2.752048208687515822e-13
-2.651473366994153828e-25
2.752048208682401984e-13
6.231715613404406605e-13
1.096677180121756055e-12
1.801205906695197265e-12
2.741991734905345561e-12
3.447381836991403122e-12
3.330085466441941534e-12
2.758276732120757206e-12
1.992634636796258336e-12
1.245939709936813331e-12
7.336578847170407146e-13
4.657561738540843819e-13
3.299576451250104501e-13
2.408125580421188788e-13
1.700933413781051802e-13
1.146501407568801521e-13
7.426181437648023718e-14
4.671143203147482897e-14
2.877559787603610216e-14
1.745373583070438835e-14
1.044681524604184750e-14
6.164964358941491350e-15
3.570982014711280784e-15
2.010817465460838210e-15
1.080109509049335442e-15
5.320132890435907974e-16
2.180582274817143383e-16
5.247540194897940044e-17
-6.996186638108360270e-18
6.338804363214416254e-18
-4.705130527130439621e-17
-1.960284686381178861e-16
-4.792423709179739082e-16
-9.754038429394356889e-16
-1.821561346552755660e-15
-3.247244209944230609e-15
-5.631633660192134663e-15
-9.593727159927400651e-15
-1.612426517477509387e-14
-2.675290600106623093e-14
-4.368880068703989188e-14
-6.972261751333015007e-14
-1.073568825422366092e-13
-1.562073257163354504e-13
-2.082192313776400733e-13
-2.457882940503539861e-13
-2.642174792951952240e-13
-3.470223126968225292e-13
-7.389322510727337506e-13
-1.720727406203103945e-12
-3.283589098442950467e-12
-5.066151298602587932e-12
-5.342383823364278499e-12
-3.913010511298482191e-12
-2.521807653728653524e-12
-1.461988146017745187e-12
-8.621039620364317050e-13
-4.147525380672650307e-13
-4.923606347829238264e-25
4.147525380662796235e-13
8.621039620355154652e-13
1.461988146017046445e-12
2.521807653728175310e-12
3.913010511298131609e-12
5.342383823364049893e-12
5.066151298602503921e-12
3.283589098442883016e-12
1.720727406203250964e-12
7.389322510730006254e-13
3.470223126968633228e-13
2.642174792952264250e-13
2.457882940504287575e-13
2.082192313776762220e-13
1.562073257164178706e-13
1.073568825422293516e-13
6.972261751333293948e-14
4.368880068706209358e-14
2.675290600106547993e-14
1.612426517476874827e-14
9.593727159937004244e-15
5.631633660196826807e-15
3.247244209942372841e-15
1.821561346551983365e-15
9.754038429391408521e-16
4.792423709180744880e-16
1.960284686383816615e-16
4.705130527130133937e-17
-6.338804363119638930e-18
5.622557230374092962e-18
-4.135545287642790805e-17
-1.726946864322554615e-16
-4.229586525401364243e-16
-8.627500923713572476e-16
-1.615625858724481870e-15
-2.889838758056832719e-15
-5.031933738286305213e-15
-8.612086741180273648e-15
-1.454989371752171968e-14
-2.427250580337277206e-14
-3.983140673473384376e-14
-6.370577590851027633e-14
-9.751025785571232657e-14
-1.377669261976243366e-13
-1.657350971962082627e-13
-1.317194759121478417e-13
4.209338436586543017e-14
3.658994237680334830e-13
5.483445033861377876e-13
-1.303638568132369085e-13
-2.394567498625091864e-12
-6.099387824562974674e-12
-5.107731705344095524e-12
-2.101789825139798747e-12
-1.611236836142015509e-12
-1.182063008987847095e-12
-8.757836959695220207e-13
-5.093255392789264873e-13
-7.708062867613086734e-25
5.093255392773670418e-13
8.757836959680162935e-13
1.182063008986649743e-12
1.611236836141188328e-12
2.101789825139305186e-12
5.107731705343746558e-12
6.099387824562804230e-12
2.394567498625269579e-12
1.303638568133493685e-13
-5.483445033858263832e-13
-3.658994237677832689e-13
-4.209338436583298590e-14
1.317194759121368860e-13
1.657350971962598858e-13
1.377669261976753033e-13
9.751025785572613480e-14
6.370577590851498425e-14
3.983140673474229404e-14
2.427250580337366821e-14
1.454989371751644062e-14
8.612086741183624729e-15
5.031933738290268450e-15
2.889838758056046619e-15
1.615625858724030444e-15
8.627500923705488624e-16
4.229586525408957029e-16
1.726946864328666068e-16
4.135545287610123335e-17
-5.622557230293141504e-18
4.853165086845172292e-18
-3.541799810289053471e-17
-1.481948715877810776e-16
-3.635203797412501412e-16
-7.429230756843864240e-16
-1.394547945578125713e-15
-2.501660145856938893e-15
-4.371106987838226770e-15
-7.511074671798266749e-15
-1.274626392263224726e-14
-2.136101624525705115e-14
-3.518838954380804846e-14
-5.632643709144021466e-14
-8.547754160939965621e-14
-1.161549435204007246e-13
-1.184976860069220841e-13
-4.206248234945594222e-15
4.150736695049159704e-13
1.371602878620687656e-12
2.776727851304409294e-12
3.607201228508932993e-12
1.880687223812294808e-12
-3.312090180961593241e-12
6.136067515629039377e-13
5.359587949237554564e-12
2.853207510367061370e-12
5.734743456308354032e-13
-2.501346090366441036e-13
-3.723996804423978057e-13
-8.650386172011530713e-25
3.723996804405954163e-13
2.501346090347953670e-13
-5.734743456323640515e-13
-2.853207510367903898e-12
-5.359587949237853448e-12
-6.136067515633834641e-13
3.312090180961316571e-12
-1.880687223811718851e-12
-3.607201228508510114e-12
-2.776727851304156455e-12
-1.371602878620382108e-12
-4.150736695047872283e-13
4.206248234962199744e-15
1.184976860069052466e-13
1.161549435203977206e-13
8.547754160942305698e-14
5.632643709146557180e-14
3.518838954381853715e-14
2.136101624526324529e-14
1.274626392263674219e-14
7.511074671795960119e-15
4.371106987843250237e-15
2.501660145859307054e-15
1.394547945577558325e-15
7.429230756826230241e-16
3.635203797418736865e-16
1.481948715882369899e-16
3.541799810257970502e-17
-4.853165086918605690e-18
4.037208187774459008e-18
-2.927158387318620530e-17
-1.226815884035083175e-16
-3.013303124114917791e-16
-6.168119534402527810e-16
-1.160138220881539715e-15
-2.086232236676818490e-15
-3.655807333561321456e-15
-6.302961520486464381e-15
-1.073561672780243911e-14
-1.805864563462757491e-14
-2.983560597083232675e-14
-4.774950486759973062e-14
-7.172206651510701426e-14
-9.302830843090260743e-14
-7.306870544186071863e-14
1.116949253016822885e-13
7.725030940988690363e-13
2.464239061091871494e-12
5.620208910080833274e-12
9.397055212173650198e-12
1.051356038654919638e-11
5.930553678471194485e-12
1.246039252478343643e-11
1.685267106119446881e-11
9.827671684365391427e-12
3.764771564592617927e-12
1.259759792722023675e-12
1.878823498703189378e-13
-7.242472253091948479e-25
-1.878823498719600462e-13
-1.259759792723913104e-12
-3.764771564594408806e-12
-9.827671684366583730e-12
-1.685267106119465944e-11
-1.246039252478263025e-11
-5.930553678470362457e-12
-1.051356038654845968e-11
-9.397055212173123516e-12
-5.620208910080812271e-12
-2.464239061091580688e-12
-7.725030940988127937e-13
-1.116949253017118613e-13
7.306870544191980116e-14
9.302830843091562048e-14
7.172206651510809973e-14
4.774950486760780856e-14
2.983560597084176153e-14
1.805864563463129518e-14
1.073561672780427400e-14
6.302961520483047036e-15
3.655807333565649936e-15
2.086232236682025367e-15
1.160138220881188277e-15
6.168119534379617318e-16
3.013303124118748697e-16
1.226815884038249465e-16
2.927158387316225597e-17
-4.037208188140198497e-18
3.182033870054903238e-18
-2.295104485186161194e-17
-9.632034518406912285e-17
-2.368308733752137470e-16
-4.854085079591421972e-16
-9.144542764758902396e-16
-1.647651988554610689e-15
-2.893982525964097757e-15
-5.002873821570425717e-15
-8.546296249795659720e-15
-1.441804310660354095e-14
-2.387195334987836110e-14
-3.817456963508759340e-14
-5.673041317696010853e-14
-6.996730309789717473e-14
-3.583904840399322292e-14
1.884470198908533830e-13
1.004113499861926118e-12
3.271943832727302045e-12
8.088646093571116779e-12
1.523464208583270619e-11
2.050779296131735215e-11
1.802103227759574295e-11
2.467468802652821761e-11
2.655849224212859164e-11
1.559782003074146133e-11
6.815757490046765709e-12
3.010464026048248245e-12
9.411036585172043048e-13
-7.297008192308850204e-25
-9.411036585189436863e-13
-3.010464026050417979e-12
-6.815757490048877282e-12
-1.559782003074318677e-11
-2.655849224212925727e-11
-2.467468802652745829e-11
-1.802103227759454419e-11
-2.050779296131688039e-11
-1.523464208583257372e-11
-8.088646093571202405e-12
-3.271943832726753149e-12
-1.004113499861700138e-12
-1.884470198909127053e-13
3.583904840408806925e-14
6.996730309789427173e-14
5.673041317695139319e-14
3.817456963509763402e-14
2.387195334988898863e-14
1.441804310659879832e-14
8.546296249789328323e-15
5.002873821569655000e-15
2.893982525970361707e-15
1.647651988557020462e-15
9.144542764762016425e-16
4.854085079573313670e-16
2.368308733749649107e-16
9.632034518435918947e-17
2.295104485212157550e-17
-3.182033870663200122e-18
2.295644800548443861e-18
-1.649307512947101834e-17
-6.928765613757578712e-17
-1.704983964068347455e-16
-3.497925609311029716e-16
-6.597670321939630014e-16
-1.190513761233663682e-15
-2.094711807312602682e-15
-3.628444460899781290e-15
-6.212014078201704590e-15
-1.050261373279920568e-14
-1.741498704270284882e-14
-2.782033886346908897e-14
-4.094301967404154356e-14
-4.811635807898669901e-14
-1.115953744347604572e-14
2.052869330453657799e-13
1.010588779057059319e-12
3.385051312493107452e-12
8.833679059778096604e-12
1.773682258906433246e-11
2.571138035808738165e-11
2.499472424628464798e-11
2.965841745076938793e-11
2.880070456088613757e-11
1.677203271557349854e-11
7.856631883878724948e-12
3.873039255430251087e-12
1.379066193365910237e-12
-4.561189032684992500e-26
-1.379066193366671583e-12
-3.873039255432172020e-12
-7.856631883880873679e-12
-1.677203271557555680e-11
-2.880070456088762068e-11
-2.965841745076996308e-11
-2.499472424628472230e-11
-2.571138035808812482e-11
-1.773682258906505624e-11
-8.833679059778329249e-12
-3.385051312492963260e-12
-1.010588779056676223e-12
-2.052869330452323425e-13
1.115953744349686061e-14
4.811635807898266004e-14
4.094301967401115033e-14
2.782033886347541248e-14
1.741498704271255812e-14
1.050261373278719448e-14
6.212014078195960894e-15
3.628444460897301900e-15
2.094711807316177011e-15
1.190513761233362732e-15
6.597670321945904417e-16
3.497925609307774186e-16
1.704983964064091058e-16
6.928765613764366613e-17
1.649307512984648532e-17
-2.295644801203406027e-18
1.502458084005509476e-18
-1.076794820406014848e-17
-4.526685628489758484e-17
-1.114522587929504482e-16
-2.288140466815488981e-16
-4.319599043583236182e-16
-7.802837380983533116e-16
-1.374662427787696284e-15
-2.384682770119069307e-15
-4.089253852218934808e-15
-6.924738716731460567e-15
-1.149517066191153783e-14
-1.834971686712332807e-14
-2.680379476148800779e-14
-3.025891619320412870e-14
5.395684328296919865e-16
1.725701046245617998e-13
8.260316528557390895e-13
2.834481785548162813e-12
7.663342494066607383e-12
1.590652014855955791e-11
2.368828839796023897e-11
2.355471379727184775e-11
2.607681355876899283e-11
2.400995418400830048e-11
1.378895544206073951e-11
6.737538400608938895e-12
3.540206178438610133e-12
1.324562433188409062e-12
3.488963686589029950e-25
-1.324562433188437335e-12
-3.540206178439974901e-12
-6.737538400610529440e-12
-1.378895544206252150e-11
-2.400995418401029089e-11
-2.607681355876987817e-11
-2.355471379727236797e-11
-2.368828839796180932e-11
-1.590652014856041417e-11
-7.663342494066169559e-12
-2.834481785548690302e-12
-8.260316528564007734e-13
-1.725701046242684446e-13
-5.395684327784262829e-16
3.025891619324205082e-14
2.680379476148186098e-14
1.834971686710889192e-14
1.149517066192087006e-14
6.924738716717846406e-15
4.089253852220036847e-15
2.384682770117546806e-15
1.374662427786172796e-15
7.802837380971547361e-16
4.319599043581511534e-16
2.288140466817179608e-16
1.114522587928835922e-16
4.526685628483923378e-17
1.076794820427576789e-17
-1.502458084544489445e-18
5.798070744616068247e-19
-4.150065221158472996e-18
-1.745215899703011765e-17
-4.298081172535243253e-17
-8.826976726051281903e-17
-1.667063360298223591e-16
-3.012865425339938822e-16
-5.311076021797336189e-16
-9.219649389375388564e-16
-1.582165870985194367e-15
-2.681175801962251153e-15
-4.452859232551327316e-15
-7.104454278454795550e-15
-1.033589498723471032e-14
-1.141450157524249911e-14
1.812438117299059246e-15
7.441826301842412126e-14
3.529833591365590260e-13
1.225305907583049839e-12
3.362408531018258332e-12
7.060647043208673216e-12
1.057551852664504667e-11
1.051484148753920839e-11
1.133336843740321432e-11
1.022793145875438326e-11
5.823678719984965254e-12
2.896415347120237778e-12
1.562072043612906320e-12
5.934502744799146508e-13
2.277208215620780368e-25
-5.934502744798045889e-13
-1.562072043613457437e-12
-2.896415347120886032e-12
-5.823678719985743967e-12
-1.022793145875547055e-11
-1.133336843740361014e-11
-1.051484148753952666e-11
-1.057551852664600148e-11
-7.060647043209049648e-12
-3.362408531017875438e-12
-1.225305907583371139e-12
-3.529833591372134902e-13
-7.441826301825307097e-14
-1.812438117215528343e-15
1.141450157527873149e-14
1.033589498725030136e-14
7.104454278446922718e-15
4.452859232555679461e-15
2.681175801954801151e-15
1.582165870987128457e-15
9.219649389366760397e-16
5.311076021781429795e-16
3.012865425333538695e-16
1.667063360295062971e-16
8.826976726059111347e-17
4.298081172541521477e-17
1.745215899702889430e-17
4.150065221195925401e-18
-5.798070746902670944e-19
