-1.618810639226694932e-43
2.203628391494850763e-40
1.425716585249047246e-38
4.997934928529648726e-37
1.209307224898506311e-35
2.165559310107337553e-34
2.933375260255891568e-33
2.993048468580054781e-32
2.215000192134437064e-31
1.033102039745348320e-30
6.826858975045303629e-31
-3.696576359506306487e-29
-3.849526102664578876e-28
-2.390414665868113680e-27
-1.079346069144848977e-26
-3.757146165393437473e-26
-1.032943485218062681e-25
-2.266439747144953231e-25
-3.977812351430960884e-25
-5.556022468286489955e-25
-6.083902825901443434e-25
-5.050296479778275433e-25
-2.928732513137939972e-25
-8.799207987999922110e-26
2.153133311250412612e-26
3.575288680619386658e-26
1.184456413404211158e-26
-3.524530318013611101e-27
-2.896645071363547404e-27
-8.590926775966191150e-54
-2.896645071352108504e-27
-3.524530318025224704e-27
1.184456413399537736e-26
3.575288680619163383e-26
2.153133311250620390e-26
-8.799207988000142515e-26
-2.928732513137787066e-25
-5.050296479778598694e-25
-6.083902825901242315e-25
-5.556022468286734237e-25
-3.977812351430962720e-25
-2.266439747145103382e-25
-1.032943485218102630e-25
-3.757146165393903538e-26
-1.079346069144688122e-26
-2.390414665868158163e-27
-3.849526102664251981e-28
-3.696576359505776236e-29
6.826858975172061585e-31
1.033102039744912341e-30
2.215000192133182026e-31
2.993048468579891113e-32
2.933375260256074941e-33
2.165559310106996295e-34
1.209307224898649036e-35
4.997934928529538475e-37
1.425716585248449528e-38
2.203628391498725979e-40
-1.618810639654663541e-43
-2.669011939749178595e-43
3.646808951178843650e-40
2.366951929446244454e-38
8.324299402898431961e-37
2.021073165082047117e-35
3.633634247599731186e-34
4.947259431336935558e-33
5.086060337772532643e-32
3.814729870821833499e-31
1.842248584689896915e-30
2.067574649004968401e-30
-5.588954782036364678e-29
-6.133772001115839960e-28
-3.872027371271927335e-27
-1.763015104691500587e-26
-6.168865527513694935e-26
-1.702050507323731658e-25
-3.744263297380755728e-25
-6.584293950644646786e-25
-9.210121760303455213e-25
-1.009626022106044315e-24
-8.387660128106013638e-25
-4.866664166412543489e-25
-1.462505490917721456e-25
3.578049101592645476e-26
5.934594692084558291e-26
1.953612837222784891e-26
-5.986674591438287592e-27
-4.859134790890872123e-27
2.212187199742727391e-53
-4.859134790897287693e-27
-5.986674591254651038e-27
1.953612837243438694e-26
5.934594692092081914e-26
3.578049101591995166e-26
-1.462505490917257458e-25
-4.866664166414231425e-25
-8.387660128106972401e-25
-1.009626022106114110e-24
-9.210121760303960308e-25
-6.584293950644900252e-25
-3.744263297381852244e-25
-1.702050507323280517e-25
-6.168865527513839576e-26
-1.763015104691933362e-26
-3.872027371273045145e-27
-6.133772001118082038e-28
-5.588954782045613248e-29
2.067574649042119275e-30
1.842248584688025832e-30
3.814729870822186013e-31
5.086060337772344344e-32
4.947259431335643736e-33
3.633634247599307392e-34
2.021073165081698589e-35
8.324299402899734934e-37
2.366951929445832577e-38
3.646808951182500675e-40
-2.669011939968565672e-43
-4.355494248833488782e-43
5.996054209512420321e-40
3.916215353207048915e-38
1.386003973436320094e-36
3.387546930625728871e-35
6.137066194068951212e-34
8.437464857361920462e-33
8.797027576611929517e-32
6.760519881145601592e-31
3.463725567750909847e-30
6.478786497630139909e-30
-7.451667416757838104e-29
-9.305547671683995403e-28
-6.089954005628563367e-27
-2.822221396126464205e-26
-9.981588933165146956e-26
-2.774171263780110222e-25
-6.134963766693036322e-25
-1.083065936947022793e-24
-1.519462083205331080e-24
-1.669322519081048808e-24
-1.389028262732660994e-24
-8.067805251559855523e-25
-2.425637653357655144e-25
5.932337682491919226e-26
9.817842616046816388e-26
3.192118525243132534e-26
-1.034077702464481530e-26
-8.202495317365364311e-27
-1.326739876387920950e-53
-8.202495317335408720e-27
-1.034077702498016266e-26
3.192118525189744542e-26
9.817842616009722883e-26
5.932337682490206494e-26
-2.425637653357691878e-25
-8.067805251558820537e-25
-1.389028262733064703e-24
-1.669322519081066808e-24
-1.519462083205566363e-24
-1.083065936947023344e-24
-6.134963766692782856e-25
-2.774171263779246969e-25
-9.981588933169898295e-26
-2.822221396125303634e-26
-6.089954005631258882e-27
-9.305547671677477235e-28
-7.451667416746053744e-29
6.478786497624267067e-30
3.463725567755801780e-30
6.760519881136310984e-31
8.797027576609230923e-32
8.437464857362986489e-33
6.137066194066188642e-34
3.387546930626606607e-35
1.386003973436013728e-36
3.916215353205887933e-38
5.996054209516451327e-40
-4.355494248824917151e-43
-7.033490986353311722e-43
9.794011930456917800e-40
6.455872781988100068e-38
2.305761510383634024e-36
5.689236192993233638e-35
1.041821692903049695e-33
1.451720975101716217e-32
1.542499066533541541e-31
1.223160337494603826e-30
6.718153761563648035e-30
1.811009922151066159e-29
-7.915091073285529788e-29
-1.328652078962026194e-27
-9.267873376221564411e-27
-4.421492776184895739e-26
-1.590690445479588076e-25
-4.471468926213383226e-25
-9.968701841721665701e-25
-1.770385727922742441e-24
-2.494792734309616819e-24
-2.749916919560773280e-24
-2.293626600180220015e-24
-1.334266289037454424e-24
-4.014352898980521894e-25
9.812778228567806911e-26
1.618662423842019306e-25
5.164744761628501618e-26
-1.812287165265080165e-26
-1.392580150374693140e-26
8.118206007401604891e-53
-1.392580150378490825e-26
-1.812287165196332113e-26
5.164744761735594434e-26
1.618662423850243863e-25
9.812778228571375868e-26
-4.014352898980688576e-25
-1.334266289037529913e-24
-2.293626600179911448e-24
-2.749916919560470223e-24
-2.494792734309882407e-24
-1.770385727922475016e-24
-9.968701841723623634e-25
-4.471468926214518313e-25
-1.590690445479015712e-25
-4.421492776183575604e-26
-9.267873376221940362e-27
-1.328652078964154912e-27
-7.915091073295811956e-29
1.811009922149988280e-29
6.718153761564338875e-30
1.223160337493936458e-30
1.542499066533092907e-31
1.451720975101802156e-32
1.041821692902553972e-33
5.689236192995299150e-35
2.305761510382814821e-36
6.455872781987328516e-38
9.794011930451108648e-40
-7.033490985185076713e-43
-1.123629649976544793e-42
1.589082974426905841e-39
1.059981627406509907e-37
3.829853399499309465e-36
9.562141666172919744e-35
1.774190956465853439e-33
2.512297722860155888e-32
2.728527704145295200e-31
2.239564535998275965e-30
1.318123353584243732e-29
4.562303401960776990e-29
-3.632918408604396154e-29
-1.740666203899209908e-27
-1.355939955425436868e-26
-6.763492652987075445e-26
-2.494278273270015829e-25
-7.124416175073782848e-25
-1.606123548915747692e-24
-2.875587488112547028e-24
-4.076560377735559766e-24
-4.513310887311243764e-24
-3.776313241706629122e-24
-2.201294885455898839e-24
-6.628952267807500629e-25
1.619255698719340570e-25
2.659265024561789015e-25
8.267860772461503075e-26
-3.215174610161243184e-26
-2.376932983003812407e-26
-1.802874871777271580e-52
-2.376932982985026308e-26
-3.215174610192745055e-26
8.267860772377746807e-26
2.659265024554443094e-25
1.619255698718452521e-25
-6.628952267807204919e-25
-2.201294885455521211e-24
-3.776313241706601939e-24
-4.513310887309789824e-24
-4.076560377736148248e-24
-2.875587488112124585e-24
-1.606123548916166462e-24
-7.124416175071595327e-25
-2.494278273269052475e-25
-6.763492652992130989e-26
-1.355939955423578634e-26
-1.740666203904136380e-27
-3.632918408669001058e-29
4.562303401964295370e-29
1.318123353584670287e-29
2.239564535996696701e-30
2.728527704145212436e-31
2.512297722859798995e-32
1.774190956465923914e-33
9.562141666171208105e-35
3.829853399499828650e-36
1.059981627406155974e-37
1.589082974426619054e-39
-1.123629649823431614e-42
-1.775110479118772945e-42
2.560689394707785958e-39
1.732616068662618940e-37
6.345828816322979515e-36
1.606085464697661211e-34
3.024410454173010793e-33
4.358881672848489690e-32
4.845263138274134173e-31
4.117078306470860903e-30
2.580390508454780968e-29
1.061315970925186533e-28
1.271123742820353143e-28
-1.965183560631595183e-27
-1.885060471005456528e-26
-1.006371968992650875e-25
-3.842776659453068324e-25
-1.121441531389303014e-24
-2.565289279887330930e-24
-4.640868637438528971e-24
-6.629173246924625756e-24
-7.380090905448898346e-24
-6.199200927502416987e-24
-3.622785444156393016e-24
-1.092157956020981168e-24
2.665382365524293958e-25
4.352872411584139346e-25
1.308227143504280413e-25
-5.756443562550992967e-26
-4.075581299689526144e-26
-1.346230376012957457e-52
-4.075581299666502985e-26
-5.756443562589842825e-26
1.308227143499111223e-25
4.352872411582164883e-25
2.665382365523797587e-25
-1.092157956021317286e-24
-3.622785444156836765e-24
-6.199200927503395586e-24
-7.380090905446234382e-24
-6.629173246925513254e-24
-4.640868637436745159e-24
-2.565289279888532506e-24
-1.121441531389257464e-24
-3.842776659453055467e-25
-1.006371968992028001e-25
-1.885060471007146588e-26
-1.965183560632969128e-27
1.271123742820190144e-28
1.061315970925885612e-28
2.580390508452739557e-29
4.117078306471233648e-30
4.845263138273275002e-31
4.358881672850356263e-32
3.024410454171374120e-33
1.606085464697900050e-34
6.345828816320890750e-36
1.732616068663635008e-37
2.560689394701699480e-39
-1.775110478731308459e-42
-2.771840369271731526e-42
4.097435922194406443e-39
2.818022070661493427e-37
1.047889588459122975e-35
2.691773977057947275e-34
5.149466511964202134e-33
7.558775509183453844e-32
8.599949849666940591e-31
7.551850513307920283e-30
4.998639901312499001e-29
2.322764149032712409e-28
5.605886774993551350e-28
-1.521596799723156477e-27
-2.434323499017776725e-26
-1.447716908686113745e-25
-5.804345426059342998e-25
-1.742512359107370246e-24
-4.060486249458148626e-24
-7.441181086171172984e-24
-1.072796997867621448e-23
-1.202292615275377762e-23
-1.014636319363775780e-23
-5.947166409187291548e-24
-1.795157013897025545e-24
4.376066812352544163e-25
7.098245711195469908e-25
2.043817067217249844e-25
-1.036564632902192635e-25
-7.012365120484446548e-26
2.665301902724515485e-52
-7.012365120447472429e-26
-1.036564632865270404e-25
2.043817067272872308e-25
7.098245711223128005e-25
4.376066812356029320e-25
-1.795157013896708162e-24
-5.947166409188112925e-24
-1.014636319363928741e-23
-1.202292615275401271e-23
-1.072796997867417353e-23
-7.441181086173597442e-24
-4.060486249458941350e-24
-1.742512359107513142e-24
-5.804345426054153375e-25
-1.447716908685537936e-25
-2.434323499021790223e-26
-1.521596799718009205e-27
5.605886775000352916e-28
2.322764149032123639e-28
4.998639901309713780e-29
7.551850513306867908e-30
8.599949849665675919e-31
7.558775509180919464e-32
5.149466511965282529e-33
2.691773977056849944e-34
1.047889588458698272e-35
2.818022070662182917e-37
4.097435922187393698e-39
-2.771840368557862580e-42
-4.275644292606505381e-42
6.509116800668469342e-39
4.558099028477193817e-37
1.722790513459336200e-35
4.494873816770872448e-34
8.739153378690847573e-33
1.306497567527829558e-31
1.520238703890006687e-30
1.375970174080506174e-29
9.540142274577547045e-29
4.845019496021951747e-28
1.554968039905469977e-27
6.181936184731557489e-28
-2.773146736902862925e-26
-1.992862047207994456e-25
-8.568100420909351173e-25
-2.669642043888642052e-24
-6.366870939985712952e-24
-1.185209136965081430e-23
-1.727623544051363296e-23
-1.951317482168435893e-23
-1.655663444633590126e-23
-9.737537241071140064e-24
-2.943432772243067969e-24
7.165409683984155685e-25
1.152997631561546324e-24
3.147735373156340834e-25
-1.871736326556633874e-25
-1.209385919492116610e-25
-3.858642688461945794e-52
-1.209385919486833543e-25
-1.871736326606840340e-25
3.147735373066688727e-25
1.152997631556459923e-24
7.165409683981935103e-25
-2.943432772242151450e-24
-9.737537241072303803e-24
-1.655663444633672411e-23
-1.951317482168778844e-23
-1.727623544051380047e-23
-1.185209136964985921e-23
-6.366870939986952364e-24
-2.669642043889290044e-24
-8.568100420913891520e-25
-1.992862047203222914e-25
-2.773146736914895671e-26
6.181936184975175357e-28
1.554968039901760146e-27
4.845019496025455666e-28
9.540142274583815894e-29
1.375970174079426054e-29
1.520238703890521489e-30
1.306497567527606664e-31
8.739153378692332347e-33
4.494873816767347820e-34
1.722790513460215272e-35
4.558099028475033054e-37
6.509116800675279149e-39
-4.275644292486500316e-42
-6.510775968898023313e-42
1.026331366261378943e-38
7.327755561062849124e-37
2.817179569511132968e-35
7.467894296812548308e-34
1.475586721005085024e-32
2.245686328960766535e-31
2.669130272953613653e-30
2.482836397254670433e-29
1.790305767888988251e-28
9.719269623726460489e-28
3.656158717594835665e-27
6.512282365102013766e-27
-2.364825844094282032e-26
-2.575932273294674680e-25
-1.230070290845549263e-24
-4.026450301498175624e-24
-9.884266861147765043e-24
-1.874910590150753278e-23
-2.768392802667238966e-23
-3.154989172168311888e-23
-2.693369467721738072e-23
-1.590092174019739702e-23
-4.813837179660443922e-24
1.169965538471543173e-24
1.865214918350856342e-24
4.768118678154894047e-25
-3.381486338281125968e-25
-2.088648378245100010e-25
6.551875259812325609e-52
-2.088648378258829417e-25
-3.381486338212057409e-25
4.768118678305355488e-25
1.865214918357173522e-24
1.169965538471900413e-24
-4.813837179660989792e-24
-1.590092174019976564e-23
-2.693369467720782983e-23
-3.154989172168747997e-23
-2.768392802666255077e-23
-1.874910590151492370e-23
-9.884266861152746200e-24
-4.026450301500158536e-24
-1.230070290844286525e-24
-2.575932273290574684e-25
-2.364825844111573508e-26
6.512282365113424326e-27
3.656158717592803805e-27
9.719269623734892494e-28
1.790305767888863367e-28
2.482836397254243037e-29
2.669130272953416070e-30
2.245686328960703477e-31
1.475586721005104730e-32
7.467894296809458164e-34
2.817179569511534417e-35
7.327755561066950148e-37
1.026331366259507747e-38
-6.510775968753059596e-42
-9.779629946834740798e-42
1.605843924169934770e-38
1.170189147295898536e-36
4.577819885685563025e-35
1.232915109038510295e-33
2.474954717243787159e-32
3.831539996731056794e-31
4.645058933035710068e-30
4.428351760835954267e-29
3.301295319827945792e-28
1.887144826067841667e-27
7.858838320268853220e-27
2.009501093440178564e-26
-8.319723863836442995e-28
-3.003669230769451825e-25
-1.704213124689801612e-24
-5.965118087675802642e-24
-1.518174999895845465e-23
-2.945084976063390741e-23
-4.413864570959700404e-23
-5.081575945348043269e-23
-4.367700686125104235e-23
-2.589326883559371038e-23
-7.851612721582977487e-24
1.904647486357115903e-24
3.004406148070370677e-24
7.080066141246874490e-25
-6.101070642762997126e-25
-3.608853443239718779e-25
-4.642479665332150185e-52
-3.608853443240751929e-25
-6.101070642814881426e-25
7.080066141132362055e-25
3.004406148066320364e-24
1.904647486356539911e-24
-7.851612721580313523e-24
-2.589326883560025201e-23
-4.367700686125961759e-23
-5.081575945347604221e-23
-4.413864570959098551e-23
-2.945084976066064991e-23
-1.518174999896847868e-23
-5.965118087668955387e-24
-1.704213124693598459e-24
-3.003669230762180750e-25
-8.319723869101940581e-28
2.009501093454145021e-26
7.858838320269912198e-27
1.887144826068756435e-27
3.301295319828472680e-28
4.428351760835384218e-29
4.645058933033329963e-30
3.831539996732838633e-31
2.474954717243322979e-32
1.232915109038107114e-33
4.577819885686680775e-35
1.170189147296445952e-36
1.605843924167289934e-38
-9.779629945830618790e-42
-1.447695287340117530e-41
2.492639402380394604e-38
1.855218973235332108e-36
7.385732308090439853e-35
2.020430842821043681e-33
4.118254716746261637e-32
6.479793750619511826e-31
8.001169951225517913e-30
7.798252026587776137e-29
5.982037400028654079e-28
3.563198925650257196e-27
1.593053247440738849e-26
4.862923155003686009e-26
6.290106714025368715e-26
-2.826313168659936137e-25
-2.248503476731606224e-24
-8.652732690971431799e-24
-2.304866816953607861e-23
-4.592175047288509708e-23
-7.001319240919754907e-23
-8.152743933596609966e-23
-7.060086538065009080e-23
-4.204322640184057518e-23
-1.277017479643705323e-23
3.090981966193316325e-24
4.817473206143880455e-24
1.025583365892973626e-24
-1.097740111955998795e-24
-6.232889994554006262e-25
4.449171358427458040e-51
-6.232889994531716868e-25
-1.097740111957326369e-24
1.025583365878916734e-24
4.817473206138869911e-24
3.090981966193108777e-24
-1.277017479643613782e-23
-4.204322640183968181e-23
-7.060086538062471188e-23
-8.152743933600411515e-23
-7.001319240919739626e-23
-4.592175047284848631e-23
-2.304866816957123764e-23
-8.652732690957769615e-24
-2.248503476733733869e-24
-2.826313168644263032e-25
6.290106713996325739e-26
4.862923155009157683e-26
1.593053247439997852e-26
3.563198925652477750e-27
5.982037400028481888e-28
7.798252026586831101e-29
8.001169951224077378e-30
6.479793750620687166e-31
4.118254716746192120e-32
2.020430842820632802e-33
7.385732308092229536e-35
1.855218973235657517e-36
2.492639402381220446e-38
-1.447695288048360822e-41
-2.109780252378127652e-41
3.837459131321565408e-38
2.918471938457915805e-36
1.182182676758896774e-34
3.283386249220475494e-33
6.791207910235385309e-32
1.085033889658375678e-30
1.362789851709122847e-29
1.355009412047516891e-28
1.065597506557443485e-27
6.565233980070693731e-27
3.094401315227523504e-26
1.051504080950562578e-25
2.093742045396355237e-25
-1.103847962860005220e-25
-2.753971977724319260e-24
-1.223065765268382122e-23
-3.454345434964458378e-23
-7.105261655676385089e-23
-1.104733848666834375e-22
-1.302820121452512644e-22
-1.137448459248514934e-22
-6.806127480254466716e-23
-2.070823885684614737e-23
4.999751935313302086e-24
7.687961761704947732e-24
1.438608061322240806e-24
-1.967331393664041936e-24
-1.075133164661399587e-24
-8.621635289198007916e-51
-1.075133164661440913e-24
-1.967331393641494853e-24
1.438608061377048047e-24
7.687961761732952415e-24
4.999751935314484927e-24
-2.070823885684081357e-23
-6.806127480253813141e-23
-1.137448459248329911e-22
-1.302820121452732226e-22
-1.104733848666555313e-22
-7.105261655676510867e-23
-3.454345434966340345e-23
-1.223065765268569760e-23
-2.753971977727930231e-24
-1.103847962868053454e-25
2.093742045395962640e-25
1.051504080949458945e-25
3.094401315227389194e-26
6.565233980071613521e-27
1.065597506557345013e-27
1.355009412047087533e-28
1.362789851708966462e-29
1.085033889658305613e-30
6.791207910233344668e-32
3.283386249221261672e-33
1.182182676758647459e-34
2.918471938458346788e-36
3.837459131324681372e-38
-2.109780253286746476e-41
-3.023132179747105555e-41
5.857919129982021541e-38
4.553221017011235337e-36
1.876013012262367514e-34
5.287182897791744827e-33
1.108937291433605677e-31
1.797510199689948010e-30
2.293676002243200238e-29
2.322458970875693762e-28
1.867021846381275846e-27
1.183541166074373909e-26
5.813695117346180318e-26
2.125067817769459336e-25
5.148667502735344134e-25
4.006324211469956098e-25
-2.951583383623532989e-24
-1.672040074155125580e-23
-5.101933501336254376e-23
-1.090379905009359685e-22
-1.733759668148979883e-22
-2.073515300512186768e-22
-1.826333424330030967e-22
-1.098366693748548183e-22
-3.347607026459051742e-23
8.059360452835588513e-24
1.220765984674814298e-23
1.930297459076910259e-24
-3.508818714093291084e-24
-1.850835768896115163e-24
-2.367298014289610490e-51
-1.850835768893764174e-24
-3.508818714128634526e-24
1.930297459000802510e-24
1.220765984670550927e-23
8.059360452829480350e-24
-3.347607026458647959e-23
-1.098366693748439332e-22
-1.826333424330308149e-22
-2.073515300511405534e-22
-1.733759668148527553e-22
-1.090379905009117533e-22
-5.101933501335547904e-23
-1.672040074154714744e-23
-2.951583383619414351e-24
4.006324211446690953e-25
5.148667502732005913e-25
2.125067817768057467e-25
5.813695117345652264e-26
1.183541166074736803e-26
1.867021846381867396e-27
2.322458970874027002e-28
2.293676002243780095e-29
1.797510199689371376e-30
1.108937291433688441e-31
5.287182897790884069e-33
1.876013012262093609e-34
4.553221017009166617e-36
5.857919129988678396e-38
-3.023132181015016055e-41
-4.252804901918904928e-41
8.864335878571724082e-38
7.041785592857494160e-36
2.949776070264628612e-34
8.430767979192113811e-33
1.791881685225318431e-31
2.944355928833521518e-30
3.813099835096017023e-29
3.926198175728564655e-28
3.219320460996360022e-27
2.091817578881766352e-26
1.062769336881201320e-25
4.099260781250488417e-25
1.114845612056728228e-24
1.596106504273526264e-24
-2.263461437293416938e-24
-2.182848522906597621e-23
-7.408270497307582349e-23
-1.658638060313673067e-22
-2.705808947540231413e-22
-3.286508854604368142e-22
-2.922231338285959730e-22
-1.766786978078653171e-22
-5.393945438961648032e-23
1.294446284897697071e-23
1.928321091362407645e-23
2.421726203286472069e-24
-6.224151246025017250e-24
-3.177862057901952372e-24
4.859709160480797564e-51
-3.177862057903262681e-24
-6.224151245951315959e-24
2.421726203407613007e-24
1.928321091366895977e-23
1.294446284899385081e-23
-5.393945438961123761e-23
-1.766786978078019580e-22
-2.922231338286208935e-22
-3.286508854603571627e-22
-2.705808947540246459e-22
-1.658638060313210862e-22
-7.408270497310361217e-23
-2.182848522909026192e-23
-2.263461437269255386e-24
1.596106504265932020e-24
1.114845612058392471e-24
4.099260781246945404e-25
1.062769336882354085e-25
2.091817578881155072e-26
3.219320460997914769e-27
3.926198175726360245e-28
3.813099835096517566e-29
2.944355928832873768e-30
1.791881685225324343e-31
8.430767979195098413e-33
2.949776070263025381e-34
7.041785592860668068e-36
8.864335878578756794e-38
-4.252804903178303984e-41
-5.862290794215848235e-41
1.329358780927756464e-37
1.079102914630776557e-35
4.593259356011198279e-34
1.330506986267561571e-32
2.863736566822002084e-31
4.766669570230627157e-30
6.259665954187897869e-29
6.546704544495995414e-28
5.466043676386165521e-27
3.630449175672723206e-26
1.897935012364697181e-25
7.635172569150539029e-25
2.244566898695741581e-24
4.103696375580920245e-24
4.605308153551628900e-25
-2.656717914046233258e-23
-1.053970128819147123e-22
-2.499005153442851381e-22
-4.198446176534277387e-22
-5.187083392133222534e-22
-4.658973589996025421e-22
-2.832390189246288393e-22
-8.661502636861306737e-23
2.071245142916535030e-23
3.029349951021115537e-23
2.701560683054349356e-24
-1.097598652738436594e-23
-5.439197279024807784e-24
-1.005895832328154363e-50
-5.439197278985789453e-24
-1.097598652741708288e-23
2.701560682984395320e-24
3.029349951012935859e-23
2.071245142916310511e-23
-8.661502636862050825e-23
-2.832390189247179888e-22
-4.658973589994823595e-22
-5.187083392132621621e-22
-4.198446176534218142e-22
-2.499005153443664353e-22
-1.053970128819472852e-22
-2.656717914032658649e-23
4.605308153345088114e-25
4.103696375574967835e-24
2.244566898696532468e-24
7.635172569152201251e-25
1.897935012365142353e-25
3.630449175673023393e-26
5.466043676386397262e-27
6.546704544496239352e-28
6.259665954184310545e-29
4.766669570234509454e-30
2.863736566819724098e-31
1.330506986268120448e-32
4.593259356010482406e-34
1.079102914630346509e-35
1.329358780928098912e-37
-5.862290791740503552e-41
-7.898934678890621661e-41
1.975260296309037452e-37
1.637914254176331516e-35
7.080108148224675271e-34
2.077225404609293128e-32
4.524873874015561784e-31
7.624504996201960829e-30
1.014566567746545332e-28
1.076796755519188311e-27
9.142994432999800224e-27
6.194887062063397868e-26
3.320538248369585790e-25
1.382801751589986313e-24
4.304693016207958975e-24
9.033809586819899389e-24
7.399251049277934396e-24
-2.854811841567346952e-23
-1.461677980315448867e-22
-3.725514475291232057e-22
-6.475068299053612404e-22
-8.151110701605607606e-22
-7.400352782599385357e-22
-4.524681413502546445e-22
-1.385870177561370924e-22
3.301223612111384576e-23
4.731963450607238492e-23
2.295147485010869331e-24
-1.923610487855986969e-23
-9.276339998091645735e-24
-6.248644251736242706e-52
-9.276339998070790996e-24
-1.923610487853608944e-23
2.295147485068979527e-24
4.731963450609514249e-23
3.301223612110748634e-23
-1.385870177561286758e-22
-4.524681413502796590e-22
-7.400352782601643246e-22
-8.151110701607410344e-22
-6.475068299051816249e-22
-3.725514475290491026e-22
-1.461677980312730419e-22
-2.854811841578294919e-23
7.399251049256549215e-24
9.033809586804923591e-24
4.304693016212633769e-24
1.382801751589323996e-24
3.320538248370455013e-25
6.194887062063861637e-26
9.142994433002747569e-27
1.076796755518894688e-27
1.014566567746428744e-28
7.624504996202305549e-30
4.524873874015664254e-31
2.077225404608094361e-32
7.080108148226941776e-34
1.637914254175209756e-35
1.975260296311687665e-37
-7.898934678765466322e-41
-1.036927816528662300e-40
2.907296045918439323e-37
2.461593302031944756e-35
1.079895409697988219e-33
3.207085374225742103e-32
7.066359574316383715e-31
1.204710566177379443e-29
1.623397194967239134e-28
1.747229943464301957e-27
1.507281621849155423e-26
1.040322377675022585e-25
5.703122813992532973e-25
2.446330493774685577e-24
7.965746924436834517e-24
1.830887928116024045e-23
2.253694629788519310e-23
-2.270658686882260534e-23
-1.960078296816389554e-22
-5.488066116954273742e-22
-9.922173754653742322e-22
-1.275082422214159030e-21
-1.170921320069168999e-21
-7.201208233104202980e-22
-2.209064086434865551e-22
5.240088597489406367e-23
7.347653359131804689e-23
2.270707463726711491e-25
-3.349779434037376698e-23
-1.575829204600196866e-23
1.114213332548998189e-50
-1.575829204603394211e-23
-3.349779434026349973e-23
2.270707465273739658e-25
7.347653359141376739e-23
5.240088597491794384e-23
-2.209064086434979339e-22
-7.201208233103475114e-22
-1.170921320068780804e-21
-1.275082422214155644e-21
-9.922173754650221482e-22
-5.488066116951430927e-22
-1.960078296818485225e-22
-2.270658686887161464e-23
2.253694629792474555e-23
1.830887928112775567e-23
7.965746924442158037e-24
2.446330493775520178e-24
5.703122813990741262e-25
1.040322377675104548e-25
1.507281621849213395e-26
1.747229943464390205e-27
1.623397194966589828e-28
1.204710566177673435e-29
7.066359574313310493e-31
3.207085374226523765e-32
1.079895409697873782e-33
2.461593302032677093e-35
2.907296045910058535e-37
-1.036927815987479037e-40
-1.320044451613714870e-40
4.237775112067053080e-37
3.661863807937597814e-35
1.629318263516331478e-33
4.895192625019468299e-32
1.090424402318512468e-30
1.879992919302590417e-29
2.564244861320133466e-28
2.797161616408381391e-27
2.449882769014226029e-26
1.720669900846522724e-25
9.630624936606642493e-25
4.240756859543393571e-24
1.433194286090573839e-23
3.519561266837404836e-23
5.296390330971435724e-23
9.490103126182496653e-25
-2.506418663239403265e-22
-7.973464810839492895e-22
-1.509932619416556465e-21
-1.985056149859039735e-21
-1.845052111335338910e-21
-1.141533948064195251e-21
-3.506998165714150753e-22
8.281810278537631795e-23
1.133817258532636616e-22
-5.401276479517202599e-24
-5.795661057438117175e-23
-2.665764539903592009e-23
-2.749675547032649322e-50
-2.665764539900014980e-23
-5.795661057462626233e-23
-5.401276479840825745e-24
1.133817258531340987e-22
8.281810278534674252e-23
-3.506998165715330949e-22
-1.141533948064271987e-21
-1.845052111335315588e-21
-1.985056149858795608e-21
-1.509932619416485371e-21
-7.973464810844778858e-22
-2.506418663237883586e-22
9.490103125038702079e-25
5.296390330979166951e-23
3.519561266835046794e-23
1.433194286090896512e-23
4.240756859542833741e-24
9.630624936607753702e-25
1.720669900846517903e-25
2.449882769014305524e-26
2.797161616408247584e-27
2.564244861320367987e-28
1.879992919301969081e-29
1.090424402318919720e-30
4.895192625017888553e-32
1.629318263516898703e-33
3.661863807935595378e-35
4.237775112073118586e-37
-1.320044451472908384e-40
-1.618314020653560259e-40
6.116117157776610493e-37
5.390470804275414134e-35
2.431040015266508911e-33
7.385085056912239506e-32
1.662347668247325313e-30
2.897191186856255960e-29
3.998243571754339697e-28
4.418522195655574517e-27
3.927047894210243544e-26
2.804670388718166523e-25
1.600765570853990168e-24
7.219475980751619034e-24
2.519437039069489791e-23
6.515345120827225221e-23
1.110237971691201266e-22
6.123416250027355363e-23
-2.974942139990311213e-22
-1.139429449918702050e-21
-2.280247597815777245e-21
-3.074276992196896358e-21
-2.894210960287541475e-21
-1.801630583848916797e-21
-5.542897188772915902e-22
1.302843495932271356e-22
1.737970108289841146e-22
-1.815395637952059292e-23
-9.962924003806433144e-23
-4.490006054540630892e-23
2.874217820697690166e-50
-4.490006054539132725e-23
-9.962924003778699706e-23
-1.815395637918395485e-23
1.737970108292051310e-22
1.302843495932464137e-22
-5.542897188773103041e-22
-1.801630583848733608e-21
-2.894210960287599403e-21
-3.074276992196314065e-21
-2.280247597815352938e-21
-1.139429449918521494e-21
-2.974942139990119373e-22
6.123416250031334411e-23
1.110237971690828635e-22
6.515345120825772310e-23
2.519437039069089829e-23
7.219475980755080865e-24
1.600765570853187709e-24
2.804670388718787331e-25
3.927047894209674738e-26
4.418522195655319100e-27
3.998243571755116801e-28
2.897191186855364734e-29
1.662347668247795448e-30
7.385085056911492877e-32
2.431040015266008740e-33
5.390470804277967159e-35
6.116117157769579451e-37
-1.618314019520874867e-40
-1.889169247246274219e-40
8.738023708995799979e-37
7.850191765260142084e-35
3.586215728018918908e-33
1.100979071512430371e-31
2.503259607404068687e-30
4.408608141787863631e-29
6.153781240963628594e-28
6.887486102871203815e-27
6.209465574713342952e-26
4.507330185028889038e-25
2.621214627644867449e-24
1.208916104311345244e-23
4.341643026381254627e-23
1.171688472187992659e-22
2.178129639624248752e-22
1.924344471636823517e-22
-3.074821738296472503e-22
-1.594993532426560884e-21
-3.413613782473107150e-21
-4.733384195501150736e-21
-4.516847455976263678e-21
-2.829255806418664248e-21
-8.716788329297265876e-22
2.038982469625834615e-22
2.644548534494367822e-22
-4.455840407212152104e-23
-1.701880458832819404e-22
-7.529445499241864420e-23
-5.458866310919920986e-50
-7.529445499223036527e-23
-1.701880458829543066e-22
-4.455840407169729688e-23
2.644548534496430579e-22
2.038982469626326912e-22
-8.716788329293716824e-22
-2.829255806418511152e-21
-4.516847455977255983e-21
-4.733384195501368907e-21
-3.413613782471953849e-21
-1.594993532428296855e-21
-3.074821738302617047e-22
1.924344471640428053e-22
2.178129639625518757e-22
1.171688472187691262e-22
4.341643026383203596e-23
1.208916104310837284e-23
2.621214627645532706e-24
4.507330185027236917e-25
6.209465574715638840e-26
6.887486102867439994e-27
6.153781240968298393e-28
4.408608141784895681e-29
2.503259607406201464e-30
1.100979071511698630e-31
3.586215728019765981e-33
7.850191765260355905e-35
8.738023708994652360e-37
-1.889169246147542637e-40
-2.057702363088077698e-40
1.235564167662292985e-36
1.130744464136762061e-34
5.229362369931943314e-33
1.621680326009436148e-31
3.722972803848744680e-30
6.623563511855302752e-29
9.349009376038365661e-28
1.059474092289531505e-26
9.686802423619655764e-26
7.144268603939979803e-25
4.231103614071974681e-24
1.993522543127387660e-23
7.351157463487343746e-23
2.058252764793381804e-22
4.088133429365740454e-22
4.554963170083694601e-22
-2.200986765449401836e-22
-2.172857778728938025e-21
-5.057684128038970807e-21
-7.238160966169496428e-21
-7.006903748734154540e-21
-4.416744716049389981e-21
-1.362690474997452462e-21
3.171908078004264048e-22
3.989900448484018862e-22
-9.638169544898414597e-23
-2.889695069447105534e-22
-1.257185216428424206e-22
3.162041234035743353e-50
-1.257185216430307113e-22
-2.889695069449933773e-22
-9.638169544917807903e-23
3.989900448476434102e-22
3.171908078005198331e-22
-1.362690474997325321e-21
-4.416744716049634484e-21
-7.006903748733838567e-21
-7.238160966169043533e-21
-5.057684128038986606e-21
-2.172857778730542340e-21
-2.200986765447322622e-22
4.554963170087129866e-22
4.088133429359302037e-22
2.058252764793844714e-22
7.351157463484194597e-23
1.993522543127077623e-23
4.231103614071901213e-24
7.144268603937821669e-25
9.686802423620942609e-26
1.059474092289328462e-26
9.349009376041508157e-28
6.623563511854427221e-29
3.722972803850554457e-30
1.621680326008814322e-31
5.229362369934843755e-33
1.130744464136091091e-34
1.235564167665182578e-36
-2.057702361602039117e-40
-2.002987776476489502e-40
1.728828818368078819e-36
1.610611105702658647e-34
7.536162040365476504e-33
2.359658023881748710e-31
5.467937666499067196e-30
9.824571277472275800e-29
1.401925182311256954e-27
1.608333593149661320e-26
1.491048682528414354e-25
1.117123484364711437e-24
6.735656558061556440e-24
3.240030415596927428e-23
1.224953106382313941e-22
3.544706785245274743e-22
7.428538955489743211e-22
9.566626014604891685e-22
8.325690321737729859e-23
-2.848977104684338332e-21
-7.398037050403442105e-21
-1.097612378252466178e-20
-1.078926830014009602e-20
-6.844376868413101663e-21
-2.114659062811106785e-21
4.897924975897242288e-22
5.956311220929882145e-22
-1.946670330754830642e-22
-4.879234313662583175e-22
-2.090457729662603646e-22
2.411268472443209252e-50
-2.090457729661975462e-22
-4.879234313659179883e-22
-1.946670330755864607e-22
5.956311220928653048e-22
4.897924975896838858e-22
-2.114659062811312544e-21
-6.844376868412952705e-21
-1.078926830013920979e-20
-1.097612378252143886e-20
-7.398037050399471379e-21
-2.848977104685165504e-21
8.325690321720113900e-23
9.566626014601748883e-22
7.428538955489778006e-22
3.544706785246770442e-22
1.224953106382679050e-22
3.240030415593944611e-23
6.735656558063369640e-24
1.117123484364265852e-24
1.491048682528375554e-25
1.608333593149522419e-26
1.401925182311324396e-27
9.824571277472882282e-29
5.467937666496649255e-30
2.359658023882269380e-31
7.536162040365247972e-33
1.610611105702912025e-34
1.728828818371784273e-36
-2.002987777924054480e-40
-1.541425340010641913e-40
2.393304347531348999e-36
2.268187010704113515e-34
1.073176550926961533e-32
3.391355302325193628e-31
7.929792620299158659e-30
1.438580723757920082e-28
2.074916205692857020e-27
2.409443626831761008e-26
2.264713353379416546e-25
1.723519834680389129e-24
1.057836819989541081e-23
5.193297638160063965e-23
2.011199871834865402e-22
5.999951284390175668e-22
1.316202216452302818e-21
1.878198644610278518e-21
8.263589381809301667e-22
-3.521216317332962447e-21
-1.064210891277296623e-20
-1.646719919631046739e-20
-1.645529892245574822e-20
-1.050552402825973090e-20
-3.250306113655870707e-21
7.490507672919942061e-22
8.766099507334604665e-22
-3.770340325429013897e-22
-8.198157039972516273e-22
-3.462894887964043904e-22
2.967097080985051240e-49
-3.462894887959039120e-22
-8.198157039975407049e-22
-3.770340325426206817e-22
8.766099507337119283e-22
7.490507672921379926e-22
-3.250306113654838529e-21
-1.050552402825783054e-20
-1.645529892245280516e-20
-1.646719919631347967e-20
-1.064210891277050917e-20
-3.521216317328703584e-21
8.263589381796043031e-22
1.878198644609935086e-21
1.316202216451269700e-21
5.999951284391947373e-22
2.011199871834972372e-22
5.193297638158817353e-23
1.057836819989634974e-23
1.723519834680154398e-24
2.264713353379437668e-25
2.409443626831601444e-26
2.074916205693123199e-27
1.438580723757953713e-28
7.929792620297586402e-30
3.391355302325739697e-31
1.073176550926844119e-32
2.268187010704517637e-34
2.393304347532389038e-36
-1.541425340630753424e-40
-4.075076086344822140e-41
3.277421633113696790e-36
3.157594499691031831e-34
1.509903872856114770e-32
4.813783271585409321e-31
1.135436418603082275e-29
2.079315402924071252e-28
3.030878935724205995e-27
3.562046271745902283e-26
3.394293589891411613e-25
2.623838397204029074e-24
1.639289316787954611e-23
8.212653971615564323e-23
3.256307336411900360e-22
9.999283527738795587e-22
2.284462001226353959e-21
3.528583610734338104e-21
2.420420705098215953e-21
-3.918982636625179056e-21
-1.496197055205379106e-20
-2.435498282599033238e-20
-2.477767551556575604e-20
-1.591846277379896885e-20
-4.931149749373885471e-21
1.130396995605386686e-21
1.263533090102397235e-21
-7.112521579618298602e-22
-1.372003276894874871e-21
-5.717696735209653838e-22
-2.471116715369805798e-50
-5.717696735206204468e-22
-1.372003276894691118e-21
-7.112521579633838637e-22
1.263533090101355653e-21
1.130396995605416778e-21
-4.931149749373089520e-21
-1.591846277380434641e-20
-2.477767551557097712e-20
-2.435498282598112102e-20
-1.496197055205521444e-20
-3.918982636620670424e-21
2.420420705099226314e-21
3.528583610733986020e-21
2.284462001226039867e-21
9.999283527737823218e-22
3.256307336412181068e-22
8.212653971611961433e-23
1.639289316787919934e-23
2.623838397203883974e-24
3.394293589891382685e-25
3.562046271745506243e-26
3.030878935724881488e-27
2.079315402923986950e-28
1.135436418603119830e-29
4.813783271584985428e-31
1.509903872856260921e-32
3.157594499690516950e-34
3.277421633114107728e-36
-4.075076088854727486e-41
1.767026228801670640e-40
4.439036610455423447e-36
4.344672256911523748e-34
2.098593642804458138e-32
6.747482633036368023e-31
1.605042865763521115e-29
2.966454073374256523e-28
4.369175169210961654e-27
5.196381366188274324e-26
5.019803546330128403e-25
3.941565663610049732e-24
2.506873238873688245e-23
1.281686573727289107e-22
5.202104151936167376e-22
1.642810171436478225e-21
3.896178770611192581e-21
6.423747295268631311e-21
5.606549175289709092e-21
-3.427657099422568613e-21
-2.034542166492500302e-20
-3.531340160000138318e-20
-3.665176267879563107e-20
-2.368791315615806374e-20
-7.343971956067676593e-21
1.673234706740901338e-21
1.761912170266997101e-21
-1.321300503020697937e-21
-2.290015174790608996e-21
-9.417020415265737539e-22
-2.015277401993926186e-50
-9.417020415259416200e-22
-2.290015174786872616e-21
-1.321300503014320175e-21
1.761912170271492567e-21
1.673234706740796201e-21
-7.343971956067112355e-21
-2.368791315616621283e-20
-3.665176267878264910e-20
-3.531340159998874426e-20
-2.034542166491791620e-20
-3.427657099428825629e-21
5.606549175294071774e-21
6.423747295264455955e-21
3.896178770610472614e-21
1.642810171437173553e-21
5.202104151935020093e-22
1.281686573727306740e-22
2.506873238873310912e-23
3.941565663610226791e-24
5.019803546329133825e-25
5.196381366188699063e-26
4.369175169211126671e-27
2.966454073374053391e-28
1.605042865763660404e-29
6.747482633034740765e-31
2.098593642805137166e-32
4.344672256910287861e-34
4.439036610464715982e-36
1.767026221944263045e-40
5.473993731883104578e-40
5.945726223873502235e-36
5.907725381853692328e-34
2.881091149308519133e-32
9.338890401488665040e-31
2.239723891309175778e-29
4.176860409739091680e-28
6.215247938187346918e-27
7.479759966947386449e-26
7.324788476672217728e-25
5.842395837874227970e-24
3.783138496837974982e-23
1.974205173462391527e-22
8.203032665465219498e-22
2.663065589959909058e-21
6.543720656030972165e-21
1.141730109647270041e-20
1.170029694759923199e-20
-7.548865131258023712e-22
-2.625456214534978210e-20
-4.974879935402531883e-20
-5.284214759302719591e-20
-3.432899820181234176e-20
-1.064026215787763433e-20
2.404468560137849009e-21
2.318787772831162175e-21
-2.439007023566664478e-21
-3.818906821971805836e-21
-1.548690498566629832e-21
-5.726605916879943851e-49
-1.548690498565555148e-21
-3.818906821969426260e-21
-2.439007023564618554e-21
2.318787772839394397e-21
2.404468560138305665e-21
-1.064026215787954070e-20
-3.432899820181181213e-20
-5.284214759303463481e-20
-4.974879935402663689e-20
-2.625456214533587328e-20
-7.548865131286227113e-22
1.170029694762129292e-20
1.141730109646810677e-20
6.543720656029600693e-21
2.663065589961396388e-21
8.203032665464271579e-22
1.974205173461990919e-22
3.783138496837655836e-23
5.842395837873784221e-24
7.324788476670347958e-25
7.479759966952213552e-26
6.215247938183804077e-27
4.176860409741522989e-28
2.239723891308016624e-29
9.338890401493177221e-31
2.881091149305755948e-32
5.907725381866952662e-34
5.945726223845292540e-36
5.473993712490222701e-40
1.134709703161510839e-39
7.874492364751508612e-36
7.937624080809147618e-34
3.906500846986539961e-32
1.276161906732076812e-30
3.084949730021073634e-29
5.803893490359443539e-28
8.723804249800853295e-27
1.062225929866157059e-25
1.054458804620969776e-24
8.543988066834251581e-24
5.633580604711112577e-23
3.001364805650646110e-22
1.277008074908604631e-21
4.261894294414422501e-21
1.083915367407423753e-20
1.990713323197631204e-20
2.300771922257212765e-20
6.691937874214470439e-21
-3.089685154944602773e-20
-6.704992257339468049e-20
-7.327289817711758559e-20
-4.776014688072268492e-20
-1.476045154592984275e-20
3.291470697232382549e-21
2.716551986264971967e-21
-4.509328296917633490e-21
-6.377862202965339081e-21
-2.546637672343108579e-21
-3.342775888578627125e-50
-2.546637672342910720e-21
-6.377862202968771901e-21
-4.509328296928560885e-21
2.716551986254342113e-21
3.291470697234255064e-21
-1.476045154592492862e-20
-4.776014688072381640e-20
-7.327289817709757999e-20
-6.704992257335599338e-20
-3.089685154949720330e-20
6.691937874208123146e-21
2.300771922257710197e-20
1.990713323196168099e-20
1.083915367407623869e-20
4.261894294415184597e-21
1.277008074908657481e-21
3.001364805649883919e-22
5.633580604711361782e-23
8.543988066831762472e-24
1.054458804620991817e-24
1.062225929866540702e-25
8.723804249800180313e-27
5.803893490358108158e-28
3.084949730022240635e-29
1.276161906731828782e-30
3.906500846983914168e-32
7.937624080819192081e-34
7.874492364690965146e-36
1.134709702253746208e-39
2.017457030888733572e-39
1.031067651167644721e-35
1.053698394602973254e-33
5.230908844189896859e-32
1.721606549159087970e-30
4.193816090243401208e-29
7.958042026151368376e-28
1.208085307281678452e-26
1.488120277724118510e-25
1.497381039388942965e-24
1.232578071158509122e-23
8.276908087065436074e-23
4.503191190911646429e-22
1.962691982032577797e-21
6.735883290238545786e-21
1.772541762145081992e-20
3.415924906665346542e-20
4.352626654037701523e-20
2.394727072345067115e-20
-2.974185032620203097e-20
-8.389549498717244691e-20
-9.532382693592214267e-20
-6.205533180747956265e-20
-1.899484336006443044e-20
4.123958263349551782e-21
2.319737673269069299e-21
-8.410505665925461195e-21
-1.069930995496305943e-20
-4.194613409579171069e-21
1.907555184742418643e-49
-4.194613409578852087e-21
-1.069930995496671268e-20
-8.410505665930179723e-21
2.319737673265079012e-21
4.123958263347817693e-21
-1.899484336005633551e-20
-6.205533180747348393e-20
-9.532382693588610370e-20
-8.389549498713400053e-20
-2.974185032613864380e-20
2.394727072338169277e-20
4.352626654040875697e-20
3.415924906664404642e-20
1.772541762145000140e-20
6.735883290239206320e-21
1.962691982032714719e-21
4.503191190911951118e-22
8.276908087060185141e-23
1.232578071158799028e-23
1.497381039388623745e-24
1.488120277724913575e-25
1.208085307281275955e-26
7.958042026150692166e-28
4.193816090244188177e-29
1.721606549158600318e-30
5.230908844189209347e-32
1.053698394602739420e-33
1.031067651164126694e-35
2.017457031175841095e-39
3.290230276924178365e-39
1.334589496720098207e-35
1.381815494339191233e-33
6.916454484045740571e-32
2.292671416706414236e-30
5.626525664370014487e-29
1.076635750405241151e-27
1.650385253293233318e-26
2.056332443099026224e-25
2.097170846178698115e-24
1.753764351457032166e-23
1.199540096732600321e-22
6.666767663699233922e-22
2.977865758365838811e-21
1.051502463661944184e-20
2.863583752390098931e-20
5.780828086646976372e-20
8.011244353858279328e-20
6.054704514920652962e-20
-1.261020470699666551e-20
-9.068047836324535218e-20
-1.100683343089823031e-19
-7.062022772206868417e-20
-2.097059723222881216e-20
4.237240951087462103e-21
-5.100382550273569718e-22
-1.592462584430029884e-20
-1.809846076553083045e-20
-6.936704529117095905e-21
-7.813865481191837681e-49
-6.936704529110532696e-21
-1.809846076550858596e-20
-1.592462584426735340e-20
-5.100382550012406847e-22
4.237240951089664133e-21
-2.097059723222717813e-20
-7.062022772206965917e-20
-1.100683343089182660e-19
-9.068047836316000941e-20
-1.261020470700609053e-20
6.054704514920710740e-20
8.011244353858367198e-20
5.780828086646186741e-20
2.863583752390051384e-20
1.051502463661893930e-20
2.977865758365885831e-21
6.666767663699116373e-22
1.199540096732471016e-22
1.753764351456587536e-23
2.097170846179123864e-24
2.056332443099017270e-25
1.650385253293391734e-26
1.076635750405109676e-27
5.626525664370401246e-29
2.292671416706457326e-30
6.916454484043634244e-32
1.381815494340970567e-33
1.334589496707239001e-35
3.290230286553331342e-39
5.062324672805338454e-39
1.707483657369125898e-35
1.789977160238815274e-33
9.029595446191687377e-32
3.013650779708269063e-30
7.449083034704425941e-29
1.437024340506431252e-27
2.223911828920353378e-26
2.802328748627170025e-25
2.896375520885983123e-24
2.460561869176652936e-23
1.714397995692143695e-22
9.736083032305581924e-22
4.459142932689271213e-21
1.621132179563809759e-20
4.571711545108390109e-20
9.661789304748272183e-20
1.444023344691772276e-19
1.341862548450825418e-19
4.187567168735291691e-20
-6.431461015594423561e-20
-9.441561583670170329e-20
-5.614527844611104791e-20
-1.443438296118053374e-20
1.893555911244971491e-21
-9.732260377766494717e-21
-3.075842398388656928e-20
-3.101622518346945931e-20
-1.155344557830282921e-20
1.250740423135847851e-49
-1.155344557830501394e-20
-3.101622518347647089e-20
-3.075842398392183185e-20
-9.732260377743102191e-21
1.893555911238659557e-21
-1.443438296115399503e-20
-5.614527844609592936e-20
-9.441561583668624770e-20
-6.431461015591148276e-20
4.187567168729601772e-20
1.341862548449913731e-19
1.444023344691951147e-19
9.661789304747241811e-20
4.571711545108391914e-20
1.621132179563904551e-20
4.459142932688844650e-21
9.736083032305369395e-22
1.714397995691835950e-22
2.460561869176408433e-23
2.896375520886141447e-24
2.802328748627392726e-25
2.223911828920262977e-26
1.437024340506381209e-27
7.449083034704731985e-29
3.013650779708133838e-30
9.029595446192377078e-32
1.789977160237824854e-33
1.707483657365896129e-35
5.062324673000892041e-39
7.454903427025052342e-39
2.159082632050296557e-35
2.290168178957426762e-33
1.163844204593641626e-31
3.909775094425815081e-30
9.731032989216589259e-29
1.892117335398793464e-27
2.955562032945063847e-26
3.765709014140286645e-25
3.943738962509127198e-24
3.403247159941836627e-23
2.415596154446838980e-22
1.402081688646884899e-21
6.587737223723576847e-21
2.467782691287090891e-20
7.213084355711210850e-20
1.596114803398393002e-19
2.559233840562058352e-19
2.771143389758264463e-19
1.766182147510370783e-19
4.577745277417569790e-20
4.624800011806285393e-21
2.180702931852566989e-20
1.540519751112727651e-20
-7.048347734788649245e-21
-3.452075644371671718e-20
-6.076362116602604149e-20
-5.414599236561806475e-20
-1.946095461821485322e-20
-1.698471997524117861e-49
-1.946095461821056501e-20
-5.414599236561302122e-20
-6.076362116601113961e-20
-3.452075644372196534e-20
-7.048347734794955161e-21
1.540519751116442289e-20
2.180702931851106292e-20
4.624800011880356960e-21
4.577745277426921985e-20
1.766182147510434098e-19
2.771143389759597207e-19
2.559233840561810388e-19
1.596114803398498928e-19
7.213084355710872608e-20
2.467782691286770404e-20
6.587737223723077309e-21
1.402081688647061317e-21
2.415596154446712026e-22
3.403247159941771387e-23
3.943738962509081648e-24
3.765709014140670058e-25
2.955562032944838850e-26
1.892117335398866287e-27
9.731032989215732786e-29
3.909775094425595077e-30
1.163844204593596303e-31
2.290168178956424369e-33
2.159082632049310841e-35
7.454903424968503454e-39
1.059604701272835610e-38
2.698015139830192022e-35
2.893818120032258739e-33
1.480909450697250079e-31
5.005920890259851745e-30
1.254211940491102737e-28
2.457399251873189134e-27
3.873438711588630590e-26
4.988891717466146857e-25
5.292975008190278155e-24
4.639034969855283253e-23
3.354281826186956420e-22
1.990201260897644155e-21
9.597403789986035787e-21
3.707527445548255142e-20
1.124433321107904621e-19
2.607072692576639075e-19
4.470460000023514541e-19
5.471478654505413690e-19
4.748831226887702702e-19
3.441104465031626907e-19
3.003954095185436016e-19
2.513925605785277046e-19
1.013115619764892379e-19
-3.188925408936341451e-20
-9.541614149237719900e-20
-1.227048349769805408e-19
-9.680037591762399229e-20
-3.331885845447773851e-20
6.111942809984332690e-49
-3.331885845447541536e-20
-9.680037591762399229e-20
-1.227048349769121702e-19
-9.541614149244572600e-20
-3.188925408939399466e-20
1.013115619764678120e-19
2.513925605787410977e-19
3.003954095186554019e-19
3.441104465031495944e-19
4.748831226888986334e-19
5.471478654504413169e-19
4.470460000023449060e-19
2.607072692576175408e-19
1.124433321108115270e-19
3.707527445547546160e-20
9.597403789986174213e-21
1.990201260897550115e-21
3.354281826187691809e-22
4.639034969854328752e-23
5.292975008191286876e-24
4.988891717465718903e-25
3.873438711588844682e-26
2.457399251873181242e-27
1.254211940491192868e-28
5.005920890258683763e-30
1.480909450697956202e-31
2.893818120028712044e-33
2.698015139833788494e-35
1.059604700780670523e-38
1.461350317091178642e-38
3.331526922860791342e-35
3.610963571721344310e-33
1.860100327196206797e-31
6.324937352532740322e-30
1.594782280054736071e-28
3.147761768682224677e-27
5.005297939809020129e-26
6.515025554832301576e-25
7.000534199984754104e-24
6.230268489914269933e-23
4.588474023670127717e-22
2.783182846534249835e-21
1.378000256828018225e-20
5.493893172056966228e-20
1.730983784321622621e-19
4.209952329635975559e-19
7.706854271338027839e-19
1.046341752569249869e-18
1.094132167678360405e-18
1.038060831023366420e-18
1.023898793304514415e-18
8.157082215373480494e-19
3.124833605083009422e-19
-9.257789502416759189e-20
-2.369035154402400127e-19
-2.522104642200282062e-19
-1.778370281906336631e-19
-5.827555894857646658e-20
5.469069059731582362e-48
-5.827555894862091945e-20
-1.778370281907430800e-19
-2.522104642201281138e-19
-2.369035154403684241e-19
-9.257789502418714008e-20
3.124833605084782722e-19
8.157082215373312938e-19
1.023898793304725305e-18
1.038060831023021486e-18
1.094132167678431087e-18
1.046341752569431869e-18
7.706854271333633830e-19
4.209952329637580340e-19
1.730983784321321695e-19
5.493893172058283083e-20
1.378000256827807276e-20
2.783182846534781722e-21
4.588474023668803640e-22
6.230268489914560280e-23
7.000534199985231649e-24
6.515025554832578001e-25
5.005297939809292192e-26
3.147761768682678474e-27
1.594782280054785173e-28
6.324937352532810387e-30
1.860100327196160160e-31
3.610963571721707635e-33
3.331526922858670236e-35
1.461350316501966879e-38
1.962517337135012415e-38
4.064716307229062917e-35
4.449276771344053809e-33
2.306148427795215419e-31
7.885628522987860348e-30
2.000384961025553728e-28
3.976319769250399769e-27
6.376491342888516282e-26
8.385064430650947314e-25
9.122211842247997190e-24
8.241274489886923304e-23
6.180860901102667244e-22
3.832392372545550694e-21
1.948602957012278250e-20
8.023153944880016402e-20
2.629357978905055838e-19
6.717407083764933130e-19
1.311922385864821380e-18
1.952112654305216579e-18
2.326103200534440194e-18
2.527104978490152891e-18
2.629405612870826199e-18
2.081097638864066945e-18
7.895103964315020540e-19
-2.301695478170503838e-19
-5.518838799770113709e-19
-5.236537010846557096e-19
-3.356195096305980342e-19
-1.044855491911057816e-19
1.102742250962115887e-47
-1.044855491911919429e-19
-3.356195096307211974e-19
-5.236537010847838802e-19
-5.518838799771073785e-19
-2.301695478170536579e-19
7.895103964316437061e-19
2.081097638864385493e-18
2.629405612870746465e-18
2.527104978490335854e-18
2.326103200534187512e-18
1.952112654305401469e-18
1.311922385864779394e-18
6.717407083765326019e-19
2.629357978905056319e-19
8.023153944879034178e-20
1.948602957012239431e-20
3.832392372545855382e-21
6.180860901102520543e-22
8.241274489886140425e-23
9.122211842249177093e-24
8.385064430649961001e-25
6.376491342889450708e-26
3.976319769249916198e-27
2.000384961025370550e-28
7.885628522985672921e-30
2.306148427795015296e-31
4.449276771343800645e-33
4.064716307222568099e-35
1.962517337368392278e-38
2.572765837700106537e-38
4.899726797522954881e-35
5.413010094785830311e-33
2.821965109362017082e-31
9.700480134877655278e-30
2.474978977729165608e-28
4.953011995197038761e-27
8.007450406846526112e-26
1.063403008814841928e-24
1.170854707718823180e-23
1.073371139503584479e-22
8.195039286633366336e-22
5.193079068418761982e-21
2.711670792019735150e-20
1.153595981691309867e-19
3.936628170749245996e-19
1.058027145508074078e-18
2.204785623012606598e-18
3.568035748544347944e-18
4.702701426539593540e-18
5.564947581132682665e-18
5.986964979326947742e-18
4.759070507383543286e-18
1.808508727908587843e-18
-5.257307275846071592e-19
-1.226223575823018891e-18
-1.087456922344779000e-18
-6.472175081832790684e-19
-1.920386409742950610e-19
1.491305853396284183e-47
-1.920386409743589778e-19
-6.472175081834467206e-19
-1.087456922345029756e-18
-1.226223575823125395e-18
-5.257307275846293074e-19
1.808508727908798924e-18
4.759070507383742042e-18
5.986964979327016306e-18
5.564947581132130308e-18
4.702701426540108148e-18
3.568035748543824091e-18
2.204785623012669383e-18
1.058027145508029782e-18
3.936628170749157403e-19
1.153595981691144477e-19
2.711670792019631029e-20
5.193079068418655153e-21
8.195039286632951622e-22
1.073371139503545453e-22
1.170854707719061659e-23
1.063403008814454198e-24
8.007450406848295093e-26
4.953011995196487031e-27
2.474978977729483535e-28
9.700480134876605705e-30
2.821965109362237786e-31
5.413010094785385563e-33
4.899726797517543067e-35
2.572765837109466776e-38
3.298351367843078160e-38
5.834954090580329761e-35
6.501927964397967392e-33
3.408016126577770613e-31
1.177327396667905553e-29
3.020231939499618556e-28
6.083062731458977416e-27
9.910832945157523426e-26
1.328660328223862580e-24
1.479911545686851828e-23
1.376039779156245905e-22
1.069001910543832762e-21
6.920480820928817976e-21
3.710386988306739024e-20
1.631214478282902508e-19
5.801025987900174299e-19
1.642561129995606065e-18
3.654884923294922781e-18
6.404237394120483260e-18
9.181461243796976459e-18
1.155622453789986517e-17
1.273496471769530035e-17
1.020114488556702200e-17
3.895656073235162376e-18
-1.132154949318714830e-18
-2.611747211197394029e-18
-2.233392940784121814e-18
-1.262691198459976200e-18
-3.601085604430304306e-19
0.000000000000000000e+00
-3.601085604431726605e-19
-1.262691198460266052e-18
-2.233392940784407237e-18
-2.611747211197728370e-18
-1.132154949318815364e-18
3.895656073235415058e-18
1.020114488556725003e-17
1.273496471769509081e-17
1.155622453790232882e-17
9.181461243798008757e-18
6.404237394120780623e-18
3.654884923294340380e-18
1.642561129995569087e-18
5.801025987901075634e-19
1.631214478282831490e-19
3.710386988306710737e-20
6.920480820929325037e-21
1.069001910543870002e-21
1.376039779156317845e-22
1.479911545686758376e-23
1.328660328223847703e-24
9.910832945157345494e-26
6.083062731458624423e-27
3.020231939499647255e-28
1.177327396667880190e-29
3.408016126577719378e-31
6.501927964396908207e-33
5.834954090575483504e-35
3.298351367668337292e-38
4.140819877421215205e-38
6.864337284729343592e-35
7.710317178071353433e-33
4.061729794779569500e-31
1.409678366092254174e-29
3.634848322578929426e-28
7.365420130193777466e-27
1.208853200440521837e-25
1.635232132515500068e-24
1.841601343043669765e-23
1.735784036610653038e-22
1.371303417409111167e-21
9.064128344139754436e-21
4.987431114663874163e-20
2.265502289624657817e-19
8.399448405125524687e-19
2.508453179544860286e-18
5.966484379961127274e-18
1.129825516706467267e-17
1.746665672446000764e-17
2.310873542828976552e-17
2.594309133709351985e-17
2.094460592300052773e-17
8.028795113666939447e-18
-2.321799770141133432e-18
-5.321670583214384377e-18
-4.477618977470634762e-18
-2.458060866097760610e-18
-6.823744920293665090e-19
0.000000000000000000e+00
-6.823744920296245837e-19
-2.458060866098233618e-18
-4.477618977471220244e-18
-5.321670583214898986e-18
-2.321799770141249758e-18
8.028795113667132040e-18
2.094460592300120258e-17
2.594309133709406836e-17
2.310873542829059752e-17
1.746665672446211846e-17
1.129825516706333376e-17
5.966484379960062620e-18
2.508453179544672316e-18
8.399448405125425502e-19
2.265502289624489780e-19
4.987431114663825413e-20
9.064128344139462537e-21
1.371303417409152544e-21
1.735784036610605077e-22
1.841601343043618337e-23
1.635232132515726902e-24
1.208853200440412323e-25
7.365420130193747332e-27
3.634848322578881894e-28
1.409678366092319754e-29
4.061729794779297998e-31
7.710317178068062298e-33
6.864337284729399185e-35
4.140819877352809134e-38
5.095798484181308657e-38
7.976811557322706211e-35
9.026180146665987381e-33
4.776999987025816054e-31
1.665078614293522991e-29
4.313972423121741745e-28
8.791321654497255661e-27
1.452882387864176539e-25
1.982080031913901795e-24
2.255705215759019980e-23
2.153796722976067221e-22
1.729101290666706091e-21
1.166044570735114489e-20
6.579697081531313461e-20
3.086183713407584541e-19
1.192645407150863693e-18
3.758749713373140270e-18
9.567492311829414430e-18
1.958024754896068360e-17
3.254909544563259416e-17
4.507977770143966938e-17
5.142240517285104522e-17
4.177927661316910177e-17
1.599951405137387425e-17
-4.541367239325878183e-18
-1.027177369020403025e-17
-8.611742814519570370e-18
-4.689611100297492739e-18
-1.287848278461373589e-18
0.000000000000000000e+00
-1.287848278461855456e-18
-4.689611100298081304e-18
-8.611742814520243675e-18
-1.027177369020452329e-17
-4.541367239326188643e-18
1.599951405137362465e-17
4.177927661316897852e-17
5.142240517284972634e-17
4.507977770144612818e-17
3.254909544563288998e-17
1.958024754895634179e-17
9.567492311828337450e-18
3.758749713373314374e-18
1.192645407150635278e-18
3.086183713408100690e-19
6.579697081531071516e-20
1.166044570735056109e-20
1.729101290666504094e-21
2.153796722976457015e-22
2.255705215758456036e-23
1.982080031914259586e-24
1.452882387863922384e-25
8.791321654497188219e-27
4.313972423121366870e-28
1.665078614293582967e-29
4.776999987024655604e-31
9.026180146667840270e-33
7.976811557309458920e-35
5.095798483757085563e-38
6.152025952085543604e-38
9.156000275456781555e-35
1.043071978290200053e-32
5.543849252753389522e-31
1.940064363349425121e-29
5.048740720749804485e-28
1.034316115932604950e-26
1.720399089238113089e-25
2.365752154796755529e-24
2.718938685851370225e-23
2.627987856105571165e-22
2.142143721803442299e-21
1.472412904406786994e-20
8.511441761722846546e-20
4.117883488976314832e-19
1.657137435794696836e-18
5.509429650017895954e-18
1.501633236385538313e-17
3.325739665516897328e-17
5.955047700214948989e-17
8.655793607856910871e-17
1.004733174274450018e-16
8.205109716117700262e-17
3.113150607652927121e-17
-8.422961089895717918e-18
-1.832868919240480888e-17
-1.542735040097593179e-17
-8.543070377927653136e-18
-2.370013470190475638e-18
7.249285630522364366e-47
-2.370013470191074987e-18
-8.543070377928893435e-18
-1.542735040097709351e-17
-1.832868919240577955e-17
-8.422961089895731785e-18
3.113150607652971494e-17
8.205109716117578235e-17
1.004733174274522248e-16
8.655793607856367297e-17
5.955047700215172089e-17
3.325739665516554666e-17
1.501633236385439705e-17
5.509429650017246530e-18
1.657137435794473428e-18
4.117883488976621055e-19
8.511441761723228121e-20
1.472412904406796924e-20
2.142143721803343369e-21
2.627987856105897012e-22
2.718938685851290291e-23
2.365752154796738264e-24
1.720399089238096100e-25
1.034316115932459592e-26
5.048740720750572173e-28
1.940064363349202875e-29
5.543849252752532103e-31
1.043071978289668955e-32
9.156000275457524583e-35
6.152025951942863907e-38
7.290775640490784987e-38
1.038021577328806949e-34
1.189821765181245504e-32
6.348314218629994883e-31
2.229670556281336232e-29
5.826058572470256090e-28
1.199383888112517770e-26
2.006878164883312682e-25
2.780079639580412399e-24
3.224446446073336767e-23
3.152269431690256653e-22
2.606369684009370841e-21
1.823923162453279626e-20
1.078645573766792090e-19
5.374296846411617007e-19
2.248210983265300555e-18
7.872366776707850695e-18
2.296196729299243805e-17
5.511923868733625867e-17
1.068370598360207787e-16
1.644295317182405952e-16
1.958596153691012499e-16
1.612670804520635838e-16
6.004155639439968337e-17
-1.457400358913840751e-17
-2.836320561895665596e-17
-2.411179677695964450e-17
-1.417164277935969544e-17
-4.105599595296807258e-18
0.000000000000000000e+00
-4.105599595297562993e-18
-1.417164277936075239e-17
-2.411179677696069220e-17
-2.836320561895761123e-17
-1.457400358913887897e-17
6.004155639440038595e-17
1.612670804520629429e-16
1.958596153691003132e-16
1.644295317182483112e-16
1.068370598360112384e-16
5.511923868733765767e-17
2.296196729298890358e-17
7.872366776707636531e-18
2.248210983265419577e-18
5.374296846411880860e-19
1.078645573766792331e-19
1.823923162453295274e-20
2.606369684009412219e-21
3.152269431690470123e-22
3.224446446073420814e-23
2.780079639580368685e-24
2.006878164883086078e-25
1.199383888112588656e-26
5.826058572470452496e-28
2.229670556281575293e-29
6.348314218629143595e-31
1.189821765181384676e-32
1.038021577326696962e-34
7.290775641226464518e-38
8.485796522847090137e-38
1.162282164846822074e-34
1.339638587562477347e-32
7.172604518985148036e-31
2.527474109439319856e-29
6.628667063995195550e-28
1.370675909376983127e-26
2.306005507834177226e-25
3.216052469904579789e-24
3.761523370521735020e-23
3.716073750063782119e-22
3.113234506553809318e-21
2.215130021491275683e-20
1.338034370572278102e-19
6.851714837884107088e-19
2.971828264346266339e-18
1.092675587636595278e-17
3.402120995541451859e-17
8.853874354713183037e-17
1.869012719197027829e-16
3.088348931904508898e-16
3.842904856060899588e-16
3.237567466818360706e-16
1.180726040644416462e-16
-2.268934113061892762e-17
-2.993818574708858126e-17
-2.643064733317945119e-17
-1.901876882195993058e-17
-6.221696593322154148e-18
0.000000000000000000e+00
-6.221696593323794270e-18
-1.901876882196324010e-17
-2.643064733318230465e-17
-2.993818574709060888e-17
-2.268934113061956857e-17
1.180726040644477352e-16
3.237567466818113201e-16
3.842904856061055388e-16
3.088348931904450719e-16
1.869012719196944013e-16
8.853874354713897942e-17
3.402120995540952658e-17
1.092675587636548439e-17
2.971828264346210102e-18
6.851714837884842793e-19
1.338034370572171694e-19
2.215130021491403877e-20
3.113234506553954139e-21
3.716073750063891675e-22
3.761523370521852569e-23
3.216052469904272691e-24
2.306005507834202940e-25
1.370675909376741485e-26
6.628667063996494161e-28
2.527474109438661246e-29
7.172604518988546185e-31
1.339638587560659217e-32
1.162282164846878950e-34
8.485796522823549970e-38
9.703870230437779469e-38
1.285298371905617274e-34
1.488723947636984071e-32
7.995567230749226749e-31
2.825754189146839488e-29
7.435546231079769458e-28
1.543659899367824773e-26
2.609788400254060107e-25
3.661927351459237096e-24
4.315648048934925170e-23
4.304228642315281562e-22
3.649376851932018015e-21
2.636218823716749060e-20
1.623440362102949698e-19
8.523118699400197245e-19
3.820193541617425555e-18
1.468248993420138667e-17
4.855536471718803745e-17
1.366306044150453930e-16
3.154648366182955099e-16
5.682648822021585609e-16
7.579334279103272285e-16
6.746149309048537610e-16
2.461466766013125216e-16
-2.990429619364715995e-17
1.901604499176679350e-17
8.893120294928682901e-18
-1.156086153206925671e-17
-6.639114245814162244e-18
4.176833578212465745e-46
-6.639114245818184356e-18
-1.156086153207502833e-17
8.893120294922737170e-18
1.901604499176381986e-17
-2.990429619364940944e-17
2.461466766013134584e-16
6.746149309048605650e-16
7.579334279103128318e-16
5.682648822021683231e-16
3.154648366182704636e-16
1.366306044150467981e-16
4.855536471718335975e-17
1.468248993420040367e-17
3.820193541618502535e-18
8.523118699398825020e-19
1.623440362103111236e-19
2.636218823716081605e-20
3.649376851932762056e-21
4.304228642314945840e-22
4.315648048935421229e-23
3.661927351458863877e-24
2.609788400254132657e-25
1.543659899367649424e-26
7.435546231080322803e-28
2.825754189146493648e-29
7.995567230750528205e-31
1.488723947635941034e-32
1.285298371905826177e-34
9.703870230807934413e-38
1.090604700091652874e-37
1.403680019423280971e-34
1.632849274099188854e-32
8.793461960642421652e-31
3.115773517295346166e-29
8.222671583698437276e-28
1.713090695947602174e-26
2.908827025786456790e-25
4.103601562970128996e-24
4.868891459668666405e-23
4.897289694317940042e-22
4.196763695041320252e-21
3.072916179093043639e-20
1.925277375572267351e-19
1.033437760412572684e-18
4.767911200576466994e-18
1.904553275614952655e-17
6.638852282925721728e-17
2.005645024309088274e-16
5.060353049490290268e-16
1.004957639140631196e-15
1.474634928209553920e-15
1.443592029855842852e-15
5.293182479869715386e-16
-3.864844396039243879e-17
2.347953130826946173e-16
1.572389722753748694e-16
3.653837652419392596e-17
5.823857944751339922e-19
7.895880935594501751e-46
5.823857944666198411e-19
3.653837652418016403e-17
1.572389722753638254e-16
2.347953130826859398e-16
-3.864844396039591471e-17
5.293182479869711441e-16
1.443592029855861785e-15
1.474634928209543665e-15
1.004957639140603388e-15
5.060353049490262658e-16
2.005645024309051297e-16
6.638852282925485070e-17
1.904553275614850350e-17
4.767911200576276712e-18
1.033437760412539558e-18
1.925277375572363166e-19
3.072916179092707805e-20
4.196763695041130668e-21
4.897289694318308677e-22
4.868891459668699907e-23
4.103601562970062139e-24
2.908827025786330975e-25
1.713090695947818274e-26
8.222671583698166433e-28
3.115773517295601203e-29
8.793461960643171347e-31
1.632849274099276435e-32
1.403680019422416065e-34
1.090604700237194309e-37
1.204947506291953437e-37
1.513877230028739257e-34
1.767542805187104507e-32
9.541021970150123224e-31
3.388172146541001654e-29
8.964105887916725301e-28
1.873250088235948130e-26
3.192746059639789084e-25
4.525258284401345789e-24
5.400725552868588282e-23
5.472381881260253136e-22
4.733405640563879923e-21
3.506953827748055724e-20
2.230432154250032628e-19
1.220403442100177879e-18
5.770714909148496577e-18
2.380003939172919943e-17
8.659153711770285642e-17
2.775176955840130474e-16
7.582053073951579256e-16
1.661951549069943873e-15
2.728542940817807586e-15
3.025673257764008003e-15
9.813428350653667596e-16
-8.179820039403034888e-17
7.361566824158688924e-16
4.890997998851538195e-16
1.495423191283320319e-16
2.108714466111109944e-17
1.385275541062950344e-45
2.108714466109648086e-17
1.495423191283096480e-16
4.890997998851281815e-16
7.361566824158459168e-16
-8.179820039403153218e-17
9.813428350653768176e-16
3.025673257764036007e-15
2.728542940817697146e-15
1.661951549069930462e-15
7.582053073951466843e-16
2.775176955840061449e-16
8.659153711770056379e-17
2.380003939172837667e-17
5.770714909148863274e-18
1.220403442099893612e-18
2.230432154250281554e-19
3.506953827748322947e-20
4.733405640563430038e-21
5.472381881260463784e-22
5.400725552868543613e-23
4.525258284401030610e-24
3.192746059639880919e-25
1.873250088235664301e-26
8.964105887917579084e-28
3.388172146540563328e-29
9.541021970149522417e-31
1.767542805187038821e-32
1.513877230027886752e-34
1.204947506460579206e-37
1.308982780099475549e-37
1.612353040388312048e-34
1.888313702081337789e-32
1.021274275112861128e-30
3.633452765455163418e-29
9.633367625577368036e-28
2.018254596504584851e-26
3.450765137302223958e-25
4.910256725556693896e-24
5.889203794121542304e-23
6.004540568809717853e-22
5.234656589414441240e-21
3.917141302851533769e-20
2.523007048976407663e-19
1.402768674555298039e-18
6.767790330056344160e-18
2.862023543231887289e-17
1.074927158805140331e-16
3.597206253375522419e-16
1.045299088421079527e-15
2.494585007418041183e-15
4.575250866012089004e-15
5.807702781746491084e-15
1.536542175611754453e-15
-1.482559174655396098e-16
1.373084970094463442e-15
9.319969171805627287e-16
2.877647898409266830e-16
4.490519819486071521e-17
-2.460146925337494760e-45
4.490519819487074237e-17
2.877647898409273239e-16
9.319969171805311743e-16
1.373084970094425774e-15
-1.482559174655454030e-16
1.536542175611765497e-15
5.807702781746502917e-15
4.575250866012003807e-15
2.494585007417988330e-15
1.045299088421092937e-15
3.597206253375482976e-16
1.074927158805145755e-16
2.862023543231508266e-17
6.767790330057102977e-18
1.402768674555112187e-18
2.523007048976591108e-19
3.917141302851702288e-20
5.234656589414195985e-21
6.004540568809774277e-22
5.889203794121666907e-23
4.910256725556623366e-24
3.450765137302252886e-25
2.018254596504614985e-26
9.633367625577509735e-28
3.633452765454977326e-29
1.021274275113006863e-30
1.888313702081197112e-32
1.612353040389008250e-34
1.308982780273628930e-37
1.398400545613164100e-37
1.695770488923687678e-34
1.990898306883482157e-32
1.078431123137890240e-30
3.842524096960855303e-29
1.020498209257415149e-27
2.142409509601521036e-26
3.672368535275224474e-25
5.242203660149246512e-24
6.312433652903162931e-23
6.468461286261022183e-22
5.675024566175981825e-21
4.280995771306465801e-20
2.785605115189013702e-19
1.568698415603906087e-18
7.687817594070989604e-18
3.311405240083911895e-17
1.270012705146174159e-16
4.361409093879860379e-16
1.316339823713037567e-15
3.330545308967631252e-15
6.662785133473477263e-15
9.518022182010454217e-15
2.273894660958683633e-15
-2.288045932570344617e-16
1.934884745995064738e-15
1.394389207730929079e-15
3.925262180300551971e-16
5.640320143254442744e-17
8.944267951434527477e-46
5.640320143254139525e-17
3.925262180300570707e-16
1.394389207730958070e-15
1.934884745994946409e-15
-2.288045932570451606e-16
2.273894660958685605e-15
9.518022182010430551e-15
6.662785133473406266e-15
3.330545308967556310e-15
1.316339823713027904e-15
4.361409093879915600e-16
1.270012705146120664e-16
3.311405240083699272e-17
7.687817594070852477e-18
1.568698415603957702e-18
2.785605115189196184e-19
4.280995771307005061e-20
5.675024566176601734e-21
6.468461286260469231e-22
6.312433652903234636e-23
5.242203660149416958e-24
3.672368535275158352e-25
2.142409509601634108e-26
1.020498209257363492e-27
3.842524096961096887e-29
1.078431123137797404e-30
1.990898306883642813e-32
1.695770488921813321e-34
1.398400545783982998e-37
1.469307219996759983e-37
1.761180508848470361e-34
2.071509984789916798e-32
1.123406551704547471e-30
4.007259912839300544e-29
1.065609035284928203e-27
2.240580280168302215e-26
3.848017109843890200e-25
5.506114038602151801e-24
6.650207196099425273e-23
6.840499010426235228e-22
6.030318557649045938e-21
4.576775940946410715e-20
3.001025505659779371e-19
1.706226248994944515e-18
8.457681843441571205e-18
3.688638710863603805e-17
1.431336897890104210e-16
4.966900540349798290e-16
1.520844325640424388e-15
3.964739460735807553e-15
8.430660644037151378e-15
1.330424357718233277e-14
3.141717138140564346e-15
-3.400636187531762371e-16
2.305936439407665256e-15
1.860988914410457514e-15
4.520551033806315473e-16
5.333989514537215206e-17
0.000000000000000000e+00
5.333989514532678023e-17
4.520551033805661705e-16
1.860988914410429509e-15
2.305936439407488157e-15
-3.400636187531662284e-16
3.141717138140509126e-15
1.330424357718226178e-14
8.430660644037268130e-15
3.964739460735857251e-15
1.520844325640464620e-15
4.966900540349577409e-16
1.431336897890097061e-16
3.688638710863684540e-17
8.457681843440957989e-18
1.706226248995013270e-18
3.001025505659741815e-19
4.576775940946363771e-20
6.030318557649595881e-21
6.840499010425560965e-22
6.650207196100001265e-23
5.506114038601807235e-24
3.848017109844044484e-25
2.240580280168262898e-26
1.065609035284869192e-27
4.007259912839592575e-29
1.123406551704561309e-30
2.071509984790208826e-32
1.761180508847599681e-34
1.469307219967583207e-37
1.518495222021007164e-37
1.806196048463816496e-34
2.127072101442287495e-32
1.154436364956143850e-30
4.121025643588754479e-29
1.096797540721579695e-27
2.308547354127616707e-26
3.969835972568117287e-25
5.689545279693346385e-24
6.885623208561695325e-23
7.100695082938305833e-22
6.279886778568666234e-21
4.785662642002140370e-20
3.154148412974772327e-19
1.804682802648769851e-18
9.012119384361186993e-18
3.960004389002910019e-17
1.544664460880663285e-16
5.362148524083983632e-16
1.639367323697933348e-15
4.316041491974049027e-15
9.570680001901084914e-15
1.634114789909503580e-14
3.916607896074713272e-15
-4.588972333604430583e-16
2.475314267242308729e-15
2.276268616312725743e-15
4.784320416627550931e-16
4.296830247077557766e-17
0.000000000000000000e+00
4.296830247069385660e-17
4.784320416626373557e-16
2.276268616312544305e-15
2.475314267242214855e-15
-4.588972333604321128e-16
3.916607896074713272e-15
1.634114789909491590e-14
9.570680001900999717e-15
4.316041491974040349e-15
1.639367323697937489e-15
5.362148524083911649e-16
1.544664460880632964e-16
3.960004389002860715e-17
9.012119384360618459e-18
1.804682802648878089e-18
3.154148412974743438e-19
4.785662642002307685e-20
6.279886778568961894e-21
7.100695082937793317e-22
6.885623208561879878e-23
5.689545279693488914e-24
3.969835972568002034e-25
2.308547354127611254e-26
1.096797540721514765e-27
4.121025643588422091e-29
1.154436364956314108e-30
2.127072101442172544e-32
1.806196048465284806e-34
1.518495221875223510e-37
1.543682609988054404e-37
1.829137408228255140e-34
2.155414345654225704e-32
1.170273919198760780e-30
4.179125201351223113e-29
1.112736153322599675e-27
2.343310351631455527e-26
4.032207510595512624e-25
5.783585879180495962e-24
7.006514955381314360e-23
7.234590785414971160e-22
6.408649922660217483e-21
4.893785656297441102e-20
3.233714372777105421e-19
1.856056274078038437e-18
9.302322234945714858e-18
4.101679681593794956e-17
1.602556712373139385e-16
5.549331442047337931e-16
1.687577517327017550e-15
4.452089477120774670e-15
1.011349150231274129e-14
1.801427569041736630e-14
4.367760288641823452e-15
-5.375853861106394057e-16
2.512112479397808097e-15
2.548386774952928048e-15
4.960109603726459329e-16
3.703129954620288428e-17
2.906202710232415755e-44
3.703129954609966060e-17
4.960109603724717918e-16
2.548386774952614081e-15
2.512112479397786403e-15
-5.375853861106274742e-16
4.367760288641850273e-15
1.801427569041731581e-14
1.011349150231265452e-14
4.452089477120698151e-15
1.687577517326998026e-15
5.549331442047332014e-16
1.602556712373133715e-16
4.101679681593906506e-17
9.302322234944795034e-18
1.856056274078084660e-18
3.233714372776944606e-19
4.893785656297872029e-20
6.408649922661665693e-21
7.234590785413979984e-22
7.006514955381481281e-23
5.783585879180440861e-24
4.032207510595572776e-25
2.343310351631361395e-26
1.112736153322546403e-27
4.179125201351473666e-29
1.170273919198762007e-30
2.155414345653583899e-32
1.829137408233010095e-34
1.543682609566838588e-37
