-1.124772934493089659e-43
7.045391625975473565e-41
4.840875143978393013e-39
1.779232605423935022e-37
4.509810107512136871e-36
8.516669802408146856e-35
1.236453237996325806e-33
1.397433946279834532e-32
1.230618612966944155e-31
8.349705306326847110e-31
4.222575709525645500e-30
1.442557901981001904e-29
1.949546164302022372e-29
-1.211865274212660247e-28
-1.042401216092255080e-27
-4.533416008914317382e-27
-1.382847092845919800e-26
-3.193171709439724149e-26
-5.731366173276773084e-26
-8.046278942723004542e-26
-8.757707736756484796e-26
-7.171822775116220888e-26
-4.080124221323006843e-26
-1.196165676830413746e-26
2.831531753377680457e-27
4.434609814958042256e-27
1.154803029488186648e-27
-7.344116468373293408e-28
-4.608444950680554942e-28
3.647304530598051787e-54
-4.608444951087458834e-28
-7.344116469797678994e-28
1.154803029408489580e-27
4.434609814856042436e-27
2.831531753334922424e-27
-1.196165676836237695e-26
-4.080124221303167506e-26
-7.171822775091641118e-26
-8.757707736727095141e-26
-8.046278942713064498e-26
-5.731366173287709544e-26
-3.193171709439603041e-26
-1.382847092843657203e-26
-4.533416008948767890e-27
-1.042401216102838044e-27
-1.211865274218152216e-28
1.949546164269734494e-29
1.442557901975471259e-29
4.222575709549831211e-30
8.349705306319733768e-31
1.230618612959061851e-31
1.397433946279001417e-32
1.236453237994103434e-33
8.516669802428255668e-35
4.509810107505144918e-36
1.779232605436402425e-37
4.840875143944505149e-39
7.045391625757516161e-41
-1.124772936101890253e-43
-1.854866003518059358e-43
1.166870165098320082e-40
8.039656675659270669e-39
2.962792652371595869e-37
7.529820850761536115e-36
1.426049452204103450e-34
2.077086111819417787e-33
2.356774900727310173e-32
2.086049656918052320e-31
1.425668440522392891e-30
7.296728928112270588e-30
2.559944774940226487e-29
3.991493716930238883e-29
-1.738338880188665172e-28
-1.652470349053331083e-27
-7.352687208395303868e-27
-2.266453790437310963e-26
-5.265673289606524004e-26
-9.489271956197425215e-26
-1.335918520280166799e-25
-1.456912608561519061e-25
-1.194739073640261945e-25
-6.803076157283388695e-26
-1.995265856613051687e-26
4.721865983455548768e-27
7.381083932066858193e-27
1.895573092328092751e-27
-1.251038603590378279e-27
-7.776888597654355521e-28
2.055193098663298855e-53
-7.776888597522165319e-28
-1.251038603426149328e-27
1.895573092556388261e-27
7.381083932046829445e-27
4.721865983456231077e-27
-1.995265856606228884e-26
-6.803076157279144747e-26
-1.194739073637113825e-25
-1.456912608562214715e-25
-1.335918520278880184e-25
-9.489271956185184691e-26
-5.265673289603655293e-26
-2.266453790432570529e-26
-7.352687208390656131e-27
-1.652470349045883439e-27
-1.738338880217176327e-28
3.991493717002423130e-29
2.559944774936965385e-29
7.296728928195780970e-30
1.425668440520747591e-30
2.086049656916090940e-31
2.356774900723011306e-32
2.077086111820035303e-33
1.426049452197361026e-34
7.529820850785786109e-36
2.962792652373364906e-37
8.039656675734747560e-39
1.166870165118833192e-40
-1.854866002631315326e-43
-3.028261262485778339e-43
1.921562243622980650e-40
1.331151991586848678e-38
4.931210992220990022e-37
1.259771379673693013e-35
2.399050659604364002e-34
3.516216170521049377e-33
4.019776149292343996e-32
3.592417399770239436e-31
2.488410113615020855e-30
1.301490646076298450e-29
4.779143962605499660e-29
9.094282371473765956e-29
-1.972518207320859511e-28
-2.475831065372058368e-27
-1.159095433476675138e-26
-3.652937062806046373e-26
-8.594803255659217281e-26
-1.561573692697285474e-25
-2.210807191270006821e-25
-2.420612061431563052e-25
-1.990505368772789586e-25
-1.135450322403429408e-25
-3.332856384465191829e-26
7.883231926764009239e-27
1.227713071900110906e-26
3.066445444250417066e-27
-2.174692094969156557e-27
-1.328488273764172057e-27
-4.990941941544167847e-54
-1.328488273793938596e-27
-2.174692095555613013e-27
3.066445444004980245e-27
1.227713071885855311e-26
7.883231926863985091e-27
-3.332856384478933289e-26
-1.135450322404489189e-25
-1.990505368773258636e-25
-2.420612061430176336e-25
-2.210807191271383435e-25
-1.561573692692038682e-25
-8.594803255636721028e-26
-3.652937062807081818e-26
-1.159095433473481703e-26
-2.475831065372235941e-27
-1.972518207357853342e-28
9.094282371414767927e-29
4.779143962648696647e-29
1.301490646075592476e-29
2.488410113605478363e-30
3.592417399765028357e-31
4.019776149286388477e-32
3.516216170514517739e-33
2.399050659598529677e-34
1.259771379676638667e-35
4.931210992220584096e-37
1.331151991576403493e-38
1.921562243593318247e-40
-3.028261262134320756e-43
-4.893686086852550547e-43
3.145963215748393713e-40
2.196753207785594386e-38
8.199487351012912428e-37
2.110393165354366455e-35
4.050642702208200988e-34
5.989457942693912897e-33
6.919168103522228955e-32
6.265495444727347530e-31
4.418643155928236879e-30
2.376239544682491884e-29
9.213178530519138496e-29
2.112131595018368143e-28
-1.022622082331207579e-28
-3.443253239700217938e-27
-1.768687672237304282e-26
-5.781935627991011063e-26
-1.387875436828270096e-25
-2.553628487677736963e-25
-3.646368922523868056e-25
-4.016298255260587265e-25
-3.316309957783898973e-25
-1.896737180273762043e-25
-5.574112122269993424e-26
1.317414651201409189e-26
2.040296346122864568e-26
4.879965352840820232e-27
-3.847948072381943804e-27
-2.294774659592282718e-27
6.235106546107522937e-53
-2.294774659533010439e-27
-3.847948071973877081e-27
4.879965354659318029e-27
2.040296346120090849e-26
1.317414651213089229e-26
-5.574112122275609165e-26
-1.896737180294914742e-25
-3.316309957773512838e-25
-4.016298255244297484e-25
-3.646368922525049520e-25
-2.553628487681394312e-25
-1.387875436828737080e-25
-5.781935627973044596e-26
-1.768687672238811245e-26
-3.443253239746811538e-27
-1.022622082450363238e-28
2.112131595028601882e-28
9.213178530467651427e-29
2.376239544685762794e-29
4.418643155889181290e-30
6.265495444701730042e-31
6.919168103500493502e-32
5.989457942669704234e-33
4.050642702203236916e-34
2.110393165355538462e-35
8.199487351032776081e-37
2.196753207777820399e-38
3.145963215737095556e-40
-4.893686088013865961e-43
-7.825910767928054116e-43
5.119779434419744726e-40
3.611911998850957597e-38
1.361183312527556443e-36
3.536432598314739504e-35
6.854376756329691493e-34
1.024539862745568974e-32
1.198617645225780013e-31
1.102418789044417886e-30
7.936652402714468579e-30
4.400390516837449427e-29
1.802367255355657655e-28
4.802759906158891240e-28
3.190830570197016223e-28
-4.255668277742004625e-27
-2.592257770808518685e-26
-8.966776109945014990e-26
-2.215338828172945148e-25
-4.148339155955499100e-25
-5.992844757507210959e-25
-6.653849091161741076e-25
-5.524310394809374866e-25
-3.170578870009599336e-25
-9.332140031381658771e-26
2.203235844350024239e-26
3.386678474288803003e-26
7.615703930073124333e-27
-6.911654091217158455e-27
-4.004181909355479127e-27
2.410787719186463902e-52
-4.004181909989149073e-27
-6.911654092338177138e-27
7.615703928161678970e-27
3.386678474399266181e-26
2.203235844379328659e-26
-9.332140031353045126e-26
-3.170578870033229527e-25
-5.524310394838398556e-25
-6.653849091191106394e-25
-5.992844757502443779e-25
-4.148339155940428895e-25
-2.215338828177114480e-25
-8.966776109935408997e-26
-2.592257770817627044e-26
-4.255668277717113618e-27
3.190830570224718437e-28
4.802759906209973838e-28
1.802367255352088267e-28
4.400390516826353946e-29
7.936652402733479995e-30
1.102418789040126584e-30
1.198617645226324768e-31
1.024539862742333397e-32
6.854376756339905303e-34
3.536432598302666626e-35
1.361183312525987363e-36
3.611911998844636405e-38
5.119779434404141907e-40
-7.825910773114739209e-43
-1.238082631502256712e-42
8.280549742067769239e-40
5.914183224951988728e-38
2.254234593294494154e-36
5.920854464006224573e-35
1.160530440872360679e-33
1.756037625681053428e-32
2.083473743180351031e-31
1.948992029486966807e-30
1.433953702288228619e-29
8.197655982880168327e-29
3.532441466580235971e-28
1.056510244085903269e-27
1.516098981168786268e-27
-4.091518042054100951e-27
-3.596743322826769547e-26
-1.357414561753009385e-25
-3.491119065655096963e-25
-6.691123773500151241e-25
-9.811974375007397593e-25
-1.100463929011828011e-24
-9.198864338739489325e-25
-5.302103000945443230e-25
-1.563518733286087254e-25
3.686164660964762964e-26
5.612390413279432680e-26
1.159516165242666340e-26
-1.256315664495315375e-26
-7.048126024317518559e-27
2.876807276960817526e-53
-7.048126024632091006e-27
-1.256315664655468444e-26
1.159516164808854110e-26
5.612390412757091893e-26
3.686164660954433193e-26
-1.563518733263633246e-25
-5.302103000927831937e-25
-9.198864338766966506e-25
-1.100463929006815997e-24
-9.811974375027362630e-25
-6.691123773506510849e-25
-3.491119065631351977e-25
-1.357414561743905273e-25
-3.596743322815821034e-26
-4.091518041968969446e-27
1.516098981198242324e-27
1.056510244099972754e-27
3.532441466574770234e-28
8.197655982873758227e-29
1.433953702281440449e-29
1.948992029484138636e-30
2.083473743180256006e-31
1.756037625681779531e-32
1.160530440870423972e-33
5.920854464003037569e-35
2.254234593277163614e-36
5.914183224987032223e-38
8.280549741993535745e-40
-1.238082632038880323e-42
-1.936897560148675362e-42
1.330677362760274687e-39
9.638829726921395107e-38
3.720934889107124502e-36
9.891616056862318455e-35
1.962647337710251411e-33
3.009024528300120271e-32
3.623405586639887888e-31
3.449245089378026717e-30
2.593429405005442942e-29
1.526548041982894785e-28
6.879742395414082139e-28
2.246643909524005259e-27
4.411695820905004544e-27
-1.023763794063892664e-27
-4.586481051903144130e-26
-1.993800351533430132e-25
-5.421622110343085194e-25
-1.070855053904847231e-24
-1.599834727037152109e-24
-1.816402233424738187e-24
-1.530718172216473696e-24
-8.867284818904199678e-25
-2.620470776750663155e-25
6.167214699235330708e-26
9.281114217375831981e-26
1.708706540280223364e-26
-2.303149620788260419e-26
-1.249380595809561509e-26
5.267477729172884207e-52
-1.249380595917711151e-26
-2.303149620671364164e-26
1.708706540346639943e-26
9.281114217675546307e-26
6.167214699220104383e-26
-2.620470776767405685e-25
-8.867284818894073896e-25
-1.530718172223280727e-24
-1.816402233424825614e-24
-1.599834727041051261e-24
-1.070855053906010603e-24
-5.421622110343692227e-25
-1.993800351532439686e-25
-4.586481051921667349e-26
-1.023763794058008735e-27
4.411695820887631134e-27
2.246643909522661806e-27
6.879742395357518110e-28
1.526548041987317732e-28
2.593429405005254607e-29
3.449245089376071905e-30
3.623405586635992278e-31
3.009024528300975282e-32
1.962647337706084122e-33
9.891616056866870708e-35
3.720934889090368940e-36
9.638829726890343010e-38
1.330677362742325206e-39
-1.936897559614413191e-42
-2.995012673477804357e-42
2.124095247347265749e-39
1.562704970334934546e-37
6.116129972408816705e-36
1.646857234274479005e-34
3.309758497079821782e-33
5.143826612778385799e-32
6.288293405208230062e-31
6.091189837545844388e-30
4.677110253125644993e-29
2.828634202882769569e-28
1.325367888864629910e-27
4.630958461868866301e-27
1.083278116864994870e-26
9.105671382037268190e-27
-4.992163013764771628e-26
-2.812671085635055211e-25
-8.274949291819693248e-25
-1.698835310184995657e-24
-2.596447929138537431e-24
-2.991039738607616634e-24
-2.544488591048743066e-24
-1.482482008130930769e-24
-4.391542162899826943e-25
1.031332541822782131e-25
1.530652555247857149e-25
2.404074302833265534e-26
-4.245331281963335339e-26
-2.226526791528235341e-26
1.338481052998127635e-52
-2.226526791548801326e-26
-4.245331281917007201e-26
2.404074303236007806e-26
1.530652555287745208e-25
1.031332541836297101e-25
-4.391542162846122464e-25
-1.482482008130583998e-24
-2.544488591054960329e-24
-2.991039738605231483e-24
-2.596447929122006307e-24
-1.698835310171751876e-24
-8.274949291860053112e-25
-2.812671085646556688e-25
-4.992163013800446848e-26
9.105671382412185168e-27
1.083278116861248269e-26
4.630958461881561124e-27
1.325367888861127246e-27
2.828634202890545094e-28
4.677110253126578258e-29
6.091189837523701070e-30
6.288293405223141629e-31
5.143826612762306994e-32
3.309758497078243953e-33
1.646857234274433247e-34
6.116129972422641580e-36
1.562704970334172390e-37
2.124095247335810251e-39
-2.995012673082493255e-42
-4.574923461474682806e-42
3.366933366111886963e-39
2.518806206287218774e-37
1.000174192624653196e-35
2.729069141000905227e-34
5.557040547849593046e-33
8.755831714543011035e-32
1.086597223236485327e-30
1.070596661056106236e-29
8.386649192490882468e-29
5.199635235617542668e-28
2.519766265688098631e-27
9.285115574510725406e-27
2.429312607323009158e-26
3.480606998331292937e-26
-3.449664858536893167e-26
-3.740321656591998829e-25
-1.236297055943028176e-24
-2.668001410701493360e-24
-4.191740003331324998e-24
-4.911401771817964110e-24
-4.223337784371339684e-24
-2.476492863095264589e-24
-7.355176362782846737e-25
1.722917976150185265e-25
2.515721042262587202e-25
3.144014997507126698e-26
-7.848302805674895820e-26
-3.982787925794662486e-26
-7.315791014494390459e-52
-3.982787925848336889e-26
-7.848302807258453163e-26
3.144014995063182107e-26
2.515721042110863024e-25
1.722917976107156432e-25
-7.355176362752220518e-25
-2.476492863094525865e-24
-4.223337784362895961e-24
-4.911401771833986833e-24
-4.191740003341904447e-24
-2.668001410689239934e-24
-1.236297055947668807e-24
-3.740321656559191516e-25
-3.449664858627094565e-26
3.480606998382295502e-26
2.429312607322821756e-26
9.285115574581273721e-27
2.519766265682070492e-27
5.199635235616288898e-28
8.386649192462762332e-29
1.070596661057328729e-29
1.086597223233882766e-30
8.755831714542295059e-32
5.557040547848700813e-33
2.729069140993249573e-34
1.000174192623775193e-35
2.518806206295473440e-37
3.366933366164232955e-39
-4.574923457656946371e-42
-6.898956837200680817e-42
5.298085341612571957e-39
4.033839329996948916e-37
1.625799113143858912e-35
4.496217617346626838e-34
9.276469805171154297e-33
1.481694283566073130e-31
1.866093174941189594e-30
1.869090766719959428e-29
1.492134052119405958e-28
9.463919761050113459e-28
4.723052311576047951e-27
1.816723323816144333e-26
5.139385417043124586e-26
9.285119195213518375e-26
3.014696045205286136e-26
-4.507036036515819910e-25
-1.796732113172303023e-24
-4.140401253381921447e-24
-6.726089305341285743e-24
-8.037393221994148048e-24
-6.995729086513029900e-24
-4.131398110954948285e-24
-1.230428185588155360e-24
2.873525971232289594e-25
4.116929564996061498e-25
3.586758203908464131e-26
-1.452334538087879942e-25
-7.141187544113773764e-26
2.035588349024350219e-51
-7.141187543830711510e-26
-1.452334537748883443e-25
3.586758206988617488e-26
4.116929565192698285e-25
2.873525971261275631e-25
-1.230428185596462799e-24
-4.131398110977766834e-24
-6.995729086516322754e-24
-8.037393221994616776e-24
-6.726089305356045544e-24
-4.140401253367197646e-24
-1.796732113175220086e-24
-4.507036036464414991e-25
3.014696044987094754e-26
9.285119195256619069e-26
5.139385417052439001e-26
1.816723323818490156e-26
4.723052311567185108e-27
9.463919761035979402e-28
1.492134052120738201e-28
1.869090766710372025e-29
1.866093174943771136e-30
1.481694283566039412e-31
9.276469805173001712e-33
4.496217617333100510e-34
1.625799113156913230e-35
4.033839329976872277e-37
5.298085341722007838e-39
-6.898956833312170318e-42
-1.026307246254190642e-41
8.273469263164412958e-39
6.414980988000511164e-37
2.624782823932482801e-35
7.357139197888397521e-34
1.537778345605669040e-32
2.489360780553443809e-31
3.180525159826866153e-30
3.236434324933227644e-29
2.630350880996261807e-28
1.703644733513963836e-27
8.726264985238692913e-27
3.478364617549491166e-26
1.042911724188758390e-25
2.153771790996692427e-25
2.052251662662337977e-25
-4.412210760467866198e-25
-2.514027148096916301e-24
-6.333058877724263232e-24
-1.071584979032503336e-23
-1.309947894394527335e-23
-1.155765790048082095e-23
-6.878693638306968425e-24
-2.054619470317610514e-24
4.781360221671160853e-25
6.701276587643890570e-25
2.848359791192919327e-26
-2.686045198615926367e-25
-1.281864972254516769e-25
4.325479484788943505e-51
-1.281864972241319089e-25
-2.686045198585592644e-25
2.848359794500196216e-26
6.701276587878806688e-25
4.781360221755022274e-25
-2.054619470323713533e-24
-6.878693638292061688e-24
-1.155765790049820358e-23
-1.309947894389704869e-23
-1.071584979038015376e-23
-6.333058877735735322e-24
-2.514027148096410471e-24
-4.412210760517310429e-25
2.052251662601761677e-25
2.153771790986080377e-25
1.042911724187348944e-25
3.478364617545307485e-26
8.726264985229737517e-27
1.703644733512770333e-27
2.630350880993666827e-28
3.236434324929564089e-29
3.180525159832359243e-30
2.489360780550542246e-31
1.537778345609158875e-32
7.357139197863294915e-34
2.624782823931581545e-35
6.414980988041204006e-37
8.273469262999357992e-39
-1.026307246328068686e-41
-1.504863056893652721e-41
1.281738599611924239e-38
1.012471600179451298e-36
4.205606742883741220e-35
1.194560415322979021e-33
2.528927638657456847e-32
4.147738826783209849e-31
5.373736271140034733e-30
5.552114232359304664e-29
4.589728911178772692e-28
3.031262171647324614e-27
1.589458880051513709e-26
6.531820169232134458e-26
2.049837090856629081e-25
4.625589990826668928e-25
6.119090182566093660e-25
-1.863110027628170712e-25
-3.324376175125930896e-24
-9.512957472427437108e-24
-1.692770815456909825e-23
-2.124549844585325443e-23
-1.903135239758588185e-23
-1.142288214874051824e-23
-3.422337589987320055e-24
7.931445747953251756e-25
1.083659161563270029e-24
-1.109734121954356218e-26
-4.958780427635773366e-25
-2.301040518827548590e-25
5.578510445566556667e-51
-2.301040518816676645e-25
-4.958780427669564237e-25
-1.109734124532997222e-26
1.083659161503444530e-24
7.931445747864238364e-25
-3.422337589961795665e-24
-1.142288214875471821e-23
-1.903135239761310630e-23
-2.124549844585080940e-23
-1.692770815455001997e-23
-9.512957472463429275e-24
-3.324376175144156936e-24
-1.863110027851325458e-25
6.119090182574203653e-25
4.625589990822004603e-25
2.049837090861034889e-25
6.531820169233489032e-26
1.589458880051435362e-26
3.031262171649456202e-27
4.589728911183414689e-28
5.552114232344728918e-29
5.373736271148969412e-30
4.147738826781575585e-31
2.528927638657500090e-32
1.194560415318268455e-33
4.205606742892453364e-35
1.012471600180543457e-36
1.281738599599074088e-38
-1.504863056601021873e-41
-2.172766858390471642e-41
1.969309028172583428e-38
1.585087045653566039e-36
6.683119541672134553e-35
1.923119784177160693e-33
4.122339203084167827e-32
6.847766961017361905e-31
8.992701893629221045e-30
9.428861166021809684e-29
7.922299817856647410e-28
5.329268035950091889e-27
2.855181427319304035e-26
1.205219656725019845e-25
3.926618000320934797e-25
9.449323572906743257e-25
1.483151085365468382e-24
6.507198128122278358e-25
-3.996325663433773803e-24
-1.395705012893679803e-23
-2.646756659868774653e-23
-3.425552675101801140e-23
-3.121033515247430101e-23
-1.890572817473241838e-23
-5.682191160537682266e-24
1.310613814939429456e-24
1.738473137635674515e-24
-1.269248410582050143e-25
-9.129075638285453672e-25
-4.126692481364085395e-25
-6.877200230108720043e-51
-4.126692480996179082e-25
-9.129075638674648831e-25
-1.269248411444460297e-25
1.738473137563377204e-24
1.310613814928316810e-24
-5.682191160540243374e-24
-1.890572817477802462e-23
-3.121033515249616520e-23
-3.425552675099928578e-23
-2.646756659859807688e-23
-1.395705012891518363e-23
-3.996325663429044642e-24
6.507198127697165418e-25
1.483151085370864820e-24
9.449323572880801566e-25
3.926618000314155960e-25
1.205219656725538945e-25
2.855181427317549977e-26
5.329268035949264652e-27
7.922299817857778314e-28
9.428861166000431474e-29
8.992701893644656348e-30
6.847766961009771246e-31
4.122339203085484281e-32
1.923119784164647878e-33
6.683119541666467222e-35
1.585087045656646400e-36
1.969309028149950540e-38
-2.172766856502586102e-41
-3.085451400839096086e-41
2.999804420317642409e-38
2.460336958486089360e-36
1.052651190308630167e-34
3.067709361474084356e-33
6.655988148654320322e-32
1.119431051672231983e-30
1.489542691815379316e-29
1.584233289221551024e-28
1.352153025944882522e-27
9.256672184360606743e-27
5.060044053317572313e-26
2.188329730911100658e-25
7.361425548947487198e-25
1.862184852398282867e-24
3.256613059726189346e-24
2.749135285592487032e-24
-3.929986895024653312e-24
-1.983087289598028240e-23
-4.086603854413025110e-23
-5.484476891776065406e-23
-5.093048696887127436e-23
-3.116147075135561684e-23
-9.396665467071389010e-24
2.155504060451005423e-24
2.762133185323952574e-24
-4.102407540276101567e-25
-1.674774275520887415e-24
-7.388155044721628795e-25
1.215457644296671238e-50
-7.388155045046822879e-25
-1.674774275493027832e-24
-4.102407537119191643e-25
2.762133185677877393e-24
2.155504060548017503e-24
-9.396665467113969823e-24
-3.116147075139573059e-23
-5.093048696903419200e-23
-5.484476891803618993e-23
-4.086603854415473077e-23
-1.983087289608539805e-23
-3.929986894907990641e-24
2.749135285605017068e-24
3.256613059721676917e-24
1.862184852393845376e-24
7.361425548947586381e-25
2.188329730912281203e-25
5.060044053315907795e-26
9.256672184368672482e-27
1.352153025942192208e-27
1.584233289223045369e-28
1.489542691815962256e-29
1.119431051670948218e-30
6.655988148672042369e-32
3.067709361468403898e-33
1.052651190309819654e-34
2.460336958480484572e-36
2.999804420385991580e-38
-3.085451401157466201e-41
-4.303298297981147844e-41
4.529004476929466225e-38
3.784537876253778166e-36
1.642536615192375442e-34
4.846027597428165813e-33
1.063881837972858921e-31
1.810985341972065353e-30
2.440865910435839466e-29
2.632423062051681194e-28
2.281352440419765994e-27
1.588447122758407636e-26
8.850741934533191410e-26
3.914572386431858465e-25
1.354641885496904675e-24
3.569723654059560298e-24
6.739051238655351030e-24
7.434595133830009813e-24
-1.762045858367903039e-24
-2.689208158076010236e-23
-6.210950510450335767e-23
-8.706673445800973227e-23
-8.261721087792159279e-23
-5.110577920343798311e-23
-1.546428245372201120e-23
3.525064479665499430e-24
4.337028972570341632e-24
-1.044444306920992682e-24
-3.060203832038331983e-24
-1.319661770283743647e-24
1.579463345831277937e-50
-1.319661770287433964e-24
-3.060203831764057560e-24
-1.044444306557808274e-24
4.337028972662990423e-24
3.525064479656776527e-24
-1.546428245375596536e-23
-5.110577920328694972e-23
-8.261721087780632382e-23
-8.706673445801839567e-23
-6.210950510490349595e-23
-2.689208158053303799e-23
-1.762045858419982949e-24
7.434595133892203750e-24
6.739051238642948095e-24
3.569723654060621181e-24
1.354641885494463320e-24
3.914572386438921533e-25
8.850741934525887044e-26
1.588447122758642390e-26
2.281352440418839030e-27
2.632423062054565851e-28
2.440865910428737686e-29
1.810985341974547753e-30
1.063881837973450094e-31
4.846027597407532925e-33
1.642536615196381809e-34
3.784537876246278388e-36
4.529004476937137373e-38
-4.303298299538655434e-41
-5.884400390410395469e-41
6.775081229820425219e-38
5.766743410619020954e-36
2.537874504512935619e-34
7.577274319130531234e-33
1.682599721900488437e-31
2.898064776555916851e-30
3.955409939597169844e-29
4.324471001089326720e-28
3.804264096256285177e-27
2.692949922734589223e-26
1.528478655879990642e-25
6.905304214804130114e-25
2.452030649432502951e-24
6.691519626441095678e-24
1.339348247010091270e-23
1.722971367946805083e-23
5.391595760285523684e-24
-3.383516035439062221e-23
-9.249407625676116150e-23
-1.367982915076528403e-22
-1.330618049316663145e-22
-8.331300104622222131e-23
-2.530286927499798637e-23
5.726164822902435727e-24
6.710965668092663048e-24
-2.389879941888670007e-24
-5.567712596056416179e-24
-2.350651514827722459e-24
-3.762230804954632573e-50
-2.350651514721679277e-24
-5.567712596746438710e-24
-2.389879943025624673e-24
6.710965667021064766e-24
5.726164822716841332e-24
-2.530286927471853904e-23
-8.331300104598412493e-23
-1.330618049315876504e-22
-1.367982915075866600e-22
-9.249407625684117740e-23
-3.383516035514920397e-23
5.391595760313973587e-24
1.722971367948413453e-23
1.339348247009351003e-23
6.691519626441402776e-24
2.452030649430783423e-24
6.905304214817250651e-25
1.528478655878431505e-25
2.692949922731322750e-26
3.804264096251853397e-27
4.324471001091654893e-28
3.955409939589741281e-29
2.898064776560630819e-30
1.682599721898880666e-31
7.577274319138312273e-33
2.537874504507313405e-34
5.766743410647930914e-36
6.775081229526596501e-38
-5.884400393606684337e-41
-7.871349209127478428e-41
1.003934361082707714e-37
8.701359153886343353e-36
3.881274411188981426e-34
1.172246227422301616e-32
2.632113182323027933e-31
4.585848405826756807e-30
6.336643863190557993e-29
7.021756172926387501e-28
6.269051109435909551e-27
4.510587538919841699e-26
2.606852404529501672e-25
1.202042786523636302e-24
4.372598696971167541e-24
1.230910162340288408e-23
2.583491894093224463e-23
3.683852873971456971e-23
2.335923977106121808e-23
-3.692407300455589562e-23
-1.340308204397005226e-22
-2.122035337477985318e-22
-2.124569256151163983e-22
-1.348395828598652031e-22
-4.111513411279174415e-23
9.227412211256595578e-24
1.019331090017554692e-23
-5.141995370748751741e-24
-1.008476409932010360e-23
-4.174249740685739377e-24
2.260339365070762473e-51
-4.174249740680033821e-24
-1.008476409907470447e-23
-5.141995370322836343e-24
1.019331090044961343e-23
9.227412211308448103e-24
-4.111513411279592303e-23
-1.348395828593329392e-22
-2.124569256152296219e-22
-2.122035337481269179e-22
-1.340308204404327616e-22
-3.692407300406098899e-23
2.335923977078299620e-23
3.683852873991443314e-23
2.583491894092172983e-23
1.230910162339749296e-23
4.372598696971753084e-24
1.202042786520362734e-24
2.606852404530310284e-25
4.510587538919535198e-26
6.269051109427991609e-27
7.021756172923563381e-28
6.336643863195827996e-29
4.585848405821486524e-30
2.632113182321169899e-31
1.172246227420114277e-32
3.881274411186152145e-34
8.701359153913223348e-36
1.003934361068979726e-37
-7.871349201263126426e-41
-1.026951907567769559e-40
1.473189751677614962e-37
1.299681276328919546e-35
5.873195437098756045e-34
1.793712168417666582e-32
4.071197396421085241e-31
7.173315217943928714e-30
1.003310758090767035e-28
1.126698529624915348e-27
1.020791161928657654e-26
7.464386739177138688e-26
4.391818081170588758e-25
2.066006708996521527e-24
7.690629160705254699e-24
2.227428507463692411e-23
4.867644694257932762e-23
7.488590564110864659e-23
6.354589540902499991e-23
-2.724372822964981026e-23
-1.868278746947604336e-22
-3.238676499183926802e-22
-3.356260099244151433e-22
-2.163238694750796109e-22
-6.625252740312356713e-23
1.472646317222053650e-23
1.510891403464592380e-23
-1.062419686375100162e-23
-1.818447537180573204e-23
-7.388428560323728189e-24
1.648549841847814854e-49
-7.388428560678748055e-24
-1.818447537031196378e-23
-1.062419686024197612e-23
1.510891403686197457e-23
1.472646317258206860e-23
-6.625252740305162687e-23
-2.163238694749826091e-22
-3.356260099245402159e-22
-3.238676499183430743e-22
-1.868278746947405912e-22
-2.724372822880734521e-23
6.354589540869319312e-23
7.488590564115063525e-23
4.867644694253309543e-23
2.227428507467254747e-23
7.690629160699362534e-24
2.066006708996536588e-24
4.391818081173536677e-25
7.464386739171179712e-26
1.020791161928009496e-26
1.126698529625038931e-27
1.003310758091442460e-28
7.173315217931539834e-30
4.071197396423796753e-31
1.793712168418597953e-32
5.873195437105263051e-34
1.299681276329373381e-35
1.473189751709683545e-37
-1.026951906598541413e-40
-1.301388669384456366e-40
2.140251310735521120e-37
1.921094262031923065e-35
8.790958839747822716e-34
2.713847328546285302e-32
6.224617724749154551e-31
1.108916669096909018e-29
1.569729081493530700e-28
1.786255404446543533e-27
1.642212057984695130e-26
1.220415340744274600e-25
7.309812970159545051e-25
3.507439304059886214e-24
1.335230758616523305e-23
3.972033678812009927e-23
8.995724691423311442e-23
1.469572969902292166e-22
1.477376752369680313e-22
1.468368322292060040e-23
-2.452691961189185436e-22
-4.838230959305881323e-22
-5.231094127751804487e-22
-3.432774835428175957e-22
-1.056640638823114312e-22
2.322368172605914946e-23
2.164615932416701044e-23
-2.132857468749868807e-23
-3.264564604629060588e-23
-1.303422546659583126e-23
-2.787335911239371906e-49
-1.303422546642823809e-23
-3.264564604853365481e-23
-2.132857469093452876e-23
2.164615932139800419e-23
2.322368172555716342e-23
-1.056640638818213441e-22
-3.432774835404548991e-22
-5.231094127761893991e-22
-4.838230959318333100e-22
-2.452691961199028556e-22
1.468368322333248187e-23
1.477376752366150304e-22
1.469572969901562184e-22
8.995724691416278459e-23
3.972033678810708654e-23
1.335230758616852737e-23
3.507439304059210305e-24
7.309812970156923148e-25
1.220415340744426358e-25
1.642212057986522082e-26
1.786255404447392294e-27
1.569729081495162708e-28
1.108916669096713537e-29
6.224617724743161372e-31
2.713847328548553107e-32
8.790958839725645183e-34
1.921094262033149062e-35
2.140251310757723025e-37
-1.301388673327492513e-40
-1.592119987970972197e-40
3.077658630809174480e-37
2.809338321828340754e-35
1.301192807457612518e-33
4.058865625681333616e-32
9.405280296485478178e-31
1.693796496178930396e-29
2.426288096430254787e-28
2.797582825956789976e-27
2.609932982213492055e-26
1.971315957893210089e-25
1.202086347539548071e-24
5.883179735588013820e-24
2.289730687103748536e-23
6.988703072754351692e-23
1.635263617041788281e-22
2.808570688340988042e-22
3.167726774712197021e-22
1.292484326002337338e-22
-2.896101850530542778e-22
-7.016614002515072326e-22
-8.010847676700107609e-22
-5.371476519930307606e-22
-1.663240341849178030e-22
3.606728049729890534e-23
2.945658319515574760e-23
-4.191618813595917604e-23
-5.836604155423411912e-23
-2.292047422864940842e-23
-5.945306506454603746e-51
-2.292047422786598258e-23
-5.836604155143733594e-23
-4.191618813362254601e-23
2.945658319449045307e-23
3.606728049712432092e-23
-1.663240341842039253e-22
-5.371476519922625515e-22
-8.010847676691292342e-22
-7.016614002503709528e-22
-2.896101850543105521e-22
1.292484325989998879e-22
3.167726774707543944e-22
2.808570688337661393e-22
1.635263617039357829e-22
6.988703072757275147e-23
2.289730687104015961e-23
5.883179735589002705e-24
1.202086347539746068e-24
1.971315957893522330e-25
2.609932982214318001e-26
2.797582825954474000e-27
2.426288096432018405e-28
1.693796496178184625e-29
9.405280296495709408e-31
4.058865625677482235e-32
1.301192807456185561e-33
2.809338321836305058e-35
3.077658630791570148e-37
-1.592119993349036989e-40
-1.862446351615707446e-40
4.379547594510462310e-37
4.063458966793265689e-35
1.904084274349612964e-33
5.999459989738924378e-32
1.404130624366845087e-30
2.555768859308578738e-29
3.704335123526662881e-28
4.327697106832066669e-27
4.097150267761492606e-26
3.145625028557214491e-25
1.953158209772472031e-24
9.751389177800255550e-24
3.879949775342573631e-23
1.214349989124904777e-22
2.929779351581953164e-22
5.256171066574064594e-22
6.460411628039314743e-22
3.973746701852228153e-22
-2.682549517758512379e-22
-9.737219907277681913e-22
-1.197483683869452959e-21
-8.248669154244056077e-22
-2.572836674913615670e-22
5.486875445310927920e-23
3.669043841100066886e-23
-8.107835200073255365e-23
-1.039734673831089993e-22
-4.018789251013402799e-23
-5.652725767257316279e-50
-4.018789251102499393e-23
-1.039734673863950585e-22
-8.107835200294367028e-23
3.669043841288911816e-23
5.486875445259162675e-23
-2.572836674929383281e-22
-8.248669154237840063e-22
-1.197483683863466590e-21
-9.737219907255296738e-22
-2.682549517728259856e-22
3.973746701846602707e-22
6.460411628059643273e-22
5.256171066575339770e-22
2.929779351583463910e-22
1.214349989125772291e-22
3.879949775344339811e-23
9.751389177785563340e-24
1.953158209772427583e-24
3.145625028557414692e-25
4.097150267760053659e-26
4.327697106836484818e-27
3.704335123524913612e-28
2.555768859306881486e-29
1.404130624365547484e-30
5.999459989745661559e-32
1.904084274344668734e-33
4.063458966797280716e-35
4.379547594539265526e-37
-1.862446345196890645e-40
-2.048744749484344175e-40
6.165967056524885093e-37
5.812021174590110069e-35
2.754080493604547860e-33
8.762347588848734771e-32
2.070797645320510661e-30
3.808918486740239029e-29
5.585392800806909669e-28
6.611422122814826774e-27
6.352194010868822253e-26
4.958048385740084458e-25
3.135373369426449553e-24
1.597275091675471750e-23
6.498223120373110325e-23
2.085107798310856778e-22
5.180743438930092833e-22
9.667868361180353161e-22
1.272962316478443882e-21
9.773233589410644203e-22
-6.138880030155535176e-23
-1.256725399516754487e-21
-1.728010443385334488e-21
-1.233530496265917747e-21
-3.883734927269529810e-22
8.102636919326090514e-23
3.777230343745042290e-23
-1.550322452867273476e-22
-1.846863732914977532e-22
-7.029357124190009455e-23
-1.564691634636466457e-48
-7.029357124291186605e-23
-1.846863732839460484e-22
-1.550322452774846941e-22
3.777230344065562571e-23
8.102636919382059326e-23
-3.883734927237756198e-22
-1.233530496265208689e-21
-1.728010443386296325e-21
-1.256725399515299131e-21
-6.138880029857281696e-23
9.773233589355461797e-22
1.272962316478818912e-21
9.667868361184859537e-22
5.180743438924593400e-22
2.085107798311324625e-22
6.498223120369100714e-23
1.597275091674866371e-23
3.135373369424993042e-24
4.958048385744673478e-25
6.352194010862592362e-26
6.611422122813856762e-27
5.585392800809336494e-28
3.808918486738221160e-29
2.070797645317113913e-30
8.762347588848361456e-32
2.754080493606785627e-33
5.812021174560693621e-35
6.165967056560255793e-37
-2.048744754735274217e-40
-2.049845009087206003e-40
8.587219217042387318e-37
8.218827712507858314e-35
3.936673256212922963e-33
1.264302426091108865e-31
3.016386722248793791e-30
5.605676825599573543e-29
8.315714122473087486e-28
9.972953863371491443e-27
9.724857043317271527e-26
7.717959893253458180e-25
4.972138536697908483e-24
2.585472892371516446e-23
1.075837139600830793e-22
3.539435972469653729e-22
9.051069186124801810e-22
1.752145411596515280e-21
2.445322061481495806e-21
2.173131585373212460e-21
5.922414108824348572e-22
-1.407660736535226407e-21
-2.357725642623465976e-21
-1.772045020503399596e-21
-5.651128487903476296e-22
1.142137202510672327e-22
1.837636118224829837e-23
-2.941748520695290797e-22
-3.274418173235326214e-22
-1.227409425513762443e-22
2.239533336693781858e-48
-1.227409425509635282e-22
-3.274418173344155832e-22
-2.941748520854855221e-22
1.837636117354539958e-23
1.142137202494467902e-22
-5.651128487906906858e-22
-1.772045020500112726e-21
-2.357725642613635458e-21
-1.407660736525507796e-21
5.922414108872782701e-22
2.173131585374080257e-21
2.445322061476080256e-21
1.752145411597496677e-21
9.051069186117479890e-22
3.539435972471359136e-22
1.075837139601003826e-22
2.585472892371518797e-23
4.972138536696416340e-24
7.717959893255813761e-25
9.724857043311524921e-26
9.972953863364235004e-27
8.315714122476468539e-28
5.605676825593738536e-29
3.016386722247969828e-30
1.264302426091428099e-31
3.936673256214781326e-33
8.218827712492192705e-35
8.587219216948645107e-37
-2.049845000412788430e-40
-1.714504601465863731e-40
1.182784153751748636e-36
1.148850907362663551e-34
5.559921229482957357e-33
1.801905411685925112e-31
4.338961696498030222e-30
8.145737794513899635e-29
1.222291671094297920e-27
1.485137766993138430e-26
1.469872752300661862e-25
1.186318837971327361e-24
7.788019857203474538e-24
4.135236873691726675e-23
1.760714004088591621e-22
5.941148835949564074e-22
1.563399828190656193e-21
3.134535029603183464e-21
4.605698924571537337e-21
4.560953452763849771e-21
2.240638126665078303e-21
-1.052272228793735701e-21
-2.906563625747342595e-21
-2.380825133450540637e-21
-7.739880409189526408e-22
1.483060673306376100e-22
-5.583511399855733902e-23
-5.559891461663339734e-22
-5.802222101484908369e-22
-2.141527377621543713e-22
-7.529059875229075696e-50
-2.141527377609942054e-22
-5.802222101469864863e-22
-5.559891461797093124e-22
-5.583511400267476659e-23
1.483060673312080069e-22
-7.739880409159142230e-22
-2.380825133442013507e-21
-2.906563625733844911e-21
-1.052272228780846641e-21
2.240638126662911255e-21
4.560953452758370651e-21
4.605698924569280388e-21
3.134535029604832917e-21
1.563399828191205948e-21
5.941148835949087294e-22
1.760714004088573989e-22
4.135236873688230754e-23
7.788019857205277453e-24
1.186318837971715642e-24
1.469872752300837497e-25
1.485137766993052908e-26
1.222291671094345094e-27
8.145737794507061298e-29
4.338961696497710025e-30
1.801905411683946654e-31
5.559921229489754475e-33
1.148850907365519133e-34
1.182784153735656922e-36
-1.714504578848620108e-40
-8.275107194773589890e-41
1.610971534292104269e-36
1.587139768307939043e-34
7.757563427201424081e-33
2.536281842505891505e-31
6.162662937678511380e-30
1.168532135352632031e-28
1.773398240429756685e-27
2.182945432512422047e-26
2.192926695490521014e-25
1.800162960659029387e-24
1.204607617594652588e-23
6.534031913886178542e-23
2.848284924524704340e-22
9.862442677208936754e-22
2.671244602642696531e-21
5.542515951955412475e-21
8.537866098497387861e-21
9.220713233601829025e-21
6.003535124714603221e-21
6.945745014518372365e-22
-2.830694630721788141e-21
-2.806994948017806088e-21
-9.445992996694417846e-22
1.611957017362482490e-22
-2.644179818469002596e-22
-1.050664663816384358e-21
-1.029364684585542505e-21
-3.738169989608097510e-22
3.016279997074458202e-48
-3.738169989688136921e-22
-1.029364684590135397e-21
-1.050664663808473187e-21
-2.644179818418596928e-22
1.611957017352210315e-22
-9.445992996617848965e-22
-2.806994947996945107e-21
-2.830694630696870670e-21
6.945745014496067124e-22
6.003535124711385564e-21
9.220713233611324763e-21
8.537866098493876048e-21
5.542515951959656292e-21
2.671244602644096968e-21
9.862442677214029936e-22
2.848284924524409055e-22
6.534031913886478293e-23
1.204607617593985936e-23
1.800162960659671501e-24
2.192926695490030153e-25
2.182945432512584194e-26
1.773398240427778635e-27
1.168532135353951270e-28
6.162662937671060676e-30
2.536281842510862174e-31
7.757563427181131254e-33
1.587139768326783317e-34
1.610971534234986285e-36
-8.275106870614065928e-41
9.046058222448364906e-41
2.169365745533633312e-36
2.166691292638963465e-34
1.069143443149803954e-32
3.525219158784865250e-31
8.641167323299348200e-30
1.654596605580746287e-28
2.539333285096410750e-27
3.166413445138855299e-26
3.228636524817369161e-25
2.696026654316948518e-24
1.839425291957398692e-23
1.019698511548041192e-22
4.553549239580716680e-22
1.619072564956375106e-21
4.516044366312915411e-21
9.695681390608793022e-21
1.561877052852586595e-20
1.815798466701595584e-20
1.412534672192861778e-20
5.810572289424758602e-21
-7.362070395420376389e-22
-2.311773282722480545e-21
-8.582250035846110224e-22
9.039892177053774184e-23
-7.885833333589357630e-22
-1.993197489550289040e-21
-1.832461089443652746e-21
-6.538960307610318019e-22
4.532005942194326787e-48
-6.538960307687957070e-22
-1.832461089448113982e-21
-1.993197489547255324e-21
-7.885833333607001330e-22
9.039892177242945314e-23
-8.582250035767291917e-22
-2.311773282731008427e-21
-7.362070395237748765e-22
5.810572289431083325e-21
1.412534672192968306e-20
1.815798466700449054e-20
1.561877052853420462e-20
9.695681390606951351e-21
4.516044366322309586e-21
1.619072564954624278e-21
4.553549239585320857e-22
1.019698511547922938e-22
1.839425291956476222e-23
2.696026654318847308e-24
3.228636524819863872e-25
3.166413445135708785e-26
2.539333285097265609e-27
1.654596605582188391e-28
8.641167323287763666e-30
3.525219158778759091e-31
1.069143443152153455e-32
2.166691292627982037e-34
2.169365745518588654e-36
9.046058242914469521e-41
3.866733220932352623e-40
2.887874559742594651e-36
2.922451230641918182e-34
1.455264309944127413e-32
4.837714407727675248e-31
1.196018877439332833e-29
2.312167770138710693e-28
3.587899498074055413e-27
4.531614650020290663e-26
4.689866809944369895e-25
3.983972794101526309e-24
2.772041544026503918e-23
1.571199445807810554e-22
7.192291823845516047e-22
2.628162130728162874e-21
7.555397697951310769e-21
1.679065023352404801e-20
2.824870555701644444e-20
3.506679818988520889e-20
3.103693187625556406e-20
1.855376365065014479e-20
6.671612502014241319e-21
9.903798711304488204e-22
6.449215748189505531e-23
-2.237313605302066831e-22
-2.037488126316984641e-21
-3.811634446812853668e-21
-3.282428572886306244e-21
-1.148616686750658438e-21
-3.872720335002805361e-48
-1.148616686744913186e-21
-3.282428572934912277e-21
-3.811634446896153147e-21
-2.037488126355209836e-21
-2.237313605398728672e-22
6.449215749050188388e-23
9.903798710831582124e-22
6.671612501998115417e-21
1.855376365072856926e-20
3.103693187623674411e-20
3.506679818994413632e-20
2.824870555699313466e-20
1.679065023349788545e-20
7.555397697965121793e-21
2.628162130727206304e-21
7.192291823849016199e-22
1.571199445807925047e-22
2.772041544022641831e-23
3.983972794107732184e-24
4.689866809940620252e-25
4.531614650018293241e-26
3.587899498070223433e-27
2.312167770141959015e-28
1.196018877436030533e-29
4.837714407731894908e-31
1.455264309941463578e-32
2.922451230633824623e-34
2.887874559747710991e-36
3.866733225435499494e-40
8.545160663856886715e-40
3.799856985951167036e-36
3.894113858539220788e-34
1.956088518055389220e-32
6.553985824132731508e-31
1.633833215717761831e-29
3.188289960966992685e-28
5.001410553711127327e-27
6.397468421562161360e-26
6.719511855310669630e-25
5.807042951091484968e-24
4.121379756230067061e-23
2.389407661880192344e-22
1.121948929219478053e-21
4.217205925861364460e-21
1.250820322281422515e-20
2.879703183775455814e-20
5.057901469370287866e-20
6.669807767301258814e-20
6.537286752258468843e-20
4.784752797229746265e-20
2.680524143205973067e-20
1.158283820162184475e-20
3.242724604391248912e-21
-1.167456139240325468e-21
-4.930323894915503579e-21
-7.376010351599120809e-21
-5.935209730897351190e-21
-2.031106183332109641e-21
-2.315806377355867146e-48
-2.031106183323196949e-21
-5.935209730806005687e-21
-7.376010351509704997e-21
-4.930323894874559512e-21
-1.167456139237653805e-21
3.242724604379664744e-21
1.158283820161491892e-20
2.680524143198931386e-20
4.784752797220775644e-20
6.537286752257585323e-20
6.669807767296393433e-20
5.057901469374610375e-20
2.879703183771460713e-20
1.250820322282053257e-20
4.217205925858429674e-21
1.121948929219964049e-21
2.389407661879716974e-22
4.121379756227918258e-23
5.807042951092398180e-24
6.719511855311880022e-25
6.397468421553363520e-26
5.001410553716476745e-27
3.188289960968210582e-28
1.633833215715256590e-29
6.553985824138776360e-31
1.956088518058240534e-32
3.894113858545592659e-34
3.799856985951697580e-36
8.545160619744009582e-40
1.553184149025763658e-39
4.941361799546425345e-36
5.125405018406558085e-34
2.596121186197349380e-32
8.764567006124946544e-31
2.202550733443462556e-29
4.337545638201853864e-28
6.877026739261612116e-27
8.907182037811512665e-26
9.493699200041105704e-25
8.346364021106704492e-24
6.042798130322753119e-23
3.584685587391825421e-22
1.727682612515613241e-21
6.686700298160597948e-21
2.048730598894547984e-20
4.892095975929751778e-20
8.973030279811524211e-20
1.252933837452581205e-19
1.337623952362037551e-19
1.119930294308866264e-19
7.577518927857793964e-20
3.965884034266115702e-20
1.199233549193972214e-20
-3.643654971608036571e-21
-1.152460664612703956e-20
-1.448988848725324998e-20
-1.087018543429462070e-20
-3.625687576153686314e-21
-1.624152029639379209e-48
-3.625687576162926264e-21
-1.087018543431709690e-20
-1.448988848721395499e-20
-1.152460664608965094e-20
-3.643654971607775517e-21
1.199233549196459974e-20
3.965884034272091502e-20
7.577518927848514593e-20
1.119930294307020261e-19
1.337623952362793719e-19
1.252933837452352261e-19
8.973030279810546802e-20
4.892095975928469229e-20
2.048730598895580463e-20
6.686700298160510679e-21
1.727682612515579386e-21
3.584685587389063479e-22
6.042798130327170626e-23
8.346364021098977086e-24
9.493699200042968128e-25
8.907182037809025071e-26
6.877026739262886334e-27
4.337545638202618861e-28
2.202550733440635577e-29
8.764567006109152159e-31
2.596121186196603845e-32
5.125405018415829371e-34
4.941361799589858440e-36
1.553184141530357509e-39
2.552009428449877231e-39
6.349911772207520333e-36
6.662800183911090601e-34
3.401759573110457098e-32
1.156821205914436952e-30
2.929806727661713529e-29
5.821243144810596731e-28
9.325870320309655752e-27
1.222800080458971722e-25
1.322314764369938465e-24
1.182476781723559103e-23
8.733700999590504849e-23
5.302609287285865735e-22
2.624788893792097746e-21
1.047085665209885413e-20
3.318691553390903659e-20
8.231719427522886591e-20
1.578070089473352010e-19
2.328726269075935575e-19
2.678746808617991040e-19
2.478356500001845902e-19
1.876669223388098065e-19
1.076527638774323865e-19
3.380843097650299630e-20
-9.710778802407667903e-21
-2.640868203363318291e-20
-2.895850285837971344e-20
-2.023356605097986432e-20
-6.553379999037434520e-21
3.693005761966198089e-48
-6.553379999013932909e-21
-2.023356605096978629e-20
-2.895850285840632739e-20
-2.640868203368777400e-20
-9.710778802397526678e-21
3.380843097641288084e-20
1.076527638774490699e-19
1.876669223386566951e-19
2.478356499996539483e-19
2.678746808619599673e-19
2.328726269075598056e-19
1.578070089473586733e-19
8.231719427521279643e-20
3.318691553390671946e-20
1.047085665209744729e-20
2.624788893791760332e-21
5.302609287284807790e-22
8.733700999593704544e-23
1.182476781723201459e-23
1.322314764369937363e-24
1.222800080458988941e-25
9.325870320313119673e-27
5.821243144809348343e-28
2.929806727658935595e-29
1.156821205913747863e-30
3.401759573111369584e-32
6.662800183894482682e-34
6.349911772237269541e-36
2.552009418973189624e-39
3.928888051010037270e-39
8.062789543973816437e-36
8.553598036147779182e-34
4.400274725723302253e-32
1.506837201261249886e-30
3.844988839997944334e-29
7.705695592327915158e-28
1.247049333945584197e-26
1.654851995904663230e-25
1.815159618319906387e-24
1.650762748346222240e-23
1.243721155371834667e-22
7.729601259882981572e-22
3.931661737429018184e-21
1.618234558199878125e-20
5.313726579863268425e-20
1.371568341127832835e-19
2.751805527542514572e-19
4.287117491007741823e-19
5.273707356048376116e-19
5.283289382612450366e-19
4.329722819373442999e-19
2.636593723104061750e-19
8.519094190073281256e-20
-2.396446588735161445e-20
-5.975831587512210750e-20
-5.892410385483324069e-20
-3.839528745398952076e-20
-1.203252731908081301e-20
-7.465210328825466350e-48
-1.203252731902955619e-20
-3.839528745385808808e-20
-5.892410385463922733e-20
-5.975831587501064430e-20
-2.396446588734139800e-20
8.519094190069323470e-20
2.636593723103776712e-19
4.329722819372840183e-19
5.283289382610227843e-19
5.273707356049900489e-19
4.287117491008529046e-19
2.751805527541741311e-19
1.371568341127863169e-19
5.313726579863605463e-20
1.618234558199393332e-20
3.931661737429595211e-21
7.729601259881013325e-22
1.243721155372200481e-22
1.650762748346464098e-23
1.815159618319857530e-24
1.654851995904670807e-25
1.247049333945253876e-26
7.705695592327338495e-28
3.844988839995851355e-29
1.506837201260987668e-30
4.400274725712189847e-32
8.553598036172939948e-34
8.062789543870726566e-36
3.928888047533736127e-39
5.767319780452536299e-39
1.011481782445451978e-35
1.084331210273078803e-33
5.618385750000471713e-32
1.936807859209302441e-30
4.977879427388805637e-29
1.005942001107773201e-27
1.644030337367631183e-26
2.207280850166678679e-25
2.455012118820721264e-24
2.269936273303609204e-23
1.744224121458111754e-22
1.109641778538590970e-21
5.802014430192740395e-21
2.466191555372156229e-20
8.403254142726201339e-20
2.261778672940448579e-19
4.757435742675143079e-19
7.822423335714441133e-19
1.023481214815283963e-18
1.095735729847866926e-18
9.545419011831512309e-19
6.084232647241456949e-19
2.016145159923246412e-19
-5.645648996419581194e-20
-1.339288095435296031e-19
-1.219498268356072031e-19
-7.443966087710667018e-20
-2.251326427539094489e-20
1.034991582833363767e-47
-2.251326427521729522e-20
-7.443966087667250538e-20
-1.219498268350115130e-19
-1.339288095432289414e-19
-5.645648996413294237e-20
2.016145159922996041e-19
6.084232647239835316e-19
9.545419011825106666e-19
1.095735729846578672e-18
1.023481214816001757e-18
7.822423335715697802e-19
4.757435742677487899e-19
2.261778672940134652e-19
8.403254142726863377e-20
2.466191555371970858e-20
5.802014430191147741e-21
1.109641778538729208e-21
1.744224121457290554e-22
2.269936273305346585e-23
2.455012118818922390e-24
2.207280850167619993e-25
1.644030337367693459e-26
1.005942001107524600e-27
4.977879427390129023e-29
1.936807859208271085e-30
5.618385750005949914e-32
1.084331210269605321e-33
1.011481782438389999e-35
5.767319775489337518e-39
8.151901955756006260e-39
1.253567591732977005e-35
1.357240387489061324e-33
7.080428443732309529e-32
2.456319621997097888e-30
6.356805768409642351e-29
1.294915409302555627e-27
2.136465867105648609e-26
2.901071079913618786e-25
3.270621562671825840e-24
3.073397115968031627e-23
2.407797971761854728e-22
1.567755551642251022e-21
8.428140853558500673e-21
3.702563778557246321e-20
1.311207204664198374e-19
3.688390587759422809e-19
8.151211358683275416e-19
1.415037994449134515e-18
1.961589549350800950e-18
2.223730984189072964e-18
2.036583560350357927e-18
1.348502452659181266e-18
4.576196911853943436e-19
-1.286838490212537694e-19
-2.972766201681296956e-19
-2.558841564352935796e-19
-1.475075212859421466e-19
-4.302799182075602180e-20
-5.606130651912330232e-47
-4.302799182051079675e-20
-1.475075212858252908e-19
-2.558841564353698945e-19
-2.972766201678402765e-19
-1.286838490212057897e-19
4.576196911855127883e-19
1.348502452658587502e-18
2.036583560350826698e-18
2.223730984188114622e-18
1.961589549351960745e-18
1.415037994448783804e-18
8.151211358686522534e-19
3.688390587758288917e-19
1.311207204664504596e-19
3.702563778556891228e-20
8.428140853559204841e-21
1.567755551641469553e-21
2.407797971761766331e-22
3.073397115969579165e-23
3.270621562668721066e-24
2.901071079915508301e-25
2.136465867103498510e-26
1.294915409303161526e-27
6.356805768403699724e-29
2.456319622000610593e-30
7.080428443751200784e-32
1.357240387486359993e-33
1.253567591721722528e-35
8.151901948936376629e-39
1.116226391626271359e-38
1.534685386310697027e-35
1.677245825626387555e-33
8.806165292831802560e-32
3.073417587112783004e-30
8.006320546396331955e-29
1.643469629369964383e-27
2.736353544112169676e-26
3.756395812242571659e-25
4.290678083784459957e-24
4.095811140527069162e-23
3.270076130668973169e-22
2.178426834096821516e-21
1.204007485396889052e-20
5.469632584938965392e-20
2.016084862070854918e-19
5.941197042856548607e-19
1.383082656546357693e-18
2.537747708782339889e-18
3.717734019071489138e-18
4.432963507258658484e-18
4.235564133512960110e-18
2.899081589135487189e-18
1.006256729706894987e-18
-2.854335763834917540e-19
-6.519578670999145558e-19
-5.412752393009424399e-19
-2.980090368906261568e-19
-8.404084223451181297e-20
-3.036215779038039301e-47
-8.404084223413891682e-20
-2.980090368898419181e-19
-5.412752392997131189e-19
-6.519578670991456282e-19
-2.854335763832667091e-19
1.006256729707289224e-18
2.899081589134400965e-18
4.235564133512772909e-18
4.432963507257203251e-18
3.717734019071203330e-18
2.537747708783283595e-18
1.383082656545895855e-18
5.941197042858812537e-19
2.016084862070122824e-19
5.469632584938830577e-20
1.204007485396828415e-20
2.178426834096449496e-21
3.270076130667707397e-22
4.095811140526767648e-23
4.290678083784083064e-24
3.756395812243587819e-25
2.736353544109788841e-26
1.643469629369350233e-27
8.006320546393042827e-29
3.073417587113216706e-30
8.806165292828731745e-32
1.677245825625947938e-33
1.534685386292657469e-35
1.116226391741536294e-38
1.486561802981560845e-38
1.855841000202845544e-35
2.046199070690949391e-33
1.080833733912952438e-31
3.793665582131497535e-30
9.944497525271760404e-29
2.056272128320988604e-27
3.453594809034516761e-26
4.790815480197441572e-25
5.541472513289672843e-24
5.370579357372383201e-23
4.367159559023612719e-22
2.974885421782936277e-21
1.689810189693668286e-20
7.939824509907375607e-20
3.049737446705910907e-19
9.437781986961359412e-19
2.321378312768882280e-18
4.510894738029153892e-18
6.975640508509599304e-18
8.706699509421869143e-18
8.627939605716001903e-18
6.080418579500334908e-18
2.154573193600317975e-18
-6.171162324886243414e-19
-1.406459792131442390e-18
-1.145031362418262872e-18
-6.101935091430931148e-19
-1.672998124674640257e-19
-1.035549453759232572e-46
-1.672998124670652379e-19
-6.101935091427029214e-19
-1.145031362417858619e-18
-1.406459792131371708e-18
-6.171162324884793189e-19
2.154573193600849531e-18
6.080418579500481278e-18
8.627939605717564217e-18
8.706699509421146534e-18
6.975640508509115510e-18
4.510894738030263998e-18
2.321378312768646546e-18
9.437781986962464896e-19
3.049737446705406314e-19
7.939824509907164959e-20
1.689810189693287313e-20
2.974885421784008704e-21
4.367159559023167912e-22
5.370579357371848351e-23
5.541472513288242413e-24
4.790815480196913518e-25
3.453594809034081116e-26
2.056272128320018592e-27
9.944497525271909502e-29
3.793665582130780771e-30
1.080833733913554120e-31
2.046199070696761564e-33
1.855841000225203221e-35
1.486561804771435678e-38
1.930832735994555290e-38
2.216576047131883919e-35
2.464216620460038889e-33
1.309011509685616610e-31
4.619148575574910386e-30
1.217999829736873356e-28
2.535989666639550885e-27
4.294665318410112691e-26
6.017129065627525873e-25
7.043968384469451406e-24
6.926467993410657104e-23
5.732352373098560780e-22
3.989841338053783770e-21
2.327606250948172445e-20
1.130878499227218575e-19
4.529924439044202710e-19
1.475382479892505731e-18
3.847291600252783189e-18
7.941738492119865392e-18
1.297137488711259627e-17
1.689832210737000016e-17
1.728493419248754125e-17
1.249370827673200723e-17
4.505085473207115274e-18
-1.299079586374276088e-18
-2.964757229921639800e-18
-2.397336408096476801e-18
-1.254403151539188928e-18
-3.372806770022344368e-19
0.000000000000000000e+00
-3.372806770018445323e-19
-1.254403151538634838e-18
-2.397336408096410164e-18
-2.964757229921442970e-18
-1.299079586374448652e-18
4.505085473207172281e-18
1.249370827673317973e-17
1.728493419248932543e-17
1.689832210736767672e-17
1.297137488711387355e-17
7.941738492119811466e-18
3.847291600253571279e-18
1.475382479892127286e-18
4.529924439045025082e-19
1.130878499227026704e-19
2.327606250948249482e-20
3.989841338054552638e-21
5.732352373096644254e-22
6.926467993412253425e-23
7.043968384472376918e-24
6.017129065628132906e-25
4.294665318409411298e-26
2.535989666638076136e-27
1.217999829736745782e-28
4.619148575571720330e-30
1.309011509686974118e-31
2.464216620453481934e-33
2.216576047128771217e-35
1.930832736346178630e-38
2.450712602332402261e-38
2.614678090020151810e-35
2.929279160409196639e-33
1.564265840547543874e-31
5.547497441025870908e-30
1.470913735717514794e-28
3.082580994626824990e-27
5.261205667278102162e-26
7.441012476670116269e-25
8.810442584747831287e-24
8.783534507533195026e-23
7.391942772601987318e-22
5.251757755773160628e-21
3.143366977668969547e-20
1.577923226852778746e-19
6.591954067527844310e-19
2.263544385379546403e-18
6.280046852767583697e-18
1.382969050841504167e-17
2.392543833019546637e-17
3.251731267005422724e-17
3.421362536394831219e-17
2.525959453244651887e-17
9.219241089752662819e-18
-2.653043232623878837e-18
-6.043942854651622150e-18
-4.899429484604451664e-18
-2.555392069669579304e-18
-6.815773450250893966e-19
0.000000000000000000e+00
-6.815773450252256561e-19
-2.555392069670119720e-18
-4.899429484604789087e-18
-6.043942854652091307e-18
-2.653043232624215489e-18
9.219241089753923147e-18
2.525959453245037689e-17
3.421362536394800405e-17
3.251731267004920441e-17
2.392543833019876048e-17
1.382969050841480285e-17
6.280046852767928053e-18
2.263544385379534462e-18
6.591954067527648828e-19
1.577923226853109525e-19
3.143366977668634315e-20
5.251757755773555594e-21
7.391942772602519582e-22
8.783534507532267561e-23
8.810442584751035978e-24
7.441012476669162099e-25
5.261205667277259571e-26
3.082580994624637798e-27
1.470913735718676863e-28
5.547497441023590996e-30
1.564265840547521103e-31
2.929279160412803203e-33
2.614678090029171857e-35
2.450712605102971889e-38
3.044082449038171898e-38
3.045953390332048092e-35
3.436900078687540830e-33
1.844303572856305795e-31
6.571034136957429757e-30
1.751323413482475424e-28
3.692638044396997679e-27
6.348661987632035373e-26
9.058649924195964236e-25
1.084096749764839431e-23
1.094864686289034555e-22
9.360289009395971292e-22
6.780180244772815596e-21
4.157789137231188476e-20
2.153377940294988471e-19
9.374312876818611683e-19
3.396589608602468321e-18
1.005978396641403541e-17
2.376015513864733590e-17
4.378087033665789471e-17
6.227400933077976553e-17
6.732710756608385636e-17
5.056863418865506193e-17
1.852487358622012320e-17
-5.219080007343150220e-18
-1.169954612429811106e-17
-9.567531080651399081e-18
-5.062487275827290909e-18
-1.359816329033893550e-18
0.000000000000000000e+00
-1.359816329035166975e-18
-5.062487275830068100e-18
-9.567531080654150850e-18
-1.169954612430055468e-17
-5.219080007344093156e-18
1.852487358622202448e-17
5.056863418865949927e-17
6.732710756608778834e-17
6.227400933078293330e-17
4.378087033665467764e-17
2.376015513864847297e-17
1.005978396641235446e-17
3.396589608601363993e-18
9.374312876822819839e-19
2.153377940295585510e-19
4.157789137229010972e-20
6.780180244777568731e-21
9.360289009387769163e-22
1.094864686289360402e-22
1.084096749764903054e-23
9.058649924199206029e-25
6.348661987627917699e-26
3.692638044396529175e-27
1.751323413480899468e-28
6.571034136961005870e-30
1.844303572857078918e-31
3.436900078690931178e-33
3.045953390302820340e-35
3.044082449553795193e-38
3.704345973650896820e-38
3.504094428408795115e-35
3.979907233635694574e-33
2.145277302623901119e-31
7.676145504228975297e-30
2.055657950679612098e-28
4.358855003235835216e-27
7.545135315552640565e-26
1.085462625291347283e-24
1.312011585643097257e-23
1.341106069481075834e-22
1.163468974195256085e-21
8.580547656349750553e-21
5.381629886688822921e-20
2.869743696449771013e-19
1.299318121878253705e-18
4.964939737010484514e-18
1.573554031613611224e-17
4.009839676022715371e-17
7.935980359088887064e-17
1.191037767198492166e-16
1.328251225905139954e-16
1.013129852740010791e-16
3.681942748924996863e-17
-9.754017973104099762e-18
-2.067592616986795392e-17
-1.713003387601528553e-17
-9.447617422995036540e-18
-2.614304915623375073e-18
7.097174056409265605e-46
-2.614304915628532713e-18
-9.447617423004544471e-18
-1.713003387602669011e-17
-2.067592616987691181e-17
-9.754017973106706700e-18
3.681942748925298233e-17
1.013129852740085610e-16
1.328251225905150554e-16
1.191037767198425113e-16
7.935980359089423243e-17
4.009839676023034613e-17
1.573554031613510768e-17
4.964939737009987624e-18
1.299318121878201320e-18
2.869743696450573163e-19
5.381629886688218058e-20
8.580547656350665370e-21
1.163468974194964751e-21
1.341106069480901626e-22
1.312011585643666931e-23
1.085462625291544178e-24
7.545135315551724506e-26
4.358855003231922163e-27
2.055657950679640348e-28
7.676145504230092132e-30
2.145277302623801276e-31
3.979907233630520444e-33
3.504094428386769930e-35
3.704345972065219645e-38
4.420002659778969499e-38
3.980669392544878595e-35
4.548380192660737828e-33
2.461729037017925556e-31
8.842993352893595336e-30
2.378534830835937448e-28
5.069708863213642963e-27
8.830612761577934447e-26
1.280038650662597579e-24
1.561434890180389340e-23
1.613865421884278947e-22
1.419072154557042895e-21
1.063917381802417696e-20
6.810872357414674958e-20
3.729439176717075985e-19
1.750705023586850277e-18
7.038164531556371031e-18
2.388288018614416900e-17
6.601726795215973477e-17
1.418211471639745118e-16
2.277215906353271656e-16
2.652295469737542480e-16
2.066968573295202903e-16
7.369974678579898931e-17
-1.681745157462670988e-17
-2.981551922953127203e-17
-2.522785755305846667e-17
-1.549417796407019021e-17
-4.621934669568844910e-18
0.000000000000000000e+00
-4.621934669582526716e-18
-1.549417796409359103e-17
-2.522785755308556835e-17
-2.981551922954718483e-17
-1.681745157462945241e-17
7.369974678580944171e-17
2.066968573295245551e-16
2.652295469737537550e-16
2.277215906353265246e-16
1.418211471639837316e-16
6.601726795216031409e-17
2.388288018614546322e-17
7.038164531554451264e-18
1.750705023587224678e-18
3.729439176717903171e-19
6.810872357412070138e-20
1.063917381803039410e-20
1.419072154556427125e-21
1.613865421884480896e-22
1.561434890181026752e-23
1.280038650662834698e-24
8.830612761578095159e-26
5.069708863212009296e-27
2.378534830834017781e-28
8.842993352897869296e-30
2.461729037015365121e-31
4.548380192654594147e-33
3.980669392566748760e-35
4.420002659279758128e-38
5.174548077681285045e-38
4.465258064387077458e-35
5.129775309153757301e-33
2.786644796782451161e-31
1.004565164426379255e-29
2.712775752342823500e-28
5.809427456542731059e-27
1.017674874404595035e-25
1.485356692869298808e-24
1.827057880652724810e-23
1.907548404801073774e-22
1.697885818598906706e-21
1.291928103604444266e-20
8.422646280200615277e-20
4.720803032551457425e-19
2.287813188947407116e-18
9.631823958685489017e-18
3.490972173227923331e-17
1.050003555338055128e-16
2.474600884386649658e-16
4.329823557366005535e-16
5.391065791202518881e-16
4.393644129061993683e-16
1.545184914068527092e-16
-2.486727446486807757e-17
-1.769214454791017503e-17
-1.732838847284916218e-17
-1.777858450580697861e-17
-6.670897293781736973e-18
0.000000000000000000e+00
-6.670897293816073992e-18
-1.777858450586129908e-17
-1.732838847290593243e-17
-1.769214454794549505e-17
-2.486727446487609869e-17
1.545184914068542376e-16
4.393644129061973469e-16
5.391065791202490285e-16
4.329823557366202257e-16
2.474600884386664449e-16
1.050003555337982898e-16
3.490972173228272156e-17
9.631823958683600065e-18
2.287813188948493726e-18
4.720803032549805940e-19
8.422646280202751856e-20
1.291928103604440805e-20
1.697885818598805896e-21
1.907548404800925191e-22
1.827057880652982537e-23
1.485356692869490377e-24
1.017674874404558071e-25
5.809427456540755879e-27
2.712775752342241456e-28
1.004565164425653243e-29
2.786644796787500652e-31
5.129775309154767221e-33
4.465258064432049932e-35
5.174548075571795057e-38
5.946793024211692112e-38
4.945744503236646451e-35
5.709259419271892610e-33
3.111633842917918320e-31
1.125273473492360619e-29
3.049567956745589586e-28
6.558304565475835532e-27
1.154732829113151542e-25
1.695846431254799193e-24
2.101633683459788818e-23
2.214131143305772439e-22
1.992316492258045740e-21
1.535903482674030633e-20
1.017291890889778204e-19
5.815619674165897030e-19
2.894296377517641602e-18
1.267306872790115282e-17
4.875258202495336837e-17
1.593397478488989669e-16
4.150846828962627074e-16
8.062349426120657629e-16
1.106238219193200329e-15
9.850993370556167984e-16
3.565176296665774917e-16
-2.596016729836862677e-17
1.026300099468263883e-16
6.842233885196782383e-17
6.745013694191663708e-18
-4.439028482310392763e-18
7.469568458140819527e-45
-4.439028482383312323e-18
6.745013694077132506e-18
6.842233885184965493e-17
1.026300099467602103e-16
-2.596016729838436393e-17
3.565176296665588055e-16
9.850993370556595941e-16
1.106238219193230306e-15
8.062349426120333210e-16
4.150846828963015095e-16
1.593397478488955403e-16
4.875258202495540831e-17
1.267306872790252870e-17
2.894296377517384683e-18
5.815619674166499846e-19
1.017291890889826713e-19
1.535903482674364963e-20
1.992316492258274820e-21
2.214131143305773379e-22
2.101633683459380627e-23
1.695846431255590448e-24
1.154732829112856750e-25
6.558304565473212481e-27
3.049567956744108918e-28
1.125273473491546464e-29
3.111633842919398879e-31
5.709259419282290135e-33
4.945744503223620465e-35
5.946793025749260566e-38
6.711669671296979051e-38
5.408758251335389531e-35
6.270256964619536497e-33
3.427234995334500839e-31
1.242853872887180978e-29
3.378779511191334558e-28
7.293391292108128673e-27
1.289948878802590410e-25
1.904781089428659463e-24
2.376186156328192076e-23
2.523357824486812468e-22
2.292273358852900368e-21
1.787233067143386487e-20
1.199685250723697197e-19
6.969235955074460433e-19
3.540751067134987085e-18
1.598189528931122467e-17
6.457251824317017762e-17
2.275387905003999785e-16
6.554488893658813929e-16
1.431366406695777686e-15
2.224352171752994031e-15
2.263882841471625047e-15
8.305188169107067535e-16
-2.726680131092031359e-17
5.721331592777037825e-16
3.760175722106405322e-16
1.122430281405602791e-16
1.385305358856943926e-17
1.277838574349844838e-44
1.385305358843972403e-17
1.122430281403566790e-16
3.760175722104380908e-16
5.721331592775635625e-16
-2.726680131094022308e-17
8.305188169107025134e-16
2.263882841471681056e-15
2.224352171753059506e-15
1.431366406695731341e-15
6.554488893659226109e-16
2.275387905004017042e-16
6.457251824317235931e-17
1.598189528931134485e-17
3.540751067134581869e-18
6.969235955075782584e-19
1.199685250723449474e-19
1.787233067143550792e-20
2.292273358853157284e-21
2.523357824485974105e-22
2.376186156327722760e-23
1.904781089428527587e-24
1.289948878802688674e-25
7.293391292106544511e-27
3.378779511188113141e-28
1.242853872888895467e-29
3.427234995336867720e-31
6.270256964638573082e-33
5.408758251376421815e-35
6.711669670888628629e-38
7.441337320012448795e-38
5.840268251470083971e-35
6.795182599427490240e-33
3.723343445345137597e-31
1.353465608616554540e-29
3.689423503606795773e-28
7.989549411503545048e-27
1.418570497281837155e-25
2.104587329820307095e-24
2.640422997616683439e-23
2.823203456681180789e-22
2.585621626114231851e-21
2.035272181074021812e-20
1.381225323334194086e-19
8.123793281950258612e-19
4.187703638307491469e-18
1.928716210140628536e-17
8.067229577962887178e-17
3.018614354841236676e-16
9.516409321853952182e-16
2.336954452129937290e-15
4.175864632156103515e-15
4.990056220188446608e-15
1.479791759115707643e-15
-9.217373803400818002e-17
1.530426465592088178e-15
9.789659312260578281e-16
3.220735325111006341e-16
5.431399367606432944e-17
1.708325062495099171e-44
5.431399367587547737e-17
3.220735325108018530e-16
9.789659312257505668e-16
1.530426465591806752e-15
-9.217373803404353085e-17
1.479791759115689499e-15
4.990056220188560204e-15
4.175864632156125603e-15
2.336954452130036292e-15
9.516409321853849630e-16
3.018614354841436357e-16
8.067229577963086859e-17
1.928716210140573069e-17
4.187703638307234935e-18
8.123793281950648613e-19
1.381225323334014252e-19
2.035272181073962830e-20
2.585621626114853264e-21
2.823203456680448221e-22
2.640422997616948513e-23
2.104587329819724491e-24
1.418570497281774477e-25
7.989549411500435556e-27
3.689423503606797118e-28
1.353465608615930962e-29
3.723343445345983193e-31
6.795182599442955156e-33
5.840268251523578822e-35
7.441337316600242847e-38
8.106927604555997410e-38
6.226255799130480446e-35
7.266337329300800347e-33
3.989728739172630292e-31
1.453199467623282502e-29
3.970242206184115857e-28
8.620823224556347029e-27
1.535642230361853976e-25
2.287277407396059451e-24
2.883332834972960924e-23
3.100595461722275140e-22
2.858928625498897984e-21
2.268046778730428773e-20
1.552580283368599419e-19
9.214236785303418719e-19
4.791777820458156253e-18
2.228542541348664984e-17
9.485736362851080676e-17
3.687051442046743958e-16
1.244430827346156778e-15
3.376875555498114948e-15
6.888228061347797123e-15
9.722787197296040484e-15
2.244793279774419050e-15
-1.630908142127983697e-16
2.572420128478817896e-15
1.654354346958438270e-15
5.226964394645634645e-16
8.789771226070137514e-17
3.787297901052525876e-44
8.789771226047546509e-17
5.226964394641350144e-16
1.654354346958061391e-15
2.572420128478425438e-15
-1.630908142128809783e-16
2.244793279774646636e-15
9.722787197295852735e-15
6.888228061347921763e-15
3.376875555498366595e-15
1.244430827346091105e-15
3.687051442047329687e-16
9.485736362850135276e-17
2.228542541348804575e-17
4.791777820457551511e-18
9.214236785304529981e-19
1.552580283368485067e-19
2.268046778730169976e-20
2.858928625499872234e-21
3.100595461720865017e-22
2.883332834974375044e-23
2.287277407395139994e-24
1.535642230361759385e-25
8.620823224552043676e-27
3.970242206184689829e-28
1.453199467623380593e-29
3.989728739177666208e-31
7.266337329311645357e-33
6.226255799235083904e-35
8.106927602211721747e-38
8.680132730828106018e-38
6.553483981128122636e-35
7.666880422757084394e-33
4.216618023900607640e-31
1.538303396372581359e-29
4.210377738185011486e-28
9.162016766760956823e-27
1.636318488233432998e-25
2.444966968676590566e-24
3.093932678144119267e-23
3.342329865789158963e-22
3.098461288916741896e-21
2.473189832480708205e-20
1.704136951277580049e-19
1.017562820050625328e-18
5.313303948076905246e-18
2.472545604460277779e-17
1.052508812671247636e-16
4.138619989608651025e-16
1.450061465900768587e-15
4.214312765866831065e-15
9.527944902224080387e-15
1.560758486234932421e-14
3.393737186713582507e-15
-2.704818459209291604e-16
3.402310178615640843e-15
2.295303370100006883e-15
6.250151884390627099e-16
8.968679574451182963e-17
5.456865766517442182e-44
8.968679574418884039e-17
6.250151884385875198e-16
2.295303370099516212e-15
3.402310178615124139e-15
-2.704818459210096735e-16
3.393737186713752901e-15
1.560758486235025822e-14
9.527944902224205027e-15
4.214312765867006192e-15
1.450061465900882380e-15
4.138619989608676170e-16
1.052508812671318510e-16
2.472545604460335095e-17
5.313303948076415289e-18
1.017562820050783447e-18
1.704136951277870383e-19
2.473189832480357626e-20
3.098461288917570949e-21
3.342329865788732023e-22
3.093932678144216834e-23
2.444966968676833379e-24
1.636318488232870964e-25
9.162016766760864987e-27
4.210377738184791763e-28
1.538303396372193760e-29
4.216618023898242073e-31
7.666880422750328329e-33
6.553483981155775059e-35
8.680132728507627357e-38
9.135410569269494234e-38
6.810229383112338612e-35
7.981837609179535009e-33
4.395287207100283800e-31
1.605417548564056826e-29
4.400065354679604797e-28
9.590367375497269745e-27
1.716194640445853056e-25
2.570440979878285578e-24
3.262085279490803220e-23
3.536113222496983938e-22
3.291312986598788264e-21
2.639026347216985549e-20
1.826888865566954427e-19
1.095018489568188294e-18
5.722353040315279195e-18
2.647988046705852894e-17
1.111742031670055342e-16
4.310211700044763292e-16
1.516039071351361180e-15
4.575575406017580999e-15
1.125988936696351833e-14
2.135127949295328718e-14
4.774867906754280521e-15
-4.546234009203348883e-16
3.845112795904717126e-15
2.970388034003118144e-15
6.505632811247515338e-16
6.623104932048865318e-17
0.000000000000000000e+00
6.623104932037432998e-17
6.505632811244780949e-16
2.970388034002705964e-15
3.845112795904556987e-15
-4.546234009203943486e-16
4.774867906754492725e-15
2.135127949295466610e-14
1.125988936696409104e-14
4.575575406018061415e-15
1.516039071351330020e-15
4.310211700045022630e-16
1.111742031670286824e-16
2.647988046706019295e-17
5.722353040315421714e-18
1.095018489568052516e-18
1.826888865567263539e-19
2.639026347216898882e-20
3.291312986599940813e-21
3.536113222497169196e-22
3.262085279490921357e-23
2.570440979877362448e-24
1.716194640446047748e-25
9.590367375490898658e-27
4.400065354679861290e-28
1.605417548564644530e-29
4.395287207103569845e-31
7.981837609161166230e-33
6.810229383199651420e-35
9.135410570693539095e-38
9.451575737649057481e-38
6.987001511096263015e-35
8.199025262817923627e-33
4.518623047399404841e-31
1.651794430581809202e-29
4.531298134721502697e-28
9.887137217578622378e-27
1.771629949465730136e-25
2.657702587198332702e-24
3.379316561081296815e-23
3.671596648572364470e-22
3.426557589905230335e-21
2.755643867351692505e-20
1.913283182494196972e-19
1.149225557179717867e-18
6.001058787253650504e-18
2.755943197615662181e-17
1.134814834920155406e-16
4.270960115011554212e-16
1.471104025291713512e-15
4.513384675513988568e-15
1.196551863749738520e-14
2.587698395375560698e-14
5.999852023900616119e-15
-6.619238891705032972e-16
3.944714168843762032e-15
3.606836129597942011e-15
6.388561293705726152e-16
3.501944706700358082e-17
0.000000000000000000e+00
3.501944706722316149e-17
6.388561293708112456e-16
3.606836129597874169e-15
3.944714168843769921e-15
-6.619238891705734072e-16
5.999852023900876443e-15
2.587698395375680920e-14
1.196551863749801944e-14
4.513384675514255203e-15
1.471104025291726331e-15
4.270960115012409140e-16
1.134814834919965586e-16
2.755943197615488385e-17
6.001058787253489496e-18
1.149225557179809734e-18
1.913283182494179639e-19
2.755643867350860744e-20
3.426557589906688324e-21
3.671596648572562893e-22
3.379316561081012933e-23
2.657702587197718506e-24
1.771629949466176686e-25
9.887137217570546594e-27
4.531298134720787923e-28
1.651794430582280038e-29
4.518623047392303761e-31
8.199025262823168917e-33
6.987001511189744564e-35
9.451575746047335229e-38
9.613584405755124595e-38
7.077113671236086509e-35
8.309843959981980084e-33
4.581593855237583770e-31
1.675487514484733343e-29
4.598390260846218190e-28
1.003898921600682162e-26
1.800024613315222788e-25
2.702454812576498358e-24
3.439527728684329233e-23
3.741300280919196935e-22
3.496264722943577729e-21
2.815844579674445161e-20
1.957895095411764467e-19
1.177097477046133433e-18
6.141535208030831986e-18
2.805793200997274158e-17
1.139408747306230803e-16
4.184450018837043288e-16
1.409626656493944390e-15
4.356908579648036582e-15
1.215651610929784248e-14
2.834603999537513275e-14
6.711562684447224705e-15
-8.011345096662217494e-16
3.892250415594792459e-15
4.038270050320980437e-15
6.384532283410902632e-16
1.784444319480213101e-17
-1.636812557835724614e-43
1.784444319529865732e-17
6.384532283417467927e-16
4.038270050321341735e-15
3.892250415594719095e-15
-8.011345096662295394e-16
6.711562684447367489e-15
2.834603999537689980e-14
1.215651610929841046e-14
4.356908579648228276e-15
1.409626656494049703e-15
4.184450018837181339e-16
1.139408747306311661e-16
2.805793200997277856e-17
6.141535208030786534e-18
1.177097477046194871e-18
1.957895095411740634e-19
2.815844579674351272e-20
3.496264722943904987e-21
3.741300280920435436e-22
3.439527728683973646e-23
2.702454812574829156e-24
1.800024613315447555e-25
1.003898921600225137e-26
4.598390260844703442e-28
1.675487514485731068e-29
4.581593855233287914e-31
8.309843959991271897e-33
7.077113671192753509e-35
9.613584410382645009e-38
