3.466026232408199503e-42
2.740311397796190253e-40
1.000842969334663136e-38
1.841346009553252655e-37
6.422063860900201964e-37
-7.035421233720725013e-35
-2.497369106617639235e-33
-5.053078347851851246e-32
-7.285495022071079867e-31
-8.008571056561481642e-30
-6.925455387056701535e-29
-4.795841724263342502e-28
-2.689706189837877527e-27
-1.231008290310541869e-26
-4.621687405266790480e-26
-1.428569200736685867e-25
-3.645017812366230826e-25
-7.693423803954574936e-25
-1.346020941721191717e-24
-1.955375270380769461e-24
-2.355063073093104998e-24
-2.316665601460493153e-24
-1.749396394131736532e-24
-7.655100640129693986e-25
3.120779552043709505e-25
1.051505779178210695e-24
1.169449129247562900e-24
7.601745275250509930e-25
2.315894571689205290e-25
5.793407337714356931e-43
2.285670207745027966e-25
7.462643449858348435e-25
1.140232826917458588e-24
1.018416763716244719e-24
3.005638506792198639e-25
-7.345521906805621002e-25
-1.676626316467842875e-24
-2.222589888197851423e-24
-2.264499228702012536e-24
-1.884461468334868331e-24
-1.299220899105796049e-24
-7.430296560757787996e-25
-3.519245160106019738e-25
-1.377813453746868613e-25
-4.450023082740565178e-26
-1.182641752219519804e-26
-2.576717177941035288e-27
-4.577839128604451787e-28
-6.579356127853703007e-29
-7.558362501215236372e-30
-6.808297867436270198e-31
-4.644221016657738929e-32
-2.217766347967773192e-33
-5.542204911850781104e-35
1.239209179043338999e-36
2.003481896111426822e-37
1.022372631107119261e-38
2.723901289624961060e-40
3.387759996796921498e-42
5.690492081456925467e-42
4.558695377978531646e-40
1.699358049683859829e-38
3.275386079635115419e-37
1.790400588729942461e-36
-9.990785024754894496e-35
-3.846441975398581867e-33
-7.968988319565529785e-32
-1.161969035953780844e-30
-1.285505395891633058e-29
-1.116063873082597860e-28
-7.748404732740433562e-28
-4.352839974996665238e-27
-1.994325514819886959e-26
-7.492639706864979821e-26
-2.316994161536703446e-25
-5.913487884241250593e-25
-1.248370231887223034e-24
-2.184402256968563989e-24
-3.173618752137491523e-24
-3.822612889701754363e-24
-3.760470794652804766e-24
-2.839719405116585367e-24
-1.242616813683748730e-24
5.065781216447803250e-25
1.706855967882128111e-24
1.898360896125821601e-24
1.234080309944101799e-24
3.760597521640947034e-25
1.032226895474002974e-42
3.707332170138958274e-25
1.210698988609091402e-24
1.849916353995982194e-24
1.652264733281368392e-24
4.876197113273939893e-25
-1.191674346954729710e-24
-2.719956172218766597e-24
-3.605565537420065029e-24
-3.673413977571138011e-24
-3.056768474985591709e-24
-2.107308711137047221e-24
-1.205059129970972979e-24
-5.706694197542144681e-25
-2.233646892585259363e-25
-7.211099138443791116e-26
-1.915094579111644846e-26
-4.167947101265786805e-27
-7.392018554695174088e-28
-1.059536067982792691e-28
-1.212039705723382031e-29
-1.084172263205452343e-30
-7.303123824224467163e-32
-3.391629152543519194e-33
-7.565450336326384170e-35
2.758131700755069976e-36
3.537302976425127113e-37
1.733747789995464460e-38
4.530727929285476528e-40
5.561988648124251882e-42
9.208692395488998043e-42
7.572778348979487471e-40
2.934238614505673195e-38
6.127859327130024485e-37
5.311544644367839671e-36
-1.105155630330098906e-34
-5.392664505207661686e-33
-1.182403592286954326e-31
-1.768559758563512368e-30
-1.984406065612730471e-29
-1.737746300317301693e-28
-1.213107049060117660e-27
-6.839341434750297135e-27
-3.140878041403029452e-26
-1.181806123209477689e-25
-3.658133459200066050e-25
-9.342317630596150936e-25
-1.973072364038886219e-24
-3.453592181648879134e-24
-5.018820999749668780e-24
-6.046311615257281864e-24
-5.948772689273068062e-24
-4.492475675467558182e-24
-1.965850707354721829e-24
8.014118540773827845e-25
2.700288047708312262e-24
3.003416153787899833e-24
1.952738748411873780e-24
5.953503330029996444e-25
4.481646025632236099e-43
5.855870718680238210e-25
1.913191456455648071e-24
2.923511803368809543e-24
2.611098413818721182e-24
7.705563556161190817e-25
-1.883036172890744389e-24
-4.297727980551099134e-24
-5.696633949045464008e-24
-5.803218589939827469e-24
-4.828357856025469992e-24
-3.328002211976251824e-24
-1.902622907416495050e-24
-9.006680992579133665e-25
-3.523191897835267302e-25
-1.136337930432985309e-25
-3.013224608311482654e-26
-6.542098612215981747e-27
-1.155927462586397385e-27
-1.647223096195083718e-28
-1.866978684117740896e-29
-1.644452993141614175e-30
-1.076410546256250200e-31
-4.670515613415602185e-33
-7.212582859852004546e-35
6.836868493937799446e-36
6.537685835255300851e-37
2.986749662878121227e-38
7.524155840819936278e-40
9.000716534659745491e-42
1.468783535009618139e-41
1.255668911608512922e-39
5.130639175813078778e-38
1.179796674890459604e-36
1.437819079488853802e-35
-5.112244470330171369e-35
-6.567330210605836816e-33
-1.624118023100694841e-31
-2.548200440651385352e-30
-2.931908317189063742e-29
-2.606038534455686383e-28
-1.836440077376953957e-27
-1.041697524033324440e-26
-4.803043249277744091e-26
-1.811986584754040293e-25
-5.618555036893855477e-25
-1.436584078883961043e-24
-3.036562073819124055e-24
-5.318451721350315267e-24
-7.732757595727630510e-24
-9.319507029962744280e-24
-9.171608994564465633e-24
-6.927292152940876192e-24
-3.031413097383388815e-24
1.235806103055477980e-24
4.164022937426235493e-24
4.631855240494861117e-24
3.012174481710951813e-24
9.190335331393351062e-25
3.556187759831888498e-42
9.008672227988243712e-25
2.945200669460834391e-24
4.500942586258039009e-24
4.019792523574338554e-24
1.186174201972121854e-24
-2.898419273851084110e-24
-6.614412044906054681e-24
-8.765954492172222463e-24
-8.927842118502427179e-24
-7.425706246881548657e-24
-5.116143496796571202e-24
-2.923323988868638208e-24
-1.382805503666129511e-24
-5.403129022613656492e-25
-1.739670573042396463e-25
-4.600742460038723249e-26
-9.947494979605776892e-27
-1.746410811216895462e-27
-2.463937219783946159e-28
-2.748125802182239742e-29
-2.354577761361335635e-30
-1.459336038872853843e-31
-5.449248634899628733e-33
8.014181087998647894e-36
1.671158571793930523e-35
1.241734550162385235e-36
5.206711157059374946e-38
1.247090528547127260e-39
1.435604671638915741e-41
2.308874610557046229e-41
2.077127091121938465e-39
9.038930429694498197e-38
2.292247481797180751e-36
3.537534717049613071e-35
1.902618824866657122e-34
-5.927966026623733260e-33
-1.987967266333921835e-31
-3.418502457433142874e-30
-4.108280437560536641e-29
-3.742651942316670483e-28
-2.677665497760903690e-27
-1.533759174731208670e-26
-7.117427140673466801e-26
-2.696666475445308084e-25
-8.386198388554216447e-25
-2.148621308188008981e-24
-4.548460253101508068e-24
-7.975836664419136363e-24
-1.160740713637451406e-23
-1.399958611851617568e-23
-1.378455608526252606e-23
-1.041446029074741987e-23
-4.557925668741442917e-24
1.858170583233741499e-24
6.261319466584139189e-24
6.965613875554103090e-24
4.531211289451250135e-24
1.383866459011295121e-24
1.222722356783854545e-41
1.350293469977658735e-24
4.418339854099219275e-24
6.752972753766534139e-24
6.030599535164568094e-24
1.779280264029428850e-24
-4.346939866066947851e-24
-9.917826710075641736e-24
-1.313952249716049447e-23
-1.337566421982508887e-23
-1.111789424793715304e-23
-7.653613918035945355e-24
-4.368591351503284902e-24
-2.063542812661229491e-24
-8.047007821542405040e-25
-2.583368885587958690e-25
-6.802025895944163025e-26
-1.460904406255050595e-26
-2.538576675432085105e-27
-3.524065289461884887e-28
-3.826817382625381366e-29
-3.123353272397424830e-30
-1.738093912052461076e-31
-4.242921771754240467e-33
2.787067500154781288e-34
3.882850854658166072e-35
2.382198322510027120e-36
9.141896434160286909e-38
2.061861651298819746e-39
2.256701347558852302e-41
3.576717146322278411e-41
3.425545929213464429e-39
1.596410634296086277e-37
4.433166439853422355e-36
8.055637717936835971e-35
8.403754373165469916e-34
-3.262224136033077627e-34
-1.942659134918859419e-31
-4.117370756767097599e-30
-5.363771031778753117e-29
-5.094429943180730008e-28
-3.735419583853091469e-27
-2.173083859083574980e-26
-1.018762818271990399e-25
-3.886652570388241824e-25
-1.214508437016865109e-24
-3.122498602486688026e-24
-6.627478233251412091e-24
-1.164574327308261570e-23
-1.697710947115507563e-23
-2.050341463239203477e-23
-2.020780987596540816e-23
-1.527599125302602101e-23
-6.687313516206225525e-24
2.726540563828233822e-24
9.188109805851067150e-24
1.022326532210284662e-23
6.652838733585852107e-24
2.034290695801001564e-24
1.134452863683965527e-41
1.973632180596085714e-24
6.464725320208755827e-24
9.881591214883179018e-24
8.823264536385938715e-24
2.602635743486565617e-24
-6.356623656973557444e-24
-1.449707197338750963e-23
-1.919407360821932613e-23
-1.952078283970974636e-23
-1.620543002077164109e-23
-1.113830338754020240e-23
-6.345099429493734421e-24
-2.989567162624112766e-24
-1.161815921767871135e-24
-3.711734828470898688e-25
-9.703727848780377489e-26
-2.061993314555752104e-26
-3.524608896661201920e-27
-4.765113383465839847e-28
-4.942347672334645068e-29
-3.678400629653001904e-30
-1.573825365209247914e-31
2.138862985983575738e-33
9.683149456774222954e-34
8.547318644427071598e-35
4.557568451637750395e-36
1.609010303640538768e-37
3.398306633215427269e-39
3.495853443718199020e-41
5.459529193240757612e-41
5.627971605248392496e-39
2.814007490755891783e-37
8.464484496298208648e-36
1.725454797659774472e-34
2.333200767476798630e-33
1.654270799591377649e-32
-7.812125046625493602e-32
-4.027753471721063843e-30
-6.279705067007958250e-29
-6.443815326798613578e-28
-4.926999358385032749e-27
-2.940084264016945038e-26
-1.401245507502688287e-25
-5.406007615195396735e-25
-1.702694956722201182e-24
-4.403253274160681736e-24
-9.388138689057451719e-24
-1.655677396400915475e-23
-2.420812677632746601e-23
-2.930521231556039786e-23
-2.893180045481651007e-23
-2.189370593725367507e-23
-9.589302432143128018e-24
3.910604363109372898e-24
1.318014721478528063e-23
1.466816279212558930e-23
9.549584818983247078e-24
2.924097708417751434e-24
3.570002865089608646e-41
2.818095548456743026e-24
9.241393367250584746e-24
1.412631471027018319e-23
1.261016805398155192e-23
3.718297225378160109e-24
-9.077057229684975395e-24
-2.068620552506485355e-23
-2.735681044847258709e-23
-2.777501589987584468e-23
-2.300510336072193191e-23
-1.576648875715991427e-23
-8.949832646770709752e-24
-4.198012810120513365e-24
-1.621880735968063350e-24
-5.139724871091043547e-25
-1.328151648091865720e-25
-2.773605307364050142e-26
-4.613602227205211077e-27
-5.958243199124313777e-28
-5.663668746317134900e-29
-3.392115483315536906e-30
-2.528984865187029228e-32
2.002790757272197222e-32
2.511089527273058503e-33
1.792190287611633636e-34
8.625611649688608623e-36
2.826786640509246339e-37
5.579476748148035882e-39
5.336005240174102327e-41
8.209928566559456114e-41
9.204263097366771543e-39
4.932857304597671677e-37
1.588714587942416467e-35
3.517709108451999576e-34
5.464351803626718101e-33
5.658759086297515043e-32
2.883520239743019335e-31
-1.875319542391001561e-30
-5.926330719517948585e-29
-7.251380076154285197e-28
-6.004963552474355273e-27
-3.746639137028718092e-26
-1.835981621399070540e-25
-7.216383952165204584e-25
-2.303089680101578137e-24
-6.014750270811148579e-24
-1.292277438490612827e-23
-2.293221095875556442e-23
-3.370011425764097502e-23
-4.095967984984520583e-23
-4.055581900699576175e-23
-3.074645147126534387e-23
-1.347974955661118553e-23
5.499599384226753888e-24
1.854027469438818910e-23
2.063906539974638246e-23
1.344339233254195406e-23
4.122339242067492949e-24
2.002630097098047155e-41
3.944587865054910199e-24
1.294978690693583030e-23
1.979288075474282676e-23
1.766096237912783715e-23
5.204536521829012828e-24
-1.269502363292377878e-23
-2.889500369863447374e-23
-3.813547626001238363e-23
-3.860253719963189249e-23
-3.184464075478899037e-23
-2.171440605915804714e-23
-1.224965007049047345e-23
-5.701342744185010673e-24
-2.180602512248905069e-24
-6.816288782631883008e-25
-1.727198496269165975e-25
-3.501363502447821560e-26
-5.548091264609548784e-27
-6.551369815614454498e-28
-5.048885656877803157e-29
-9.820934005909532483e-31
3.614304685117227024e-31
6.131577264464751325e-32
5.699580488539805983e-33
3.602602575716360740e-34
1.607589874932282891e-35
4.940055408630892708e-37
9.118455998745038139e-39
8.023975954442147917e-41
1.216025959238121246e-40
1.497265860333916126e-38
8.575918383468209285e-37
2.925577382335620547e-35
6.884401659817561087e-34
1.164207368821274460e-32
1.413356636909875349e-31
1.162268438964462071e-30
4.776028196027642764e-30
-2.455787233544517749e-29
-6.389813571665966758e-28
-6.416103848803679732e-27
-4.375570888777935735e-26
-2.255782192881604100e-25
-9.159778289039725708e-25
-2.990203889303091964e-24
-7.940954260075628736e-24
-1.728446506099411953e-23
-3.099431380324642585e-23
-4.593478243241127002e-23
-5.620254937712557968e-23
-5.591832717820932775e-23
-4.252460066967344878e-23
-1.867490520530694057e-23
7.625305837519761628e-24
2.571723686018615905e-23
2.863825521428938003e-23
1.866258312832648627e-23
5.730133530782228018e-24
4.249815788637034538e-41
5.446285790566291591e-24
1.789386878305637788e-23
2.733970283348707550e-23
2.437784923320183446e-23
7.177377764257258779e-24
-1.748461875403527396e-23
-3.971352017425990200e-23
-5.223561648409356486e-23
-5.260757355426309703e-23
-4.310104735329554420e-23
-2.913567892470742554e-23
-1.626046890379484064e-23
-7.466967870708503251e-24
-2.806464211601211907e-24
-8.565606014894236638e-25
-2.096088499942602382e-25
-4.020095266584854167e-26
-5.763164063354493638e-27
-5.404570831258485986e-28
-1.241651638597171791e-29
5.988008932261154377e-30
1.259109866389376126e-30
1.474150685864045485e-31
1.193210529167676843e-32
6.982111984061003839e-34
2.943816974138300497e-35
8.564762929399771568e-37
1.482218704888045637e-38
1.188442189465544602e-40
1.773553172598243177e-40
2.420746656684279578e-38
1.475766228004798480e-36
5.282563475034830918e-35
1.301394291440255213e-33
2.328559422065982190e-32
3.083535534536301948e-31
3.000344066629472580e-30
2.034305580188874654e-29
7.562513525762840085e-29
-1.708058985638383391e-28
-5.070538997776016411e-27
-4.382314182131077801e-26
-2.516191332517774082e-25
-1.087094712762631566e-24
-3.696119282834665276e-24
-1.010499532420596879e-23
-2.248473607181780825e-23
-4.102445914175509063e-23
-6.164331693313669513e-23
-7.623167346943875360e-23
-7.643327750922738927e-23
-5.841497646960252218e-23
-2.572419265285602706e-23
1.051789599251096963e-23
3.549645295726061560e-23
3.954444485251320875e-23
2.577934835768601813e-23
7.921193013290558458e-24
8.436022111137994695e-41
7.493851065312897567e-24
2.462198166001126559e-23
3.758994364889860632e-23
3.348132530478010053e-23
9.844134308410567405e-24
-2.393326645858742901e-23
-5.418078087341872694e-23
-7.087579837298158186e-23
-7.079488179898300794e-23
-5.735149016977422440e-23
-3.821037620575331502e-23
-2.093884620930578326e-23
-9.393596373256045509e-24
-3.422748989605575990e-24
-9.997020331730928077e-25
-2.284571171566479305e-25
-3.875073803148049984e-26
-4.156015553439765102e-27
-3.570167003866866668e-29
9.187126219006218486e-29
2.191779922921202458e-29
3.121577145939540443e-30
3.155884748943860599e-31
2.360508794914217363e-32
1.310665132095239715e-33
5.291886755158446868e-35
1.470260101239952554e-36
2.394646185232145569e-38
1.733241384533253664e-40
2.546171373248239487e-40
3.887107044708893390e-38
2.510265530787198604e-36
9.354106703150056099e-35
2.387148929928987451e-33
4.444322163260334977e-32
6.212829168320418527e-31
6.586733880487642879e-30
5.252128338720182357e-29
3.020150468854150184e-28
1.066605997254127013e-27
2.755116654936392200e-29
-2.938839448950506007e-26
-2.343707169856295577e-25
-1.164729446491505207e-24
-4.287924531360622638e-24
-1.235188852729922173e-23
-2.853291323340284618e-23
-5.354892590102066723e-23
-8.222259212278485318e-23
-1.033538358560163215e-22
-1.048363727801547140e-22
-8.072173661775411515e-23
-3.569706850556984954e-23
1.462612625734950884e-23
4.940984997230075885e-23
5.506976407184690873e-23
3.590478487848253818e-23
1.102885804551960802e-23
-4.586110444907391419e-40
1.043248025962056512e-23
3.423214732570978080e-23
5.218916148042686354e-23
4.641221576933726658e-23
1.361970442511426917e-23
-3.301696701896937888e-23
-7.437780956898140981e-23
-9.649790536460647304e-23
-9.518165927097616619e-23
-7.576154196995815513e-23
-4.931196521875241846e-23
-2.621086549091506790e-23
-1.128927746179461783e-23
-3.883346786100346521e-24
-1.037066254186687115e-24
-2.011019828431892800e-25
-2.225251232677204628e-26
1.282428035319180728e-27
1.246547183626001322e-27
3.228799788657303868e-28
5.445196993393410075e-29
6.726195117311713330e-30
6.288320902896819309e-31
4.472130036119654323e-32
2.391756056187560357e-33
9.337284079204154323e-35
2.495581288748552985e-36
3.842381369402167645e-38
2.488143293411482013e-40
3.596439780522276260e-40
6.194986072068336971e-38
4.216934130951974497e-36
1.625146843015125061e-34
4.263684541643383286e-33
8.173097945285526382e-32
1.185190787507666611e-30
1.323002069814031702e-29
1.142998553830513728e-28
7.583198898431625369e-28
3.742063450947056847e-27
1.236042083291049289e-26
1.410474966811793790e-26
-1.256190960383666218e-25
-1.025781351140350448e-24
-4.538910480711446141e-24
-1.444527448825140151e-23
-3.556292314491456252e-23
-6.976800057679096057e-23
-1.106181797586137846e-22
-1.423063750347836527e-22
-1.466805078010355627e-22
-1.140980447742399968e-22
-5.074930754612456376e-23
2.085408900538083515e-23
7.054234093512473382e-23
7.865861017678333765e-23
5.126920566353415009e-23
1.571747447823424151e-23
-5.945113301504012129e-40
1.497237363058617688e-23
4.897246579400671794e-23
7.450679835736645725e-23
6.612492733065048404e-23
1.935647198430436572e-23
-4.674600770605027323e-23
-1.046099583762849870e-22
-1.341991182452518807e-22
-1.300577926392639232e-22
-1.009190212398819857e-22
-6.340322928816664993e-23
-3.208043077567352807e-23
-1.285986225125770907e-23
-3.941065724417345321e-24
-8.398870424806558816e-25
-7.814852957835471547e-26
2.402090043329945527e-26
1.404654662588343310e-26
3.973700891101274236e-27
7.837046551258532600e-28
1.164685441941782817e-28
1.336793173857125600e-29
1.190981439699732676e-30
8.181283169355851720e-32
4.255194123983369063e-33
1.617564643310396110e-34
4.184516584306523108e-36
6.119330069437709602e-38
3.514189415589079815e-40
4.995065945828487077e-40
9.793253443453652437e-38
6.992032010167122507e-36
2.771958771837578690e-34
7.435109490523641865e-33
1.457285150794117004e-31
2.169569710265964701e-30
2.506072950153700608e-29
2.270297018722597301e-28
1.616638179203866727e-27
8.975183589469662344e-27
3.779801454775897156e-26
1.112765842658380778e-25
1.559277787331727371e-25
-4.660656011719687125e-25
-4.091855101732074473e-24
-1.609327343990389289e-23
-4.411791765947305274e-23
-9.241217220265088943e-23
-1.530162988779518855e-22
-2.027386547594622015e-22
-2.131116366640323665e-22
-1.678180749518929815e-22
-7.516443006756738393e-23
3.099603249710233136e-23
1.050121220530172806e-22
1.171370425967567417e-22
7.628708579378212160e-23
2.329723602216165164e-23
6.334107048710973592e-41
2.253720338615879244e-23
7.334129561237146185e-23
1.112897791212284501e-22
9.854385624076345011e-23
2.876683114735619513e-23
-6.916952229608482979e-23
-1.535905823931404457e-22
-1.943942765150098248e-22
-1.843575684776286061e-22
-1.384379202115918122e-22
-8.283297403732918727e-23
-3.888072091592523082e-23
-1.372005334606908238e-23
-3.205785397193621171e-24
-1.950455136880943263e-25
2.234836184220407096e-25
1.249234387742670265e-25
4.001504893875532746e-26
9.261055513771730133e-27
1.645151693103326243e-27
2.291046136617346320e-28
2.515227184835618368e-29
2.169329959357533563e-30
1.453127538959866124e-31
7.397770893225584545e-33
2.752564879145784613e-34
6.927149714191834363e-36
9.666978418167340763e-38
4.880316505156481279e-40
6.816431728674039216e-40
1.534791033458078621e-37
1.143918086402059186e-35
4.644844699586360152e-34
1.268517312595228738e-32
2.530126405563908779e-31
3.842113354247327880e-30
4.547209339321670478e-29
4.250124701978985657e-28
3.155844695013612602e-27
1.859449305342978107e-26
8.598433173392692955e-26
3.026703034620671401e-25
7.435018091190335663e-25
8.424186141205348514e-25
-2.409553017953354130e-24
-1.702119899356993466e-23
-5.569110990885734823e-23
-1.272935424115063566e-22
-2.218511920561422688e-22
-3.035730950648373600e-22
-3.257111581394529345e-22
-2.597227237124028046e-22
-1.171582283760630522e-22
4.848907152885773391e-23
1.645321882886301176e-22
1.835664420665209401e-22
1.193997156430555950e-22
3.626948284938467306e-23
-3.426372622874267628e-41
3.586501462282103840e-23
1.159866999453373813e-22
1.755191311484132594e-22
1.550804745926103089e-22
4.515379476696031797e-23
-1.081142678131263385e-22
-2.382295205815330653e-22
-2.974560709712492332e-22
-2.758247170712620027e-22
-1.998081615204233849e-22
-1.127807730063861617e-22
-4.775566212500253951e-23
-1.343976945578706352e-23
-1.085931847510668259e-24
1.239984232069903276e-24
8.398346859841732064e-25
3.213326985026579614e-25
8.883390404037104136e-26
1.892778254600842082e-26
3.183666766251610205e-27
4.262790527558830893e-28
4.542888292401610639e-29
3.827822239687884580e-30
2.515520324518793614e-31
1.259113862327860772e-32
4.603448299002183584e-34
1.131723453306164830e-35
1.513999516400408531e-37
6.658948448954397596e-40
9.130185054297014128e-40
2.383391758611079619e-37
1.846270840431317456e-35
7.651077847140482548e-34
2.120967576031854722e-32
4.290590305886055430e-31
6.617333217133627167e-30
7.976080021221889141e-29
7.622458771505870778e-28
5.818703291910181188e-27
3.552641443813763260e-26
1.724541447202761078e-25
6.538070834953944627e-25
1.851710555760775967e-24
3.418359122983773281e-24
1.300030940467982378e-24
-1.710483492534104046e-23
-7.364658212592978685e-23
-1.859185176237751387e-22
-3.408373773983388530e-22
-4.802576133868181329e-22
-5.245034215300492441e-22
-4.227173743778429434e-22
-1.918436500654012371e-22
7.964875220741956557e-23
2.706138476682891847e-22
3.019262700957961622e-22
1.960993809038302545e-22
5.922247025479909012e-23
-2.511197579618029913e-40
5.999083113929641640e-23
1.928152053214872647e-22
2.910862947727813876e-22
2.567539677887639567e-22
7.460725785493079176e-23
-1.780340472917065765e-22
-3.898556664421944497e-22
-4.813682337956831722e-22
-4.379199410501317437e-22
-3.071490592690923787e-22
-1.636805344164567027e-22
-6.147573338158717446e-23
-1.163117116718645831e-23
3.302070461179656907e-24
4.007971288036756011e-24
1.990032500015201426e-24
6.792675222677020803e-25
1.760274708317047172e-25
3.588256094845354086e-26
5.837733166152219434e-27
7.613362254379095740e-28
7.942161945061878648e-29
6.574800711297778348e-30
4.256070988893798912e-31
2.101168281110826073e-32
7.570702503924113770e-34
1.824369608294680044e-35
2.349622726608184726e-37
8.917731264458370532e-40
1.198731899520539325e-39
3.665872892247835231e-37
2.939501721845876614e-35
1.239640690758192786e-33
3.479993890630639825e-32
7.122961580420881066e-31
1.112513287570471581e-29
1.360408845092048685e-28
1.322168725569293896e-27
1.029558573452481612e-26
6.437474449092191986e-26
3.218423001236068031e-25
1.269178325687166744e-24
3.822984217397097765e-24
8.079465453792734882e-24
8.212962766429385557e-24
-1.655891929644412813e-23
-1.046543368430278042e-22
-2.896268972817550770e-22
-5.529668956127433439e-22
-7.962556466838256209e-22
-8.805708876131125519e-22
-7.149557921134516132e-22
-3.258629307848435179e-22
1.355969659533453771e-22
4.611244313484337497e-22
5.144209872032699528e-22
3.336499285121369454e-22
1.002310227237450675e-22
-5.290747461972114105e-40
1.037742367871263885e-22
3.318274473316257491e-22
5.000651260132777824e-22
4.405962126899445412e-22
1.278632902496392362e-22
-3.044435049104619731e-22
-6.639306922448675828e-22
-8.137348105697731568e-22
-7.307175859290296494e-22
-5.007231908243621476e-22
-2.550301830357983555e-22
-8.569050897789890860e-23
-8.057487964684652259e-24
1.128962895635806751e-23
8.966847755694392949e-24
4.023856693426580911e-24
1.303975695213918687e-24
3.261979383948096926e-25
6.469770351512256641e-26
1.029048555058416009e-26
1.316637221735329646e-27
1.351264507938662597e-28
1.103030600090997974e-29
7.052755112683108539e-31
3.442036102715341816e-32
1.224957314245011037e-33
2.901541018757218930e-35
3.611769940437813639e-37
1.170586832034221714e-39
1.539888405818274868e-39
5.582491832713240810e-37
4.616646605875018584e-35
1.976598208591093343e-33
5.609136226594553485e-32
1.159646379145289366e-30
1.830552932692096355e-29
2.265219336116771599e-28
2.231491958194735781e-27
1.764532887954959810e-26
1.122735818954291882e-25
5.727123898400754197e-25
2.313833867186188231e-24
7.201455671230283439e-24
1.612271074910969244e-23
2.013313149800743660e-23
-1.612741230135090425e-23
-1.607475047639881520e-22
-4.757978241416233568e-22
-9.326450330266111419e-22
-1.360459959561018261e-21
-1.515034590583865789e-21
-1.235042177766170236e-21
-5.642662063869526372e-22
2.351189315768700057e-22
8.000047555681311609e-22
8.923159086529038832e-22
5.780933447737431664e-22
1.729369608186349011e-22
-1.743767909661002534e-39
1.821558688206020704e-22
5.802623140897958963e-22
8.734445147892653557e-22
7.690932222665749468e-22
2.230439667588841673e-22
-5.304649225580274980e-22
-1.154471010161160222e-21
-1.409755185034166225e-21
-1.257326701358331732e-21
-8.502538644532608913e-22
-4.210357576894263638e-22
-1.306749406502720654e-22
-2.688993283661075849e-24
2.494383657283656442e-23
1.748055740608414990e-23
7.497347434955776913e-24
2.361655163658134352e-24
5.778354623932618349e-25
1.124535037659752995e-25
1.758887102191151855e-26
2.217161437727703454e-27
2.245663523156859171e-28
1.811896959755106500e-29
1.146506239508674813e-30
5.540617842733038134e-32
1.950931203935670085e-33
4.552753034439622230e-35
5.496981345323222630e-37
1.503324609552059427e-39
1.930528948658554329e-39
8.413929751443279693e-37
7.152650826427489981e-35
3.103053565379607248e-33
8.889223752411640111e-32
1.853927123308621072e-30
2.953664604027920956e-29
3.692604836748024819e-28
3.679466215978032273e-27
2.946689732320794343e-26
1.901263490936868442e-25
9.847550672717848652e-25
4.046551115687525616e-24
1.285081515994817825e-23
2.962844654502017881e-23
3.996666096183398661e-23
-1.712241899133904507e-23
-2.620087575401505743e-22
-8.066701286254264355e-22
-1.603328258964031374e-21
-2.352496575671206501e-21
-2.626334215385484404e-21
-2.143595832473237675e-21
-9.801794919157533682e-22
4.086639618350583319e-22
1.390880186974857774e-21
1.551143368676737770e-21
1.004102285858322543e-21
2.994817460986810610e-22
0.000000000000000000e+00
3.193110837050771335e-22
1.014576825833601101e-21
1.526085620437283352e-21
1.343308950594072827e-21
3.894632044385836994e-22
-9.259577220717515706e-22
-2.014361592597916667e-21
-2.457892681234094848e-21
-2.187584799856418513e-21
-1.471212763520556343e-21
-7.184938473403275332e-22
-2.134968105824782919e-22
4.479553058508303041e-24
4.761293547501964989e-23
3.173970643952491949e-23
1.329321024083609547e-23
4.112785943798495225e-24
9.904807274552829040e-25
1.899634723705729236e-25
2.931273075715489796e-26
3.649436531289377612e-27
3.655092507975345073e-28
2.919543443668113816e-29
1.830647422311651819e-30
8.770805356395953262e-32
3.059708743669698297e-33
7.047786279153254262e-35
8.280593448049718744e-37
1.884035914320511688e-39
2.353412268019818862e-39
1.254749367579824603e-36
1.093240583941401446e-34
4.798210329195082660e-33
1.386077546008815764e-31
2.913495505719539156e-30
4.680364604810810624e-29
5.905076211746885585e-28
5.944190313209825459e-27
4.813894113446853489e-26
3.143792315861697077e-25
1.649396802452385912e-24
6.870415658693866787e-24
2.214175237699463565e-23
5.197433205076329610e-23
7.263755945515539764e-23
-2.097144612112773905e-23
-4.396541665845670750e-22
-1.381184682055603049e-21
-2.762096320111383342e-21
-4.058001485450774923e-21
-4.527606077177446239e-21
-3.692138539079918984e-21
-1.687538078397809080e-21
7.035780726799312393e-22
2.394875371649645257e-21
2.670687789413214068e-21
1.727986531432125715e-21
5.143958779530602727e-22
-1.403664415450671407e-38
5.527778941890992009e-22
1.753488067846770247e-21
2.636171666098153474e-21
2.319862802913513240e-21
6.725445571937815693e-22
-1.599408764939063876e-21
-3.482317146349234841e-21
-4.254771128377168738e-21
-3.790808679202665376e-21
-2.547219077288856540e-21
-1.237099742568615383e-21
-3.602511154389576194e-22
1.423911986135748461e-23
8.495358023288931862e-23
5.530039387710705007e-23
2.281181734506888313e-23
6.962867675697788999e-24
1.655265165827862842e-24
3.135257045172568281e-25
4.781047202639994798e-26
5.887357871652774519e-27
5.837685312688617226e-28
4.620974552075410716e-29
2.873883359546753182e-30
1.366295531853063495e-31
4.727070991096538481e-33
1.076410108271930731e-34
1.234235698637725458e-36
2.295702251437236808e-39
2.774464878730720008e-39
1.850900657665956284e-36
1.648527313023905974e-34
7.310259085492346893e-33
2.127716697107323908e-31
4.504482211767624476e-30
7.291606283106268912e-29
9.277813110463065776e-28
9.427754562088554260e-27
7.714762350975756508e-26
5.095169731985005259e-25
2.705217027991961349e-24
1.140910270753661823e-23
3.724754953946040495e-23
8.869676218058450940e-23
1.268092503776462980e-22
-2.760168756598496281e-23
-7.387983376041261514e-22
-2.349826766760078035e-21
-4.712395348757836003e-21
-6.915747185045093984e-21
-7.695258614503172097e-21
-6.259168464057691112e-21
-2.856474036417664517e-21
1.190336039921893609e-21
4.051859340040231615e-21
4.519029808674119727e-21
2.923490261969785017e-21
8.693665524822456388e-22
-1.828257006229096776e-38
9.384057642277429016e-22
2.973546369466007414e-21
4.468192654339916052e-21
3.930782742856415112e-21
1.139563271608198750e-21
-2.712057709323565184e-21
-5.916135520671789886e-21
-7.250105970806925973e-21
-6.479094777652336210e-21
-4.359365082428917810e-21
-2.111823800497126889e-21
-6.074588324265931672e-22
3.034728182171553053e-23
1.468231017231336351e-22
9.398175442654917794e-23
3.827143786744457635e-23
1.153876323630691787e-23
2.710200058531057256e-24
5.073836710315196707e-25
7.652112582889493628e-26
9.326635865645647344e-27
9.162104166472656880e-28
7.191991360453869303e-29
4.439194347727504250e-30
2.095585086615354465e-31
7.196335308441024788e-33
1.622057084345905194e-34
1.819759451688304908e-36
2.704809511940300054e-39
3.135775501836764843e-39
2.700034110801482201e-36
2.452621241574281486e-34
1.097664668613837179e-32
3.216923893297616235e-31
6.855850158233491008e-30
1.117795457318281354e-28
1.433781721485114932e-27
1.470205435218224629e-26
1.215254906983713814e-25
8.115077330378986903e-25
4.359978793711950913e-24
1.862025704510452383e-23
6.160414470374568171e-23
1.489136166008131574e-22
2.180193174750690924e-22
-3.142716478768551042e-23
-1.219269389446024347e-21
-3.931457281558531105e-21
-7.905452990527580985e-21
-1.157771131371117309e-20
-1.282825179029964197e-20
-1.039105721369134891e-20
-4.729571549169960281e-21
1.968895166228111177e-21
6.702129959348045339e-21
7.477583636177569306e-21
4.838604019586522403e-21
1.438414121522136745e-21
-4.573904091456308061e-38
1.555500550943629258e-21
4.925163748235419761e-21
7.396034494990994474e-21
6.502973946916273403e-21
1.885274712089510238e-21
-4.492375695643949336e-21
-9.829736685238522718e-21
-1.210093497247041510e-20
-1.086179338930250860e-20
-7.322354626349028728e-21
-3.535831404332114452e-21
-1.000716561830448761e-21
6.441727267578368690e-23
2.506683817061874952e-22
1.573389112839511431e-22
6.317378774763879766e-23
1.880186438126539271e-23
4.361976189054502315e-24
8.071164123469181478e-25
1.204047953237364421e-25
1.452963885007005466e-26
1.414581762949505459e-27
1.101574062179879417e-28
6.751063368409550112e-30
3.165978806641466864e-31
1.079814542045347717e-32
2.411763640367493905e-34
2.653384398899616721e-36
3.054503427086258610e-39
3.347118736474041666e-39
3.894184898581357210e-36
3.600290432459878432e-34
1.624754685369190273e-32
4.792101497778495687e-31
1.027730174507655346e-29
1.687247928110777126e-28
2.181232642912159042e-27
2.256688600833277392e-26
1.884245019782262348e-25
1.272452941533631236e-24
6.921491845504008383e-24
2.996104282668747888e-23
1.006142407780849381e-22
2.476304218572946557e-22
3.742065814798635726e-22
-1.277288273743695845e-23
-1.951175257444703886e-21
-6.429047357219316376e-21
-1.298899428014269908e-20
-1.898131550518233268e-20
-2.091465831782054869e-20
-1.684157369738500691e-20
-7.634823040956601436e-21
3.173158029163499070e-21
1.080153357304099275e-20
1.205971721932556990e-20
7.808950085150028101e-21
2.322256935962714711e-21
5.520165424676781939e-38
2.510674816538636011e-21
7.944192041153824457e-21
1.191828567143266524e-20
1.047002780436934071e-20
3.035382250598849140e-21
-7.246749430200238406e-21
-1.592792949830336015e-20
-1.973170039817520030e-20
-1.780983172115181368e-20
-1.202515999791460234e-20
-5.770062945056575495e-21
-1.586872132655365587e-21
1.458270740070480600e-22
4.274203929769632554e-22
2.610354609924551531e-22
1.030136500119489690e-22
3.021281947092930011e-23
6.916425958547284243e-24
1.264204774173231248e-24
1.865036498855944048e-25
2.228216656477470412e-26
2.150236560461103329e-27
1.661481065937740584e-28
1.011294500843044877e-29
4.713043374135041488e-31
1.597336507624604657e-32
3.538327096703008423e-34
3.825224533406463630e-36
3.256316836252641578e-39
3.276160903250805399e-39
5.551786710076951960e-36
5.214716966193490441e-34
2.371180958504653732e-32
7.035463949102456988e-31
1.517971572037386605e-29
2.508907685254514764e-28
3.268661212416758842e-27
3.412129946782262791e-26
2.878429947160469990e-25
1.966704025122324784e-24
1.083986439981966898e-23
4.762487749658267774e-23
1.627038595010866876e-22
4.094005139247313914e-22
6.451645696015123528e-22
7.893988352048226021e-23
-2.998952247942960890e-21
-1.023704697686893010e-20
-2.085754826458099334e-20
-3.042894900263488577e-20
-3.329709795935420341e-20
-2.659797370958696687e-20
-1.198747403846237030e-20
4.969775332158859968e-21
1.691649445877731983e-20
1.890821319573583562e-20
1.225866505364300367e-20
3.649301900038640108e-21
1.608982852013743175e-37
3.937446000984366971e-21
1.244939287291664657e-20
1.865059226716457630e-20
1.636279016794381183e-20
4.744147807172583724e-21
-1.135890620965831390e-20
-2.512766662557830315e-20
-3.139222232919577533e-20
-2.852429539163114285e-20
-1.926901556275726786e-20
-9.140934709469269983e-21
-2.392812328552994494e-21
3.405258978171095322e-22
7.314621620368365501e-22
4.305855685050866143e-22
1.663390705787861365e-22
4.796628020058594989e-23
1.082010622698913377e-23
1.952023382702440964e-24
2.846521125191186689e-25
3.366304978148113016e-26
3.219769260208996354e-27
2.468856954300469801e-28
1.492717563378404038e-29
6.915157519264353254e-31
2.329836046636710577e-32
5.122308067166434219e-34
5.451187978720359661e-36
3.180622458648495284e-39
2.737753660594548359e-39
7.822176224215729358e-36
7.452737407688989775e-34
3.412393128169885694e-32
1.018204046551919590e-30
2.209728996484655013e-29
3.676505489542530269e-28
4.827009841414985924e-27
5.084795536219555681e-26
4.335172186694615737e-25
2.998670730673267638e-24
1.676382350951624433e-23
7.487194247750586152e-23
2.608729092639307903e-22
6.740051616199006742e-22
1.118262147893719535e-21
3.563234899004856476e-22
-4.382428908383238639e-21
-1.582487949051718618e-20
-3.268890004612773107e-20
-4.766055457804267672e-20
-5.171984048506267900e-20
-4.087334712129266362e-20
-1.826809209095590298e-20
7.545269225090109857e-21
2.567627149459658721e-20
2.874586273351722182e-20
1.867241719013508391e-20
5.568498609464679574e-21
-1.447894241300831472e-37
5.986382983317050868e-21
1.890901018809917087e-20
2.826948861827034697e-20
2.475671615304944622e-20
7.180477380491128859e-21
-1.726651158019583916e-20
-3.854765345965784819e-20
-4.869756671717674056e-20
-4.459389007340719140e-20
-3.008478161354435315e-20
-1.400858519271219165e-20
-3.378422755385693523e-21
7.850832731652089921e-22
1.257042643335098638e-21
7.071255608317438598e-22
2.663000326019552631e-22
7.531738210630662492e-23
1.671554627525554027e-23
2.973468199501649728e-24
4.283456813456826474e-25
5.012625649960902622e-26
4.751446702699110244e-27
3.615458316892297876e-28
2.171651015279462724e-29
1.000226925219892854e-30
3.351123801413878645e-32
7.317128987483540475e-34
7.677359157342800669e-36
2.646212090311869315e-39
1.483156439646071573e-39
1.088937252882681497e-35
1.050958927023244158e-33
4.842950075367519063e-32
1.452845672568206186e-30
3.170985796945354909e-29
5.310555818245569113e-28
7.026796085966663552e-27
7.470822373221039982e-26
6.439706003314901750e-25
4.512439273111783463e-24
2.561348733994719646e-23
1.164781406853890986e-22
4.149152883727074822e-22
1.105063323666937218e-21
1.943909909228579524e-21
1.049281090912348424e-21
-5.994529501148147759e-21
-2.366525331641810857e-20
-4.992999063700838607e-20
-7.288306329081467680e-20
-7.832251171719573161e-20
-6.103325814081353509e-20
-2.695885957744596494e-20
1.107365526075486712e-20
3.765035876842329354e-20
4.224066096422586008e-20
2.751281094184730738e-20
8.226249665622856569e-21
-2.348641193701674328e-37
8.797808316551807657e-21
2.775117588227530339e-20
4.137107189012923324e-20
3.614655693141501260e-20
1.049561157601542832e-20
-2.539951222647902152e-20
-5.743878417514034572e-20
-7.361672500390792930e-20
-6.800254983153093103e-20
-4.568839747782721926e-20
-2.067093833865567388e-20
-4.341888056154477206e-21
1.746133301332329188e-21
2.164631727139034713e-21
1.156107975836180571e-21
4.228547101488011664e-22
1.170233271671762294e-22
2.551236854804125968e-23
4.470321265344301452e-24
6.357604847286372748e-25
7.359320876978088274e-26
6.912156054674952214e-27
5.219172460201084726e-28
3.114577932712609588e-29
1.426441926194174380e-30
4.753654359948407708e-32
1.031368073250853324e-33
1.068366437901748362e-35
1.409829092705568948e-39
-8.089697388917741101e-40
1.497371333431488446e-35
1.462206772726956420e-33
6.778476720261465620e-32
2.044028997747254743e-30
4.486284216731541317e-29
7.562566181422401066e-28
1.008528258465903789e-26
1.082427472557990084e-25
9.436851431778760738e-25
6.703109457326308164e-24
3.867096469285210388e-23
1.793258931235786445e-22
6.545112302744730571e-22
1.802761733778262923e-21
3.375795005228755671e-21
2.599869771789876009e-21
-7.440365378055007873e-21
-3.404673265659246600e-20
-7.415106637204054600e-20
-1.086686736418873763e-19
-1.155029054802543909e-19
-8.840408458386570077e-20
-3.841552029729857168e-20
1.565815485714434544e-20
5.311886217947659907e-20
5.974263821648217315e-20
3.905175775094508108e-20
1.171715076169371409e-20
-1.618435876852433989e-37
1.244754953025309913e-20
3.918962997141365307e-20
5.820748274363860872e-20
5.072279574318614656e-20
1.476805621078332334e-20
-3.606278421710185862e-20
-8.301030445827522796e-20
-1.083343100600986849e-19
-1.009930108997909924e-19
-6.728463233827571626e-20
-2.913734292920539116e-20
-4.739942050289942357e-21
3.721085191401175815e-21
3.722214001330441546e-21
1.880073285072422535e-21
6.658255546406471288e-22
1.799216461920546409e-22
3.847544759691818532e-23
6.634245803830840776e-24
9.308873836523738736e-25
1.065500667263335538e-25
9.914338835519999576e-27
7.428087813316859938e-28
4.404118282667546105e-29
2.005885073246856308e-30
6.650416385803652583e-32
1.434336530202079826e-33
1.468543302470013042e-35
-8.425393025283930714e-40
-4.535152441970091495e-39
2.032810503588205426e-35
2.006787890640474548e-33
9.356245110159689263e-32
2.835597979537641170e-30
6.258076473508775292e-29
1.061834352120284251e-27
1.427276202302674344e-26
1.546678668874227120e-25
1.364315695061412652e-24
9.829406774597350802e-24
5.768804148854284066e-23
2.731526720706318290e-22
1.023400903730408481e-21
2.922177153248337031e-21
5.832889186145741456e-21
5.820565232416261260e-21
-7.738398193966014406e-21
-4.665825628501098342e-20
-1.065992368216111119e-19
-1.575176806834894989e-19
-1.654640188619921876e-19
-1.238579423458338696e-19
-5.264728629143407510e-20
2.125047560282601811e-20
7.173806394321645243e-20
8.088671473051470128e-20
5.310509554996770857e-20
1.600326702717543178e-20
0.000000000000000000e+00
1.686306024280857277e-20
5.296162198225460505e-20
7.830891350123796543e-20
6.806563146348694038e-20
1.993299487068712838e-20
-4.924434685533086632e-20
-1.160566461102505446e-19
-1.547978723154368269e-19
-1.455670851087699551e-19
-9.553407534373605475e-20
-3.865008514815908815e-20
-3.360711395728033309e-21
7.604262903761896277e-21
6.368409062514169845e-21
3.036904589883626310e-21
1.038998255237995328e-21
2.736586830027821570e-22
5.732914439162277910e-23
9.718956716225363953e-24
1.344701749006939064e-24
1.521405247943246707e-25
1.402203371199523305e-26
1.042366878119312254e-27
6.140323089965555216e-29
2.781373368522864627e-30
9.175472761649366861e-32
1.967740967980450351e-33
1.992968124115369416e-35
-4.498061526365380248e-39
-1.015080698419084425e-38
2.722128788005353289e-35
2.715642243439541256e-33
1.273284451724873422e-31
3.878371914088263963e-30
8.606758986428396235e-29
1.469933587528441982e-27
1.991654128500785314e-26
2.179521318987789130e-25
1.945804021883440351e-24
1.422657401546508815e-23
8.500645627881594302e-23
4.114551847646921038e-22
1.584809080086627612e-21
4.698855894246179659e-21
9.992553742923647915e-21
1.215138850294940281e-20
-4.786836234795085894e-21
-5.974634301794479661e-20
-1.471234722445680083e-19
-2.206441046203646080e-19
-2.290023179706031136e-19
-1.669137433784165232e-19
-6.895426794850356472e-20
2.757288361739693723e-20
9.221899325627948756e-20
1.042195308024933164e-19
6.877621886436299902e-20
2.083226166955739685e-20
1.458763856001813924e-37
2.174556183297338344e-20
6.809826623584167734e-20
1.001741526096317205e-19
8.689956296423563189e-20
2.572790137550504557e-20
-6.431220147846221388e-20
-1.561322997526092878e-19
-2.134902115114231613e-19
-2.021460594992074127e-19
-1.293248557005272433e-19
-4.673915932993390495e-20
2.251778847477201261e-21
1.495407550254476605e-20
1.080644359907253149e-20
4.865115302033037437e-21
1.605410508120717138e-21
4.115634346950194969e-22
8.437293052220009252e-23
1.405257226892265609e-23
1.916227998884321943e-24
2.142386681672860459e-25
1.955464482552901194e-26
1.442199849273879650e-27
8.440676836015030799e-29
3.802501176612267888e-30
1.248165030814772593e-31
2.661778904911212626e-33
2.667868409931428327e-35
-1.000094598497700704e-38
-1.810305125477986162e-38
3.589119997511072023e-35
3.620083216162682888e-33
1.707587105534528829e-31
5.228471374327253052e-30
1.166823782003474434e-28
2.006029646178008686e-27
2.740041138817815911e-26
3.028481354260402495e-25
2.737157760212221482e-24
2.031772394102289606e-23
1.236801555067806588e-22
6.125124898222740369e-22
2.428165260758209162e-21
7.483240648224159343e-21
1.692630194511042399e-20
2.406661032096576897e-20
5.557608830865297577e-21
-6.850703559432615498e-20
-1.918809071763540266e-19
-2.951245857244004707e-19
-3.025639264361401142e-19
-2.136811300130330834e-19
-8.526517152185073372e-20
3.407911124669626647e-20
1.123649651091990997e-19
1.274543760033722832e-19
8.470645204644995553e-20
2.582251169025433646e-20
-2.492204478567619289e-37
2.667624059287942347e-20
8.325197152667446648e-20
1.216829213126015929e-19
1.053053144948306894e-19
3.170355277054790755e-20
-7.945793549274789477e-20
-1.995888330084816826e-19
-2.803916183037099216e-19
-2.664523877631729201e-19
-1.632013057089306704e-19
-4.744761208933581642e-20
1.677930148376267980e-20
2.841139796616848923e-20
1.813990437241501006e-20
7.717573790510891122e-21
2.453844685011687823e-21
6.116272284816906674e-22
1.225977278340253838e-22
2.004835305788172855e-23
2.693268948129969460e-24
2.974777303906270460e-25
2.688627774256615148e-26
1.967141919535980744e-27
1.143768404745932070e-28
5.123991458494258752e-30
1.673237956679428199e-31
3.546981515046503821e-33
3.516429103946342606e-35
-1.778652710582818946e-38
-2.863965819727827140e-38
4.643470721326913009e-35
4.745130689204709668e-33
2.254380625796913337e-31
6.943083444198553055e-30
1.558705510403221898e-28
2.698050112727205026e-27
3.715617260612382568e-26
4.148419257544148330e-25
3.796529745468717529e-24
2.862065539482048740e-23
1.775796086875230321e-22
9.004319230651732106e-22
3.676889799830980714e-21
1.178485840137103912e-20
2.829085659636106716e-20
4.569932729067768440e-20
3.102049320232517259e-20
-6.216329326689063331e-20
-2.288420573328484650e-19
-3.679627771592367399e-19
-3.718016980966055215e-19
-2.521817833239747162e-19
-9.670463649921297048e-20
3.987517563987451657e-20
1.299814153164859546e-19
1.498106371862981572e-19
1.013783139685012549e-19
3.132364484557684174e-20
2.020095740251172180e-37
3.205818926241347662e-20
9.922349210524748998e-20
1.428413920962640484e-19
1.220434296373120963e-19
3.725847973780067418e-20
-9.041257402023532279e-20
-2.349080397034680563e-19
-3.401766448559052383e-19
-3.229837205877314907e-19
-1.823578700833052115e-19
-2.813929321860274399e-20
4.875403826800096058e-20
5.233531270510520232e-20
3.006170644130719309e-20
1.210429871372847350e-20
3.706259170924857287e-21
8.974911885906681271e-22
1.757832443346128170e-22
2.821089431598549052e-23
3.732444761626611313e-24
4.071980080149896150e-25
3.643730277592113763e-26
2.644387171496224678e-27
1.527211806907378355e-28
6.801544363033799567e-30
2.208198858227229364e-31
4.647687404037397377e-33
4.548000553424487715e-35
-2.809425049081731195e-38
-4.135309449122791197e-38
5.857672276073883274e-35
6.095601278565278643e-33
2.924435949317054436e-31
9.071712445724589030e-30
2.050196074614887339e-28
3.574429622507461328e-27
4.964215092390149921e-26
5.599652529209519165e-25
5.190065351484638613e-24
3.974557514755508399e-23
2.514452028536146984e-22
1.306029460484646388e-21
5.496513442601639122e-21
1.832536590814615624e-20
4.658480281312031262e-20
8.376717342993512858e-20
8.540346379413845679e-20
-1.886908845111283183e-20
-2.295557842384415483e-19
-4.050165455746985743e-19
-3.994110753867811542e-19
-2.531226789476442042e-19
-9.266319617421680506e-20
4.307170723852978534e-20
1.449391721579958442e-19
1.794428954132227520e-19
1.299270300039949699e-19
4.214452399534740627e-20
-2.094688459314506874e-37
4.328486893652924254e-20
1.286888511336436952e-19
1.745316438745272487e-19
1.397158408421344653e-19
4.127200687049169973e-20
-8.756626091326974488e-20
-2.329670632713171093e-19
-3.528782125516458159e-19
-3.326176470497629033e-19
-1.534550727598625318e-19
3.602745404561183912e-20
1.131608005317729375e-19
9.373392128074795578e-20
4.910446659462563361e-20
1.874303790654487385e-20
5.525391958246257933e-21
1.299253745268837129e-21
2.485440032516857119e-22
3.913333705295212008e-23
5.098024512972424020e-24
5.492607550629388196e-25
4.865322054903297188e-26
3.501582122483526324e-27
2.007889417092792767e-28
8.883276590966471932e-30
2.863495520673979687e-31
5.968437861222808534e-33
5.735515978801131100e-35
-4.052186878276387108e-38
-5.424306569064143689e-38
7.124467100008654649e-35
7.630520378055663129e-33
3.715845549187885983e-31
1.164034791706447641e-29
2.651986202991307984e-28
4.660551538925511179e-27
6.530220434454216157e-26
7.444002233857367908e-25
6.988819528728913863e-24
5.437748309187704506e-23
3.508410723412196855e-22
1.867230916244138249e-21
8.101598651610816113e-21
2.809588624016926225e-20
7.547145451888517695e-20
1.488826724709647386e-19
1.924737377370599392e-19
1.028494903247400191e-19
-1.348083163784619242e-19
-3.321882553158322893e-19
-3.062110465682392561e-19
-1.572020179147799975e-19
-5.404713033512048286e-20
3.918642083548690553e-20
1.684489701600332376e-19
2.648087189414923338e-19
2.336773306203377052e-19
8.704691843707054337e-20
-5.289799034534758824e-37
9.242819349570928336e-20
2.415642428575797002e-19
2.741854416541042944e-19
1.766871796855427771e-19
4.108640809555269871e-20
-5.245613489886215877e-20
-1.318323831935455662e-19
-2.315878924914270852e-19
-2.108915728940681188e-19
-8.533383516933338308e-21
1.913236740063038376e-19
2.354474454005800223e-19
1.635615347563613864e-19
7.894951736373800844e-20
2.861261454560436088e-20
8.120990091823130744e-21
1.853790381269128706e-21
3.462768361323211165e-22
5.347955796035486031e-23
6.858874657564006745e-24
7.296598087989720920e-25
6.396451748246401083e-26
4.563345761339151423e-27
2.596160598588670853e-28
1.139424819228803482e-29
3.637161552096892347e-31
7.468965881459424868e-33
6.973891194172977124e-35
-5.310969090023029912e-38
-6.207636547228706373e-38
8.189677899486626265e-35
9.222605902082004164e-33
4.602017774514160034e-31
1.462654685854576160e-29
3.367485993603142284e-28
5.973113953950410743e-27
8.449938987556838451e-26
9.738087145641245885e-25
9.263017261683657495e-24
7.323612362818301562e-23
4.819481859496641274e-22
2.628548168341800400e-21
1.175888068541147142e-20
4.240803566119857690e-20
1.201461798872110547e-19
2.572941891247073433e-19
3.917608100381933604e-19
3.779524764775693654e-19
1.695554061421345902e-19
-4.852634809503211609e-21
5.382255510322363785e-20
1.314137667286454891e-19
3.732546896400130585e-20
2.985027019390548505e-20
3.250872586353165716e-19
7.656299741251369601e-19
8.945507108124062433e-19
4.006404266760582106e-19
-7.358609218727180609e-36
4.257493112499376871e-19
9.404273652910213599e-19
8.257606401974175019e-19
3.730025481817112009e-19
4.165016590152481981e-20
3.605605045963856161e-20
1.776228778169313172e-19
1.909091990273573763e-19
2.086195223048769279e-19
3.822583260419007684e-19
5.202616536445077219e-19
4.574065401532182282e-19
2.784042498427281207e-19
1.247680185862636769e-19
4.299806752455399369e-20
1.175211783299538329e-20
2.604154058993080148e-21
4.749510208275927900e-22
7.194452387329064454e-23
9.082826237138572327e-24
9.538657646551928681e-25
8.272188028794020751e-26
5.845769207693330266e-27
3.295253335637135076e-28
1.431213178811567989e-29
4.503091160168126445e-31
9.024618503676751887e-33
8.014395221612277295e-35
-6.073976054267878789e-38
-5.404345943132048959e-38
8.566756031182423800e-35
1.060614435291449618e-32
5.516127048292188168e-31
1.792691783890399538e-29
4.187422835697328276e-28
7.512578192887672675e-27
1.074247587317821167e-25
1.252372970584218059e-24
1.207331464685621899e-23
9.700843141969199845e-23
6.511398248001725551e-22
3.639123888309068375e-21
1.678307842668283807e-20
6.292018930132760610e-20
1.876871270793904719e-19
4.329944197823004405e-19
7.467009424800572922e-19
9.364479632606344629e-19
8.927016163214238379e-19
8.437807563976473510e-19
9.327108464844389045e-19
7.430867711638477479e-19
1.620490082250640480e-19
1.302144552654698122e-19
1.616604050099481714e-18
4.479272673007528804e-18
6.113682239711814610e-18
3.012183409149457974e-18
-2.611027261388945435e-35
3.097320343334556991e-18
6.272012334721647480e-18
4.696368712902065019e-18
1.772858264858841093e-18
1.641769558517763158e-19
1.694104778544275205e-19
8.664012101114664726e-19
1.218886921409132883e-18
1.237470544621959010e-18
1.255790829477484657e-18
1.164296109513158208e-18
8.452339466055851487e-19
4.624490189566516861e-19
1.935276646743105829e-19
6.350915934061377090e-20
1.672211941144813990e-20
3.597574907806437940e-21
6.406873930325647750e-22
9.518805058029618543e-23
1.182814257949800739e-23
1.225890692129824793e-24
1.051073132211004442e-25
7.349055152390729776e-27
4.095996867582445766e-28
1.753549554287531729e-29
5.395866295052821057e-31
1.037548208270079461e-32
8.381222652615067831e-35
-5.285089953941012248e-38
-1.132406305868403895e-38
7.464060662204968750e-35
1.133102214858577384e-32
6.336962812886395606e-31
2.132641307957655044e-29
5.084510402167915982e-28
9.255332925820314382e-27
1.339972940704238010e-25
1.581675893767292904e-24
1.545984832887265758e-23
1.262560986292605669e-22
8.643248676837589416e-22
4.948990982323248032e-21
2.352173340118627737e-20
9.161390621493384273e-20
2.872753433045468044e-19
7.099211107073148544e-19
1.355202453655881338e-18
1.995398836507058505e-18
2.404332199401475884e-18
2.697276111873991434e-18
2.787799895415932244e-18
1.904449458166368925e-18
2.435767686797984239e-19
1.137330120749564899e-18
9.234764533478367000e-18
2.562429254622790375e-17
3.528492688023714037e-17
1.689657188399556768e-17
-1.160324672552657132e-34
1.734606426688363079e-17
3.607599479922079780e-17
2.667422186662965432e-17
9.907683091206345149e-18
1.257777419534198729e-18
2.816479832112371929e-19
2.255307511855367271e-18
3.425571609384163154e-18
3.446617620726120600e-18
3.028478777895512976e-18
2.356520034084933666e-18
1.499530339315036087e-18
7.493993153752419834e-19
2.941476070843322211e-19
9.204809546708749600e-20
2.336284392297707284e-20
4.881739472348937551e-21
8.491150419258517615e-22
1.237447845451867002e-22
1.513287607367201438e-23
1.547200227201322232e-24
1.310368843735594847e-25
9.049897507350026939e-27
4.971634182471895344e-28
2.085390566153498691e-29
6.196972888535364334e-31
1.108159071499533961e-32
7.300610918539258737e-35
-1.106893701609298828e-38
9.384271095332983621e-38
3.789073090890252755e-35
1.076051980973919128e-32
6.886817172363319098e-31
2.449007770705097742e-29
6.011293448682326341e-28
1.114940588335862817e-26
1.637950226050852568e-25
1.959779770899964675e-24
1.943181945311119075e-23
1.613156453784663570e-22
1.126140679588843452e-21
6.603708592876226103e-21
3.232734770216954967e-20
1.306963672035799598e-19
4.301236794573226369e-19
1.133661424395329237e-18
2.361859352458799335e-18
3.903789656864612465e-18
5.339511644813135923e-18
6.433417413448346913e-18
6.540242305551317482e-18
4.199746419035420178e-18
1.983284168753279000e-19
6.464607703809477604e-18
3.817878031654847988e-17
8.850013579402255399e-17
9.785843465924217645e-17
3.656975680955006207e-17
0.000000000000000000e+00
3.968517745638324261e-17
1.030652008306437542e-16
9.406883909354475084e-17
4.161504662312059880e-17
7.101767443454513394e-18
2.658155823756258415e-19
5.116223866228804540e-18
7.967491155439704176e-18
7.871778017340533890e-18
6.407183842393345119e-18
4.464831532062461429e-18
2.565904161750121484e-18
1.183684131669188169e-18
4.373453322884102774e-19
1.307046095119053021e-19
3.200675689860513694e-20
6.499544016361735396e-21
1.104588703754573754e-21
1.579276110046920873e-22
1.900480888257926803e-23
1.915823951110490131e-24
1.600942127214461986e-25
1.089734388723049994e-26
5.875746593587565229e-28
2.394001709041636508e-29
6.732799815775996324e-31
1.052095958124846751e-32
3.705239240108370850e-35
9.169016448942660685e-38
2.951183149200164662e-37
-3.685370274740032396e-35
8.163664099057373636e-33
6.955993206080690137e-31
2.700604388678865453e-29
6.905593583991598604e-28
1.311934854114306114e-26
1.960784883690090475e-25
2.381083966625440900e-24
2.396244885179408966e-23
2.022260985439307529e-22
1.439210917066334626e-21
8.638403288683055567e-21
4.351963966876802955e-20
1.824204537098368368e-19
6.289538560727530923e-19
1.761736542112250436e-18
3.969572136146712424e-18
7.201012703801367178e-18
1.076097792770645543e-17
1.363832752728928613e-17
1.407439782724051006e-17
8.810368110210628430e-18
-6.163346774575726331e-20
2.780134625456947167e-17
1.106449554910926406e-16
1.600938147388164448e-16
7.889758565411413297e-17
-1.198458376217153982e-17
0.000000000000000000e+00
1.104741141428147118e-17
1.106179190274834908e-16
1.852276177015402443e-16
1.228226835468720412e-16
3.061241774517471112e-17
-1.092885292524409965e-19
1.092497375694213326e-17
1.715579287260853605e-17
1.635042506833152661e-17
1.254609499327650225e-17
8.042085515985953374e-18
4.243161999110395188e-18
1.820027330020870139e-18
6.350343621350306042e-19
1.815736698732547236e-19
4.295010273747156117e-20
8.483361670267658461e-21
1.409479160538219167e-21
1.977588115178015895e-22
2.341669265388487115e-23
2.326229545349765456e-24
1.915543023388098706e-25
1.281762270974125323e-26
6.747604312023866970e-28
2.639172648709569881e-29
6.798645396918002411e-31
7.980006845458776895e-33
-3.603047198848745464e-35
2.882414098977539019e-37
6.228397091414881555e-37
-1.593378868935148836e-34
2.938862329032438079e-33
6.364819398041290793e-31
2.850206966498387604e-29
7.707143753665837080e-28
1.508511737910751980e-26
2.299627339081557364e-25
2.837538987159892103e-24
2.899459676323876450e-23
2.487274095753148302e-22
1.803775684885777503e-21
1.107306466571477513e-20
5.734654330588490194e-20
2.488450502024535424e-19
8.969490361254421702e-19
2.661360458129298450e-18
6.446150475768898464e-18
1.268525038705786756e-17
2.040080310786541066e-17
2.712437493816533378e-17
2.893542757118081670e-17
1.675219605825019620e-17
3.914832352067820079e-19
1.021649728586702879e-16
2.630565539441001212e-16
2.275724970368125907e-16
1.943162431208943301e-17
-2.689359716588887553e-17
0.000000000000000000e+00
-1.450733632847964174e-16
-7.860852480400717895e-17
2.056453901049767435e-16
2.805945628747815611e-16
1.125216414323249122e-16
-2.308737158673322253e-19
2.083512704060399746e-17
3.514803315330935664e-17
3.200597281848098860e-17
2.324661346368447658e-17
1.387300309893609220e-17
6.784221932844275498e-18
2.720424999417575972e-18
8.992380077848820617e-19
2.465222287907601085e-19
5.641588495843056361e-20
1.085064179500328612e-20
1.763835618941005998e-21
2.429707707701394544e-22
2.831191436098835956e-23
2.770520337394128315e-24
2.245521890378154236e-25
1.473261848929483382e-26
7.528429385069935686e-28
2.784607132197920892e-29
6.219321631414125062e-31
2.872106415512781670e-33
-1.557470798602644410e-34
6.081223752746304363e-37
1.088761864764879078e-36
-3.310968259934057512e-34
-5.051975602480500356e-33
5.057939943872637258e-31
2.882708224856544693e-29
8.384455720241847578e-28
1.699432695192750916e-26
2.647392227266000488e-25
3.321329167070380074e-24
3.445901645673778562e-23
3.003535980928949427e-22
2.217924695922452492e-21
1.391090310541110093e-20
7.395528778087903026e-20
3.315874642605920439e-19
1.246274023183100950e-18
3.903739905102770232e-18
1.011850019898704693e-17
2.147630881678301851e-17
3.699986490512214277e-17
5.176735804467422819e-17
5.721881079717638731e-17
2.684376028437762318e-17
1.024040509250443870e-17
3.200321402818018772e-16
5.567504539364417941e-16
3.174803031399492872e-16
-7.881110146843338238e-17
2.750448885543323753e-17
-1.268787893740749319e-31
-1.517209388483382731e-16
-1.428860272346025553e-16
2.651538092254467476e-16
5.867584871363645761e-16
3.602175789145826697e-16
9.667646318222742041e-18
3.295713333843549023e-17
6.852454344804602020e-17
5.988146780335581356e-17
4.118014663394144631e-17
2.299789718789109056e-17
1.048355102453311295e-17
3.948008265858824689e-18
1.240657488615091641e-18
3.269590197062922404e-19
7.252778072748465223e-20
1.360257757223117540e-20
2.165639812093185290e-21
2.930989725257274442e-22
3.362244297859363369e-23
3.241059894844523490e-24
2.583973333456484232e-25
1.659135219966021247e-26
8.187616694465132694e-28
2.815641919210464952e-29
4.941196452363757643e-31
-4.936202436885915858e-33
-3.235747053471999024e-34
1.062714639967505822e-36
1.669266844351270486e-36
-5.398850963517961637e-34
-1.515021678779551655e-32
3.199794624723799075e-31
2.823857899311107391e-29
8.963282712697502153e-28
1.885765345589974956e-26
3.002470989679440622e-25
3.828194304873182494e-24
4.029958778168701681e-23
3.565905935863697582e-22
2.678334716496317525e-21
1.713992283880523183e-20
9.337901486439726169e-20
4.316147548211461977e-19
1.686375328928911345e-18
5.554560354317687523e-18
1.534362545828021091e-17
3.502828235121950241e-17
6.471598486054655223e-17
9.587447487501520853e-17
1.092644500578712669e-16
3.486586582474253202e-17
6.568979452618015219e-17
8.420809192493669003e-16
1.073602274719396177e-15
3.359653113202670658e-16
-3.212873061668665170e-16
-1.377022057808302731e-16
3.199397774176198162e-32
-1.567902329825431463e-16
-7.489851065348875381e-17
5.154392970690043437e-16
1.201016089455452328e-15
9.685776820805781146e-16
7.388345073415070161e-17
4.139086105639081546e-17
1.271516486154274089e-16
1.077883798188880680e-16
7.008073260456016091e-17
3.667812651380329930e-17
1.564466880696758168e-17
5.558016480364711695e-18
1.667137415147704725e-18
4.236532941707227621e-19
9.129994967350563837e-20
1.672592677509157230e-20
2.611547844439981979e-21
3.476372481414004006e-22
3.929347965231395277e-23
3.733709539790871130e-24
2.929352676729677650e-25
1.840446985688686879e-26
8.750468453184002831e-28
2.757513277949561017e-29
3.125288703423089637e-31
-1.480022982292715199e-32
-5.275290550012328493e-34
1.628890837329087350e-36
2.295684476592017940e-36
-7.573452923545766495e-34
-2.575304744197542999e-32
1.218741283561028863e-31
2.749357879048798797e-29
9.541260589333451849e-28
2.076832550143016462e-26
3.370939280643165134e-25
4.359579557444012544e-24
4.649123211769949351e-23
4.170004414324737774e-22
3.180931912405632904e-21
2.073489119185179573e-20
1.155288728045560385e-19
5.490601549802725011e-19
2.222166394062971354e-18
7.660928383312717718e-18
2.244452119608870675e-17
5.499230973639791098e-17
1.093652994873207260e-16
1.732005996991462983e-16
2.039046683766895405e-16
3.672663686051790914e-17
2.514929624509911577e-16
1.929215313688989966e-15
2.064298682951928826e-15
6.482696020201659406e-16
-2.246300370182980694e-16
-2.905419881811290023e-16
4.873696288355470159e-32
-8.541745557847139887e-17
3.823823682156510753e-18
9.877066628131304868e-16
2.432583123228842403e-15
2.221921617066450061e-15
2.923810159511046405e-16
4.114105350606865551e-17
2.271203658156585733e-16
1.874582582621484098e-16
1.147450887391598557e-16
5.624280649741465171e-17
2.252247581379703727e-17
7.586534662601337664e-18
2.182131502639701303e-18
5.365855865282737082e-19
1.126323325135532422e-19
2.019517571503916905e-20
3.097549695997986844e-21
4.061591100145827166e-22
4.530085949688323861e-23
4.249913435693171508e-24
3.287616633763509641e-25
2.026315153527013357e-26
9.312405997935286659e-28
2.684189979515861050e-29
1.190138326978828389e-31
-2.515380970674889703e-32
-7.398973003823660439e-34
2.239615760965166555e-36
2.860721648152831739e-36
-9.427403076173213558e-34
-3.452235713786386083e-32
-2.494763984030645131e-32
2.774523338023357080e-29
1.027359984701148686e-27
2.288637584909867528e-26
3.765145458452124163e-25
4.921590764301342796e-24
5.303334673129227963e-23
4.811822001405210988e-22
3.720607930594633450e-21
2.465458022454352283e-20
1.401657723901895494e-19
6.829649857283030862e-19
2.851885325104992087e-18
1.023507827741055813e-17
3.160577600849713623e-17
8.278480673992826127e-17
1.777586165522435568e-16
3.045187801705771575e-16
3.766218005232743308e-16
3.569777006047426849e-17
6.520976377435368598e-16
4.070122982769540177e-15
4.150016034574406642e-15
1.935613430087459908e-15
2.327864578051174244e-16
-2.156936194101021897e-16
0.000000000000000000e+00
1.127821518587655755e-16
6.315434596185864143e-16
2.615694351474638314e-15
4.805299972343034637e-15
4.537770683799423368e-15
7.433143093110957152e-16
3.707195077676945883e-17
3.974676425478939231e-16
3.153865888328890726e-16
1.803910665880302150e-16
8.273520215279086264e-17
3.123889001978670815e-17
1.003713164061820455e-17
2.782924513117759624e-18
6.647282183888720146e-19
1.362859468952562988e-19
2.397004074682934627e-20
3.618699876548788026e-21
4.682793311215430315e-22
5.164454896683576729e-23
4.795666833723098231e-24
3.670833726298616800e-25
2.232364234615164212e-26
1.002493415211938686e-27
2.708239281766349298e-29
-2.435800870575636299e-32
-3.371389433993146460e-32
-9.208929891422705075e-34
2.790256636553829784e-36
3.244157564496247629e-36
-1.053198406897857668e-33
-3.898207373842729267e-32
-5.293215134614983168e-32
3.022185947739882818e-29
1.132574694798897350e-27
2.538166775415359318e-26
4.197922448255275409e-25
5.519912119732440423e-24
5.991042402717662469e-23
5.484961236021299990e-22
4.289414699777739271e-21
2.883029611158449530e-20
1.668278886061081961e-19
8.308269267746471180e-19
3.564281063859907682e-18
1.323536668568781593e-17
4.274067855759277627e-17
1.188109432455884627e-16
2.749862549329945898e-16
5.143065922216966680e-16
6.846680042065717921e-16
5.637369973751637369e-17
1.124851429680827928e-15
8.149600399892739828e-15
8.439011832030488039e-15
4.476027306957345318e-15
1.181859176698721822e-15
2.847517430902686228e-17
0.000000000000000000e+00
3.314462583130580551e-16
1.844306992828644122e-15
5.456573995846606614e-15
9.209672514246692231e-15
8.528890930616802712e-15
1.237094557046784145e-15
5.477227405183199149e-17
6.853176399331645409e-16
5.105176980717104550e-16
2.706710943235264004e-16
1.163289452970132321e-16
4.167769377972140935e-17
1.286525387606197819e-17
3.458210345424320414e-18
8.056368139587407568e-19
1.618149701529612318e-19
2.798447883089014415e-20
4.167368474959021109e-21
5.333853981207197526e-22
5.831024439904106321e-23
5.376557294983166527e-24
4.091535624141505618e-25
2.475164042701755454e-26
1.104942526145723461e-27
2.949485496161771457e-29
-5.167339303295480568e-32
-3.806402580509526640e-32
-1.028665342443652108e-33
3.163658410094566215e-36
3.350656580286602548e-36
-1.057342797828940737e-33
-3.732310525531167472e-32
8.663667714714056301e-32
3.578461892426878255e-29
1.280713220470349949e-27
2.835256762237433100e-26
4.674117541768854834e-25
6.152142162974618113e-24
6.703065358523437821e-23
6.176202308187837087e-22
4.873617393334766734e-21
3.314743097266915394e-20
1.947202794707547593e-19
9.879740952302475533e-19
4.335314473628926330e-18
1.654815213195046928e-17
5.536839529222451180e-17
1.616001330130337952e-16
3.998349299027995476e-16
8.176047239619709194e-16
1.182983676445091489e-15
1.653618193091984808e-16
1.021659279701177567e-15
1.541458303994033603e-14
1.636015414535019335e-14
8.978358653190206022e-15
2.542233419470216863e-15
3.316199834957567918e-16
-3.885799510699880525e-32
3.864207307960180356e-16
2.996499962072121929e-15
9.637733591869964666e-15
1.643597919199747810e-14
1.511432349439187343e-14
1.093607605140096838e-15
1.563690482526061534e-16
1.137632370261004763e-15
7.854058556808361994e-16
3.844109216491412345e-16
1.556562669387004251e-16
5.338380997146758736e-17
1.596287650112656725e-17
4.185148467851546513e-18
9.548702420440863424e-19
1.884619599027278810e-19
3.212895611599585695e-20
4.730388999978059136e-21
6.002070717691109435e-22
6.520967369422555180e-23
5.990305836979946374e-24
4.554467670968960573e-25
2.764304373894806855e-26
1.249252602365516416e-27
3.491868865301670336e-29
8.456550502453535576e-32
-3.643988148957885079e-32
-1.032604269114915630e-33
3.266994161862109982e-36
3.143873824775707604e-36
-9.465648487246160226e-34
-2.907603958532884055e-32
4.044384282597239403e-31
4.455277277064920406e-29
1.471461868898268746e-27
3.175595980126054050e-26
5.183241439139895346e-25
6.801086454999810041e-24
7.417181567050865646e-23
6.861580494357267172e-22
5.451091636610527188e-21
3.742929614724098505e-20
2.226192690070762060e-19
1.147041639826942352e-18
5.125762287494949063e-18
1.997967803688349365e-17
6.857635140028415390e-17
2.074343323078978833e-16
5.418471637200167153e-16
1.206815555441555392e-15
1.862116275532312545e-15
4.343300201886433607e-16
3.876835234229202009e-16
2.386240419214713405e-14
2.953112587668975727e-14
1.707619164908466024e-14
4.482193467130116664e-15
6.113218179113174106e-16
-5.195387827780142683e-31
2.584442534754662737e-17
3.605409146771507565e-15
1.601698639222196777e-14
2.812937829723395771e-14
2.243559387964952001e-14
2.817895503060800248e-16
4.145385937230916428e-16
1.750788990368332746e-15
1.136394795434170343e-15
5.130841349169965407e-16
1.974469328877059003e-16
6.552836930994684388e-17
1.915139984400084357e-17
4.927191588899802040e-18
1.105501553605750949e-18
2.150670467028611727e-19
3.623492679790763420e-20
5.286546085805695858e-21
6.664365809794127713e-22
7.212811296500299540e-23
6.620252028729801323e-24
5.049441374904721867e-25
3.095584434052204396e-26
1.435108786034882980e-27
4.346933057558566264e-29
3.947271236183922214e-31
-2.838520771463606916e-32
-9.243365726433733585e-34
3.064967779432900972e-36
2.660492237926770891e-36
-7.385792051893244719e-34
-1.532966912364857225e-32
8.668069341011676198e-31
5.578001985137117168e-29
1.691392766650339083e-27
3.538467022082252173e-26
5.697187175040802025e-25
7.432821306915176634e-24
8.096752989810486808e-23
7.505587903974313051e-22
5.990967559154968346e-21
4.143604142398134895e-20
2.488718966733841037e-19
1.298000508131556924e-18
5.882041888519519137e-18
2.326916031698747879e-17
8.114983344269560079e-17
2.510693293544606039e-16
6.839885439215289915e-16
1.655899898988907675e-15
2.620675850219925127e-15
8.399346340154659700e-16
5.893931922429209945e-16
2.350351395305672326e-14
5.231349970782580726e-14
3.506773864011570933e-14
9.376245239696005477e-15
9.454161935202570629e-16
0.000000000000000000e+00
-1.104369737086221239e-15
5.256439920138026885e-15
3.048363458849045180e-14
4.976160476756154947e-14
2.099620353859035055e-14
3.345376947036250365e-16
8.159015404147300366e-16
2.438713021635686511e-15
1.543032478427815497e-15
6.419723401770807642e-16
2.370315441003750817e-16
7.701799218930874346e-17
2.219340105161211720e-17
5.634845058565442519e-18
1.248145635868703490e-18
2.400674849742143781e-19
4.007380840954794944e-20
5.806234914859461001e-21
7.286519882609211361e-22
7.871114532033519119e-23
7.233484894322409689e-24
5.549127978990798205e-25
3.448825522498665722e-26
1.649414847082630943e-27
5.441817758959852206e-29
8.459198954314525465e-31
-1.496427168728304259e-32
-7.211839623469636574e-34
2.593443085824713142e-36
1.997119894938088200e-36
-4.714643654858807836e-34
1.617006658798765189e-33
1.405645037119292989e-30
6.805015292199302021e-29
1.916997603664504625e-27
3.890691581388486739e-26
6.174710768907399582e-25
8.001270283162523443e-24
8.695009594898077157e-23
8.064895227819779121e-22
6.456627832248203837e-21
4.488696448095544444e-20
2.715463056694919298e-19
1.429089865604926331e-18
6.541766787628849087e-18
2.612777977254167803e-17
9.185902077229981248e-17
2.875723048427419945e-16
8.094425725950250259e-16
2.125775636738082638e-15
3.347493560920205495e-15
1.306023029844472835e-15
5.137589925706993651e-16
1.428963447499234353e-14
9.819077384599238501e-14
7.732390824033673214e-14
2.721579306923826474e-14
2.067568096741717450e-15
4.723702852085776255e-31
-2.405598992552305487e-15
1.884456149441845648e-14
7.251276758579392023e-14
9.392975612097925720e-14
1.159660450045129935e-14
3.630618772909421315e-16
1.244101067956833932e-15
3.097296919382355657e-15
1.969910611049075731e-15
7.554239308213728597e-16
2.699348170008479176e-16
8.675252075168571863e-17
2.482794778923265014e-17
6.250764536486706097e-18
1.371830156944765412e-18
2.616400796794968048e-19
4.337830804105064420e-20
6.254348270519732597e-21
7.826774281855783614e-22
8.450628337347019985e-23
7.785300055001482885e-24
6.013429081944205635e-25
3.791722811511100506e-26
1.869257018164956165e-27
6.638380378611911027e-29
1.371684261198256464e-30
1.578370727730839018e-33
-4.603357550445071313e-34
1.946634057757357912e-36
1.276740675597886085e-36
-1.910794110723557320e-34
1.900162014780586964e-32
1.939857370695229347e-30
7.970153859925361805e-29
2.121267391626697265e-27
4.195135057203865957e-26
6.570972757277571160e-25
8.457758262322451941e-24
9.163779401772426486e-23
8.495733600997247537e-22
6.811531272706418574e-21
4.750329016598722594e-20
2.887205213466310901e-19
1.528585094295219794e-18
7.043425442704990554e-18
2.829077651961691268e-17
9.976992991531975558e-17
3.140195294363482420e-16
9.076657654675002604e-16
2.559505916321182664e-15
3.993763752753312852e-15
1.854947146493526310e-15
1.941437800096662282e-16
1.625444314292937673e-14
1.105066338787833438e-13
1.529596719453690422e-13
8.465325880759641924e-14
1.278837196614390868e-14
-1.463238491961384148e-31
1.245189752500194997e-14
8.207442332202729955e-14
1.464357094738686841e-13
1.040323664690054146e-13
1.547037400253300854e-14
1.955385692881860837e-16
1.684009135827918279e-15
3.675853366919988983e-15
2.364663155236507081e-15
8.435256903717604729e-16
2.935653080603177567e-16
9.391361807756394085e-17
2.681775931379204232e-17
6.718600431851006248e-18
1.465641822247963477e-18
2.779735139238999256e-19
4.588320701554339330e-20
6.595868458457011471e-21
8.242959031521173022e-22
8.904756725492857963e-23
8.228481442100596374e-24
6.398761240090375872e-25
4.088130223010838541e-26
2.068318667429214858e-27
7.774601439389331234e-29
1.892907227904334168e-30
1.854687486432327341e-32
-1.865624627858236059e-34
1.244399465740270189e-36
6.107451253286623416e-37
6.234424425481647495e-35
3.439967368197247089e-32
2.398450832985422642e-30
8.928682415319736684e-29
2.280854375542431050e-27
4.420018909913824902e-26
6.848048791825871732e-25
8.761615638386304615e-24
9.463254005910229848e-23
8.762234812894027118e-22
7.025882464361319243e-21
4.905776361697211369e-20
2.988253709519222149e-19
1.586874823263414709e-18
7.337388339356303036e-18
2.955895243088752988e-17
1.043919018096750906e-16
3.295867876644325670e-16
9.738597288240500395e-16
2.897374655701468067e-15
4.539609853973408414e-15
2.509124066831336739e-15
-9.821172418297554752e-17
8.606198389943073030e-15
5.242534333312658493e-14
3.258727484128036556e-13
2.764041454507886884e-13
1.161480179750567541e-13
-1.266504768274030388e-31
1.094197122268531507e-13
2.603432536022895639e-13
3.063419223163027087e-13
5.323652421098116148e-14
9.039376943590232522e-15
-1.325292054225798704e-16
2.220083150074905697e-15
4.165545693612881183e-15
2.673598053479629810e-15
9.029734506360056232e-16
3.074366168509309564e-16
9.809771544674059456e-17
2.798528743756020875e-17
6.992972334293069264e-18
1.520644400932367369e-18
2.875906494870519352e-19
4.737245556602239911e-20
6.802258311159700996e-21
8.500528802969728692e-22
9.195005926504993710e-23
8.523589459337502432e-24
6.668272725328687690e-25
4.307123835485424159e-26
2.223857006302647322e-27
8.709394954340606896e-29
2.340350236609339443e-30
3.357576150733148617e-32
6.086939656536337388e-35
5.952585246886170746e-37
